assets/gome_f/processed/ascii/world/gome_sif_world_20110601.asc
NCOLS 720 
NROWS 360 
XLLCORNER -180 
YLLCORNER -90 
CELLSIZE 0.5 
NODATA_value -3.4e+38 
[rows 38 to 56 of 360, columns 516 to 558 of 720]
0.0185529068112373 0.0871825590729713 0.203606873750687 0.217530310153961 0.111635878682137 0.38229364156723 0.323813647031784 0.206860974431038 0.12450085580349 0.241989955306053 0.315668940544128 0.0972917675971985 0.113402932882309 0.178452521562576 0.233322456479073 0.334885895252228 0.229359328746796 0.176113665103912 0.136238396167755 0.283049255609512 0.106097437441349 0.348318874835968 0.335556536912918 0.155418321490288 0.133386880159378 0.236981138586998 0.118798077106476 0.230114728212357 0.117649830877781 0.180213674902916 0.237419500946999 0.35438746213913 0.0946380943059921 0.219649106264114 0.332416623830795 0.186311647295952 0.288428515195847 0.315639972686768 0.183820694684982 0.258758693933487 0.308075696229935 0.306897073984146 0.229363441467285
0.0433759056031704 0.129212647676468 0.19788084924221 0.151690542697906 0.246688693761826 0.140867367386818 0.203375577926636 0.217839479446411 0.114211887121201 0.222165256738663 0.17459599673748 0.415802657604218 0.438416630029678 0.259788155555725 0.118434734642506 0.217609614133835 0.135872051119804 0.183979123830795 0.176752358675003 -0.0840815156698227 0.271219611167908 0.379945248365402 0.177022188901901 0.341649144887924 0.317890107631683 0.190505504608154 0.169310748577118 0.315072059631348 0.282113373279572 0.143888741731644 0.138061672449112 0.0715757384896278 0.0517652593553066 0.120497673749924 0.387609094381332 0.0161862540990114 0.202204078435898 0.249122053384781 0.00516114663332701 0.242424890398979 0.373024374246597 0.0307216178625822 0.390714973211288
0.325122386217117 0.214540630578995 0.176258146762848 0.161480233073235 0.00849086605012417 0.096730500459671 -0.0145910466089845 0.229086324572563 0.188477694988251 0.126575753092766 0.0037352794315666 0.39279693365097 0.201834321022034 0.309525519609451 0.520211160182953 0.288392871618271 -0.0192050561308861 0.219683900475502 0.197863966226578 0.237429946660995 0.165961563587189 -0.159065797924995 0.162307843565941 0.133735314011574 0.286300003528595 0.0816030204296112 -0.0580466538667679 0.10864844173193 0.123042672872543 0.079043984413147 0.0157018266618252 0.134899646043777 0.237422198057175 0.174053326249123 0.109984718263149 0.117069959640503 0.00357885542325675 -0.0338885150849819 0.226285383105278 0.204188287258148 0.035759724676609 0.158569663763046 0.0244291182607412
0.130853816866875 0.27720034122467 0.43886786699295 0.170992881059647 0.248535647988319 0.225831776857376 0.189708858728409 0.191049382090569 0.163244783878326 0.184130474925041 0.244298756122589 0.28343665599823 0.298924028873444 0.396640539169312 0.257124394178391 0.246302589774132 0.250397354364395 0.228812232613564 0.318224459886551 0.247136518359184 0.257122159004211 0.232316970825195 0.19470089673996 0.225018292665482 0.255550682544708 0.0817742869257927 0.108568117022514 -0.0439890623092651 -0.00371347367763519 -0.0084326509386301 0.198905304074287 -0.0255994778126478 0.0351798385381699 0.161018997430801 0.0138174388557673 0.13890552520752 0.0441856049001217 0.126401200890541 -0.0837461799383163 0.0626026317477226 0.131186068058014 0.294406622648239 0.21999329328537
0.245082184672356 0.229514971375465 0.173511549830437 0.213103547692299 0.232158228754997 0.226280093193054 0.134525626897812 0.111267782747746 0.204333692789078 0.162326246500015 0.289913922548294 0.189700365066528 0.212227523326874 0.432194441556931 0.242105409502983 0.30579087138176 0.242476806044579 0.247160151600838 0.457123756408691 0.183515533804893 0.218154072761536 0.299871325492859 0.380929559469223 0.253806442022324 0.206011772155762 0.147340178489685 0.309748262166977 0.241663619875908 0.125374391674995 0.083031602203846 0.0804462730884552 0.375254839658737 0.0520729273557663 0.019050769507885 0.071601502597332 0.00635909475386143 0.155452579259872 0.0437052547931671 0.0941628441214561 0.167469218373299 0.18981346487999 0.111352197825909 0.0742086544632912
0.173295438289642 0.22217358648777 0.115417212247849 0.0659998953342438 0.184420168399811 0.245837435126305 0.251275300979614 0.191732347011566 0.213279500603676 0.226994201540947 0.282257944345474 0.404603838920593 0.257623136043549 0.331348031759262 0.268080443143845 0.328178405761719 0.27817714214325 0.448224127292633 0.330881774425507 0.204351037740707 0.284011125564575 0.31253519654274 0.172970429062843 0.172047406435013 0.247043684124947 0.252060294151306 0.1331757158041 0.117425583302975 -0.00218595983460546 0.183796793222427 0.119552619755268 0.221038147807121 0.235049903392792 0.132906600832939 0.236661329865456 0.183290719985962 0.271854549646378 0.188896521925926 0.219467669725418 0.019749479368329 0.118177466094494 0.183215603232384 0.00250303326174617
0.246351927518845 0.320582777261734 0.255125254392624 0.184893265366554 0.313330441713333 0.205096989870071 0.331989675760269 0.21844944357872 0.359785050153732 0.433289289474487 0.415896713733673 0.24022051692009 0.156444951891899 0.372404992580414 0.146834149956703 0.270210415124893 0.299000471830368 0.421530455350876 0.233084410429001 0.199711084365845 0.251714110374451 0.246896460652351 0.108001112937927 0.303813725709915 0.198759943246841 0.150219455361366 0.272528111934662 0.354310035705566 0.310003250837326 0.29508700966835 0.126596555113792 0.139363676309586 0.179867401719093 0.212437942624092 0.0196646098047495 0.13552325963974 0.252798557281494 0.0955287888646126 0.0912394151091576 0.213617876172066 0.255169749259949 0.178796157240868 0.0926346182823181
0.213715076446533 0.483133733272552 0.320020198822021 0.283602863550186 0.511886477470398 0.278044730424881 0.367116063833237 0.469010978937149 0.630851626396179 0.443097591400146 0.116192132234573 0.394025146961212 0.349861472845078 0.285480916500092 0.441755414009094 0.190226569771767 0.399831980466843 0.268976658582687 0.443488895893097 0.349010586738586 0.447889655828476 0.381908893585205 0.384725868701935 0.202317982912064 0.254302650690079 0.411057084798813 0.239323064684868 0.0182172171771526 0.277406573295593 0.236555933952332 0.166870057582855 0.203354865312576 0.244803309440613 0.213280633091927 0.0924772098660469 0.325317710638046 0.17124617099762 0.281196504831314 0.0762040764093399 0.179062336683273 0.244191601872444 0.132610350847244 0.0861242339015007
0.308970332145691 0.36104029417038 0.408826678991318 0.290942460298538 0.203657299280167 0.204189613461494 0.274873971939087 0.30027374625206 0.384874403476715 0.306933969259262 0.397111743688583 0.385417580604553 0.299637287855148 0.402642756700516 0.318561196327209 0.304272145032883 0.386585980653763 0.502639055252075 0.400987774133682 0.341837078332901 0.524862349033356 0.375047385692596 0.26118203997612 0.359631210565567 0.527165412902832 0.310244023799896 0.301670223474503 0.34971421957016 0.406955450773239 0.313928484916687 0.45492872595787 0.259890794754028 0.274557411670685 0.15198028087616 0.355188846588135 0.24601723253727 0.268270939588547 0.0307037681341171 0.204789519309998 0.280087977647781 0.301273554563522 0.246002092957497 0.258965671062469
0.209824159741402 0.373754978179932 0.318511754274368 0.264895230531693 0.3246710896492 0.153210625052452 0.47936162352562 0.467033416032791 0.362129509449005 0.464779675006866 0.447181701660156 0.341195404529572 0.474297821521759 0.460064262151718 0.370397835969925 0.363160699605942 0.432959198951721 0.517390668392181 0.459627836942673 0.405566781759262 0.529014825820923 0.339698433876038 0.432290285825729 0.361931264400482 0.402592211961746 0.230494782328606 0.433899134397507 0.487293273210526 0.260152131319046 0.363769471645355 0.278634667396545 0.340941071510315 0.215188205242157 0.216179206967354 0.321014493703842 0.278522044420242 0.238479226827621 0.209615871310234 0.271071761846542 0.26248374581337 0.161804437637329 0.203938663005829 0.444010734558105
0.388312101364136 0.393868863582611 0.422725200653076 0.337908238172531 0.205800160765648 0.379459172487259 0.406460225582123 0.45709615945816 0.325444579124451 0.40836688876152 0.373840510845184 0.399722963571548 0.268043726682663 0.303069710731506 0.478800565004349 0.439025163650513 0.358273178339005 0.333462834358215 0.428002119064331 0.523706138134003 0.589028775691986 0.436425000429153 0.469197422266006 0.52872908115387 0.376552879810333 0.319046348333359 0.43289977312088 0.472590714693069 0.312569707632065 0.378846228122711 0.491093516349792 0.439973771572113 0.369640499353409 0.265596300363541 0.370400696992874 0.447869509458542 0.395196169614792 0.319425404071808 0.263740509748459 0.298352807760239 0.27812135219574 0.235293969511986 0.403016448020935
0.277622729539871 0.322251677513123 0.328362166881561 0.343237727880478 0.342032611370087 0.339586734771729 0.193200677633286 0.431576937437057 0.44541922211647 0.393396139144897 0.477276921272278 0.349460959434509 0.476193368434906 0.362858682870865 0.35757452249527 0.401826173067093 0.483907580375671 0.369524568319321 0.375350087881088 0.498147398233414 0.652479231357574 0.326460480690002 0.30897244811058 0.434020608663559 0.239419296383858 0.292528927326202 0.452560275793076 0.351628571748734 0.291145473718643 0.294384747743607 0.479808926582336 0.320249974727631 0.244086712598801 0.440690606832504 0.332397103309631 0.493197351694107 0.287859559059143 0.365350186824799 0.430679708719254 0.346715360879898 0.360327243804932 0.183453485369682 0.36137467622757
0.435007065534592 0.217166140675545 0.267738729715347 0.30439230799675 0.251704931259155 0.447294384241104 0.442356139421463 0.30406790971756 0.449908673763275 0.507756650447845 0.381369024515152 0.447456061840057 0.382463425397873 0.341727018356323 0.449626803398132 0.400117248296738 0.495769143104553 0.53523862361908 0.470019072294235 0.452061057090759 0.347685307264328 0.412704795598984 0.441436499357224 0.484555244445801 0.267480790615082 0.329803258180618 0.43612065911293 0.321503579616547 0.485911548137665 0.220938175916672 0.589730620384216 0.353642970323563 0.514479219913483 0.424446016550064 0.343542188405991 0.199441015720367 0.335037767887115 0.423809796571732 0.239223390817642 0.251788288354874 0.381815522909164 0.24280147254467 0.299768626689911
0.240074172616005 0.223405033349991 0.335450887680054 0.151939779520035 0.289665013551712 0.378413528203964 0.39779931306839 0.327957302331924 0.445168048143387 0.531977832317352 0.395514696836472 0.651008665561676 0.415563553571701 0.240115210413933 0.441688269376755 0.455013543367386 0.45261225104332 0.509727418422699 0.426835179328918 0.521399438381195 0.359532654285431 0.588122546672821 0.466687351465225 0.455587327480316 0.465941339731216 0.376301765441895 0.198380351066589 0.470181077718735 0.467103153467178 0.505018711090088 0.350989699363708 0.421275049448013 0.404284983873367 0.494550794363022 0.503606915473938 0.452402919530869 0.412221670150757 0.37711638212204 0.513344883918762 0.305820137262344 0.336979568004608 0.400440841913223 0.192562952637672
0.223723649978638 0.322975367307663 0.379320740699768 0.175371423363686 0.271712064743042 0.43707674741745 0.407939434051514 0.381707340478897 0.429779708385468 0.503425240516663 0.433911085128784 0.38261279463768 0.390974998474121 0.398194164037704 0.402825564146042 0.388459503650665 0.33799809217453 0.403441280126572 0.403097897768021 0.607165277004242 0.452290803194046 0.340273916721344 0.384553670883179 0.491806089878082 0.321517318487167 0.281805247068405 0.47374615073204 0.584387063980103 0.528685808181763 0.564568758010864 0.335387110710144 0.368364095687866 0.278244704008102 0.421241015195847 0.538380265235901 0.522965788841248 0.383437931537628 0.363339334726334 0.556042909622192 0.413803607225418 0.543550789356232 0.379150837659836 0.255762875080109
0.277615308761597 0.373555243015289 0.291121661663055 0.397156894207001 0.363490670919418 0.52308189868927 0.354527950286865 0.353180557489395 0.4945407807827 0.396827697753906 0.535477519035339 0.51475715637207 0.357248693704605 0.398728847503662 0.509429693222046 0.425517171621323 0.336839824914932 0.505328595638275 0.524332225322723 0.536144614219666 0.460183084011078 0.530309796333313 0.513749122619629 0.459836781024933 0.593216240406036 0.454873919487 0.467105388641357 0.430122554302216 0.448838233947754 0.623587071895599 0.402286142110825 0.51761794090271 0.560492694377899 0.353192269802094 0.523464918136597 0.550100326538086 0.513478934764862 0.345555305480957 0.375562191009521 0.421039253473282 0.414004981517792 0.451015621423721 0.454815328121185
0.240769609808922 0.147092029452324 0.372432917356491 0.337290465831757 0.359899938106537 0.489935964345932 0.387393712997437 0.383791655302048 0.411535620689392 0.306161344051361 0.344123423099518 0.332941383123398 0.329129099845886 0.298891216516495 0.375530630350113 0.393540233373642 0.438186973333359 0.356424510478973 0.534161865711212 0.338671833276749 0.243871554732323 0.490441024303436 0.342140108346939 0.423167020082474 0.32946103811264 0.437452524900436 0.504753232002258 0.508458912372589 0.628968715667725 0.452118426561356 0.40326663851738 0.332309275865555 0.474942773580551 0.246509656310081 0.417043328285217 0.346930414438248 0.292662352323532 0.488090634346008 0.445489317178726 0.565396249294281 0.286013752222061 0.415847688913345 0.379201620817184
0.165649071335793 0.389578610658646 0.193969562649727 0.253538340330124 0.326217621564865 0.201404184103012 0.263768464326859 0.399083703756332 0.368714839220047 0.270482003688812 0.221385031938553 0.345712274312973 0.15153606235981 0.201792255043983 0.277201026678085 0.492720812559128 0.261563867330551 0.389944225549698 0.583341479301453 0.546089768409729 0.417890399694443 0.490181863307953 0.419840127229691 0.409304201602936 0.273512929677963 0.414574265480042 0.458464562892914 0.459984600543976 0.48079776763916 0.325322538614273 0.32382270693779 0.550765693187714 0.330724507570267 0.575723469257355 0.428398907184601 0.38190221786499 0.394153594970703 0.512681305408478 0.422550946474075 0.431934267282486 0.46208244562149 0.359973132610321 0.455195128917694
0.278906852006912 0.49130254983902 0.352907657623291 0.408698201179504 0.359681040048599 0.390504509210587 0.331821411848068 0.415388405323029 0.378528594970703 0.218713670969009 0.228018134832382 0.255762755870819 0.37017023563385 0.281215667724609 0.417546719312668 0.415364801883698 0.322976052761078 0.464902549982071 0.457216769456863 0.352200031280518 0.519184052944183 0.43765264749527 0.310607016086578 0.487450331449509 0.462161540985107 0.527182936668396 0.479631066322327 0.4661023914814 0.53885018825531 0.44933694601059 0.39775276184082 0.392282396554947 0.530745565891266 0.454212754964828 0.427763938903809 0.498856961727142 0.547950029373169 0.391589313745499 0.493281453847885 0.390693366527557 0.529738247394562 0.532014906406403 0.458583801984787
