assets/gome_f/processed/ascii/world/gome_sif_world_20120301.asc
NCOLS 720 
NROWS 360 
XLLCORNER -180 
YLLCORNER -90 
CELLSIZE 0.5 
NODATA_value -3.4e+38 
[rows 133 to 151 of 360, columns 430 to 472 of 720]
0.104521065950394 0.133185088634491 0.0173587538301945 0.0682698041200638 -0.100244283676147 -0.0127025200054049 -0.147339373826981 -0.0464481674134731 -0.0327455624938011 0.0518280975520611 0.0164381228387356 -0.00184272159822285 -0.077655516564846 -0.0543500669300556 -0.00981574505567551 -0.012963249348104 -0.0143503174185753 0.0431167334318161 0.0232759416103363 0.0466709211468697 -0.0127991465851665 0.0175163391977549 0.186946123838425 0.0677448734641075 0.130019083619118 0.114252746105194 0.146744817495346 0.173105716705322 0.081646740436554 0.00349309621378779 0.0109835183247924 0.0393800437450409 -0.0422190055251122 -0.0327086970210075 0.0404992438852787 0.00634578010067344 0.113417997956276 0.0418247766792774 0.0229729823768139 0.0144903874024749 0.0088094649836421 0.00023954977223184 0.0449460446834564
0.146049603819847 0.114059925079346 0.192674145102501 0.0433324947953224 0.0576286017894745 -0.0635011121630669 0.0068716537207365 -0.0310847517102957 -0.0327495075762272 -0.107215948402882 -0.0169628299772739 -0.0190966334193945 0.10061626881361 -0.0051465816795826 0.0117718959227204 -0.0995500311255455 0.00258005829527974 0.0957942977547646 -0.0337785743176937 0.0350315906107426 0.0146553879603744 0.0305232610553503 0.0721311643719673 0.058935821056366 0.0501157753169537 0.0736832618713379 0.0326355174183846 0.0406482443213463 -0.008612553589046 0.0893033817410469 -0.00815995875746012 -0.0362273566424847 -0.0689853057265282 0.0700739398598671 -0.0492545925080776 -0.166570603847504 -0.0772495269775391 0.0688962414860725 0.0809856504201889 0.0367391929030418 0.0154789490625262 0.139700934290886 0.0751737803220749
-0.0362073667347431 0.0257140323519707 -0.0380228199064732 0.115009360015392 0.0651298835873604 0.0570575296878815 -0.029118537902832 0.0519477389752865 0.0218282677233219 0.103307783603668 -0.0499890483915806 -0.0665319785475731 -0.0676535069942474 2.75563579634763e-05 -0.0920595899224281 -0.0498157329857349 0.0254819206893444 -0.0844876617193222 0.162142693996429 0.0744863301515579 0.0824414789676666 0.0251190569251776 -0.00183624611236155 0.0553163662552834 -0.0217033270746469 0.000308977352688089 0.0295243132859468 0.0281392857432365 0.109378263354301 0.0332389920949936 -0.042447280138731 -0.0882449746131897 0.0205885302275419 0.0655584037303925 -0.0304943602532148 -0.0562570467591286 0.113653309643269 0.0556933395564556 0.0165855903178453 0.0596948228776455 0.107758268713951 0.0976069122552872 0.0535826310515404
0.0461702570319176 -0.0132635114714503 -0.00448621530085802 -0.0126905739307404 0.147583454847336 -0.0579156689345837 -0.0616542585194111 -0.0869117230176926 0.00550826592370868 -0.00276985904201865 0.0715077817440033 0.0511764772236347 0.00500077335163951 0.00773950992152095 -0.0592800155282021 -0.0709173679351807 0.0180982742458582 -0.125505357980728 -0.0391360931098461 0.10475355386734 -0.00758577324450016 0.0209968499839306 0.0551162399351597 0.0466664992272854 -0.0229824353009462 0.0298265777528286 -0.0167633257806301 -0.0722342729568481 0.0643407329916954 0.00332095311023295 -0.0801573991775513 -0.0297156497836113 -0.0923159494996071 -0.0625168681144714 -0.0693083629012108 0.0479574427008629 0.0772355124354362 0.0498043410480022 0.166813790798187 0.0537571273744106 0.0802392959594727 0.035494077950716 0.00561196450144053
-0.000562633329536766 0.00547311920672655 0.0417674332857132 -0.0173769239336252 0.0683018937706947 -0.0237025711685419 -0.0855262950062752 -0.0755344554781914 -0.195858374238014 0.0438149534165859 -0.0725987777113914 0.0100176222622395 0.0132655277848244 0.109410226345062 0.0187563039362431 -0.033323135226965 0.0658874288201332 0.0442651472985744 -0.070677749812603 -0.0167722050100565 0.0691105574369431 0.0176259595900774 -0.0182003863155842 0.0409752391278744 0.0357484444975853 0.0680447071790695 -0.0347612611949444 -0.103184089064598 -0.0476502105593681 0.0362321846187115 -0.0389322899281979 -0.0668350905179977 0.020924985408783 0.142801642417908 0.0314455330371857 0.000939574500080198 0.0398532040417194 0.0154845854267478 0.0137671828269958 0.12299383431673 0.0552900470793247 0.0918607041239738 0.155513018369675
0.0165447778999805 -0.087501049041748 0.0905468612909317 -0.0421514064073563 0.112029552459717 0.0321886315941811 -0.0538673512637615 -0.0208909194916487 -0.16167388856411 -0.186609417200089 0.0449936129152775 0.0740671381354332 -0.0274447239935398 -0.0711808279156685 0.0461617186665535 -0.022314079105854 -0.0443988926708698 -0.00104051176458597 0.0977252647280693 -0.0453525073826313 0.0817107632756233 0.137931779026985 0.100971721112728 0.0126011157408357 0.161545991897583 0.0146356811746955 -0.075952559709549 -0.0337628647685051 0.10494427382946 -0.00522822234779596 0.130855888128281 -0.117055043578148 -0.0197884775698185 0.0270396135747433 -0.0347358733415604 -0.0143793113529682 0.0920676067471504 -0.0213248189538717 0.0378639698028564 -0.0319443568587303 0.112518392503262 0.0264000948518515 0.0582681484520435
0.00714345369488001 0.0378694273531437 -0.0443105734884739 -0.00631095422431827 7.25349673302844e-05 0.0566379502415657 -0.0390425473451614 -0.023690739646554 -0.0625984743237495 0.00240339455194771 -0.136834010481834 -0.0247295219451189 0.0606638975441456 -0.0619709715247154 -0.0705820247530937 -0.0202986691147089 0.0210571568459272 0.013100054115057 0.0974064320325851 0.136458873748779 0.0775529816746712 0.0450975745916367 0.0112378131598234 -0.0760869905352592 0.18446096777916 0.0608771033585072 -0.0379472188651562 0.0695390626788139 -0.0032012399751693 0.127238601446152 -0.0515466779470444 -0.012683754786849 -0.0430353730916977 -0.0818353965878487 0.0459216348826885 0.0919150412082672 -0.0482137091457844 0.0387487187981606 0.0456313937902451 0.0436447858810425 0.16222120821476 0.101336807012558 0.187980517745018
-0.0759585350751877 0.0139354942366481 -0.0617639608681202 -0.0176466144621372 0.120044738054276 0.00776585191488266 0.0362686850130558 0.0431646071374416 0.0360529869794846 0.0381179824471474 0.0418046414852142 -0.131723135709763 -0.00514681357890368 -0.0218298546969891 -0.0361947640776634 -0.0342772118747234 0.0172796491533518 -0.0917964726686478 -0.0859825313091278 -0.036387387663126 0.113085098564625 -0.0368289016187191 0.0451248809695244 0.0272031035274267 0.0189313851296902 -0.0490803681313992 -0.0617288649082184 0.0154639938846231 -0.0416973009705544 -0.00387947726994753 -0.00382109242491424 -0.125229239463806 0.0436544083058834 -0.0172228328883648 -0.0334491431713104 0.0594933591783047 -0.0129053127020597 0.0212437007576227 -0.00454853614792228 0.0645135343074799 0.178370535373688 0.174059227108955 0.0854599103331566
-0.0240684319287539 0.0164692774415016 0.0306954756379128 -0.0148240923881531 0.0608365461230278 0.0662317723035812 0.072624646127224 0.0719654411077499 0.0247476100921631 0.0386991836130619 -0.0834865793585777 0.0196553636342287 -0.181280106306076 0.0726284608244896 0.0817599520087242 0.0393114909529686 0.00148581038229167 -0.133337125182152 -0.129897251725197 0.0264987647533417 0.062419306486845 -0.0786766856908798 0.0811048969626427 0.00749874487519264 -0.024579519405961 -0.0271753147244453 0.0078111388720572 0.204632550477982 0.0475663058459759 0.0214472953230143 -0.165378794074059 0.0356347300112247 0.00721258204430342 0.0131869055330753 -0.0388485603034496 0.0401657186448574 0.065018929541111 0.0777689591050148 0.237699136137962 0.21757335960865 0.089056022465229 0.206329122185707 0.263447910547256
0.0678813010454178 0.00243277312256396 0.0252183750271797 -0.0137177817523479 0.0388723611831665 0.121323995292187 -0.0251492857933044 0.0688182935118675 0.0102015538141131 -0.0494571104645729 -0.112159058451653 -0.0550375729799271 -0.111767925322056 -0.0753660202026367 -0.024927319958806 0.0325330644845963 0.025415638461709 -0.0094463462010026 -0.120809786021709 0.145493537187576 -0.0193872805684805 -0.0226099826395512 0.0724698230624199 -0.145426958799362 -0.0341111980378628 -0.00491785630583763 -0.0280430540442467 0.00499964598566294 0.0226019322872162 0.0436047166585922 0.0373505316674709 0.00754289189353585 0.200171917676926 -0.0315339453518391 0.104611523449421 0.187187418341637 0.0400702469050884 0.0871594473719597 0.213186576962471 0.335829764604568 0.170968100428581 0.274825602769852 0.175233900547028
0.074359692633152 -0.0465537570416927 0.00730331568047404 -0.00627276161685586 -0.159096121788025 0.00539980968460441 0.20667228102684 0.0461704581975937 -0.0332766883075237 -0.010773504152894 -0.0161749571561813 -0.0650864914059639 -0.0231033824384212 -0.0233225226402283 -0.00618852488696575 -0.0338493809103966 0.0242781471461058 -0.0237296130508184 -0.0306326672434807 0.0685045197606087 -0.0219445955008268 -0.0325501337647438 0.00233336188830435 -0.0144969876855612 0.135646715760231 0.0338023640215397 0.15971240401268 0.118278108537197 0.0292082373052835 0.0969338417053223 0.0729318186640739 -0.00152042508125305 0.0307006035000086 0.0977241471409798 0.267962843179703 0.0416757091879845 0.255262017250061 0.198820203542709 0.240764707326889 0.147393137216568 0.162053048610687 0.0851573422551155 0.000370826979633421
0.0346905253827572 -0.0244236625730991 0.0193803887814283 -0.0448869653046131 -0.108455657958984 -0.123863786458969 0.00291434885002673 0.0749931260943413 0.0772155374288559 0.0516412071883678 -0.0146338138729334 -0.0305181741714478 -0.0425046943128109 0.00146973365917802 -0.00150433485396206 -0.0347643978893757 0.0490441098809242 0.0399575158953667 -0.0793321132659912 0.0253035183995962 0.0276570804417133 0.000473341933684424 -0.0863991752266884 -0.00483841495588422 -0.0744123980402946 -0.0195034854114056 -0.0280559007078409 -0.0414160341024399 0.0362202636897564 0.155733376741409 0.1497623026371 0.116337649524212 0.0402659513056278 0.0268201939761639 0.115192994475365 0.0418606735765934 0.134254798293114 0.121857449412346 0.168297737836838 0.164127916097641 0.179949417710304 0.0558203719556332 -0.0124979102984071
0.047480296343565 0.0720771625638008 0.0155609957873821 0.0390508472919464 0.00682919472455978 -0.00572586944326758 0.024875620380044 -0.0848803445696831 0.070380762219429 0.12245424836874 -0.0143995620310307 -0.069482296705246 -0.00403209496289492 0.0281103365123272 -0.0383609011769295 -0.0399860963225365 0.0725898146629333 0.0511209852993488 -0.0564257204532623 -0.0392178632318974 -0.0524203479290009 0.169384360313416 -0.0624237656593323 -0.0342719070613384 0.0588373281061649 0.0943998321890831 0.0402702577412128 0.0771540552377701 0.0236391332000494 0.112863756716251 0.158970937132835 0.184902861714363 0.0746980980038643 0.156990706920624 0.224914222955704 0.0933084264397621 0.134471625089645 0.140529304742813 0.0405293293297291 0.0125954831019044 0.0321222357451916 -0.0142211290076375 0.0314397774636745
-0.0719412714242935 -0.0659297257661819 0.032592885196209 -0.036873422563076 0.0872067958116531 0.0187094062566757 0.0758407860994339 -0.0185978058725595 0.0255222972482443 0.0989866033196449 0.0194227211177349 -0.0242404118180275 0.00630091922357678 -0.0646836683154106 0.00682321656495333 -0.0625404790043831 -0.0314875096082687 0.0427938923239708 0.0635462626814842 0.0364881977438927 -0.144444212317467 0.0844911932945251 0.0204804819077253 0.0241473782807589 0.0404119268059731 0.0453234910964966 0.118474304676056 0.233902335166931 0.190020650625229 0.115824244916439 0.0656635239720345 0.18674898147583 0.186547696590424 0.156364917755127 0.15722830593586 -0.0139836370944977 0.0447896309196949 0.0727624520659447 0.0749375149607658 -0.0340254008769989 -0.0031427713111043 0.0476813167333603 0.0487124621868134
-0.00955268554389477 0.0357668362557888 -0.0349033512175083 -0.00717400852590799 -0.0319636687636375 -0.0140905166044831 -0.0187908597290516 -0.0581208392977715 0.15958160161972 0.0861399099230766 0.160116463899612 -0.0892737954854965 -0.0410975068807602 0.0425099544227123 -0.0182028077542782 -0.0910691320896149 -0.0421187989413738 -0.00563407270237803 -0.0182109717279673 0.0354593954980373 0.0118880104273558 -0.0535145588219166 0.136956229805946 0.0189110804349184 0.0954302772879601 0.165789023041725 0.129929006099701 0.0684649646282196 0.120194390416145 0.0963621363043785 -0.0640299320220947 -0.0881810337305069 0.197016283869743 0.0152607876807451 0.0554713904857635 0.0144660212099552 -0.0510306879878044 -0.060946874320507 -0.016861729323864 -0.00560042774304748 0.0467597804963589 0.00651459535583854 0.0504606068134308
0.0310774687677622 0.0388363376259804 -0.0175646301358938 -0.0375457033514977 0.0203710813075304 -0.033878818154335 -0.000387858599424362 -0.00475884275510907 0.138365894556046 0.247505709528923 0.0533750951290131 0.0614092014729977 0.0772845596075058 -0.0322826243937016 0.0122092012315989 -0.0581147782504559 -0.0477498285472393 0.0140878036618233 0.105141133069992 0.0116722099483013 0.0455561988055706 0.024056488648057 0.109272621572018 0.0398733876645565 -0.0556621178984642 0.261867731809616 0.163509517908096 0.129218757152557 0.138463899493217 0.265942215919495 0.179131507873535 0.106271855533123 0.0817787349224091 -0.0119271874427795 0.102586388587952 0.010044626891613 0.0408468693494797 -0.0727614983916283 0.0326420478522778 -0.0078660985454917 0.0730302035808563 0.0646524578332901 0.0605349726974964
-0.0501638799905777 -0.039643082767725 -0.0111755151301622 0.0253646373748779 0.0769439041614532 0.0395652614533901 -0.00819102302193642 -0.0755932629108429 0.00675106234848499 0.156765416264534 0.101397566497326 0.0891465321183205 -0.0887827500700951 0.0596701763570309 -0.0642592757940292 -0.157738238573074 -0.0407157950103283 0.0462443828582764 0.0393959730863571 -0.0195512194186449 -0.0159255247563124 -0.0949414148926735 0.0409489460289478 0.0946892574429512 0.159669488668442 0.156172320246696 0.230281114578247 0.143556371331215 0.179981112480164 0.0517907179892063 0.0943130478262901 0.0121673038229346 -0.0979953557252884 -0.0440170541405678 -0.0188992321491241 0.0062531647272408 0.0224099699407816 0.00281460885889828 -0.118224158883095 0.0252844709903002 0.0531234741210938 0.037670873105526 0.0848466828465462
0.0224002208560705 -0.0150328483432531 -0.0416687913239002 -0.00296495389193296 0.107663512229919 -0.0431751757860184 0.0304590780287981 0.104859501123428 0.0518549382686615 0.00735861156135798 0.0173733197152615 0.0395406149327755 0.0791456922888756 0.0606006383895874 -0.00969130266457796 -0.0560840107500553 -0.17777493596077 0.121722675859928 -0.0104650519788265 0.047044787555933 0.0640731677412987 0.0391137823462486 -0.0561330206692219 0.0128178624436259 0.183709517121315 0.123051628470421 0.238002300262451 0.031480185687542 0.0609440468251705 -0.0102322138845921 -0.0223854649811983 0.0049201506190002 0.00581008149310946 0.0320435911417007 0.00780434813350439 -0.0492375716567039 0.0110461749136448 -0.130605950951576 -0.0449040494859219 -0.0267309378832579 0.0431613773107529 0.0975254476070404 0.0110831605270505
0.0751525983214378 -0.0185265056788921 0.00360987079329789 0.0060002557002008 -0.0183277279138565 0.0481422021985054 0.106692731380463 0.072102814912796 0.0662215352058411 -0.0256129410117865 -0.101652763783932 0.0172276701778173 0.119509354233742 0.198934733867645 0.0171215571463108 -0.0873143896460533 0.0213452130556107 0.0889041498303413 0.105860568583012 0.0106210224330425 0.109173431992531 0.0225387793034315 0.0479380078613758 -0.0191583223640919 0.00980654358863831 0.0734807476401329 0.0995860248804092 0.0465904362499714 0.024046903476119 0.0508685484528542 -0.00433522975072265 -0.0693835243582726 0.00114575820043683 0.0405710786581039 -0.0332824848592281 0.0796981081366539 0.0692827627062798 -0.0244644973427057 -0.0845268443226814 -0.0401581674814224 0.0511948876082897 0.0629545524716377 -0.0387433394789696
