assets/gome_f/processed/ascii/world/gome_sif_world_20110601.asc
NCOLS 720 
NROWS 360 
XLLCORNER -180 
YLLCORNER -90 
CELLSIZE 0.5 
NODATA_value -3.4e+38 
[rows 38 to 56 of 360, columns 645 to 687 of 720]
0.111768148839474 0.0814220532774925 0.0166816711425781 0.138480424880981 -0.048354335129261 0.0955702736973763 0.196903318166733 0.172138169407845 0.0387581363320351 0.0755447074770927 0.291294872760773 0.0253655202686787 -0.00360100576654077 0.105255700647831 0.174043670296669 0.348939120769501 0.179769948124886 -0.0256177522242069 0.144949585199356 0.14768297970295 0.0306501090526581 0.0888313502073288 0.0923537090420723 0.0756728425621986 0.178305670619011 0.161567494273186 0.205423414707184 0.178944990038872 0.0748684033751488 0.147069841623306 -0.00185546139255166 0.169928699731827 0.254895567893982 0.0959132984280586 0.0460782647132874 0.244893670082092 0.00287187099456787 -999 -999 -999 -999 -999 -999
0.259723603725433 0.176378607749939 0.135761767625809 0.102419823408127 0.0316617153584957 0.174937292933464 0.253476709127426 0.257385343313217 0.168932318687439 0.0379333756864071 0.12531553208828 0.10742998868227 -0.0945365279912949 0.161242634057999 0.195134118199348 0.34508290886879 0.204819068312645 0.153154134750366 0.172798201441765 0.194459557533264 0.158345431089401 0.123080968856812 0.181622639298439 0.211874231696129 0.0999753847718239 0.134457930922508 0.208667546510696 0.0881076976656914 0.112615846097469 0.113135538995266 0.237113103270531 0.0327321588993073 0.177536964416504 0.0598112940788269 0.0816835537552834 0.0504378490149975 0.0738034322857857 -0.610430538654327 0.980284214019775 -999 -999 0.255270689725876 -999
0.244974941015244 0.126327559351921 0.0394706353545189 0.171847000718117 0.180533960461617 0.158017039299011 0.0969904065132141 0.178342044353485 0.117867849767208 0.0492311231791973 0.114833354949951 0.172375738620758 0.259589374065399 0.178398117423058 0.149841904640198 0.243616938591003 0.130501255393028 0.108269214630127 0.198101580142975 0.173066318035126 0.162526413798332 0.31358614563942 0.132542788982391 0.253108233213425 0.184999540448189 0.243562653660774 0.067568875849247 0.0967724546790123 0.218916431069374 0.200957834720612 0.144094929099083 0.13119538128376 0.106821455061436 0.0917444005608559 0.14457181096077 0.256009608507156 0.103484220802784 -0.0311199147254229 0.248842746019363 -0.129011705517769 0.123566128313541 0.0587813220918179 -0.064450703561306
0.249470487236977 0.299428790807724 0.199608355760574 0.23539687693119 0.261391937732697 0.388057857751846 0.311417609453201 0.23403237760067 0.265246242284775 0.213426187634468 0.150547593832016 0.382234513759613 0.167716845870018 0.301735371351242 0.0411115027964115 0.0950297117233276 0.116577751934528 0.0811313539743423 0.197598800063133 0.30827260017395 0.21697998046875 0.27922534942627 0.277079612016678 0.0506110824644566 0.253348588943481 0.0546039715409279 0.183338046073914 0.161350712180138 0.154346689581871 0.153296381235123 0.0102243721485138 0.137571647763252 0.207070127129555 0.164393305778503 0.0565772019326687 0.0408203937113285 0.168880313634872 0.0773212760686874 0.300436824560165 0.155866771936417 0.113166712224483 0.270811647176743 0.128892824053764
0.0636655241250992 0.210349068045616 0.124576136469841 0.224448814988136 0.184851855039597 0.0809780806303024 -0.108805127441883 0.303426057100296 0.213808432221413 0.20730721950531 -0.0159516148269176 0.0632208362221718 0.154823258519173 0.382341027259827 0.170760154724121 0.116099752485752 0.052474282681942 0.127177625894547 0.273419559001923 0.0767294317483902 0.228005185723305 0.103875830769539 0.119083613157272 0.0758850201964378 0.087251678109169 0.162747114896774 0.1299709379673 0.0453632511198521 0.143253490328789 0.117406129837036 0.155086189508438 0.168671756982803 0.00709403306245804 0.0745128467679024 0.207614868879318 0.182607874274254 0.0621124505996704 0.127799779176712 0.0868713334202766 0.250986486673355 0.193997800350189 0.234265357255936 0.251221269369125
0.310222059488297 0.180373549461365 0.265199691057205 0.228944048285484 0.134350433945656 0.136362314224243 0.287876963615417 0.224339872598648 0.212754040956497 0.287935853004456 0.138481199741364 0.198751375079155 0.0994701012969017 0.119909562170506 0.167260736227036 -0.0300124771893024 0.138420045375824 0.138596370816231 0.105507478117943 0.121639490127563 0.145027652382851 0.0292276255786419 0.0694964155554771 0.133607402443886 0.181501299142838 0.189635589718819 0.138934835791588 0.071661151945591 0.298092573881149 0.165534898638725 0.165139853954315 0.351452589035034 0.216428890824318 0.247432351112366 0.246196553111076 0.0576825104653835 0.0925265327095985 0.163877218961716 0.193187206983566 0.136282995343208 0.145800948143005 0.3083715736866 0.117545761168003
0.282979309558868 0.262851387262344 0.185792461037636 0.315486520528793 0.247422650456429 0.28116649389267 0.250049829483032 0.109568424522877 0.277369171380997 0.315215736627579 0.1493901014328 0.270565181970596 0.227815240621567 0.0967458784580231 0.266633659601212 0.129027023911476 0.324777781963348 0.267140537500381 0.293209820985794 0.0374785885214806 0.158010572195053 0.241317570209503 0.218814387917519 0.159591719508171 0.167660102248192 0.132611855864525 0.142866745591164 0.0441968739032745 0.22252057492733 0.18344484269619 0.166217908263206 0.194816082715988 0.197089061141014 0.289101481437683 0.233534336090088 0.221014440059662 0.142482817173004 0.141283109784126 0.324127316474915 0.269884794950485 0.227688983082771 0.245523035526276 0.201193884015083
0.089794784784317 0.357582926750183 0.302707195281982 0.140020549297333 0.136209309101105 0.257257670164108 0.199408546090126 0.220922231674194 0.258246839046478 0.253009974956512 0.275654971599579 0.174504339694977 0.415262222290039 0.28072851896286 0.139319688081741 0.153555825352669 0.288998126983643 0.31904599070549 0.189695462584496 0.227269724011421 0.317371517419815 0.237575098872185 0.275785505771637 0.407629668712616 0.137847140431404 0.218239262700081 0.388869345188141 0.163939997553825 0.233790814876556 0.21243491768837 0.375640630722046 0.285697251558304 0.238411739468575 0.398309677839279 0.296363025903702 0.18470524251461 0.211178228259087 0.360989898443222 0.178147867321968 0.268943667411804 0.373114973306656 0.280543178319931 0.262094050645828
0.110229179263115 0.129183173179626 -0.024786613881588 0.27291601896286 0.0845637992024422 0.0587735548615456 0.0311492905020714 0.218681171536446 0.262470483779907 0.294315069913864 0.213188782334328 0.29627725481987 0.292884707450867 0.40504252910614 0.250359266996384 0.417421579360962 0.39819797873497 0.259282797574997 0.0821725726127625 0.321140140295029 0.251357764005661 0.310773968696594 0.30378520488739 0.388965576887131 0.300619691610336 0.267954468727112 0.318395614624023 0.436451435089111 0.247700378298759 0.60378360748291 0.252791345119476 0.183953359723091 0.294933408498764 0.220337808132172 0.344961732625961 0.386058539152145 0.233485147356987 0.145998895168304 0.366435438394547 0.435482203960419 0.393794357776642 0.324294567108154 0.336752742528915
0.208859667181969 0.293921202421188 0.133182734251022 0.211452499032021 0.195805609226227 0.178334251046181 0.0375791005790234 0.30504959821701 0.125859633088112 0.402329683303833 0.251538813114166 0.187966838479042 0.332207143306732 0.137419566512108 0.352705031633377 0.453538656234741 0.199865564703941 0.240215361118317 0.299332648515701 0.373947352170944 0.226256251335144 0.000694520771503448 0.401226997375488 0.258806020021439 0.275603145360947 0.42766284942627 0.354357451200485 0.2800532579422 0.208257928490639 0.374519288539886 0.149540603160858 0.109936989843845 0.246121451258659 0.268245190382004 0.210773050785065 0.0629459843039513 0.284269630908966 0.0400541312992573 0.0689749717712402 0.253187626600266 0.244434490799904 0.183786019682884 0.317569762468338
0.00152261252515018 0.14952190220356 0.185333892703056 0.171607568860054 0.298293620347977 0.0326255857944489 0.290850102901459 0.175537824630737 0.127698674798012 0.210792943835258 0.0628106519579887 0.307280391454697 0.251544743776321 0.147490605711937 0.261751592159271 0.359867781400681 0.285056680440903 0.285098314285278 0.32543683052063 0.155479684472084 0.206750392913818 0.360069125890732 0.328442305326462 0.181477725505829 0.130592674016953 0.437647700309753 0.24204683303833 0.178915053606033 0.210203349590302 0.354833781719208 0.230206280946732 0.0764117240905762 0.485582590103149 0.413213402032852 0.219983369112015 0.0554420277476311 0.140941768884659 0.193432107567787 0.157497063279152 0.336076587438583 0.0651722177863121 0.312304586172104 -0.00209364551119506
0.13848851621151 0.22352346777916 0.0714395493268967 0.098999060690403 0.0394779108464718 -0.15865521132946 -0.111518427729607 0.0996765419840813 0.481996357440948 0.210022062063217 0.0161235481500626 0.227600425481796 0.0122658535838127 0.327893823385239 0.456985652446747 0.391964614391327 0.171056300401688 0.158415421843529 0.283828049898148 0.0895440801978111 0.277505487203598 0.329984873533249 0.257926732301712 0.205054178833961 0.456401020288467 0.352447599172592 0.225526675581932 0.29324859380722 0.435059279203415 0.120203152298927 0.056174136698246 0.162440776824951 0.228319108486176 0.182897105813026 0.192203879356384 0.294186294078827 0.150910764932632 0.165612056851387 0.257367551326752 0.183927804231644 -0.0800163447856903 0.150537356734276 0.216651886701584
0.274499326944351 0.261641055345535 -0.0288812182843685 0.128249004483223 -0.137361973524094 0.168215289711952 -0.166880458593369 0.368979066610336 0.111573085188866 -0.0201367884874344 0.219097509980202 0.372032344341278 0.157470211386681 0.168021410703659 0.188188791275024 0.238953307271004 0.356950461864471 0.297725588083267 0.333377540111542 0.151721209287643 0.291161596775055 0.349863857030869 0.210821732878685 0.256527960300446 0.217032477259636 0.269268125295639 0.217177152633667 0.367109626531601 0.25938093662262 0.188493177294731 0.0150947868824005 0.414035379886627 0.178376838564873 0.348450928926468 0.16295300424099 0.112607575953007 0.214022323489189 0.162430480122566 0.160163626074791 0.0628690421581268 0.049666628241539 0.159837186336517 0.0521260313689709
0.35274663567543 0.144677221775055 0.214205697178841 0.309067398309708 0.193024933338165 0.0995397344231606 -0.00593960890546441 0.347498208284378 0.264150172472 0.179997101426125 0.0884100645780563 0.183359697461128 0.231262430548668 0.27612692117691 0.116598770022392 0.366796642541885 0.198080316185951 0.210488095879555 0.0891193598508835 0.260340601205826 0.125196173787117 0.571148157119751 0.348982125520706 0.292982190847397 0.286693543195724 0.319279432296753 0.253158807754517 0.335595726966858 0.0698945745825768 0.0555507950484753 0.176085442304611 0.244648486375809 0.389929205179214 0.0646757110953331 0.130306467413902 0.214228898286819 0.17859473824501 0.159635111689568 0.365711808204651 0.102955758571625 0.307659029960632 0.115762434899807 0.189164608716965
0.159797370433807 0.157222509384155 0.28410392999649 0.184053108096123 0.0913378968834877 0.197794944047928 0.300779283046722 0.0965772047638893 0.05354193598032 0.194351479411125 0.14934030175209 0.377644717693329 0.0750574320554733 0.0802566409111023 0.109814345836639 0.256703555583954 0.0158145222812891 0.16975012421608 0.381921768188477 0.207589283585548 0.338613599538803 0.282213062047958 0.214920029044151 0.217799261212349 0.244184017181396 0.461511433124542 0.143513917922974 0.189208894968033 0.157009407877922 -0.0728781148791313 0.193792894482613 0.132546931505203 0.10662953555584 0.131699189543724 0.0791322588920593 0.228580236434937 -0.0350638702511787 0.0374326184391975 0.166687652468681 0.320731908082962 0.0121919065713882 0.05095424503088 0.193871319293976
0.131354540586472 0.219746559858322 0.194154426455498 0.114133976399899 0.10738006234169 0.225226610898972 0.201986268162727 0.169696822762489 0.251347690820694 0.216699659824371 0.193247765302658 0.0673887729644775 0.230059251189232 0.219576701521873 0.106336958706379 0.194229856133461 0.238891884684563 0.124067328870296 0.140992820262909 0.290595829486847 0.29211562871933 0.237620949745178 0.269300788640976 0.332484513521194 0.268475145101547 0.196171298623085 0.193160265684128 0.0957298278808594 0.0267031248658895 -0.0157291684299707 0.105270437896252 0.164169073104858 -0.0209373347461224 -0.00508008757606149 0.040845513343811 0.00936392415314913 0.0546137094497681 0.0593369789421558 0.139285758137703 0.134522154927254 0.111296355724335 0.0654120892286301 0.000490449368953705
0.120248846709728 0.258336812257767 0.251924574375153 0.250017553567886 0.188254296779633 0.15009506046772 0.0566788874566555 0.156130746006966 0.149564474821091 0.22442364692688 0.319825738668442 0.194758072495461 0.16386678814888 0.0603403933346272 0.227248400449753 0.111218266189098 0.240705028176308 0.190877109766006 0.197717264294624 0.409383952617645 0.363939672708511 0.195537388324738 0.346327304840088 -0.0196786653250456 0.232108429074287 0.246279776096344 0.224101468920708 0.081177830696106 0.201741427183151 0.237138688564301 0.220043137669563 0.0584599189460278 0.102250032126904 0.087241142988205 0.0819897651672363 0.542148768901825 0.0836166366934776 0.089909628033638 0.145877316594124 0.42322763800621 0.269486516714096 0.172370359301567 0.0386189818382263
0.114058591425419 -0.0218528285622597 0.115886136889458 0.0923890620470047 0.0820596441626549 0.020564803853631 -0.0398876033723354 0.201413974165916 0.241181299090385 0.294683992862701 0.323559552431107 0.133101716637611 0.171198859810829 0.13681423664093 0.300973206758499 0.23994217813015 0.0423406697809696 0.347079217433929 0.255381047725677 0.230367749929428 0.299889534711838 0.276156306266785 0.240192905068398 0.254656940698624 0.146838501095772 -0.120164923369884 0.238706946372986 0.170961186289787 0.103885315358639 0.0879551470279694 0.28196969628334 0.407887667417526 0.255304425954819 0.255334228277206 0.470287084579468 0.413549691438675 0.0611433126032352 -0.00654722983017564 0.269341588020325 0.23747929930687 0.244452938437462 0.176120057702065 0.0823149755597115
0.166584521532059 -0.231575950980186 0.15019802749157 0.0740283578634262 -0.0839144438505173 0.00345339812338352 0.22975979745388 -0.0503707341849804 0.195040851831436 0.253068685531616 0.310541599988937 0.0724381655454636 0.293265461921692 0.192959100008011 0.188315942883492 0.346676915884018 -0.0734175369143486 0.334508121013641 -0.00440384913235903 0.301086395978928 0.149535283446312 0.170869544148445 0.146038234233856 0.197648406028748 0.11948124319315 0.337591975927353 0.342932850122452 0.0618642494082451 0.0536126345396042 0.105765022337437 0.00446675065904856 0.0881883129477501 -0.158262103796005 0.0982988476753235 -0.0619431771337986 0.19011165201664 0.0441881828010082 0.156416356563568 0.0690441355109215 0.1282779276371 -0.0564526841044426 0.157877221703529 0.103158205747604
