assets/gome_f/processed/ascii/world/gome_sif_world_20130301.asc
NCOLS 720 
NROWS 360 
XLLCORNER -180 
YLLCORNER -90 
CELLSIZE 0.5 
NODATA_value -3.4e+38 
[rows 190 to 208 of 360, columns 301 to 343 of 720]
-0.0149202477186918 0.0897653549909592 0.00526524847373366 -0.141668826341629 -0.160127326846123 -0.049358356744051 0.0109788738191128 -0.0696758106350899 -0.0899994075298309 -0.0322312526404858 0.0101420441642404 -0.0186134874820709 0.00433777784928679 -0.0612324476242065 0.00127810786943883 -0.0340996347367764 -0.0299027636647224 -0.0589777640998363 -0.00461074290797114 -0.0895114317536354 -0.0131669091060758 -0.00799248833209276 0.1084248945117 0.0459164641797543 0.0128185022622347 -0.0154725769534707 0.00248182890936732 0.0103242769837379 -0.0539914704859257 0.0728420913219452 -0.0562805645167828 -0.050177063792944 0.0506530813872814 -0.0581651702523232 -0.02954869158566 0.0282016396522522 0.0530290752649307 -0.0397520400583744 0.0359479896724224 -0.00929081253707409 0.0313113331794739 -0.120215110480785 0.03777214884758
-0.0132977021858096 -0.0716917291283607 -0.0826394781470299 -0.00536037096753716 -0.0156710427254438 0.0349473990499973 -0.027099346742034 0.0576375983655453 0.0529941469430923 -0.0383132211863995 0.0386581867933273 -0.00454322155565023 -0.102268129587173 0.018878273665905 -0.025846092030406 -0.00157667265739292 -0.00515388231724501 0.0104469442740083 -0.0491878613829613 0.0385804288089275 0.045907199382782 -0.00152677064761519 0.0239338930696249 0.0311257634311914 -0.0260200034826994 -0.00485955085605383 -0.0412755645811558 -0.0113686937838793 0.0216556061059237 -0.0960667580366135 -0.0675671100616455 0.0502665005624294 0.0105908289551735 -0.0473696514964104 -0.00145324598997831 -0.00172893877606839 -0.0412332750856876 0.00650949636474252 -0.087329238653183 -0.097260944545269 -0.00158554990775883 0.0275263022631407 -0.0274547655135393
0.0630073547363281 0.0400934144854546 0.0218474194407463 0.0468713454902172 -0.0269497148692608 -0.0177564360201359 -0.029566302895546 0.0228586420416832 -0.098084919154644 0.0205570124089718 0.00646722968667746 0.0506384447216988 0.00436161691322923 0.0819439291954041 0.161256641149521 0.0476402677595615 0.124855622649193 -0.0361373424530029 0.0846337303519249 -0.0122507670894265 -0.0479288510978222 -0.0838358402252197 0.0774181336164474 -0.0339327417314053 -0.00464676041156054 0.0159967690706253 -0.0996646881103516 -0.0225607715547085 -0.0665188431739807 -0.0107149006798863 0.0395105443894863 -0.179249301552773 0.0178563352674246 -0.126092255115509 -0.0606534853577614 -0.0600663870573044 -0.0204615462571383 0.0424979627132416 -0.101483710110188 -0.0113153718411922 -0.0422252528369427 -0.048388946801424 -0.0930966883897781
-0.0116704106330872 -0.0938243642449379 0.0455745831131935 0.0450447723269463 -0.0283348131924868 -0.0111116226762533 0.0085595203563571 0.00886863563209772 -0.0506640188395977 0.0649649575352669 0.0610780268907547 0.0241760537028313 -0.0197455566376448 0.0283623971045017 0.109869033098221 -0.0428227409720421 0.032938577234745 -0.101064413785934 0.0698232203722 -0.0720585063099861 -0.0464048385620117 -0.0394865348935127 -0.0754103437066078 0.0282927136868238 -0.00642935931682587 0.0153289921581745 0.0106795355677605 0.0403133556246758 -0.0463825985789299 0.000739583279937506 0.0312839299440384 0.00120422476902604 0.0171034410595894 0.0906152948737144 0.0830410048365593 0.00203077355399728 -0.109451606869698 -0.0214770622551441 0.0181070063263178 -0.0417934060096741 -0.0525197386741638 0.00415402092039585 -0.0107798995450139
0.0347585007548332 -0.0924772396683693 -0.0271242205053568 -0.0226374678313732 -0.142075344920158 -0.0256109982728958 0.045605793595314 -0.014018869958818 0.0699193477630615 -0.020372536033392 -0.12748758494854 0.0679656341671944 -0.108455561101437 -0.0411470532417297 -0.038771215826273 0.0533349439501762 -0.00277014006860554 0.0567873455584049 0.040244959294796 -0.0825783163309097 0.0906118527054787 -0.0852694362401962 0.039038423448801 0.115124501287937 0.0395794808864594 0.0266083721071482 -0.059673834592104 -0.0677568688988686 -0.150876745581627 0.0327620208263397 0.033753152936697 0.0615374073386192 -0.010062251240015 0.0367818661034107 -0.00514879450201988 0.119627006351948 -0.08209328353405 -0.0476280748844147 0.0376528091728687 0.00631448719650507 0.0976531729102135 -0.00419211853295565 4.71410639875103e-05
-0.0781149417161942 0.113082841038704 0.0575632080435753 -0.134404048323631 -0.189530298113823 -0.0306014064699411 -0.00573313422501087 -0.0262951143085957 0.0585461966693401 -0.04524851962924 -0.0188477393239737 0.0207191165536642 0.154359340667725 0.0182953886687756 -0.0237447880208492 -0.00697356881573796 0.00435889651998878 -0.0221202503889799 -0.118598878383636 -0.0803505629301071 -0.0217977669090033 0.0834662392735481 0.0548844151198864 0.0904824957251549 -0.0813306644558907 -0.0721003264188766 0.0276979487389326 -0.00896910671144724 0.0508222579956055 -0.0556921400129795 -0.0317062847316265 0.0186861623078585 0.0757503658533096 0.0387026108801365 0.0128613710403442 -0.0470229722559452 0.0212973225861788 -0.0281238667666912 0.0306757669895887 -0.0442194901406765 0.0280809048563242 -0.0784448459744453 -0.00351524562574923
0.065699502825737 0.0610453523695469 0.0120823085308075 -0.0214367173612118 -0.076275609433651 0.000175133944139816 0.0450315028429031 0.058501910418272 -0.072648249566555 0.0237121265381575 -0.00434944732114673 0.0840688049793243 0.00867544859647751 -0.183093830943108 -0.0231926646083593 0.220710560679436 0.0340087525546551 -0.0344498939812183 -0.00932805519551039 0.0246571861207485 -0.0253222063183784 -0.022608544677496 -0.0473800413310528 -0.0283135399222374 -0.00158351962454617 0.00911804474890232 0.0467500127851963 0.00764662073925138 -0.0404141508042812 0.0251808185130358 -0.0039761969819665 0.00295508606359363 0.123198747634888 0.0659333392977715 -0.118665091693401 -0.00551093555986881 -0.0345218144357204 0.052017368376255 0.00297594838775694 0.037581991404295 0.133806705474854 -0.069231279194355 -0.0217725690454245
-0.135059982538223 -0.00254368432797492 0.0666059330105782 0.030954897403717 0.0274945478886366 0.117800936102867 0.000606337853241712 -0.0909000262618065 0.0757436528801918 0.078970767557621 0.0280330162495375 -0.0263178460299969 0.0590981543064117 0.0300429370254278 0.0207701735198498 0.00142473669257015 -0.0146351093426347 0.0171775799244642 -0.00040888786315918 -0.0448268912732601 -0.0425892509520054 0.0833135172724724 -0.0957666113972664 0.0265773050487041 0.0464313700795174 0.123386673629284 -0.0428615212440491 -0.0510356388986111 -0.143638521432877 0.0398672595620155 -0.00847858469933271 -0.0687298402190208 -0.0236640367656946 -0.0392666757106781 0.0582279302179813 0.0154080167412758 -0.00251004099845886 -0.0108989365398884 -0.0163803249597549 0.0301342010498047 -0.0128900334239006 0.0250964798033237 -0.0280275829136372
-0.0134634785354137 -0.0248449295759201 -0.0961665660142899 0.113080203533173 -0.0866377353668213 0.025585874915123 -0.0733415260910988 -0.113942883908749 -0.0449534207582474 0.0402320623397827 -0.0602899640798569 0.017481604591012 0.0415550991892815 0.00949463620781898 0.102314174175262 0.0150459529832006 0.027824904769659 0.0172187816351652 -0.0167346466332674 -0.0806732103228569 -0.0597966760396957 -0.00519151147454977 -0.0555343851447105 -0.0292632076889277 0.0198693368583918 -0.0832460299134254 -0.140806451439857 -0.0218548960983753 -0.059108067303896 -0.0980882495641708 0.00819094479084015 -0.0764099955558777 -0.0228433031588793 0.0591144934296608 -0.0811124891042709 -0.0787273421883583 -0.0363849848508835 0.0452265031635761 -0.036054190248251 0.0336318798363209 0.0419828929007053 -0.0441959239542484 -0.0520893149077892
0.0533193685114384 0.0130992662161589 0.00202406127937138 0.0532184541225433 -0.134331881999969 -0.0234991349279881 0.0884179398417473 -0.00448222458362579 0.0162470303475857 -0.0542280487716198 0.0855239927768707 -0.133390694856644 -0.135960265994072 0.017620500177145 0.0415824130177498 -0.0519795678555965 0.0234301406890154 0.0618986375629902 0.0554512031376362 -0.0352882370352745 0.0258106477558613 -0.0448937304317951 -0.0275063011795282 -0.0110855465754867 -0.0147205768153071 0.0879950821399689 0.0416539646685123 0.0193202141672373 0.028854688629508 0.00591449812054634 -0.0150179862976074 0.0677219182252884 0.111036546528339 -0.0383637137711048 -0.00479992385953665 0.0237803868949413 -0.0223587416112423 -0.0251717157661915 0.0377201028168201 0.0320053249597549 -0.0695421397686005 -0.0128700891509652 -0.0393864586949348
0.0131815420463681 0.239081263542175 0.0458296649158001 -0.0995304733514786 -0.127355754375458 0.0179570876061916 0.138437107205391 0.13615508377552 0.0492144487798214 0.0491034090518951 -0.098034992814064 0.0137441605329514 0.0228984802961349 -0.0370857417583466 -0.0628970116376877 -0.0709666684269905 0.0156058706343174 -0.0717077404260635 0.00197570538148284 0.107689082622528 0.0568373166024685 -0.119463853538036 -0.00608534459024668 -0.0611295439302921 -0.0444363541901112 -0.0480760149657726 0.0241156741976738 0.00754261808469892 0.0499385260045528 0.0535120777785778 -0.0935685113072395 -0.0713043585419655 0.00706096133217216 -0.0118938619270921 0.0194053743034601 -0.0455026067793369 0.00196633185259998 0.10313855856657 -0.141154527664185 0.113931603729725 0.00903132744133472 -0.0334160812199116 0.0217083860188723
0.0553953014314175 -0.0802645608782768 -0.135530933737755 0.0192658584564924 -0.0595341734588146 -0.00211447803303599 -0.0833949223160744 0.0324800536036491 0.019405098631978 -0.0282586999237537 -0.0094859478995204 0.0750480443239212 0.00717873126268387 -0.0508728101849556 -0.039324551820755 0.0612887591123581 0.0538003221154213 0.00748227536678314 0.0103810271248221 -0.13181209564209 0.0516110025346279 -0.0669079497456551 0.0125637352466583 -0.100171871483326 0.0107456631958485 -0.0948600918054581 0.0198944583535194 0.016316095367074 -0.0858591124415398 -0.00899480003863573 -0.00273714424110949 -0.0934281051158905 0.0441367588937283 -0.0855469852685928 -0.0783494561910629 -0.12983064353466 -0.00338283227756619 0.0694594606757164 0.200643643736839 -0.0231821537017822 0.0988368019461632 -0.071478582918644 0.0373377278447151
0.0680041015148163 0.0364934355020523 0.1977469176054 0.15433344244957 0.022546149790287 -0.0113639058545232 -0.0684894174337387 0.0463640689849854 0.0952423065900803 0.0881468653678894 0.176876127719879 -0.00256130425259471 -0.0369454994797707 0.0418419614434242 0.0641871318221092 -0.0922911018133163 0.0123001793399453 -0.0903571993112564 0.0596288554370403 0.0194388721138239 0.144771933555603 -0.0245748851448298 0.138573884963989 -0.112963862717152 0.0600027181208134 0.1360033005476 -0.0727529302239418 -0.136008515954018 -0.0602802261710167 -0.0641855522990227 0.00535465590655804 0.020300567150116 -0.0228684730827808 0.115847878158092 -0.0040924078784883 0.0659278556704521 -0.0745912566781044 0.0403043478727341 -0.00138470716774464 0.0180803835391998 0.0324799008667469 0.0161276664584875 -0.0237421207129955
0.0280862338840961 0.0506094396114349 -0.0982654914259911 -0.041248507797718 -0.0156783871352673 0.238761201500893 -0.0106000294908881 0.141856387257576 -0.089956596493721 -0.0241359248757362 0.0785332843661308 -0.0688561052083969 -0.025372451171279 -0.046204399317503 0.0611192286014557 0.00449247937649488 0.0183009058237076 0.0401671417057514 0.0236242152750492 -0.0218697134405375 0.137246444821358 -0.145212545990944 -0.00781016843393445 0.0184670444577932 0.0608174987137318 -0.032638244330883 -0.0433770194649696 0.0342357605695724 0.000504965602885932 -0.082785852253437 0.0611859001219273 -0.0183208175003529 0.0789795070886612 -0.0524031519889832 0.00541069079190493 0.0205921791493893 0.0387701094150543 -0.0753012076020241 0.00651570409536362 0.0939609184861183 -0.016827616840601 -0.0258691776543856 -0.0259963739663363
0.00467122532427311 0.17366835474968 -0.0646292567253113 -0.00702750915661454 -0.125311642885208 0.0757357776165009 -0.00979331787675619 -0.00942870043218136 0.00979840848594904 0.247684583067894 0.096323125064373 0.157119959592819 -0.109807334840298 -0.0832917913794518 -0.048896998167038 0.0728275030851364 -0.0603709667921066 0.0677595734596252 0.00531748682260513 -0.059528186917305 0.127817124128342 0.138359129428864 0.00684392964467406 -0.0735272094607353 0.0810377672314644 -0.0665156245231628 0.0265015102922916 0.0168951954692602 0.0930691286921501 0.0151836480945349 0.0461603850126266 0.00513642327859998 0.0686752647161484 0.133949682116508 0.0649238452315331 0.165284648537636 0.00356060033664107 -0.0174604337662458 0.0143272168934345 0.02476816624403 -0.0128750959411263 0.0886946171522141 0.0841696932911873
-0.000860517204273492 0.0406853333115578 -0.0917569845914841 0.222642600536346 0.0693282261490822 0.0975500121712685 -0.0444395579397678 -0.0481578148901463 0.0187625214457512 0.262614727020264 -0.0193949453532696 0.0591239407658577 -0.0395241752266884 0.0759770050644875 -0.141851633787155 -0.0656569302082062 -0.128766939043999 -0.000491127371788025 -0.14278307557106 0.026680015027523 0.0914592891931534 0.0418791621923447 0.0748622491955757 0.0204951092600822 -0.0352605693042278 0.0529930591583252 -0.0357228852808475 -0.0282208118587732 -0.144099682569504 0.0358564853668213 -0.0117567591369152 -0.000978612923063338 -0.0987647026777267 0.0857684090733528 -0.115110650658607 0.0683913454413414 -0.0523002855479717 -0.00679174344986677 0.0345722995698452 -0.0338469333946705 -0.0987981632351875 0.0134205399081111 0.0983308032155037
-0.0360029824078083 0.154130592942238 0.0948664397001266 0.0583692900836468 -0.0202390104532242 0.0535136833786964 -0.013950458727777 0.0784879848361015 -0.084672175347805 0.0609280504286289 -0.0153615130111575 0.0760426074266434 -0.169542104005814 -0.0513027161359787 -0.0952648669481277 0.0197135489434004 0.0601539760828018 0.161125689744949 -0.00580333452671766 -0.0376461818814278 0.0370341651141644 0.144140467047691 0.0962579026818275 0.0890156775712967 -0.0465954951941967 0.10799490660429 0.0319719165563583 -0.00901191402226686 0.0173299722373486 0.028894143179059 0.000523662543855608 -0.0981405675411224 -0.0520874597132206 0.000646048109047115 -0.024677312001586 0.0250545833259821 -0.0506141632795334 -0.0774999707937241 -0.0178875643759966 -0.033289447426796 -0.0750386938452721 -0.126093462109566 0.0226704981178045
0.146530583500862 -0.0528940409421921 -0.101595215499401 0.13758385181427 -0.128863319754601 0.0294337328523397 0.0446875803172588 0.0117276031523943 -0.191174015402794 0.0415478497743607 -0.160693258047104 0.0620072819292545 -0.125441357493401 0.00208432786166668 0.0906108617782593 0.134857907891273 0.0225083567202091 0.0423565357923508 0.0725677087903023 -0.0461912602186203 -0.0267794132232666 -0.0223511010408401 0.15741503238678 -0.0302093029022217 -0.0900742709636688 0.0677476674318314 -0.0406674183905125 0.0063621555455029 -0.0561114959418774 0.109392039477825 -0.0952920019626617 0.104300864040852 -0.200368821620941 0.0144130466505885 0.123529329895973 -0.0940512791275978 -0.0710737183690071 0.00995728746056557 0.124697551131248 0.0198208298534155 -0.0625716969370842 -0.0517802834510803 -0.35638228058815
-0.0150520270690322 0.0336510241031647 0.0889152586460114 -0.057257030159235 -0.190849453210831 -0.00313380849547684 0.127503678202629 0.0343901626765728 0.0129619492217898 0.0488447584211826 0.200611904263496 0.0478724911808968 -0.0675705447793007 -0.00412363233044744 -0.0272224433720112 -0.0529993325471878 0.0389817841351032 0.063873864710331 -0.0575593337416649 0.123627826571465 0.102815113961697 0.0480737462639809 -0.100249193608761 0.0594936832785606 -0.0775431469082832 -0.0722759738564491 0.123770862817764 -0.0125461798161268 -0.0942468792200089 -0.143986582756042 -0.0231547672301531 -0.0766355395317078 0.00743931951001287 0.0967779755592346 -0.0896096080541611 -0.00655080890282989 0.0736490860581398 -0.00231774942949414 -0.083007849752903 0.0646950826048851 -0.00528178876265883 0.0193004123866558 -0.0805889144539833
