assets/gome_f/processed/ascii/world/gome_sif_world_20120601.asc
NCOLS 720 
NROWS 360 
XLLCORNER -180 
YLLCORNER -90 
CELLSIZE 0.5 
NODATA_value -3.4e+38 
[rows 228 to 246 of 360, columns 86 to 128 of 720]
0.00651003140956163 -0.0115174166858196 0.0216984823346138 0.0066012954339385 -0.0978035181760788 0.143115565180779 0.0409260839223862 -0.081888422369957 -0.00324796349741518 0.0156064657494426 0.0311459265649319 -0.116768166422844 0.0706055909395218 -0.0041567194275558 0.0348862893879414 0.0242639407515526 0.0594241879880428 -0.0187250059098005 0.0445996634662151 -0.0429365299642086 0.0118059096857905 0.0562850944697857 -0.0323956124484539 0.00356403179466724 -0.116461127996445 -0.0182570535689592 0.0887362360954285 -0.0219854675233364 -0.076572023332119 0.0867429077625275 -0.0235569048672915 0.0208346378058195 -0.0304967574775219 -0.0494958236813545 -0.0527621135115623 -0.0245524998754263 -0.0493922308087349 0.0596771128475666 0.0314080379903316 -0.0823353826999664 -0.0363376103341579 0.0626914724707603 0.0277481824159622
-0.0840249806642532 0.0594699829816818 0.0673912167549133 0.0497879646718502 0.0212483108043671 0.0121860550716519 -0.0598178319633007 -0.10204940289259 0.0256644375622272 -0.0393936261534691 -0.0926571488380432 -0.0214816760271788 -0.00317999441176653 -0.0739826858043671 -0.0368054658174515 0.0386531502008438 0.00748061528429389 -0.00461968639865518 -0.00749656232073903 -0.016360130161047 -0.0370338521897793 0.0336035639047623 0.0171392075717449 -0.0766053050756454 -0.0560643672943115 0.105876281857491 -0.012587727047503 -0.0263510514050722 -0.0823367834091187 0.0353731550276279 -0.0238699782639742 0.0214947368949652 -0.0455057173967361 -0.0346568189561367 -0.0816968604922295 0.0116863567382097 0.0509485118091106 0.03831447660923 0.0191409084945917 0.0270929373800755 -0.0693611800670624 -0.0235651042312384 -0.0104731032624841
-0.0390232317149639 0.0708738714456558 -0.117538213729858 0.0391771793365479 -0.00497639086097479 0.112406030297279 -0.0385803692042828 -0.0438787639141083 -0.0413669012486935 -0.0548759810626507 0.0460374131798744 -0.0526247397065163 -0.0564947910606861 -0.0748137608170509 0.0150074996054173 -0.0791949555277824 -0.0140604209154844 -0.0228770021349192 -0.0055114384740591 0.00445344531908631 -0.0964195132255554 0.092655323445797 -0.0284534897655249 0.000774817948695272 -0.101004160940647 -0.0897399261593819 -0.0230903849005699 -0.141032069921494 0.0158453993499279 -0.0257969256490469 0.0289026219397783 -0.0012860317947343 -0.0233194828033447 -0.0928229093551636 -0.0856255292892456 -0.013976788148284 -0.053316168487072 -0.00859478861093521 0.017200468108058 -0.00386138819158077 -0.0807606130838394 -0.107158847153187 -0.0735771283507347
-0.0438284613192081 -0.030562536790967 0.145696848630905 0.0386183336377144 0.0195491127669811 -0.0654322281479836 -0.0308274775743484 0.000258327956544235 0.0354960896074772 -0.0329251885414124 0.0117348227649927 -0.00795781798660755 0.0314018800854683 -0.111311852931976 -0.0512384660542011 0.0482916049659252 -0.0253637433052063 -0.00983576755970716 -0.0118031222373247 -0.0100069679319859 -0.0523089058697224 -0.0268736761063337 -0.0211310032755136 0.0220255739986897 -0.021324360743165 -0.0532811246812344 0.0378099642693996 -0.1027672290802 -0.0799541845917702 0.0334644205868244 0.0324263796210289 0.0555980652570724 -0.0036131190136075 -0.0511563047766685 -0.0282948445528746 -0.0746228918433189 0.105712696909904 -0.0382947288453579 0.0373035818338394 0.0045903641730547 -0.0877644196152687 -0.107039391994476 0.0657454133033752
0.0117951212450862 -0.0939294993877411 -0.152373984456062 0.010088081471622 0.0258169416338205 -0.0184196382761002 -0.0621367208659649 -0.0702312216162682 -0.0386736206710339 0.016218239441514 0.105824679136276 0.01077701151371 0.0273657608777285 0.0296613890677691 0.0267562977969646 0.0195022914558649 -0.0914151296019554 0.0490084290504456 -0.0562767907977104 -0.0808397457003593 -0.00524987606331706 -0.0146838398650289 0.0542237013578415 -0.00432613212615252 0.0294844303280115 -0.0169320441782475 0.0276982951909304 -0.0419462472200394 -0.0201960448175669 -0.0999295637011528 -0.101083919405937 -0.000103332102298737 0.0565742403268814 -0.0379750058054924 -0.0545761212706566 -0.0214030034840107 -0.0705229938030243 0.0716392993927002 -0.0588113516569138 0.00156844686716795 0.0520803332328796 0.00548085989430547 0.0342359393835068
-0.148320406675339 0.0633450821042061 -0.084563210606575 0.147220566868782 0.0778109431266785 -0.0892108231782913 0.0261759869754314 0.0195154268294573 0.0616509206593037 0.0914937183260918 -0.0761254653334618 0.0390192084014416 -0.113533854484558 0.074183464050293 0.0203950703144073 -0.141032919287682 0.0265380796045065 -0.0482942871749401 0.0417487025260925 0.0778310298919678 0.0095804100856185 0.020850321277976 -0.0061696139164269 0.128162935376167 -0.0240704957395792 0.0113938078284264 0.00758448475971818 -0.060521561652422 -0.0140599012374878 0.00133975839708 -0.0438707694411278 -0.00394955091178417 -0.0840983614325523 0.0127594191581011 -0.000255878490861505 0.0114480340853333 0.0288440939038992 -0.107264205813408 -0.1107022985816 0.0396189615130424 0.0615061596035957 0.0242057200521231 -0.0556769259274006
-0.0225489605218172 -0.0132826380431652 0.0268849302083254 -0.0221898183226585 0.0197206549346447 0.0116808824241161 0.0746651142835617 0.0793356224894524 -0.0099016884341836 -0.00662441132590175 -0.0376802608370781 -0.0129654034972191 -0.0309670437127352 0.0375046990811825 0.0206954404711723 -0.10437984764576 -0.0173897687345743 -0.107276424765587 -0.0063638468272984 0.139732033014297 0.0148052293807268 -0.116780057549477 -0.00129276723600924 -0.0114649450406432 -0.0750583931803703 0.0809698477387428 0.0162498280405998 -0.0566267967224121 -0.0792679786682129 -0.0396528579294682 -0.0413382016122341 0.0180824752897024 -0.0353350341320038 -0.000852495431900024 -0.0530046485364437 -0.0631557628512383 -0.0157857183367014 0.00557934353128076 -0.0557487010955811 -0.00765703851357102 0.00158964772708714 -0.00263047707267106 0.0528808645904064
-0.0245389677584171 0.0590934343636036 0.0225804727524519 -0.227191403508186 -0.060398556292057 -0.0918321758508682 0.073391430079937 -0.0541868843138218 0.0325161553919315 0.00449655065312982 -0.0816608220338821 -0.078582338988781 -0.0125844767317176 0.0458954758942127 0.0581400766968727 0.00513146771118045 -0.0215615406632423 -0.0994870141148567 0.00539393397048116 -0.000285447720671073 -0.0770998075604439 -0.0340634062886238 0.0426548160612583 0.0175032205879688 0.119617879390717 -0.0740664005279541 0.0559571422636509 0.0233008749783039 -0.0590710826218128 -0.0286135282367468 -0.0503382571041584 0.0507498122751713 -0.0961300656199455 -0.017781550064683 -0.11784765124321 0.0465838760137558 0.00928409490734339 0.0181877966970205 0.0129138985648751 -0.0241238903254271 0.0548860877752304 0.0526282079517841 -0.0189906693994999
-0.0255808588117361 -0.0220019798725843 -0.0944825261831284 0.0184459257870913 -0.0316445045173168 0.031645268201828 0.0305991321802139 -0.0246240273118019 0.0951976925134659 -0.0195747949182987 0.0738783925771713 0.0343206450343132 -0.0287277568131685 0.00893573649227619 0.0415317043662071 -0.0475769601762295 0.013951076194644 -0.0213082153350115 0.00622066669166088 -0.0416394025087357 -0.0216456223279238 -0.064398281276226 0.0591857098042965 -0.0283360164612532 -0.0995573177933693 0.0314676202833652 0.0167438834905624 -0.0411674119532108 0.0356184728443623 -0.149241521954536 -0.00673714652657509 -0.0197500642389059 -0.0581105053424835 0.0391125455498695 -0.0176981259137392 -0.00812876224517822 -0.0266305711120367 0.0162837002426386 0.0558651275932789 -0.083511970937252 -0.0180993489921093 0.0207023434340954 0.0210776589810848
-0.0380096919834614 -0.0453808009624481 0.0620891191065311 0.0316105112433434 0.113978184759617 -0.00287621445022523 -0.0394079387187958 0.105647541582584 -0.0651535168290138 0.00654538441449404 0.0570259355008602 -0.00726111745461822 0.102973490953445 0.00971343833953142 -0.0634368881583214 0.0719974115490913 0.105903096497059 -0.0362009294331074 -0.039251334965229 0.0624750778079033 -0.0488148331642151 -0.0144410450011492 0.00343030411750078 0.0879707485437393 0.0408699288964272 -0.0194127727299929 -0.0516057461500168 0.000141171272844076 -0.0366828255355358 -0.0370078720152378 -0.060918390750885 0.0528667196631432 -0.0635071992874146 0.0238218754529953 0.00386416609399021 0.0207167416810989 -0.0279276072978973 -0.0188792869448662 -0.0556713044643402 -0.126848384737968 -0.0172752235084772 0.0326529443264008 0.0492395535111427
-0.00666755437850952 -0.077063076198101 -0.0749713554978371 -0.110160075128078 0.00245891883969307 -0.0845780968666077 -0.0616298913955688 0.0618079416453838 0.000619977712631226 -0.0931977853178978 0.0651130080223083 -0.0685053393244743 0.0159244630485773 0.0443547926843166 0.0826149806380272 0.0299217402935028 -0.0619068406522274 -0.0956774726510048 -0.127179130911827 0.0874445959925652 -0.0303213223814964 -0.063745528459549 -0.0392929799854755 -0.0224092900753021 0.018629003316164 -0.0193689782172441 -0.0265847127884626 -0.0566117949783802 -0.0561986044049263 -0.0330391936004162 0.122135072946548 -0.0151413483545184 0.0350050926208496 0.0811964794993401 -0.11852402985096 -0.0212662275880575 0.030953848734498 0.0278434604406357 -0.0140869440510869 -0.0352183170616627 -0.0612090602517128 -0.036902979016304 0.0270239319652319
-0.0421091057360172 -0.0853245034813881 -0.0465946644544601 0.184899270534515 0.0128792794421315 0.00317703117616475 -0.142262786626816 -0.124247640371323 -0.0804413259029388 0.0332078225910664 -0.134809300303459 -0.0687950849533081 -0.0200021117925644 0.0525966547429562 0.0303928833454847 -0.0560247115790844 -0.138870343565941 0.115002870559692 0.00474489666521549 0.0477021895349026 -0.00767519092187285 -0.07063177973032 0.0761951431632042 -0.0739659741520882 -0.101961560547352 -0.0608433187007904 -0.022361783310771 -0.00531421834602952 -0.0476693548262119 0.0103071220219135 -0.0480463802814484 0.056003101170063 -0.0264421831816435 0.0561519376933575 -0.0183342266827822 -0.007924634963274 0.0533626265823841 0.0080965543165803 0.158344477415085 -0.0529049299657345 -0.0492148175835609 0.0249033328145742 0.0497631914913654
0.0877234786748886 -0.0714236721396446 -0.0655945986509323 -0.0890423730015755 -0.0423147156834602 0.0658048242330551 0.120767414569855 -0.0704094097018242 0.0635508671402931 -0.08647620677948 0.0134015465155244 -0.0479096956551075 -0.0658912435173988 -0.00477037113159895 -0.00254990858957171 0.0136995716020465 -0.0602699853479862 -0.00963562726974487 0.116239719092846 0.0445392318069935 -0.0121515039354563 -0.0432351864874363 0.0470424294471741 0.0490745306015015 -0.0207577962428331 -0.0885814875364304 -0.0394681170582771 -0.114014506340027 0.0749410018324852 0.0425028800964355 0.12743704020977 -0.143791332840919 -0.0841204673051834 -0.0548747181892395 0.125894770026207 -0.0312830358743668 -0.00299454852938652 0.026705564931035 -0.00764483073726296 0.0472509115934372 -0.00183186994399875 -0.0685477554798126 0.0701912865042686
-0.0811198502779007 0.0390171483159065 -0.0308249182999134 0.0347115956246853 0.00120281509589404 -0.143208831548691 -0.0459119565784931 -0.0615618452429771 -0.000770834914874285 -0.0273528452962637 -0.0138277001678944 0.312460720539093 0.04871591553092 0.00858750473707914 -0.00933647714555264 0.0227741561830044 0.0262405630201101 -0.103195741772652 -0.0257916543632746 -0.0879919230937958 -0.0403811894357204 -0.0345649942755699 -0.115764565765858 -0.0250935200601816 -0.0314314812421799 0.0478333234786987 0.0407837256789207 0.00536192813888192 0.00361025054007769 -0.0795044377446175 -0.0129070831462741 -0.0642847195267677 -0.0505951270461082 0.00557006755843759 -0.124650932848454 -0.136561334133148 -0.0493120551109314 -0.0601533986628056 -0.0788589119911194 -0.0596448853611946 -0.022522771731019 0.00108263129368424 0.00456981593742967
0.0149919809773564 0.0131664015352726 -0.134043946862221 -0.00936390552669764 0.172152787446976 -0.0603275261819363 -0.0225480999797583 0.119801126420498 -0.124308548867702 0.151544690132141 -0.0153271444141865 -0.0760883837938309 -0.0300886519253254 0.0689088776707649 0.0146899167448282 -0.00448116101324558 0.0190914385020733 -0.0592142455279827 0.00412948383018374 -0.0687437132000923 -0.0769336447119713 0.0286085363477468 -0.0352123454213142 0.039509441703558 0.0720562934875488 -0.0258960966020823 0.00637558102607727 0.0419483780860901 0.04755499958992 -0.0875009447336197 -0.142200112342834 0.0252343136817217 -0.0175047982484102 0.072759322822094 0.0343101657927036 -0.0844135880470276 -0.00817308574914932 -0.12497290968895 -0.0196757316589355 -0.0869692713022232 -0.0547096282243729 -0.100640967488289 -0.0422031655907631
-0.261425107717514 0.0118122035637498 -0.109389208257198 -0.087412528693676 -0.0555786490440369 -0.0811668708920479 0.00223442912101746 -0.103165507316589 -0.055669903755188 -0.15088301897049 0.0348919928073883 0.0918571576476097 0.0305549688637257 -0.000981339835561812 -0.0971531122922897 -0.0767888501286507 -0.0327061079442501 -0.0549990087747574 -0.0375167801976204 0.00810732413083315 0.00803269352763891 0.117329396307468 -0.0165886003524065 0.151805579662323 -0.106959208846092 0.0609378293156624 0.0175845883786678 0.050316259264946 -0.143877983093262 -0.0136593692004681 -0.0551540851593018 -0.0247897673398256 -0.00373411714099348 -0.0825090184807777 -0.0772857666015625 -0.0441224090754986 -0.0215420257300138 -0.139300614595413 0.0641628801822662 0.0393905453383923 0.00108891620766371 -0.0399169623851776 -0.266478300094604
-999 0.0284584760665894 -0.105634249746799 -0.0275479257106781 -0.065630704164505 0.138923466205597 0.0287808328866959 0.028614079579711 -0.0299929156899452 0.014894163236022 0.170166447758675 0.0567385144531727 -0.0197839587926865 0.0805983915925026 -0.000616062432527542 0.0209245476871729 0.0286539196968079 -0.0257955901324749 0.0783776789903641 -0.00665808469057083 0.0633011981844902 -0.319094061851501 -0.00146280729677528 -0.0729116946458817 0.0207030493766069 -0.018299512565136 -0.0808814391493797 0.0156208463013172 0.0283077992498875 -0.048946637660265 -0.00274677132256329 -0.0393416583538055 0.0474558658897877 -0.010332795791328 -0.0819791406393051 0.0417200922966003 0.0550574250519276 -0.0481249168515205 -0.0448982380330563 -0.0205381270498037 0.0315808765590191 0.0063128350302577 -0.0134607432410121
-0.060544066131115 -0.139684095978737 0.0140485381707549 0.115035317838192 0.0655562877655029 -0.431329190731049 -0.0750871151685715 0.029053607955575 -0.0601335614919662 0.0317096374928951 0.299406558275223 -0.115851752460003 -0.0151467770338058 0.10418177396059 -0.00851302593946457 -0.0132792051881552 -0.0507981292903423 0.0346926860511303 -0.00718158623203635 -0.147152662277222 0.0319751724600792 -0.0452198497951031 -0.130731910467148 -0.0563622266054153 0.0436423867940903 0.054649218916893 -0.123246550559998 0.00211594463326037 0.0340071171522141 0.0422946885228157 -0.0351672917604446 0.016575749963522 0.0465471930801868 -0.0557254739105701 0.0109445052221417 -0.0510303229093552 -0.10476416349411 -0.0650369450449944 0.00370189803652465 0.0199802629649639 0.0139012848958373 -0.00353879341855645 0.0519836843013763
-0.0611369498074055 0.0457644462585449 0.0125836217775941 -0.0241365786641836 0.0147545924410224 0.0667506158351898 0.0095306159928441 -0.0703480690717697 0.0356051996350288 0.0534020662307739 0.0277023240923882 0.0647881776094437 -0.117212243378162 0.0268359184265137 0.00589990243315697 0.0369996763765812 0.0909373238682747 -0.244690522551537 -0.00637020077556372 0.0475386045873165 -0.0212548356503248 0.0552832521498203 0.250804394483566 0.0213244333863258 0.0403637588024139 -0.0129500720649958 0.0022995020262897 -0.00308419158682227 -0.0520856603980064 -0.0551415756344795 0.0289199743419886 0.08237075060606 0.020564466714859 -0.082176499068737 -0.0580153577029705 -0.0398076549172401 -0.0148389339447021 0.0192347131669521 -0.010585218667984 0.0203413031995296 0.0585410185158253 0.0646543204784393 -0.0431965962052345
