assets/gome_f/processed/ascii/world/gome_sif_world_20110801.asc
NCOLS 720 
NROWS 360 
XLLCORNER -180 
YLLCORNER -90 
CELLSIZE 0.5 
NODATA_value -3.4e+38 
[rows 266 to 284 of 360, columns 86 to 128 of 720]
-0.0334602780640125 0.0208571646362543 0.0226966459304094 0.133408680558205 -0.0898313596844673 0.0522282756865025 -0.073765717446804 0.118683815002441 -0.0246580671519041 0.0698884651064873 0.0858484581112862 -0.0675932019948959 0.00185296824201941 -0.159326061606407 0.0945994406938553 -0.0648332387208939 -0.0118348551914096 -0.0871619507670403 -0.13773800432682 0.0815799981355667 -0.0165057480335236 0.0998434349894524 -0.0230847559869289 0.138427540659904 -0.0474153347313404 -0.0165286306291819 0.000399234209908172 -0.0290673356503248 0.0679939463734627 -0.0108126113191247 -0.032810416072607 0.016708867624402 -0.00125340954400599 -0.0283273309469223 -0.0818057283759117 0.0930205732584 0.0604927353560925 0.0916549116373062 -0.0909225195646286 -0.0741790160536766 0.0122440224513412 0.0816321671009064 -0.0926008224487305
-0.0601677298545837 0.0727336928248405 0.0813890695571899 -0.0817128196358681 -0.0286961477249861 -0.0638187080621719 -0.0514885969460011 -0.0237987786531448 0.00597962690517306 0.0674378722906113 -0.027553940191865 -0.124395810067654 0.113438665866852 0.0914804935455322 -0.19903901219368 0.00407585222274065 -0.0482012033462524 -0.0845407843589783 0.177310913801193 -0.06734499335289 -0.107494749128819 -0.0496699847280979 0.0516322441399097 -0.0466329343616962 0.0504658296704292 0.0313190668821335 0.0745390728116035 0.256551057100296 -0.0921433717012405 0.0614965483546257 -0.0130073083564639 -0.0165249537676573 -0.0591702647507191 0.0195993389934301 0.024859806522727 -0.0344176217913628 -0.0844043493270874 0.129519686102867 -0.0411842130124569 0.0208428110927343 -0.0121135711669922 0.0643731281161308 0.0385694727301598
-0.0113972192630172 -0.00498266005888581 0.0812371671199799 -0.0478666163980961 0.0557038076221943 0.0285830963402987 0.0080168666318059 0.111253261566162 -0.0416213199496269 0.0157895460724831 0.0176357571035624 -0.0552481636404991 0.0253913719207048 -0.031755231320858 0.0272247400134802 -0.0119099300354719 -0.0407187454402447 -0.0589293129742146 0.00851350650191307 -0.104314267635345 0.065117172896862 -0.0907560437917709 0.104843378067017 0.0817015618085861 -0.015114133246243 -0.0589279644191265 0.0261594690382481 -0.0744056403636932 0.0154902571812272 0.0266412049531937 0.128685817122459 -0.085175059735775 0.0570407137274742 -0.042037095874548 0.100004933774471 -0.0674790441989899 0.0687062367796898 -0.0712951198220253 0.0649634748697281 -0.125367656350136 0.0415620617568493 0.00964060984551907 -0.00630264589563012
0.118470445275307 0.020271422341466 -0.106489092111588 0.0746714994311333 -0.0418162532150745 0.0410926826298237 -0.0274856090545654 -0.00785138923674822 -0.0515171475708485 0.00259298644959927 0.084854856133461 0.05203877389431 0.125605762004852 0.0542179085314274 0.0534003935754299 -0.034274734556675 0.0716186016798019 0.0495180115103722 0.0140760317444801 0.106275610625744 0.0887441486120224 -0.00357632990926504 -0.0721298679709435 0.0605974495410919 -0.0342378839850426 0.0626751035451889 0.0215857867151499 0.152676701545715 0.118993788957596 -0.0486416108906269 0.00498633598908782 -0.039226371794939 -0.105500102043152 0.00388649222441018 -0.0155293820425868 0.0122645944356918 0.102027133107185 -0.0556432716548443 0.0244963206350803 0.0249169413000345 0.00011072928464273 0.0470660626888275 0.0743400156497955
0.0277429670095444 0.0464398600161076 -0.0343755036592484 -0.0190931651741266 -0.0165008045732975 0.09953223913908 -0.143711984157562 0.0161310099065304 0.0153792509809136 -0.121826358139515 0.0694938898086548 0.0259864032268524 0.0283885635435581 0.0493939183652401 -0.0104255387559533 0.147676855325699 -0.115216307342052 0.0154609205201268 -0.0621992945671082 0.129411056637764 -0.0538522005081177 0.0294739529490471 -0.08510622382164 0.146869704127312 -0.0943797454237938 -0.212689787149429 0.0125020295381546 0.061618983745575 0.088723286986351 0.0505948029458523 0.00337785435840487 -0.0199465397745371 0.127172112464905 0.00980350747704506 -0.110833846032619 0.0143192382529378 -0.105241522192955 -0.0586785152554512 0.0820619538426399 0.0123215978965163 0.0110730724409223 -0.00224657356739044 -0.0306010581552982
0.0502705276012421 0.00175876915454865 0.0179161168634892 0.157037287950516 0.0436557196080685 0.0135575700551271 0.0880113244056702 0.0630447641015053 0.0232471488416195 -0.094210222363472 0.0483033955097198 -0.0399395413696766 -0.0396296307444572 0.0190327446907759 -0.0887378826737404 -0.0261827949434519 0.0617414638400078 -0.0336482562124729 0.0055389916524291 -0.0641402751207352 0.17070946097374 -0.0252550486475229 -0.0777356252074242 0.0438699536025524 -0.0378264524042606 0.159941792488098 -0.00355988554656506 -0.00514469435438514 0.0282730683684349 0.0408265590667725 -0.0768687948584557 0.032451294362545 0.0281277000904083 -0.112078130245209 -0.0851525440812111 -0.122229442000389 0.00546161504462361 -0.0562712885439396 0.0110960714519024 0.0259301494807005 -0.0692278295755386 -0.017279950901866 -0.172786459326744
0.0282322913408279 -0.0569683909416199 0.129286170005798 0.0334294885396957 0.0967272445559502 0.0087547218427062 -0.0437370575964451 0.101117834448814 -0.071773000061512 0.0344621129333973 0.0111575340852141 0.076671376824379 0.00385563378222287 -0.016719488427043 -0.0732042714953423 0.00135598494671285 0.144055858254433 -0.168259844183922 0.0379570201039314 0.0577758736908436 -0.0031429014634341 -0.00948927737772465 0.00138823769520968 0.00749377068132162 -0.0986097678542137 0.0150007084012032 -0.114311970770359 -0.118398107588291 -0.0109943365678191 -0.0133792106062174 0.0938739106059074 -0.0414036065340042 0.178254917263985 0.0245418380945921 0.119418323040009 -0.00793340615928173 0.131928130984306 0.0211952179670334 0.0610335096716881 -0.0366988629102707 0.029277678579092 0.0764865875244141 0.117938615381718
-0.240484982728958 0.0145044662058353 0.0059496178291738 0.166232854127884 0.0836590826511383 -0.231785014271736 0.0606997944414616 -0.142829522490501 0.0681244060397148 -0.0597747825086117 -0.1320441365242 -0.0589163079857826 -0.137869000434875 -0.0506268925964832 -0.0697057396173477 0.0865673497319221 -0.131744250655174 0.0339346528053284 -0.0738113820552826 0.138363316655159 -0.192615896463394 -0.109572887420654 -0.16148068010807 -0.0286502484232187 -0.145275756716728 -0.00616473099216819 -0.122635886073112 -0.0644455626606941 0.102488659322262 -0.159451350569725 -0.030386982485652 0.0408678539097309 0.0235035140067339 -0.00529653392732143 -0.0901094228029251 0.0333932153880596 0.0671974495053291 -0.218681246042252 -0.0311000552028418 -0.0399603992700577 -0.0728828385472298 0.0332827903330326 -0.0310094840824604
0.273652464151382 0.305834203958511 0.30435699224472 0.161834180355072 0.084252618253231 -999 -0.019856184720993 0.210077434778214 0.019096627831459 0.00963030941784382 -0.165485858917236 -0.046356312930584 -0.0300216786563396 0.135888755321503 0.044491320848465 -0.0715305507183075 0.108841590583324 -0.0486236624419689 0.0566304437816143 -0.202001824975014 0.00282993027940392 -0.134316623210907 0.0266071557998657 0.0709293559193611 0.0446684472262859 0.0193665158003569 -0.0592926628887653 0.0534738302230835 -0.136808589100838 -0.0612448044121265 -0.170294940471649 -0.0156139768660069 -0.0586119592189789 -0.0356187149882317 -0.00790701527148485 -0.0546246767044067 0.0162888634949923 -0.029439777135849 -0.00700801983475685 -0.099875308573246 -0.016515402123332 0.016790771856904 -0.0824724957346916
0.196086049079895 0.419127434492111 -0.132978439331055 0.0472884476184845 -0.274181306362152 -0.0301601998507977 -0.104694060981274 0.133790090680122 -0.174509420990944 -0.138751208782196 -0.111787989735603 0.0789039805531502 -0.0692218840122223 0.0842169597744942 -0.215756416320801 0.134977012872696 -0.0915712788701057 0.268200129270554 -0.165961742401123 -0.0226871687918901 -0.0208531282842159 0.0215086806565523 -0.118417955935001 -0.0735308900475502 0.086663693189621 0.11782343685627 -0.0752561539411545 -0.0515811257064342 -0.317295461893082 -0.124630942940712 -0.0519995801150799 0.0373595170676708 0.0565116181969643 0.0893319547176361 -0.0101436208933592 0.00703825801610947 0.0814996287226677 0.0648094788193703 -0.046877920627594 -0.0335449576377869 0.0312030036002398 0.0239770617336035 0.0246374700218439
0.0900940373539925 -999 -0.00043487548828125 -0.0246906653046608 0.0502043180167675 -0.18152879178524 0.0120270811021328 0.0750194489955902 0.0771192312240601 -0.0114483758807182 -0.0181731060147285 -0.00954024214297533 0.111373908817768 0.0229045115411282 -0.00695304851979017 -0.0591435618698597 0.117683306336403 0.148050978779793 0.0489627420902252 -0.0569548830389977 0.00772562017664313 0.110251985490322 -0.0835158303380013 0.127454802393913 0.109698690474033 -0.145943015813828 0.0639050602912903 0.0294946413487196 0.0931687578558922 0.144488200545311 -0.0778947174549103 0.0129290744662285 -0.0327981263399124 -0.038972795009613 0.0541469566524029 0.0777898132801056 -0.0244790017604828 0.0645978450775146 -0.100854799151421 -0.0234544388949871 0.10814455896616 0.0887639597058296 -0.0593771114945412
0.127626165747643 0.0310898274183273 0.233109503984451 0.108493216335773 0.0536690950393677 -0.322006195783615 0.023389533162117 0.18499031662941 -0.0349815785884857 0.0766755938529968 -0.0113393068313599 0.100723259150982 -0.254826098680496 0.0284427758306265 0.0165329370647669 0.0865995511412621 0.157828450202942 0.135910868644714 -0.147523358464241 -0.0967015400528908 -0.0409544892609119 0.0416588746011257 0.209111645817757 0.195917293429375 0.00405863672494888 0.033139530569315 0.189432844519615 0.177594527602196 -0.104949325323105 -0.30643555521965 -0.213482975959778 -0.1627586632967 0.156731605529785 -0.0622052438557148 0.0162782017141581 -0.0615640319883823 -0.014382541179657 -0.0553285665810108 -0.127375617623329 0.0847725570201874 -0.00639704242348671 0.0380080528557301 0.0452500097453594
0.0410032458603382 -0.168753013014793 0.0813560336828232 -0.0154262837022543 -0.110071301460266 -0.255128413438797 0.0286174863576889 0.0187107101082802 0.262306809425354 -0.0791333019733429 0.0519887581467628 -999 -999 0.129275724291801 0.0581359006464481 -0.173538744449615 -999 -0.0897030606865883 0.105693288147449 -0.00430633127689362 0.0112648401409388 0.117265075445175 0.0866671428084373 -0.45982164144516 0.0872188210487366 0.0241644065827131 -0.043435350060463 -0.0430661775171757 0.155800595879555 0.204465836286545 -0.0469784066081047 0.0287094302475452 -0.182839840650558 0.085724450647831 -0.0397126115858555 -0.0955800637602806 0.078467883169651 0.0885983109474182 0.0523887388408184 -999 0.198085561394691 -0.100085377693176 -0.0507078990340233
-0.0889953747391701 0.124718517065048 -0.0152879972010851 0.0151117835193872 -0.0991716235876083 0.0174091290682554 0.051749475300312 0.16760241985321 -999 -999 -0.111357092857361 -999 -0.0524319112300873 -0.00533619709312916 -0.177579566836357 -0.112283818423748 -999 -0.147264093160629 -0.225901216268539 -0.0240431372076273 0.0316716358065605 -0.129380285739899 -0.166636988520622 -999 -0.0754150897264481 0.0335693620145321 -999 -0.0337992124259472 -999 0.126445665955544 -0.142258211970329 0.297292113304138 -0.0922519862651825 -0.327136427164078 -0.106828704476357 -0.124301560223103 0.110327079892159 0.0463813319802284 -999 -0.0897591412067413 0.0655865296721458 -0.114481769502163 -0.0365421548485756
0.343152821063995 0.0592679940164089 -0.030075516551733 0.0724881663918495 -0.0639090314507484 -0.0738458633422852 -0.157652243971825 -0.0574558563530445 -999 -0.101493656635284 -999 -999 -0.128621652722359 0.0727356299757957 -0.159131437540054 -0.375318735837936 -0.113463364541531 -0.0952925309538841 -0.0278461799025536 -0.0892935395240784 0.363084375858307 0.0127475894987583 -999 0.0751531943678856 -0.234581738710403 0.327454328536987 0.000530150427948684 0.0299361571669579 -999 0.0111660966649652 0.0907388105988503 -0.0458519645035267 0.121676780283451 -999 0.0470134802162647 0.158686414361 0.0474196523427963 0.12117063254118 -0.0257415939122438 0.275768965482712 -999 0.197521314024925 -999
-0.098429337143898 -0.177626550197601 -0.168200731277466 0.037570383399725 0.132045537233353 -0.119834929704666 -0.117011845111847 0.124114841222763 -0.273468315601349 -0.00867033004760742 -0.1350928992033 0.00231595966033638 0.28884881734848 0.174178957939148 -0.202493235468864 -0.0229023415595293 -0.0564611479640007 0.19958832859993 -0.0440253391861916 0.216974034905434 0.373871266841888 0.00565726682543755 -999 0.10910876095295 -0.0702682957053185 -999 -0.0785258635878563 -0.249595284461975 -999 0.0514958202838898 0.0835348516702652 0.0330402404069901 0.165805071592331 -0.0369005128741264 0.134158119559288 -0.155856892466545 0.0331547036767006 -999 -999 -0.197755485773087 0.421299576759338 -0.211162507534027 0.343274623155594
-999 -0.0541486367583275 0.0176772214472294 0.0794248729944229 0.109678253531456 0.0196287222206593 0.178263664245605 -0.13275870680809 0.219975993037224 0.0780724883079529 0.0677601248025894 -0.146217077970505 -0.123448565602303 -0.190162509679794 -0.0750046521425247 0.0738115385174751 -999 -999 0.0302883889526129 0.151283025741577 -0.0605589970946312 -999 -999 -999 0.0511511974036694 -0.00265897274948657 -999 -999 0.0792189314961433 -0.158526912331581 -0.0481786280870438 0.0428367629647255 -999 0.268550336360931 0.320925086736679 -999 0.00532675161957741 -999 0.0613932646811008 0.012332764454186 -999 -0.024400282651186 0.213137850165367
0.197157114744186 0.0157841686159372 -0.186823040246964 -0.067043162882328 0.0743698328733444 -0.0221780240535736 -0.0182439722120762 0.12329213321209 -0.0206805933266878 0.0124563127756119 0.173183441162109 0.0878603830933571 0.0475466959178448 0.100219920277596 -999 -999 0.0667419731616974 -999 -0.0770638734102249 -999 -0.000725396268535405 -999 -999 0.0917317271232605 -0.0783510431647301 0.304579764604568 -0.0709750801324844 0.00651490176096559 -0.217792943120003 -0.0766739696264267 -0.0406130217015743 -0.25867971777916 -999 -0.255100548267365 -999 -999 0.0516885668039322 -999 -0.310113131999969 -999 -0.0811421647667885 -0.18883541226387 -0.0925462394952774
-0.0356044545769691 -0.0859409645199776 -0.0360748022794724 0.132022723555565 -999 0.040281530469656 0.17562361061573 -999 0.0183745753020048 -999 -999 -0.0128263384103775 0.132062375545502 0.0245800688862801 -999 0.13839964568615 -999 -999 -999 0.0853443220257759 0.086004339158535 -999 -999 -999 0.11189479380846 -999 -999 0.0270831808447838 -999 -0.249263808131218 0.0942730829119682 -999 -0.133100539445877 -999 -999 0.0717523768544197 -999 0.0489150360226631 -999 -999 -0.169395670294762 -0.0387824103236198 -999
