assets/gome_f/processed/ascii/world/gome_sif_world_20120201.asc
NCOLS 720 
NROWS 360 
XLLCORNER -180 
YLLCORNER -90 
CELLSIZE 0.5 
NODATA_value -3.4e+38 
[rows 57 to 75 of 360, columns 387 to 429 of 720]
-999 -999 -999 0.0668304786086082 0.166602939367294 0.0233982503414154 0.112097419798374 -0.00596561096608639 -0.0363259837031364 0.0481661185622215 -0.0119827957823873 0.28889986872673 0.075973242521286 0.0374728590250015 0.0664838850498199 0.0572908855974674 -999 -999 -999 -999 -999 -999 -999 -999 -999 -999 -999 -999 -999 -999 -999 -999 -999 -999 -999 -999 -999 -999 -999 -999 -999 -999 -999
-999 -999 8.02665017545223e-05 0.102246187627316 0.0495642498135567 0.0378297083079815 0.0851973965764046 0.0654306709766388 0.132839322090149 0.0185704249888659 0.0346107073128223 -0.134593069553375 0.175256580114365 0.0485716611146927 0.0746640786528587 0.270570069551468 -999 -999 -999 -999 -999 -999 -999 -999 -999 -999 -999 -999 -999 -999 -999 -999 -999 -999 -999 -999 -999 -999 -999 -999 -999 -999 -0.00332186883315444
-0.106854908168316 -0.175992593169212 0.0881545171141624 0.133313864469528 0.0911852344870567 0.00910997577011585 0.0439609922468662 0.0195897966623306 0.216146007180214 0.0756187289953232 0.0893263444304466 -0.154213398694992 0.150381729006767 -999 0.00656419852748513 -0.126916751265526 -999 -999 -999 -999 -999 -999 -999 -999 -999 -999 -999 -999 -999 -999 -999 -999 -999 -999 -999 -999 -999 -999 -999 -999 -999 0.0614951513707638 -0.025508863851428
0.0147252082824707 0.145947337150574 0.10961925983429 0.0476771853864193 0.0940456241369247 0.0979704484343529 -0.0271748099476099 0.22075879573822 -0.0317636393010616 -999 0.133102968335152 0.100083649158478 0.0157442484050989 0.0516668446362019 -0.0385441407561302 -0.0136454179883003 -0.0491522289812565 -0.0172778908163309 -999 0.240154385566711 -0.0415135249495506 -999 0.231980800628662 0.279022127389908 -0.00996429286897182 -0.00641346210613847 0.00345237064175308 -999 -999 -999 -999 -999 -999 -999 -999 -999 -999 -999 -999 -999 -999 0.0028186459094286 -999
0.105077318847179 0.0569499731063843 0.0658664852380753 0.0534569956362247 -0.0570867471396923 0.0717489123344421 0.01343565993011 -0.0386617667973042 0.0244642961770296 0.112400472164154 -0.0997826457023621 0.215696826577187 0.0286240745335817 -0.0537183731794357 0.00564851518720388 0.135193914175034 0.0280811712145805 -0.0213423222303391 -0.10681439191103 -0.188189193606377 -0.0685682594776154 -999 -999 -999 -999 -999 0.0490334294736385 -999 -999 0.290998071432114 -999 -999 0.0597217567265034 -999 0.119371421635151 -999 0.080833874642849 0.0358931310474873 -999 -999 -0.0624831207096577 -999 -999
0.027796134352684 0.0299044046550989 -0.0477004833519459 0.0775792822241783 0.0500133037567139 0.00546494871377945 0.0690903812646866 0.0202629677951336 0.083972193300724 0.070091649889946 0.07056774944067 -0.0474686101078987 -0.0334512926638126 0.0423248708248138 0.0274404529482126 -0.0131253749132156 0.0357753150165081 0.162271738052368 0.0306483935564756 -999 -999 -999 -999 -999 -999 -999 -999 -999 -999 -999 -999 0.0106455339118838 0.137454152107239 -0.0684696808457375 0.420794665813446 0.0474729128181934 -0.086961418390274 0.0395662039518356 -0.0265573039650917 -0.0095977820456028 -999 -999 -999
0.0488940887153149 0.104503467679024 0.101944372057915 -0.00779461860656738 0.115330673754215 0.121088959276676 0.173126548528671 0.0422775745391846 -0.0626156181097031 -0.105275347828865 -0.126708507537842 -0.0280174966901541 -0.00376257300376892 -999 -0.204127267003059 0.160538718104362 -0.186921700835228 -0.0383527427911758 -999 -999 -999 -999 -999 -999 -999 -999 -999 -999 -999 -999 0.109092697501183 0.0897491499781609 -999 -0.056600671261549 -999 -999 -999 -0.0673027113080025 0.0625450536608696 0.191312730312347 0.117775648832321 -999 -999
-0.0826866552233696 0.0442388243973255 -0.0024097238201648 0.0297878384590149 0.0436396263539791 0.131811678409576 0.1128985658288 0.0400612130761147 0.0871210843324661 -0.0534896515309811 -0.00996379926800728 -0.0179062131792307 0.146542236208916 -0.0344576612114906 -0.138182237744331 0.0263494327664375 -0.0280425306409597 0.187980964779854 0.0167925599962473 -0.0177884846925735 -0.0541013702750206 -0.0774946734309196 -999 -999 -999 -999 -999 -999 -999 -999 0.105032101273537 0.0133844017982483 0.0561722181737423 -999 -999 -999 -999 -999 -999 -0.0396578200161457 -999 -999 -999
0.091346338391304 0.200850531458855 -0.0372339859604836 0.0760747268795967 -0.0125161530449986 0.147514581680298 0.0920761749148369 -0.0300572719424963 -0.172365933656693 -0.00605741702020168 -0.0757081210613251 0.114569030702114 0.120578527450562 0.0549218095839024 0.156468749046326 0.0586434341967106 -0.0185110531747341 0.00723240384832025 0.0656763538718224 0.0700186416506767 0.0451227463781834 -0.032871138304472 -0.0617602467536926 -999 -999 -999 -999 -999 -999 -999 -999 -999 -999 -999 -999 -999 0.0966933593153954 0.0262931957840919 0.0285168699920177 -999 -999 -999 -999
0.0893513113260269 0.0228527244180441 0.072028860449791 0.0393147133290768 0.0694986954331398 0.0684400647878647 0.0670997351408005 0.121730744838715 0.00625811703503132 -0.108736418187618 -0.0835879966616631 -0.0343410335481167 -0.0184544865041971 -0.044024620205164 -0.157539889216423 0.094670906662941 0.13682709634304 -999 -999 -999 -999 -999 -999 -999 -999 -999 -999 -999 -999 -999 -999 -999 -999 -999 0.264697432518005 0.185336142778397 -999 0.0061337873339653 0.0132932709529996 -999 -0.126471325755119 -0.0666289404034615 -999
0.159964323043823 0.00208548014052212 -0.00590664148330688 0.0146146286278963 0.0284175742417574 0.080991268157959 0.0551554597914219 0.0352372601628304 -0.000259284453932196 0.0270868707448244 0.150257676839828 0.0616627559065819 -0.00599942728877068 0.109485484659672 -0.154684782028198 -0.0641500502824783 -0.00245234742760658 -999 -999 0.0280003845691681 -999 -999 -999 -999 -999 -999 -999 -999 -999 -999 0.188254699110985 0.053102683275938 -0.00216870591975749 -999 -999 -999 0.00603024568408728 0.142809331417084 0.02186593785882 -0.0580531246960163 -999 -999 -999
-0.00737601425498724 0.0333183147013187 0.117375716567039 -0.228338852524757 -0.218415230512619 0.0314793027937412 -0.114534296095371 0.0556032285094261 -0.0389530211687088 0.0801703184843063 0.0825291574001312 -0.083056852221489 0.0314384177327156 0.0873351916670799 0.0327836610376835 -0.0255999825894833 -0.152514532208443 -999 -999 -999 -999 -999 -999 -999 -999 -999 -999 -999 -999 -999 -999 0.16086058318615 -999 -999 -0.129923343658447 -0.0619444735348225 -0.0276289153844118 -0.0540102869272232 0.105721361935139 0.118237316608429 -0.00400548428297043 -999 -999
-0.0350943617522717 -0.0490931496024132 -0.00381185906007886 0.0916342362761497 0.0313341170549393 0.0293823890388012 -0.018328957259655 0.00644587352871895 -0.0479986034333706 0.065471924841404 -0.09242332726717 0.18205289542675 -0.0137192755937576 0.0252923350781202 -0.0517889298498631 -0.0522333979606628 -0.0402122959494591 0.0367788784205914 0.0632268637418747 -999 -999 -999 -999 -999 -999 -999 -999 -999 -999 -999 -999 -999 -999 -999 -999 -999 -999 -0.154397398233414 -999 -999 -999 -0.237955808639526 -999
-0.10853910446167 0.100763909518719 -0.107572369277477 0.0516983419656754 0.00695747695863247 0.0286281798034906 -0.0265491250902414 0.0313777476549149 0.110266499221325 0.195614412426949 0.126648977398872 -0.0434039272367954 -0.0302095226943493 0.058762401342392 -0.203100189566612 0.0538778640329838 0.0930719077587128 0.115574441850185 0.0152940871194005 -0.290762484073639 -999 -999 -999 -999 -999 -999 -999 -999 -999 -999 -999 -999 -999 -999 -999 -999 -999 -999 -999 -999 -0.0390218608081341 0.236757844686508 0.0950547233223915
0.0450075715780258 0.0994675308465958 -0.0380280427634716 -0.0135871591046453 0.0456788539886475 0.129288375377655 0.0639598369598389 -999 -999 -0.0179335065186024 0.110446140170097 0.0381045266985893 0.0533620677888393 0.102447122335434 -999 0.158908367156982 0.16105991601944 -999 0.0488940626382828 -999 -999 -999 -999 -999 -999 -999 -999 -999 -999 -999 -999 -999 -999 -999 -999 -999 -999 -999 -999 -999 -999 -999 -999
0.00855375360697508 0.179479002952576 -0.0806674584746361 0.0416467376053333 0.243588492274284 0.12140266597271 7.95498490333557e-05 -999 0.307777166366577 -0.00766490399837494 0.0311998911201954 0.102162599563599 0.176544189453125 -0.0177708398550749 0.084004744887352 0.133490785956383 -999 0.0436295904219151 -999 -999 -999 -0.142935171723366 -999 -999 -999 -999 -999 -999 -999 -999 -999 -999 -999 -999 -999 -999 -999 -999 -999 -999 -999 -999 -999
0.123354949057102 0.0664422139525414 0.00362129509449005 -0.0602626502513885 -0.201340064406395 0.0627688318490982 0.186084762215614 0.0356581062078476 -0.0567074120044708 0.0655553862452507 0.0246208403259516 0.12695224583149 -999 0.089537113904953 0.142385169863701 0.0189832057803869 -0.0611161291599274 -0.219870120286942 -999 -999 -999 -999 -999 -999 -999 -999 -999 -999 -999 -999 -999 -999 -999 -999 -999 -999 -999 -999 -999 -999 -999 -999 -999
0.113994419574738 0.126819118857384 0.0476827323436737 -0.187160730361938 0.110298275947571 0.271425366401672 0.00259059481322765 0.0683227926492691 0.079500250518322 0.124933026731014 0.0185079909861088 0.108000233769417 0.0262207351624966 0.179247260093689 -999 -0.271551668643951 -0.233634576201439 -999 -999 -999 -999 -999 -999 -999 -999 -6.33322924841195e-05 -999 -999 -0.0776900872588158 -999 -999 -999 -0.0129692107439041 -999 -999 -999 -0.383032292127609 -999 -999 -999 -999 -999 -999
0.0190682169049978 0.0367430746555328 0.0861602947115898 -0.0532868504524231 0.122940473258495 0.17761504650116 0.0651551261544228 -0.0508163385093212 0.0119449961930513 0.06233249604702 0.0861839279532433 0.0871340334415436 0.115555182099342 -0.0149390026926994 0.0528874844312668 0.0098198177292943 0.125917032361031 -999 -999 -999 -999 -0.0676127150654793 -0.367332965135574 -999 -999 0.160140156745911 -999 -0.28198829293251 0.0103978915140033 -999 -0.2109205275774 -999 0.0373169295489788 -999 -0.0428807288408279 0.0520981326699257 -999 0.137108743190765 -999 0.0761965960264206 -999 -999 -999
