assets/gome_f/processed/ascii/world/gome_sif_world_20131101.asc
NCOLS 720 
NROWS 360 
XLLCORNER -180 
YLLCORNER -90 
CELLSIZE 0.5 
NODATA_value -3.4e+38 
[rows 247 to 265 of 360, columns 344 to 386 of 720]
0.0685080140829086 -0.194667369127274 -0.219515115022659 -0.0421913713216782 0.217892959713936 0.0459673628211021 -0.014867227524519 0.00943770445883274 -0.00526190735399723 -0.000972445064689964 -0.0692508071660995 0.0494318194687366 -0.0187226384878159 0.0406729318201542 0.120095476508141 0.107801713049412 0.00387992616742849 -0.0498374253511429 -0.0176972672343254 0.096998356282711 0.057963564991951 -0.0777136161923409 0.14588762819767 0.0681805238127708 -0.0949138551950455 -0.00431990437209606 -0.0452067665755749 0.00629596831277013 0.00926472060382366 0.0697246268391609 0.0271599441766739 -0.0502512417733669 0.0867952108383179 0.0588531345129013 0.00736813759431243 -0.043421845883131 -0.0184117760509253 0.0270135719329119 0.117673560976982 0.0777961686253548 0.0304881557822227 -0.0157390050590038 -0.0230256244540215
0.0811880379915237 0.0969364792108536 -0.034991804510355 -0.0848562717437744 0.182168692350388 -0.0299444738775492 0.0914644449949265 -0.0151787949725986 -0.0176938828080893 0.101624302566051 0.0805094167590141 -0.018440917134285 -0.0122780175879598 0.0502608194947243 0.0531784631311893 0.0494855493307114 -0.0205630175769329 -0.0674716606736183 -0.053931750357151 -0.0876224413514137 -0.00306984246708453 -0.149218037724495 0.0147405555471778 -0.116496987640858 -0.0206736233085394 0.0107498010620475 -0.00356346857734025 -0.0180169064551592 0.245293840765953 0.136310532689095 0.0397341065108776 0.0997682511806488 0.0059551945887506 0.0349691286683083 0.0700808241963387 0.0608344338834286 -0.0170519910752773 0.0792033597826958 0.087365910410881 0.0204457771033049 -0.0523156858980656 0.0785984769463539 -0.046454880386591
-0.0354848355054855 0.0181563030928373 0.0489599853754044 -0.193259447813034 0.0892620086669922 -0.000369592569768429 0.0146843437105417 -0.206255793571472 -0.0264246165752411 -0.0233817249536514 -0.0799758657813072 0.00356153212487698 -0.0698195621371269 -0.0614862702786922 0.0326454490423203 0.0942000225186348 -0.0603317469358444 0.0364421978592873 -0.0635895952582359 0.0684506073594093 -0.156711101531982 -0.0429906696081161 -0.0265035983175039 0.00520317815244198 0.113117389380932 -0.0516810119152069 -0.149013698101044 0.0623464360833168 -0.0603281520307064 -0.0497315488755703 -0.172993183135986 0.152832165360451 0.0802477076649666 0.0674244835972786 0.0906695574522018 0.0524652153253555 -0.0304096303880215 -0.0596509389579296 0.000690240820404142 0.0429304800927639 -0.0507856383919716 -0.0229609832167625 -0.0476735830307007
0.1359903216362 0.0864608287811279 -0.0097976066172123 0.00700303772464395 0.0731148198246956 0.191788300871849 0.0204282011836767 -0.0518511720001698 0.00838150084018707 0.0924401581287384 -0.086198590695858 0.0412120893597603 0.0867009311914444 -0.0711953118443489 0.291280388832092 0.144477874040604 0.0552568696439266 -0.0211344268172979 -0.0181650780141354 -0.0275721438229084 -0.0444185063242912 0.0420206971466541 -0.110843129456043 -0.0413028597831726 0.103932239115238 0.270208746194839 -0.0128812296316028 -0.177409112453461 -0.101721882820129 -0.0563391447067261 -0.0117042064666748 -0.0311646424233913 -0.0303912125527859 -0.055907316505909 -0.111493222415447 0.0659220516681671 -0.112313382327557 0.0779117792844772 -0.00854441896080971 0.0810694843530655 -0.086528554558754 0.0504638329148293 -0.0576365143060684
0.00362483318895102 0.0739573314785957 0.0766382068395615 -0.0390378683805466 0.0682414472103119 0.0352177917957306 -0.219593286514282 0.0609233118593693 0.00369581812992692 0.0413435772061348 0.0044750701636076 -0.0404527001082897 0.110780633985996 0.147260203957558 -0.050428468734026 -0.132187724113464 -0.0482694953680038 0.0586970373988152 0.0471156574785709 0.0949452072381973 -0.162228435277939 0.29895231127739 0.055479995906353 0.24931962788105 0.0122687071561813 0.117609284818172 -0.0152396559715271 -0.00737444311380386 -0.0470893308520317 -0.0332247763872147 0.0565154738724232 0.0455511845648289 0.0925722420215607 0.0976827591657639 -0.0355741120874882 0.00690009305253625 0.0612446814775467 0.0647243782877922 -0.114034220576286 0.0930431857705116 -0.0650129616260529 0.00239622918888927 0.0969214364886284
-0.0136798340827227 -0.00438113603740931 0.0184193048626184 -0.0526914447546005 0.0211453475058079 -0.105279721319675 0.162600204348564 -0.0487212352454662 0.0534587204456329 -0.025094598531723 0.0187272392213345 0.0640391036868095 -0.0610373616218567 -0.0346324555575848 0.0367748364806175 -0.0136413527652621 0.0494202598929405 0.0950446575880051 0.0745658725500107 -0.0634641647338867 0.231079041957855 -0.0751293301582336 -0.135195374488831 0.163360267877579 0.0984700098633766 -0.0115791233256459 -0.0826709866523743 -0.0744064971804619 -0.165978506207466 0.0147124547511339 0.12163770198822 0.112800575792789 0.0117367319762707 -0.0517857149243355 -0.0176100786775351 0.020938279107213 -0.0463366657495499 -0.00291255675256252 0.0638297870755196 -0.0836647674441338 0.0782945677638054 -0.023913973942399 0.0691512227058411
0.0392389632761478 0.19126008450985 0.0157768409699202 -0.099717877805233 -0.0599076673388481 -0.0900153592228889 -0.0932437628507614 0.102484881877899 -0.0470698475837708 0.146581053733826 -0.0385858379304409 0.0209763888269663 0.0844280496239662 -0.127536341547966 -0.0419746562838554 -0.142895847558975 0.0261302869766951 -0.0219552144408226 -0.0303696505725384 -0.0399695187807083 -0.0200667157769203 0.165082409977913 -0.171007916331291 0.0830083340406418 -0.115264572203159 -0.115685150027275 -0.185440123081207 -0.105635315179825 0.127214461565018 0.0601659305393696 -0.021724421530962 0.00279854238033295 0.348480492830276 0.122585274279118 0.149323239922523 0.0231655482202768 -0.171890586614609 -0.0552285760641098 0.0233490504324436 0.0337743125855923 -0.199067279696465 -0.168958351016045 0.0490973144769669
0.12932513654232 0.0310785099864006 0.0515203401446342 0.0486929044127464 -0.0945996344089508 0.194519683718681 -0.0605844408273697 0.1008410602808 0.0606526620686054 0.159743532538414 0.0409975796937943 -0.0168089214712381 0.023872047662735 0.0289061926305294 -0.00444642454385757 0.0887369364500046 0.00864941719919443 0.0298210978507996 -0.132631361484528 -0.0571589432656765 -0.0898725688457489 -0.0171206686645746 -0.07941634953022 0.150279134511948 0.00822734832763672 -0.0778986066579819 -0.0565033406019211 -0.0389690771698952 -0.0645671561360359 0.0967074111104012 -0.0264251623302698 -0.0266875792294741 0.111068986356258 -0.11412625014782 0.070837028324604 -0.0732969120144844 -0.108644865453243 0.0307350922375917 0.0211009718477726 -0.0125559410080314 -0.133626759052277 -0.023032546043396 -0.0749463513493538
-0.0165185015648603 0.0297417175024748 0.0848931819200516 0.016835056245327 0.0195993892848492 -0.109748646616936 0.0395012311637402 -0.0255705751478672 -0.0181843135505915 -0.108282074332237 -0.107600703835487 0.00241346098482609 0.00540483370423317 0.0657189190387726 0.00844074320048094 0.0694472268223763 -0.0117591116577387 0.125682458281517 -0.0458699502050877 0.0189651641994715 0.0348343662917614 0.153215333819389 0.0900431275367737 0.0536450296640396 0.119196236133575 -0.0277919135987759 -0.043445598334074 -0.0701595395803452 0.104335762560368 -2.14106403291225e-05 0.00163108389824629 0.0401391908526421 -0.0974971726536751 -0.00830690003931522 -0.0658431425690651 0.170224562287331 -0.00456653069704771 -0.0272010136395693 0.0953540429472923 -0.087464839220047 0.00836529862135649 -0.0345009490847588 -0.0876997634768486
-0.00829146150499582 0.00598050840198994 -0.000307137932395563 0.0142666725441813 0.0243121143430471 0.158671170473099 0.0627640262246132 -0.0641732513904572 -0.00862317625433207 0.0357080772519112 -0.0504698008298874 0.19894340634346 0.0265819448977709 -0.0580305270850658 0.0829809829592705 0.0135850701481104 0.0259652566164732 0.0164349637925625 -0.111783556640148 0.0131965978071094 -0.0221509151160717 0.0329481177031994 -0.0678334459662437 -0.108552277088165 0.0939192846417427 -0.0271719712764025 -0.087779738008976 0.136912286281586 -0.00453333323821425 -0.0782762318849564 0.0261833891272545 -0.019165450707078 -0.025408361107111 0.0619503110647202 0.0220410339534283 0.0635846704244614 0.0478165075182915 -0.0921166390180588 0.017349673435092 -0.0738871842622757 0.0576614066958427 -0.0721474215388298 -0.0184559486806393
-0.0527752600610256 -0.0824657827615738 0.0752138942480087 0.124281287193298 -0.0584059022367001 0.0173721313476562 -0.0255849529057741 0.129305139183998 -0.00675722537562251 0.14888508617878 0.130692899227142 0.0547071620821953 0.00644863303750753 -0.0805407240986824 0.0131903933361173 0.0772965550422668 0.0359675548970699 0.0863359868526459 -0.0577812604606152 0.0230120494961739 0.126889422535896 -0.0838640630245209 0.148982256650925 -0.102815076708794 0.00582867860794067 -0.064591683447361 -0.0634238943457603 0.0239672157913446 -0.0696082711219788 0.040786936879158 -0.0361113473773003 0.0312432833015919 -0.0949930250644684 0.124557130038738 0.0414591580629349 0.0563092939555645 0.0379731133580208 -0.0374978706240654 -0.052210945636034 0.0114708337932825 0.0158349368721247 0.0694794356822968 -0.168909281492233
-0.00676533346995711 -0.104065753519535 0.101896032691002 0.0783753171563148 -0.0170478038489819 0.167972177267075 -0.125997439026833 -0.05994863063097 0.20534710586071 -0.180914372205734 -0.00756965391337872 0.0156366713345051 0.120966948568821 -0.0184281598776579 -0.0745997279882431 0.0903061255812645 0.0664560124278069 -0.0687688663601875 0.0297076869755983 0.100682891905308 -0.0713703334331512 -0.0816270932555199 0.0170932840555906 0.02953833155334 0.0639845356345177 0.150161489844322 0.1207105666399 -0.124571517109871 0.0792623832821846 0.0640155225992203 -0.106709636747837 -0.000626767694484442 0.0258908364921808 -0.12203299254179 -0.0323341898620129 0.0874861180782318 -0.0316365994513035 0.029028344899416 -0.0336975939571857 0.102846466004848 -0.0523645058274269 0.00447644712403417 0.0379097163677216
-0.119428969919682 0.18442764878273 0.0873469188809395 -0.0894840210676193 -0.0204330440610647 0.0395308248698711 -0.135956943035126 0.198393538594246 -0.00440763449296355 -0.107473485171795 0.0302846152335405 -0.0212654769420624 0.256840825080872 0.111202239990234 0.116909965872765 -0.0366573072969913 0.0858181193470955 0.280851662158966 0.150200217962265 -0.141015768051147 0.18090046942234 0.0153653575107455 0.010365067049861 -0.112531967461109 0.0582492277026176 0.11051844805479 0.016095656901598 0.206375360488892 -0.0126744043081999 0.0683005079627037 -0.154717236757278 -0.0614192374050617 0.00614944845438004 0.0374837145209312 0.0891051590442657 0.00792576372623444 -0.101109884679317 0.0110188126564026 -0.17589108645916 -0.0697251930832863 0.0116668920964003 -0.017449764534831 -0.074667789041996
0.0164375267922878 -0.117645382881165 -0.154911756515503 -0.0963873043656349 0.110150873661041 0.0393305197358131 -0.0542959719896317 0.0657704249024391 0.0184747725725174 -0.0340557396411896 0.022234670817852 -0.14582733809948 0.00234408676624298 -0.0896435976028442 0.411443889141083 0.0355362109839916 0.0774273797869682 0.044644620269537 -0.0559590272605419 -0.0697775706648827 -0.0911986753344536 0.0335597395896912 0.059937559068203 0.0824157446622849 0.149428084492683 0.0364083461463451 -0.157773301005363 -0.0431579016149044 0.0807075202465057 0.16295450925827 -0.188280329108238 -0.0891424939036369 -0.106868825852871 -0.0167339202016592 -0.0250866655260324 0.0403844676911831 -0.0856978595256805 0.0220205262303352 -0.114464119076729 -0.0236976239830256 -0.0670891776680946 -0.0942117795348167 0.00390152912586927
0.0377203524112701 -0.0392911583185196 -0.179193407297134 -0.0240002907812595 0.0599164180457592 -0.095223531126976 -0.0552113465964794 -0.177724033594131 0.0275765266269445 0.0813695713877678 -0.132683262228966 0.0240052007138729 -0.124047011137009 -0.0858826115727425 -0.0547514855861664 0.0716195702552795 -0.0280349757522345 -0.0362557806074619 0.0971330106258392 0.107931293547153 -0.190853655338287 0.0242948606610298 -0.0277151837944984 -0.00213233567774296 -0.0318442806601524 0.0872057378292084 0.097452238202095 -0.117899119853973 0.0979383811354637 0.0490575209259987 -0.142761871218681 0.112880945205688 0.0375601015985012 0.0350553765892982 0.0317683517932892 0.066970594227314 0.0591963790357113 0.0502482280135155 0.231651321053505 -0.0957801267504692 0.0150832496583462 0.0675888434052467 -0.0610127411782742
-0.077368400990963 -0.203018397092819 0.100727289915085 -0.0477226972579956 -0.0442363023757935 0.113983742892742 0.0309590864926577 0.036078255623579 -0.101178847253323 -0.0372701548039913 0.00508840475231409 0.0358952879905701 -9.693418542156e-05 0.170842587947845 0.166161328554153 0.0423498041927814 -0.0663924291729927 0.00595111539587379 -0.23806793987751 -0.071939542889595 0.18696203827858 0.0310227237641811 -0.0396941490471363 0.0662303790450096 0.0946519374847412 0.0661035105586052 0.0899941623210907 0.0681304782629013 -0.0174703542143106 0.209849447011948 0.0458103828132153 0.202472910284996 -0.074629932641983 -0.0102204624563456 0.253812581300735 -0.0378417558968067 0.0962404161691666 0.0228441301733255 0.0530890300869942 0.0494448989629745 -0.0155930882319808 -0.0275480374693871 -0.0692714899778366
-0.0207116715610027 0.00839630514383316 -0.16212785243988 0.356777936220169 0.0796305015683174 0.0404843874275684 -0.0696964040398598 0.0308651626110077 0.0736482068896294 0.0238265842199326 -0.0413986854255199 -0.000383994221920148 -0.146297052502632 0.0464582666754723 0.212061211466789 0.077846348285675 -0.0908945873379707 -0.174841552972794 -0.0435855314135551 -0.142068222165108 0.222368717193604 -0.0833696201443672 0.073556050658226 0.0209072679281235 -0.0786709412932396 0.0114313466474414 0.0501716397702694 0.0965571627020836 0.0332553572952747 0.0132372481748462 -0.114771731197834 0.0502084083855152 -0.0590379759669304 0.112751334905624 -0.0349718444049358 -0.0531848333775997 0.080604299902916 -0.210065126419067 -0.0888152122497559 0.127916574478149 0.0635997727513313 0.0563657507300377 -0.00545976543799043
-0.0368980541825294 -0.138713210821152 0.054874662309885 0.0565871484577656 0.0772174447774887 0.208278015255928 -0.0761562213301659 0.0780487656593323 0.00264498498290777 -0.183289960026741 0.0811028406023979 -0.106184400618076 -0.175104886293411 -0.00126872770488262 -0.048077542334795 -0.0544613003730774 -0.133255690336227 0.104429498314857 0.00978933181613684 -0.282239437103271 0.00343287922441959 -0.132800713181496 0.332683354616165 0.206734925508499 0.214893788099289 0.0902758166193962 -0.02243279106915 0.0530615858733654 0.141801059246063 -0.042925450950861 -0.0242880117148161 -0.110944986343384 -0.0870975628495216 -0.0838100910186768 0.051477313041687 -0.0696950331330299 -0.0482457354664803 -0.0987044125795364 -0.147129595279694 0.208842620253563 0.0491414479911327 -0.0133093930780888 0.0636902153491974
-0.0168291181325912 -0.190170630812645 0.071063332259655 0.0222294759005308 -0.0392381250858307 -0.00791838951408863 -0.0740287899971008 -0.0813971534371376 -0.0801111161708832 0.0274577476084232 0.0206676796078682 0.0216905325651169 -0.0891412422060966 0.0728870779275894 -0.0407809279859066 0.0915690734982491 -0.016941687092185 -0.0360730849206448 0.000584251130931079 0.0350852087140083 0.0603535622358322 -0.1102404743433 0.100160032510757 -0.188910156488419 -0.12970669567585 0.185257971286774 0.0494359880685806 -0.0570133440196514 0.0826152041554451 -0.0161679144948721 0.156631097197533 0.0494802854955196 0.0891313478350639 -0.226725548505783 -0.102067932486534 0.0793763697147369 0.0752156004309654 0.086761899292469 0.0882606580853462 -0.0796434208750725 -0.0258591659367085 0.0340004563331604 -0.12873911857605
