assets/gome_f/processed/ascii/world/gome_sif_world_20130401.asc
NCOLS 720 
NROWS 360 
XLLCORNER -180 
YLLCORNER -90 
CELLSIZE 0.5 
NODATA_value -3.4e+38 
[rows 171 to 189 of 360, columns 430 to 472 of 720]
0.0122778909280896 0.156503841280937 0.101359114050865 0.202572152018547 0.420450627803802 0.24374595284462 0.506180584430695 0.501061737537384 0.564096391201019 0.323584526777267 0.546922743320465 0.246459782123566 0.298915088176727 0.144140467047691 0.02403206191957 0.190100714564323 0.113626435399055 0.36073100566864 0.412366926670074 0.232934296131134 0.163545742630959 0.24878054857254 0.236834496259689 0.155057117342949 0.130958989262581 0.190380305051804 0.0206646807491779 -0.0623775348067284 -0.0395356528460979 0.0265376213937998 0.0349748693406582 0.0026804655790329 -0.0810332298278809 -0.0880172327160835 0.0406835339963436 0.0232602600008249 -0.0188852958381176 0.00534674013033509 0.0105188172310591 0.0523545742034912 -0.0437629632651806 -0.00620052497833967 -0.0697894990444183
0.116478741168976 0.0439954400062561 -0.0494568012654781 -0.042092002928257 0.178454428911209 0.0604256056249142 0.24768377840519 0.284057259559631 0.260526806116104 0.357165664434433 0.413923025131226 0.3021559715271 0.454657435417175 0.257024049758911 0.199473589658737 0.161586910486221 0.146610572934151 0.464569419622421 0.274487137794495 0.259801596403122 0.229703694581985 0.25727167725563 0.233963921666145 0.197271600365639 0.0365137569606304 0.0443061664700508 -0.0263166390359402 0.00160997651983052 -0.0211644917726517 -0.0856783762574196 0.0358042977750301 -0.000559180276468396 -0.0975434556603432 0.00531139364466071 -0.0194991007447243 -0.0444679744541645 -0.0590325370430946 -0.0477437674999237 -0.0694488286972046 0.0451995544135571 -0.033996656537056 -0.0695227384567261 -0.0659815222024918
0.0843894332647324 0.0276302881538868 0.0179434400051832 -0.0667297095060349 0.139518275856972 0.102605514228344 0.195374116301537 0.428969949483871 0.385695397853851 0.168282866477966 0.474230825901031 0.1434396058321 0.209541633725166 0.343975573778152 0.308046787977219 0.162033095955849 0.258918851613998 0.244919165968895 0.419031023979187 0.307065635919571 0.122246712446213 0.233756095170975 0.204660311341286 0.205894187092781 -0.0452933125197887 0.0453136973083019 0.0131997782737017 0.0391451232135296 -0.0568886324763298 0.0411001741886139 -0.0962095111608505 -0.0785870403051376 0.0166569966822863 -0.00976696703583002 -0.0412023290991783 -0.0669070109724998 -0.0252665597945452 -0.079728864133358 -0.0260911770164967 -0.0326520279049873 -0.0159814227372408 -0.0716588348150253 0.031287107616663
0.190019592642784 0.113859072327614 -0.00232116132974625 0.0174495503306389 0.0441690310835838 0.102997995913029 0.0667570233345032 0.251264721155167 0.361796885728836 0.311871945858002 -0.0525945797562599 0.329478770494461 0.206038370728493 0.473923683166504 0.438876837491989 0.105419933795929 0.194822743535042 0.232852548360825 0.194870427250862 0.210915446281433 0.319756209850311 0.186314105987549 0.0961367189884186 -0.0345786437392235 -0.00718634342774749 0.00865073781460524 -0.0580365695059299 0.0359719507396221 -0.0876557976007462 -0.0848927199840546 0.00617242744192481 0.026359211653471 0.0607010573148727 0.0953322127461433 -0.0142943058162928 -0.0341509059071541 -0.0732505843043327 -0.031892828643322 0.0188760478049517 -0.00159752601757646 0.0799774900078773 -0.0590242147445679 0.0163620486855507
0.273324340581894 0.0620125159621239 0.103717282414436 0.183164983987808 0.174588933587074 0.312515169382095 0.227459892630577 0.206016391515732 0.306137263774872 0.126083597540855 0.247948989272118 0.0969354808330536 0.201781794428825 0.211868315935135 0.297544777393341 0.333502501249313 0.227629661560059 0.486760526895523 0.39550918340683 0.239365071058273 0.259181708097458 0.0120645640417933 -0.076064720749855 0.0232317727059126 -0.0188087485730648 -0.0708607137203217 -0.0192900635302067 -0.0778475701808929 0.0312297102063894 -0.0252933297306299 -0.0258456617593765 0.0431879237294197 -0.0332561358809471 -0.0401672013103962 0.0143388463184237 0.00127842894289643 -0.0360297225415707 -0.00913169700652361 -0.0399270504713058 -0.00687571056187153 0.0581721626222134 -0.0574762150645256 0.0233328156173229
0.353052109479904 0.32086443901062 0.267321020364761 0.242530971765518 0.318015843629837 0.211156576871872 0.339445739984512 0.200457513332367 0.206057980656624 0.218022868037224 0.0547910183668137 0.241868928074837 0.15709687769413 0.276207149028778 0.154503643512726 0.323502451181412 0.249817788600922 0.219583779573441 0.300254821777344 0.166583031415939 0.0559254884719849 0.0225308015942574 -0.0168556459248066 -0.0735344365239143 -0.0429396964609623 -0.00176802848000079 -0.0196322835981846 -0.0908296406269073 0.0214403811842203 -0.0457331091165543 -0.060908354818821 -0.0139243248850107 -0.0111313788220286 -0.00622255681082606 0.0184686053544283 -0.012048676609993 0.0360499322414398 0.0109219485893846 -0.00741281919181347 0.0052756704390049 -0.0906048715114594 0.0288556888699532 -0.011712041683495
0.296174943447113 0.263863116502762 0.279028445482254 0.339855223894119 0.271654397249222 0.24784941971302 0.284369260072708 0.292526215314865 0.290926963090897 0.215226620435715 0.272341281175613 0.433357417583466 0.451526582241058 0.215692937374115 0.368735641241074 0.314583241939545 0.304552286863327 0.190381184220314 0.0453415252268314 0.0560320131480694 -0.0418702512979507 0.0365972556173801 -0.0294499229639769 0.0144383935257792 0.0747386962175369 -0.0115707358345389 -0.0049351966008544 -0.0532365739345551 0.0193258970975876 0.0670037493109703 0.0431145653128624 0.0364108495414257 0.0780651643872261 -0.0375495254993439 -0.00709864078089595 0.0424902811646461 -0.0471982955932617 -0.0215306170284748 -0.0134602766484022 -0.0277375355362892 -0.0353057831525803 -0.0226781964302063 -0.0784801170229912
0.347141325473785 0.391847640275955 0.344304293394089 0.239225581288338 0.306681215763092 0.283455580472946 0.346897006034851 0.182945668697357 0.233916282653809 0.268817991018295 0.478868335485458 0.176928520202637 0.236936882138252 0.284941852092743 0.353987604379654 0.278386324644089 0.180184379220009 0.154204562306404 0.0321017540991306 -0.0800057053565979 0.00462499726563692 -0.0437668450176716 0.0141190253198147 0.0481915362179279 0.00266763870604336 0.0271141175180674 0.0191082023084164 0.00909583363682032 0.0511362664401531 -0.00349360494874418 -0.00992658641189337 -0.0154308378696442 -0.109745420515537 0.037412490695715 0.00942024402320385 0.014921841211617 0.00171700690407306 -0.0182282347232103 0.00921067595481873 -0.0415397137403488 0.0136291105300188 -0.0133258160203695 -0.0095949349924922
0.414814025163651 0.469964802265167 0.356078267097473 0.311309725046158 0.316108971834183 0.433905899524689 0.448631316423416 0.327549666166306 0.202842190861702 0.139789879322052 0.382793188095093 0.35528165102005 0.295865505933762 0.26890641450882 0.353185921907425 0.216017156839371 0.0642458871006966 -0.0577100925147533 -0.0187324862927198 -0.0448113344609737 -0.00222357688471675 0.00177104270551354 0.0086347134783864 0.0650179982185364 0.0261096656322479 -0.00275829690508544 0.00290495040826499 -0.0233486127108335 0.00796575099229813 0.0347635336220264 0.0527698844671249 -0.00577818742021918 0.0115659972652793 0.0596228018403053 -0.0582085624337196 0.000254833168582991 -0.0752995833754539 -0.00914771761745214 0.0792299583554268 0.0320630706846714 -0.0334259159862995 0.00181399786379188 -0.0298359654843807
0.414909094572067 0.420076280832291 0.33668914437294 0.261906445026398 0.399312049150467 0.426204979419708 0.322011113166809 0.435071229934692 0.169738471508026 0.187346518039703 0.204993098974228 0.389095276594162 0.329925388097763 0.354994595050812 0.294339865446091 0.0451996885240078 0.0521896332502365 0.0598515383899212 0.0275160148739815 -0.0521764568984509 0.00476282648742199 -0.0191324129700661 -0.0048418315127492 -0.00715157715603709 -0.0138708734884858 0.0553937666118145 -0.0174110941588879 0.0501208193600178 -0.00499589554965496 0.0210465379059315 0.0337598100304604 -0.00459544733166695 0.0347540825605392 -0.040155541151762 0.0708818361163139 0.00687074894085526 0.00143802026286721 -0.0917765200138092 0.0740425512194633 -0.113847106695175 0.020842058584094 -0.0479250065982342 -0.0294549204409122
0.601366877555847 0.535133600234985 0.357226014137268 0.321471989154816 0.192152127623558 0.408054620027542 0.548389196395874 0.47124919295311 0.309529393911362 0.202842235565186 0.244183450937271 0.17655436694622 0.287331849336624 0.286070883274078 0.144481733441353 0.0975625291466713 0.044667974114418 -0.0562980957329273 0.0359501950442791 0.0393616929650307 0.0213365964591503 -0.0210010185837746 0.0970057472586632 0.00374276447109878 0.0584123879671097 0.0314849130809307 -0.0483420044183731 -0.0430851839482784 0.100365146994591 0.0278987735509872 -0.0272217486053705 -0.0604104399681091 -0.0265235435217619 -0.00263685779646039 0.0429342202842236 -0.101672098040581 -0.0451207980513573 -0.0529463440179825 0.0355896279215813 0.0416481755673885 0.0277916379272938 -0.0606562159955502 -0.0550180934369564
0.504003882408142 0.31048172712326 0.266545951366425 0.415985852479935 0.293810576200485 0.553060114383698 0.473437666893005 0.447456151247025 0.197754845023155 0.189440548419952 0.170745298266411 0.362307220697403 0.27564001083374 0.166375905275345 0.0625866204500198 -0.0173421017825603 -0.0482134968042374 -0.0246025696396828 0.0193353146314621 -0.0469341799616814 0.0515689849853516 0.00328855379484594 -0.0288212690502405 -0.094326488673687 -0.0251500587910414 0.0245813466608524 0.0278509221971035 -0.0521229729056358 0.0878432467579842 -0.099780410528183 -0.0786106660962105 0.0218297634273767 -0.0548811368644238 -0.000707611616235226 0.015453171916306 -0.033305749297142 -0.0981095433235168 0.0234346129000187 -0.0161921381950378 -0.0263068675994873 -0.0178134124726057 -0.0469023399055004 -0.0294010825455189
0.457566529512405 0.428147733211517 0.241820842027664 0.394455671310425 0.460899502038956 0.418031990528107 0.249280586838722 0.250220268964767 0.290484994649887 0.310408979654312 0.248740866780281 0.318296819925308 0.100735731422901 0.0917026698589325 0.0225365851074457 -0.0491621643304825 -0.048745434731245 0.0139343664050102 -0.0217129271477461 -0.0368061102926731 -0.109360732138157 -0.0113171627745032 0.0625948160886765 -0.0257961973547935 -0.0349910818040371 0.0675243586301804 0.0219708457589149 -0.00157018541358411 -0.0202827844768763 -0.0324551798403263 -0.0415766313672066 0.0323290415108204 -0.12465912103653 -0.00564685743302107 -0.0509784109890461 0.00993491988629103 -0.036569781601429 -0.0310064274817705 0.0423775091767311 0.0185847319662571 -0.0894119143486023 -0.0393767766654491 0.000814710336271673
0.34144401550293 0.343875974416733 0.37369105219841 0.373558968305588 0.339996635913849 0.54267543554306 0.305927455425262 0.257186323404312 0.2187609821558 0.180343806743622 0.337126344442368 0.123620182275772 0.142871290445328 -0.0672332495450974 -0.0348022133111954 -0.0678017139434814 0.0242128111422062 -0.0346059687435627 0.0538186393678188 0.000653574010357261 0.0196707788854837 0.093989722430706 0.0404697619378567 -0.059656273573637 0.0181898288428783 -0.0295004993677139 -0.075941376388073 0.0159149672836065 -0.0503212921321392 -0.108839370310307 -0.0303539447486401 0.0688174739480019 -0.0167118795216084 0.00592278176918626 -0.017353281378746 -0.0596079006791115 -0.0508943572640419 -0.0306330993771553 -0.0893863886594772 -0.0425401702523232 0.0313010551035404 0.0301089640706778 0.0181966386735439
0.426739573478699 0.385334640741348 0.284248828887939 0.280558824539185 0.265117615461349 0.267634689807892 0.355992555618286 0.307335466146469 0.0754567459225655 0.331400454044342 0.137390568852425 0.114247381687164 -0.0146170165389776 -0.0630282908678055 -0.0628398060798645 -0.0235296040773392 -0.0140538047999144 -0.0403473488986492 -0.0265775229781866 -0.0174628924578428 -0.0127283688634634 0.0948025956749916 0.0698653534054756 -0.0219659302383661 -0.0263939816504717 0.104621686041355 0.0346888527274132 -0.00860991422086954 -0.00260557583533227 -0.0344485267996788 0.0455834940075874 -0.0192609783262014 0.0968435779213905 -0.0290514100342989 -0.0391068533062935 0.0285443216562271 -0.0705279633402824 -0.0149576226249337 0.0706396251916885 -0.00620541675016284 0.0030557953286916 -0.0865570232272148 0.0770160779356956
0.241617575287819 0.381063163280487 0.29915064573288 0.331295400857925 0.50902384519577 0.510359048843384 0.427820891141891 0.1502855271101 0.160109728574753 0.193487733602524 0.180196315050125 -0.0216468721628189 -0.0101991510018706 0.0194045640528202 0.01609274931252 -0.00219062762334943 0.0894551649689674 -0.0411292463541031 -0.0313463695347309 0.0347608029842377 0.00142235937528312 -0.0531197376549244 0.0548294372856617 0.0123436339199543 -0.0438054651021957 0.0432182736694813 0.00425764173269272 0.0147057948634028 0.0658014118671417 -0.0296196453273296 0.0812649354338646 -0.0226171780377626 -0.0431629158556461 -0.0422703884541988 -0.025514068081975 -0.0646203458309174 -0.0107486071065068 -0.0327043533325195 -0.0453792363405228 -0.0213783103972673 -0.0321521311998367 0.0389946661889553 -0.0310237146914005
0.194874688982964 0.346882402896881 0.251145452260971 0.287960320711136 0.299560636281967 0.306987226009369 0.302054107189178 0.254693478345871 0.0701228454709053 0.207312077283859 -0.0328540652990341 0.133082285523415 0.0214774664491415 0.0340223424136639 0.00391440745443106 -0.0108229508623481 -0.0412465557456017 -0.0464724116027355 0.00496247131377459 0.0301303472369909 -0.06663478910923 0.0201437287032604 0.0764244869351387 -0.0486511550843716 0.0589020624756813 -0.0766390413045883 0.0245682466775179 -0.101442411541939 0.00843645632266998 -0.0113035021349788 -0.0214831791818142 0.0425344295799732 0.0264434888958931 -0.00814066175371408 0.00532309804111719 -0.0649498701095581 -0.00279453699477017 -0.0075417822226882 -0.0656535774469376 -0.0906437858939171 0.0409864783287048 0.024735402315855 -0.033525250852108
0.268127948045731 0.392266035079956 0.231237038969994 0.342956244945526 0.0817611068487167 0.245338663458824 0.334105730056763 0.239402055740356 0.140269637107849 0.144902139902115 -0.0357106998562813 0.116094678640366 0.0503453202545643 0.105756476521492 0.0138195110484958 0.0504692830145359 -0.0543529875576496 -0.0229190587997437 -0.0214504469186068 0.0467452593147755 -0.00230202660895884 0.00901462789624929 -0.00371600268408656 -0.132821530103683 -0.0140430172905326 0.0139573300257325 0.0272044651210308 0.050743356347084 0.0891096368432045 -0.0210415385663509 0.0669771060347557 -0.0270623695105314 0.00126348808407784 -0.00227380939759314 -0.00585338519886136 0.0860286578536034 -0.0228116642683744 -0.0529479831457138 0.0234220456331968 0.0380185730755329 -0.0393089726567268 0.0477360188961029 -0.0195059850811958
0.261580735445023 0.208778813481331 0.18619441986084 0.369084030389786 0.115470714867115 0.34243980050087 0.308712303638458 0.45543697476387 0.0612272545695305 0.131480142474174 0.0567381158471107 -0.00455590477213264 -0.0809387266635895 0.0400493070483208 0.067525677382946 0.0445632711052895 -0.0316728763282299 -0.0456240773200989 0.100045420229435 0.00213178712874651 0.0232584681361914 -0.0557300597429276 0.00153391808271408 -0.0432360991835594 0.0474257208406925 0.0333342030644417 0.0204553566873074 0.0286341272294521 -0.0133630149066448 0.026098445057869 0.0242258999496698 -0.0824767202138901 0.00110872543882579 0.00763591751456261 -0.028293427079916 -0.0258739553391933 0.0253920257091522 0.0387030094861984 -0.0187843237072229 -0.0246776677668095 0.00753091229125857 0.0237519145011902 -0.0020756155718118
