assets/gome_f/processed/ascii/world/gome_sif_world_20120201.asc
NCOLS 720 
NROWS 360 
XLLCORNER -180 
YLLCORNER -90 
CELLSIZE 0.5 
NODATA_value -3.4e+38 
[rows 323 to 341 of 360, columns 215 to 257 of 720]
-0.0996290147304535 -0.100280940532684 -0.0315264090895653 0.0442918762564659 -0.129742816090584 -0.0634460523724556 0.196113854646683 -0.0406307578086853 -0.0459576807916164 0.0887415334582329 -0.178698658943176 -0.240937098860741 -0.113319262862206 0.153661280870438 0.401077151298523 0.21327431499958 -0.0330149009823799 -0.076557070016861 0.142332375049591 -0.125842556357384 0.0877856388688087 0.205023467540741 0.0290960073471069 0.0796138420701027 -0.0517131686210632 -999 -999 -999 -999 -999 -999 -999 -999 -999 -999 -999 -999 -999 -999 -999 -999 -999 -999
-0.291137963533401 0.199592038989067 -0.122211694717407 -0.261465013027191 0.109423585236073 0.196783289313316 0.186864703893661 -0.196292459964752 -0.00446526147425175 -0.177775055170059 0.0918532088398933 0.208769798278809 -0.236021727323532 0.141401767730713 0.134665831923485 -0.110177405178547 -0.0890123620629311 -0.0529955700039864 -0.248953297734261 0.0719122365117073 0.154658228158951 -0.141805604100227 0.0542660467326641 0.292299211025238 -0.0225907750427723 0.487567991018295 0.0152909457683563 -999 -999 -999 -999 -999 -999 -999 -999 -999 -999 -999 -999 -999 -999 -999 -999
-0.463061273097992 0.479065269231796 -0.0326941162347794 -0.0282567907124758 -0.118435338139534 0.0440833494067192 -0.0294239446520805 0.252694755792618 0.235446110367775 0.052723802626133 -0.041635200381279 0.0409881100058556 0.0559522844851017 -0.115426294505596 -0.0285595655441284 0.0375666283071041 -0.071336418390274 -0.0603292435407639 0.253933250904083 -0.0720673575997353 0.208588838577271 -0.00343878590501845 -0.305394500494003 0.137244090437889 0.353428453207016 0.266983032226562 0.0168796889483929 -999 -999 -999 -999 -999 -999 -999 -999 -999 -999 -999 -999 -999 -999 -999 -999
-999 -0.121671281754971 0.596159756183624 -0.0784843936562538 -0.0619095601141453 0.276943445205688 0.138997778296471 0.237877577543259 0.12265694886446 -0.206262812018394 -0.0131925484165549 -0.138293579220772 -0.541913092136383 0.124916203320026 -0.345780551433563 0.107941791415215 0.254080802202225 -0.0243969690054655 0.0617299266159534 -0.0170065890997648 0.0325798951089382 0.103541314601898 -0.0304004400968552 -0.166976928710938 0.00695323292165995 0.000617979443632066 -0.140396937727928 -999 -999 -999 -999 -999 -999 -999 -999 -999 -999 -999 -999 -999 -999 -999 -999
-0.106910929083824 0.380493193864822 0.0207412876188755 0.0872405469417572 0.0174169540405273 0.134300887584686 0.00564920902252197 -0.084223672747612 0.180712208151817 -0.113178201019764 -0.30209955573082 0.275237560272217 -0.0981509312987328 -0.0971524342894554 0.253430932760239 0.0497247241437435 0.0595328882336617 0.106951177120209 0.184252560138702 -0.142441734671593 0.127315074205399 0.351880997419357 0.152300730347633 0.231903091073036 -0.0170633029192686 0.145073816180229 -0.202675268054008 -999 -999 -999 -999 -999 -999 -999 -999 -999 -999 -999 -999 -999 -999 -999 -999
0.18044775724411 0.0261020176112652 -0.227721378207207 0.0242050066590309 0.384559571743011 -0.223980650305748 0.0498711280524731 0.120951123535633 -0.085075207054615 0.217078685760498 -0.269242465496063 -0.135170340538025 0.160492077469826 -0.183064341545105 0.210832208395004 0.075093150138855 -0.0640270337462425 -0.308140099048615 -0.0232630800455809 0.0290034413337708 0.388220101594925 0.100118838250637 0.226096615195274 0.25570484995842 0.0192190445959568 -999 -999 -999 -999 -999 -999 -999 -999 -999 -999 -999 -999 -999 -999 -999 -999 -999 -999
0.0724179372191429 0.0570948421955109 -0.157335191965103 -0.0426707826554775 -0.0664035007357597 -0.0925799533724785 0.26286655664444 0.00709249079227448 0.218682035803795 0.118840113282204 -0.324447065591812 0.00800409913063049 0.30469286441803 -0.00533124059438705 -0.0752419531345367 0.382950395345688 -0.0356550477445126 -0.0882305055856705 0.0379177331924438 0.0116167608648539 0.436368525028229 0.133174002170563 0.20014676451683 0.151990920305252 0.0441655591130257 -999 -999 -999 -999 -999 -999 -999 -999 -999 -999 -999 -999 -999 -999 -999 -999 -999 -999
-0.406701266765594 0.113548129796982 0.0138332629576325 0.23623251914978 0.0560388714075089 0.20201051235199 -0.103226564824581 0.0116902338340878 -0.0684527531266212 0.212503984570503 -0.104767501354218 -0.128322169184685 0.00709288334473968 0.113040529191494 -0.133166551589966 0.0927868038415909 0.158856615424156 0.146150887012482 -0.0265406668186188 0.214194416999817 0.0822586938738823 0.0564221814274788 0.064251720905304 0.225072339177132 0.157370716333389 0.00535336136817932 0.234658613801003 0.249411150813103 -0.268991440534592 -999 0.372018396854401 -999 -999 -999 -999 -999 -999 -999 -999 -999 -999 -999 -999
0.0396622605621815 0.216020807623863 -0.267572104930878 0.100396156311035 -0.212078809738159 0.0988380014896393 -0.222875863313675 -0.1518584638834 -0.0117034120485187 -0.00749180931597948 -0.163554012775421 0.410351812839508 0.0912421196699142 -0.432997494935989 -0.244394794106483 -0.326715260744095 0.302316069602966 0.274167418479919 0.210088714957237 -0.0359611846506596 0.252085328102112 0.633281767368317 0.300412595272064 0.0651035904884338 0.185324013233185 0.271353006362915 0.0365663170814514 -0.232090204954147 0.369604051113129 -0.155982449650764 0.297693878412247 -999 -999 -999 -999 -999 -999 -999 -999 -999 -999 -999 -999
-0.371004045009613 0.320652097463608 -0.0449480675160885 0.216977030038834 0.172264337539673 0.0788935124874115 0.443103969097137 -0.0834432244300842 0.26042914390564 -0.200286015868187 -0.222680866718292 0.481467247009277 0.0997168347239494 0.210910990834236 -0.303158402442932 -0.058863203972578 0.0678531974554062 -0.119686342775822 0.218354269862175 0.0395517274737358 -0.247497797012329 -0.0702570006251335 0.0379452407360077 -0.103351712226868 0.120552226901054 -0.116124473512173 0.0740376934409142 0.163435965776443 0.268144458532333 -0.248367726802826 0.0723595917224884 -0.0605622939765453 -0.216535493731499 0.0477444529533386 0.114751160144806 -0.0335106775164604 0.324100345373154 0.110734820365906 -0.0470751225948334 0.384200274944305 -0.176391810178757 -0.148526787757874 0.140539303421974
-0.113799721002579 -0.244554921984673 0.0369373187422752 0.226612523198128 -0.0610566884279251 0.139931842684746 -0.121779166162014 -0.418213278055191 -0.176379531621933 -0.0932514294981956 -0.259359270334244 0.0146323516964912 0.826259553432465 -0.180242821574211 0.332047581672668 0.188666179776192 -0.292468100786209 -0.206351608037949 0.0958581492304802 -0.173181161284447 0.017179237678647 -0.0696217864751816 -0.129837393760681 -0.0859681814908981 0.248956754803658 -0.174792349338531 -0.0829958394169807 -0.363302886486053 0.284136652946472 0.342869222164154 0.303104877471924 0.200542956590652 0.120875954627991 0.178858906030655 0.264067679643631 -0.157997876405716 -0.224792212247849 0.024638868868351 -0.167078897356987 0.384670972824097 0.149621441960335 0.242637380957603 0.00029512494802475
-0.290849238634109 0.206395491957664 0.262047678232193 -0.107816912233829 0.653149724006653 0.476323574781418 -0.0781803950667381 0.591037094593048 -0.0620977245271206 0.528853595256805 0.200169399380684 0.186116889119148 -0.0307643637061119 -0.00910841394215822 -0.320009857416153 0.171676382422447 -0.281032383441925 -0.00956862419843674 0.066742368042469 -0.219770923256874 -0.101877383887768 0.00406690593808889 -0.00937153585255146 -0.120720900595188 -0.119790077209473 0.110948316752911 0.00161759799811989 0.0963536500930786 0.458796769380569 0.196767941117287 0.268689781427383 0.0695063769817352 -0.213898941874504 -0.160543754696846 0.211744904518127 -0.12258818000555 0.16178035736084 0.0951192826032639 -0.0328385643661022 0.0390733666718006 0.0930652394890785 -0.0869148597121239 -1.18422770500183
0.00916534941643476 -0.36358043551445 0.0892771929502487 0.249733731150627 0.0893329232931137 0.28336974978447 -0.698184132575989 0.0998615548014641 -0.501674890518188 0.0854141339659691 0.828933835029602 -0.0361312031745911 0.106863260269165 0.105180822312832 -0.567877054214478 -0.0446925200521946 -0.211090698838234 0.132796660065651 -0.0284826662391424 0.184723168611526 0.00172285048756748 0.0757439211010933 -0.134449124336243 -0.035877913236618 0.265723288059235 0.139512971043587 -0.516925394535065 0.0834322199225426 -0.0636478960514069 1.25010299682617 0.293696761131287 -0.103592552244663 0.0139265106990933 -0.0169627275317907 0.159430488944054 0.33801144361496 0.145631834864616 -0.290347993373871 0.157029464840889 0.203321605920792 -999 0.498771995306015 -0.173176854848862
0.193442642688751 0.0892837941646576 0.0848959609866142 0.0609557777643204 -0.00805728510022163 0.0230825208127499 -0.198277115821838 0.0562688112258911 -0.0435235388576984 -0.13511024415493 -0.103462487459183 0.221656754612923 0.778805255889893 0.172300741076469 0.431524336338043 -0.00677378475666046 0.36709064245224 -0.0841971933841705 -0.140826120972633 -0.337189257144928 0.328999131917953 0.169825628399849 -0.0312514752149582 -0.286503195762634 -0.414005905389786 0.693091213703156 1.03513789176941 0.23143944144249 -999 -0.694559037685394 -0.642265379428864 -0.452059745788574 -0.781490683555603 0.513977646827698 -0.430282205343246 -0.0196466855704784 0.293952763080597 -999 -0.149976804852486 0.658182799816132 -999 -0.403219819068909 -0.148225918412209
0.0645476505160332 0.112223573029041 -0.30438444018364 -0.0794880911707878 -0.313480138778687 0.531148076057434 -0.236935272812843 -0.251154512166977 0.249826192855835 0.30932605266571 0.227306544780731 -0.443382263183594 -999 0.233811572194099 -0.353189915418625 0.251922637224197 -0.199307471513748 0.224217161536217 -0.0549530945718288 0.0727949365973473 -0.0905728340148926 -0.351157903671265 0.303863823413849 0.283674329519272 0.279015690088272 -0.107509434223175 0.123941332101822 0.351373583078384 0.260912716388702 1.01909530162811 0.533076405525208 -0.373806357383728 0.566308259963989 -999 0.0953233987092972 1.20909309387207 0.772319316864014 -0.0122768580913544 -0.278610646724701 -0.462432891130447 -0.410427927970886 0.010843513533473 -0.819847822189331
-0.0398618765175343 0.0941068977117538 -0.0452893562614918 -999 0.390816211700439 0.0375485345721245 0.171278342604637 -0.050351582467556 -0.145336508750916 -0.665294289588928 0.217751353979111 0.109885945916176 -0.142728090286255 0.327646195888519 0.249066278338432 0.083571158349514 -999 0.544836282730103 -999 -999 -0.582997620105743 -999 0.0152948256582022 0.708940088748932 0.31685283780098 -0.273929357528687 -0.336960077285767 0.480428457260132 0.141552075743675 0.233372688293457 -0.0825039893388748 0.0824900195002556 -0.0368214957416058 0.109575629234314 0.00106086581945419 -0.0522846765816212 0.14818511903286 -0.0682284161448479 0.420162677764893 -0.0987199172377586 -0.0568790622055531 -0.105008944869041 -0.185117095708847
0.00372930080629885 0.666263043880463 -0.152889594435692 -0.0905522257089615 -0.18206399679184 0.411478310823441 0.0901546776294708 -0.199217230081558 -0.0960444435477257 -0.312896698713303 0.480650037527084 0.527269244194031 -0.0231704134494066 -999 0.265901684761047 -999 -0.716553092002869 -999 -999 0.54149204492569 -999 -0.0797149017453194 -999 -999 -999 0.824700355529785 -999 0.100068598985672 -0.259909003973007 -0.126041442155838 -0.317137777805328 -0.413256794214249 0.8990718126297 -0.41460046172142 0.0463615655899048 0.32677885890007 0.0892429202795029 -0.0823292508721352 0.0691608637571335 -0.307492822408676 -0.0825692191720009 0.19717001914978 0.0481222830712795
0.0638718903064728 -0.323368489742279 0.0506464429199696 0.311202198266983 -0.0873294770717621 -0.0199765916913748 -0.07014200091362 0.127560064196587 -999 0.571072697639465 0.511711120605469 0.0288234613835812 -999 -0.185544982552528 -0.195724338293076 0.235062018036842 0.0393167287111282 0.0596516989171505 0.113191641867161 -0.36312073469162 -0.20892995595932 0.498522460460663 -0.268925189971924 -0.189213708043098 0.135094091296196 -0.207620486617088 0.00829704571515322 0.388455152511597 0.169040083885193 -999 0.29867559671402 -0.102935314178467 -0.0429156757891178 -0.183802053332329 0.2281663864851 0.109093129634857 0.0191845241934061 0.184908986091614 0.844956874847412 -0.128226727247238 -0.4286288022995 0.419218927621841 0.106148205697536
-0.084709458053112 -0.196122094988823 0.537258565425873 5.09272031194996e-05 -0.115515746176243 0.328722089529037 0.275163680315018 -0.615611433982849 0.275959104299545 -999 -0.715000629425049 0.166698858141899 -0.155696272850037 0.0159493684768677 0.162209197878838 -0.0857914984226227 -0.0482659414410591 -0.0840871706604958 -0.417325854301453 -1.07051265239716 -0.130774810910225 -0.148021101951599 0.17578898370266 0.377704977989197 -0.189260423183441 -0.133441269397736 0.449426352977753 -999 0.342020869255066 0.430040121078491 0.453012764453888 -0.28104755282402 0.358038306236267 0.00376017880626023 -0.309351295232773 0.118511132895947 -999 -999 0.479852050542831 -0.40960356593132 -0.0476605743169785 0.37466686964035 -0.0639232993125916
