assets/gome_f/processed/ascii/world/gome_sif_world_20110701.asc
NCOLS 720 
NROWS 360 
XLLCORNER -180 
YLLCORNER -90 
CELLSIZE 0.5 
NODATA_value -3.4e+38 
[rows 228 to 246 of 360, columns 559 to 601 of 720]
-0.0286265406757593 -0.0966504812240601 0.0109055573120713 0.0318527556955814 0.0628980919718742 -0.0421426817774773 -5.18597662448883e-05 -0.0418692417442799 -0.0518164150416851 0.0569412298500538 -0.0136373247951269 0.00876403972506523 -0.00826584547758102 -0.0863175839185715 -0.0419292338192463 -0.0235035866498947 0.0185217596590519 0.0375712811946869 -0.019143283367157 -0.00637726346030831 -0.00860442128032446 0.00990671943873167 -0.00810574926435947 0.0383741743862629 -0.00899662636220455 0.0038926899433136 -0.0642452985048294 0.0519591942429543 0.041794091463089 0.0373296588659286 0.0972041189670563 0.0569627098739147 0.0702089965343475 0.0282346904277802 -0.0169263798743486 0.135468125343323 0.0809527635574341 -0.00359191140159965 0.0324590280652046 -0.014492747373879 -0.0217889212071896 0.0304473582655191 0.0263988319784403
0.0387279316782951 -0.0381538011133671 0.0238891188055277 -0.0261191185563803 -0.080153726041317 -0.0902786031365395 -0.014507039450109 0.00316091510467231 -0.0955778881907463 -0.0678634569048882 -0.0778064727783203 -0.0197154972702265 -0.0117995217442513 0.0591693334281445 0.023975221440196 -0.0107341557741165 -0.0296848081052303 -0.0396742336452007 0.0245189517736435 -0.0345488227903843 0.00875755026936531 -0.0157481227070093 -0.074027456343174 0.0181923750787973 0.0822475329041481 0.00654323631897569 0.015242263674736 0.035308625549078 -0.0276909917593002 0.0394950211048126 0.129117339849472 0.0108750816434622 0.0295623820275068 0.00950363557785749 0.0626054406166077 0.0848738625645638 0.0679153725504875 0.0252940990030766 0.0202501267194748 0.00106451695319265 -0.0166734885424376 0.086345374584198 0.0165699943900108
0.0633648484945297 0.0338042788207531 -0.0516761243343353 0.10740677267313 0.0297184623777866 -0.00914100930094719 -0.0282569844275713 0.0384384021162987 0.0855216681957245 -0.0431688763201237 0.044749591499567 -0.0410610400140285 0.067836731672287 0.0398907996714115 -0.0505161061882973 -0.0307027660310268 0.0110793951898813 -0.0402825884521008 -0.0400080643594265 -0.0994112342596054 -0.0902621001005173 -0.000749184808228165 -0.010150165297091 0.0321422778069973 -0.096214272081852 -0.010529201477766 -0.0662620365619659 -0.0496081300079823 0.0611543320119381 0.0235232822597027 0.129266560077667 0.0501179806888103 -0.0362770967185497 0.00131973391398787 0.0725077390670776 -0.0172057896852493 0.0244957339018583 0.0110952388495207 0.1404779702425 0.141418293118477 0.0532688684761524 -0.0373959057033062 0.0305108372122049
0.0673697143793106 0.0292513146996498 -0.0719025135040283 0.0532257631421089 0.149191662669182 -0.0194773841649294 -0.0278486516326666 -0.0839607119560242 -0.0111742345616221 -0.0625441446900368 0.0728934481739998 0.0406975075602531 0.0132488254457712 0.0336939282715321 -0.0184186063706875 -0.0476683378219604 -0.0605332814157009 -0.0494938604533672 0.0528924353420734 -0.0265568103641272 -0.0781278014183044 -0.0276256650686264 -0.0404531881213188 0.0116777019575238 -0.0160820502787828 0.0673179477453232 -0.0381348431110382 -0.044544842094183 -0.000663315993733704 -0.0127262938767672 0.0578632466495037 0.0724409520626068 0.0618759021162987 0.0633422657847404 0.0472764857113361 -0.00801879540085793 -0.0272022802382708 0.0582757107913494 0.049608651548624 -0.024878665804863 0.0306091755628586 -0.0114191258326173 0.05155149102211
-0.00463075051084161 -0.0460509993135929 0.0225565377622843 -0.0667918398976326 -0.0836326852440834 0.037604458630085 -0.011456829495728 0.00570308556780219 -0.0308137834072113 0.0109252538532019 -0.0990561619400978 0.0103604812175035 0.0191182233393192 0.0809451267123222 -0.0239779558032751 -0.0151903824880719 0.0124130295589566 -0.0409900508821011 0.0649773105978966 -0.00111464108340442 -0.0124599868431687 -0.0576803162693977 0.0353654474020004 -0.0012572705745697 -0.120883837342262 -0.0744824558496475 -0.00462814513593912 0.00959330517798662 -0.00772421481087804 0.0983440428972244 0.0785664543509483 0.00780802452936769 0.0954947620630264 0.0105921356007457 -0.0334143303334713 -0.0131323784589767 0.0361671149730682 0.0196550972759724 0.0479363054037094 0.00268792058341205 0.0175116211175919 0.113057553768158 -0.020556652918458
-0.0173613056540489 -0.105199851095676 -0.0831814110279083 0.0282864719629288 -0.0981230884790421 -0.0117663666605949 -0.0562349557876587 -0.0273613389581442 0.0356561504304409 0.0153883574530482 0.0152558861300349 -0.0311029758304358 -0.04504219815135 0.0164735727012157 0.0519465729594231 -0.0676303654909134 -0.00300791161134839 -0.020698444917798 -0.022285632789135 -0.0301427319645882 0.0152811827138066 -0.0723564997315407 -0.0157415922731161 -0.00530745927244425 -0.000668649445287883 -0.00178467785008252 -0.0228303540498018 -0.054609052836895 -0.0574532747268677 0.0153955314308405 0.0696475729346275 0.152988940477371 0.0404876805841923 -0.0381036140024662 0.103464767336845 0.118032649159431 0.0056580463424325 0.0357790812849998 0.0619664415717125 0.0837405249476433 0.128236904740334 -0.0604582652449608 -0.0182684622704983
0.0385171175003052 -0.0336888842284679 -0.0482835955917835 0.0096676517277956 0.042980033904314 -0.0484211184084415 -0.0639308840036392 0.0295660011470318 -0.0136745339259505 -0.00420041382312775 0.0138896647840738 -0.0845928937196732 0.0507477037608624 -0.0798349976539612 -0.0293698366731405 -0.0244388096034527 -0.0692799836397171 0.021184291690588 -0.0617291517555714 -0.0356682650744915 -0.0042566847987473 -0.00930442754179239 0.0328508578240871 -0.0149518409743905 0.0100276693701744 -3.58353063347749e-05 -0.0044687744230032 -0.0201794821768999 0.0153957400470972 -0.00244303978979588 0.0418067649006844 0.112497270107269 0.0363502725958824 0.142205283045769 -0.0117576876655221 -0.00768427411094308 -0.0347238816320896 -0.0321210697293282 0.0642810240387917 0.0274037774652243 0.0498143211007118 0.0574640147387981 -0.0629807785153389
-0.0663656964898109 0.0674629360437393 0.0607746578752995 0.0185606405138969 0.0382096171379089 0.00438564084470272 0.0263415221124887 -0.0387896448373795 -0.0579386092722416 0.00188325345516205 -0.000278456893283874 0.0278788264840841 -0.0127001060172915 0.0127012655138969 0.000379646080546081 -0.0819835439324379 -0.0558257475495338 -0.102719753980637 -0.0492168068885803 -0.0174579415470362 -0.0136841097846627 -0.0255557168275118 -0.0575043745338917 -0.0625267028808594 -0.0509696565568447 -0.00294307037256658 -0.0593181066215038 0.0151877570897341 0.0295056290924549 0.067742295563221 0.163298919796944 0.169842511415482 0.155771136283875 0.00733692012727261 0.189066335558891 0.124400652945042 0.136373624205589 0.0684568360447884 0.0222027786076069 -0.0143461907282472 -0.000675431569106877 0.0403595641255379 -0.0336018055677414
0.0435032211244106 -0.0095854327082634 0.0621170289814472 -0.0248221550136805 -0.0167659539729357 0.0140735562890768 -0.0378650240600109 0.017945684492588 -0.0217428859323263 0.0480411350727081 0.0356563217937946 -0.0117991948500276 -0.0655800327658653 0.0902747139334679 -0.0887964516878128 -0.0374392457306385 -0.0651635229587555 -0.0110274981707335 -0.0540473870933056 0.0413994155824184 0.0237965397536755 -0.00229682424105704 0.00439905375242233 -0.0421853289008141 -0.0214631985872984 0.0783632919192314 0.0453925281763077 -0.0713059082627296 -0.0539599470794201 0.129337474703789 0.404870748519897 0.24747996032238 0.11993483453989 0.11764770001173 0.112301357090473 0.0723225772380829 0.077306866645813 0.0655793622136116 0.0684564709663391 0.0454062074422836 0.0291253179311752 0.0461231991648674 0.0714212581515312
-0.0288311839103699 -0.0106364600360394 -0.0508121475577354 0.0372231639921665 -0.128664880990982 -0.0349572636187077 -0.0685485824942589 0.0056315902620554 0.0404326505959034 0.0153854507952929 0.0502808354794979 -0.0189996808767319 -0.00770226074382663 -0.0242114402353764 -0.0027613325510174 -0.0167606975883245 0.00448262831196189 0.0668649673461914 -0.0581284016370773 0.0393541045486927 -0.0108389453962445 0.0118850814178586 0.0348791033029556 -0.0536595471203327 0.0286746695637703 -0.127345144748688 -0.083287313580513 0.0110672963783145 0.00547857861965895 0.0800873562693596 0.152207285165787 0.32812687754631 0.401504874229431 0.181124314665794 0.0825881138443947 0.0538896322250366 0.0388355180621147 0.040454164147377 -0.072923518717289 -0.0702288895845413 -0.0472199209034443 -0.0982404872775078 0.0728697031736374
-0.00704727973788977 -0.0556660406291485 -0.0636423975229263 -0.00382702890783548 0.0875624418258667 -0.0372620597481728 -0.0131814051419497 0.0241015814244747 -0.0485982224345207 0.0398479588329792 -0.0460126362740993 0.0296367611736059 -0.0760943591594696 -0.0533619485795498 0.0194106195122004 -0.0226704366505146 -0.0192325711250305 -0.0798202455043793 -0.0621717758476734 -0.0128922322764993 -0.0480674840509892 0.0397953614592552 -0.109390787780285 -0.030265660956502 -0.00958252977579832 -0.0488117560744286 -0.0592631958425045 0.0259598791599274 0.0609623901546001 -0.0191092360764742 0.0732482075691223 0.277122467756271 0.383366823196411 0.268804490566254 0.104173853993416 0.0300739854574203 0.10969303548336 0.0793605446815491 0.0213521830737591 0.0487985648214817 0.00780099257826805 -0.00568263093009591 0.0453406572341919
0.0151131078600883 0.00698874378576875 0.0995834842324257 -0.00443071592599154 -0.0301863122731447 -0.0765388011932373 0.0210018455982208 -0.0161964073777199 -0.00230557727627456 -0.0772462114691734 -0.0269877165555954 -0.000719321426004171 -0.0117360604926944 0.0302969999611378 0.0367245748639107 -0.0700247511267662 -0.0221587102860212 -0.049401268362999 -0.00183571164961904 -0.051518902182579 0.00453375373035669 -0.0226335003972054 0.00051709299441427 -0.0662542879581451 0.0846180245280266 -0.00874597951769829 0.0102975284680724 -0.0347184091806412 0.0219216905534267 0.00668495055288076 0.0870964005589485 0.189628124237061 0.167761832475662 0.355965822935104 0.177673861384392 0.0897199437022209 0.0714166685938835 0.00745015218853951 0.0603890679776669 0.0527786538004875 0.0860851779580116 0.0431958623230457 0.05699547752738
-0.022298039868474 -0.0326742306351662 0.0348672345280647 0.0211423709988594 0.0431432947516441 -0.0765322223305702 -0.00577169936150312 -0.00855130515992641 -0.0197024401277304 0.0644879341125488 -0.117827199399471 -0.022563187405467 0.0383140631020069 0.0188547950237989 -0.0400075726211071 0.00381040223874152 0.0366268195211887 -0.0615931116044521 -0.0129170920699835 0.0582216642796993 0.0815651938319206 0.00145778490696102 -0.0459316782653332 -0.0373325832188129 -0.0155926840379834 -0.0183683726936579 -0.0263854321092367 0.064248263835907 0.040259312838316 -0.00427693082019687 0.00859396811574697 0.00170450378209352 0.17049415409565 0.144852966070175 0.238543659448624 0.140021860599518 0.212210431694984 0.0479462742805481 -0.00502165826037526 0.0962638258934021 -0.0201018936932087 0.034760020673275 0.0419732630252838
0.029809582978487 0.0523994080722332 0.0811475142836571 -0.0230225827544928 -0.0149800581857562 0.0803126990795135 0.0227594021707773 -0.00279981596395373 0.032566212117672 -0.0253382213413715 0.094835139811039 -0.0669485554099083 0.0485563017427921 -0.0480221509933472 0.00229212245903909 -0.0117894727736712 -0.0620744787156582 0.0420568436384201 -0.00315855583176017 0.0427856668829918 -0.0445389561355114 -0.0113471643999219 -0.043505173176527 0.030703954398632 0.0251354314386845 -0.012615354731679 0.0601832307875156 -0.0838705748319626 0.0297120567411184 -0.038587648421526 -0.0339364893734455 0.0513509400188923 0.0931446701288223 0.213738292455673 0.269282311201096 0.142505377531052 0.179033547639847 0.210518583655357 -0.00476496480405331 0.0976390317082405 0.0709419101476669 -0.0158840678632259 0.0366118028759956
0.0451328232884407 0.0901586636900902 -0.0308793969452381 0.031114537268877 0.0445215851068497 -0.0244830027222633 -0.0832294747233391 -0.0331335254013538 -0.0855268388986588 -0.0283385179936886 -0.0221872981637716 -0.0605006068944931 0.0222367402166128 -0.0966703295707703 0.0600445531308651 -0.0436342172324657 7.95841187937185e-05 -0.0552328415215015 0.0233550146222115 0.0155576383695006 -0.0431135036051273 0.0132805891335011 0.0248489417135715 -0.0184150766581297 -0.122462660074234 0.00597779732197523 -0.05910899117589 0.0501162335276604 0.0106005202978849 -0.0503341853618622 -0.0378688983619213 0.0467309653759003 0.0137180192396045 0.215567082166672 0.189755216240883 0.239719957113266 0.233838364481926 0.146156549453735 0.0721587091684341 0.073982797563076 0.0301128327846527 0.0464384183287621 -0.00504528172314167
-0.0215386208146811 0.0156527291983366 0.0259663816541433 -0.0475069284439087 0.117224238812923 -0.0787745118141174 -0.0284060724079609 0.0711465254426003 0.0708596780896187 0.0228792279958725 0.0109859658405185 0.00428464775905013 -0.0255869887769222 0.0556499883532524 0.0143634956330061 -0.0604787841439247 -0.0242979917675257 0.0277774538844824 -0.0762661620974541 0.0085371183231473 -0.0610778033733368 -0.0281951185315847 0.0256569739431143 -0.0546641945838928 -0.004804328083992 0.0826918035745621 -0.00996907707303762 -0.0504767671227455 -0.0349049121141434 -0.0555896200239658 0.0148264952003956 0.00509155774489045 0.0415656305849552 0.0869564637541771 0.22157995402813 0.303959459066391 0.304867327213287 0.260400593280792 0.151965215802193 -0.000505832664202899 0.0416247434914112 0.143723547458649 0.00473936786875129
0.00304353563115001 0.00638386001810431 -0.0597189590334892 0.0190489552915096 0.0424860864877701 -0.0677279457449913 0.0505711622536182 -0.0517598204314709 0.044449333101511 0.001802122220397 -0.0112908091396093 0.109973579645157 -0.0932612866163254 -0.0251134429126978 -0.0353961326181889 -0.0218299813568592 0.0445151887834072 -0.000522620044648647 0.0210675746202469 0.0303592476993799 0.0816585719585419 -0.0243059024214745 -0.0374483950436115 -0.131802439689636 -0.0526442304253578 0.101991601288319 -0.034166194498539 0.048173513263464 -0.036380585283041 0.0856087952852249 0.0117602916434407 -0.00958302337676287 0.257069826126099 0.0889075174927711 0.203449264168739 0.258148401975632 0.312630623579025 0.0916200429201126 0.0681325346231461 -0.0277242287993431 0.119808115065098 0.121436730027199 0.0729086324572563
-0.0149209424853325 -0.0216785222291946 -0.122375980019569 -0.0780549198389053 -0.0203707348555326 0.0353061482310295 -0.0196358636021614 -0.0340968482196331 0.011906317435205 0.0789727121591568 0.0148763451725245 -0.0543984808027744 0.0187815949320793 -0.0390740223228931 -0.086545541882515 -0.0461336672306061 -0.0595328621566296 0.0095058623701334 -0.0217705462127924 -0.046940915286541 -0.00333690131083131 -0.109551034867764 0.0037102228961885 -0.0272746626287699 0.0103976195678115 0.111302070319653 0.049179133027792 -0.060573935508728 0.05011972412467 -0.00460486439988017 0.368153631687164 0.0394662171602249 0.143731668591499 0.160513713955879 0.0819184482097626 -0.0294991936534643 0.130397841334343 0.188196182250977 0.211599290370941 0.178369894623756 0.0937873050570488 0.0074016572907567 0.0612653754651546
0.0965664237737656 0.0882773473858833 0.0681325644254684 -0.0506841763854027 -0.025468073785305 -0.00435177749022841 -0.0625360459089279 -0.038865078240633 0.034986138343811 -0.0321946293115616 0.014148622751236 -0.031474906951189 0.0512074418365955 -0.0207889173179865 -0.0842825770378113 -0.0238443948328495 0.014509261585772 -0.0461186952888966 -0.0639353170990944 -0.0419186390936375 -0.0807904079556465 -0.0406082049012184 0.0450196340680122 0.0473371110856533 -0.00862723682075739 0.000566001515835524 0.164681106805801 0.0384362637996674 -0.221334934234619 0.0162875317037106 -0.0475243665277958 0.0151119297370315 0.0928722321987152 0.109752669930458 0.134976163506508 0.31267261505127 0.269563019275665 0.199204728007317 0.164681777358055 0.165831476449966 0.120942331850529 0.144411116838455 0.222533240914345
