assets/gome_f/processed/ascii/world/gome_sif_world_20131101.asc
NCOLS 720 
NROWS 360 
XLLCORNER -180 
YLLCORNER -90 
CELLSIZE 0.5 
NODATA_value -3.4e+38 
[rows 76 to 94 of 360, columns 86 to 128 of 720]
0.0317384079098701 0.0551819987595081 -0.0101638380438089 0.0243784226477146 -0.00265659694559872 0.0443186052143574 0.0860998630523682 0.079821489751339 -0.013828793540597 0.0234523378312588 -0.0259944051504135 0.0159667506814003 0.118483901023865 0.0233498383313417 0.0382825545966625 -0.0108831375837326 0.00219497759826481 0.0223233699798584 0.00337717565707862 -0.0130916573107243 -0.0963639989495277 -0.0187771841883659 -999 0.20284503698349 -0.0584418065845966 0.102998241782188 0.021412318572402 0.0101514281705022 0.114946804940701 0.168880090117455 0.125499188899994 0.085214838385582 0.108888447284698 0.0488299950957298 0.0813279151916504 -0.0619904771447182 -999 -999 -999 -999 -999 -999 -0.00697450852021575
0.0768435895442963 -0.0187882948666811 0.00344373122788966 0.00862302258610725 -0.0381135642528534 -0.0116114830598235 -0.100261449813843 0.0162660628557205 -0.0291833281517029 0.0540425479412079 -0.0728096961975098 0.0460679605603218 0.0116485916078091 0.0258921831846237 0.00324045377783477 -0.00108354538679123 0.0501912049949169 0.0401068143546581 0.0752601474523544 0.158073931932449 -0.0687922611832619 0.310642182826996 -6.73661415930837e-05 -999 -999 0.0127003779634833 -0.103007532656193 -0.0526945739984512 0.0324910096824169 -0.0198073200881481 0.134831920266151 0.0850410237908363 -0.108207315206528 -999 0.117398552596569 -999 -999 -999 -999 -999 -999 -999 -999
0.0363855063915253 -0.0200326424092054 0.00581887131556869 -0.0140885291621089 0.0982891246676445 -0.0796274319291115 0.0355338230729103 -0.0961643680930138 0.111220493912697 0.059200294315815 -0.0549055933952332 0.0375975109636784 -0.00981785450130701 -0.037242453545332 0.0293929353356361 0.0323352217674255 -0.0610437542200089 -0.0701112598180771 -0.0256737191230059 0.119720190763474 0.0931097269058228 -0.018574021756649 0.0143191255629063 -0.0250055976212025 -0.133085831999779 -999 -999 -999 -999 0.11469466984272 0.038931593298912 -0.0810296535491943 0.164402320981026 0.121826350688934 0.0677500888705254 -0.0690799206495285 -0.0885110720992088 -999 -999 -999 -999 -0.0352359190583229 -0.032895140349865
0.0139902345836163 0.144135355949402 0.0402856022119522 -0.0225529316812754 -0.0234512481838465 -0.0850245505571365 -7.85100783105008e-05 -0.0547420717775822 0.0405095256865025 0.0917258039116859 -0.0148207908496261 0.151845663785934 0.0116062741726637 0.0315406806766987 0.0913247838616371 -0.0348272919654846 0.0365471132099628 -0.0347660779953003 0.025581831112504 0.0274344943463802 0.0536460727453232 0.0234002117067575 0.0518128126859665 0.0528444312512875 -0.0360898897051811 -0.108138598501682 -0.0426015853881836 0.176297843456268 -999 -999 -999 -0.00794209539890289 -999 -999 0.108463063836098 0.0799213573336601 0.0371695719659328 -0.0334006510674953 0.052077442407608 -999 -999 0.102740578353405 -0.0191667955368757
0.0182031039148569 -0.00149574247188866 0.0700390264391899 0.0354970656335354 -0.0387524217367172 -0.00100831955205649 0.000210531914490275 0.115540072321892 -0.0586130209267139 -0.0132686700671911 0.0357227399945259 0.071697399020195 0.124883368611336 0.0244918633252382 -0.0430342331528664 -0.0330141894519329 0.0349505469202995 -0.00157241569831967 -0.0288541615009308 0.0816891267895699 -0.0270486194640398 0.110711306333542 0.0250819157809019 0.0900207981467247 0.048187792301178 0.0441776961088181 0.0497292727231979 0.0322476550936699 0.117812275886536 -0.0954055190086365 -0.177269205451012 -0.258431136608124 0.112879581749439 0.0396206900477409 0.0933231860399246 -0.0599204860627651 0.0568473190069199 0.0960588008165359 -0.110371857881546 -0.129620999097824 -999 0.249111756682396 0.0273771435022354
-0.0284972619265318 0.0354222506284714 0.0183155369013548 0.0590291693806648 0.0841072872281075 -0.0593522861599922 -0.0154930977150798 0.00487934611737728 -0.00733442464843392 0.0098504675552249 0.0866047516465187 0.0870412886142731 -0.0579545199871063 -0.0324205048382282 -0.0313302390277386 -0.0819063186645508 0.00206707301549613 0.0167781226336956 0.0210910700261593 -0.0209075603634119 -0.000552339130081236 -0.0676390081644058 -0.00782497879117727 0.0446314997971058 0.109814718365669 0.035868413746357 0.0261773336678743 0.112957336008549 0.0227371919900179 0.12046617269516 0.0271475706249475 0.0998785570263863 0.0469310507178307 0.0175181720405817 0.0979740545153618 0.0499970689415932 0.077653631567955 0.0346065536141396 0.1641556173563 0.0857671275734901 0.0786464288830757 -0.0605657584965229 -0.0441767424345016
0.0801262483000755 -0.0475735925137997 -0.0157828871160746 0.0186252035200596 0.013012396171689 -0.090068593621254 0.0509335286915302 0.0913387835025787 0.00816686265170574 0.133473113179207 0.0734966620802879 0.014021229930222 -0.0124707520008087 0.13178987801075 -0.0272650979459286 0.0598003081977367 0.0451432093977928 -0.00351343350484967 0.0306071769446135 -0.0401384569704533 0.0421570241451263 -0.00716310646384954 -0.0196969509124756 -0.0181263610720634 0.00136189977638423 0.0821957215666771 0.1344113945961 0.0103825656697154 0.0792859569191933 0.0992361009120941 0.0456915833055973 0.0211334507912397 -0.0275650769472122 -0.0215101856738329 0.0480020269751549 0.0197158269584179 0.0225218404084444 0.0172002706676722 0.0741641595959663 0.0657827258110046 -0.0587546415627003 0.112863108515739 -0.0229965094476938
0.0488725602626801 0.193485260009766 0.0194513835012913 0.0166913159191608 -0.00448218500241637 -0.0451918691396713 0.0135603789240122 0.120521649718285 -0.00576860271394253 -0.0869938731193542 -0.00486602913588285 0.0511780977249146 0.024953642860055 -0.0151608744636178 0.00528615061193705 -0.0177322831004858 0.0710941627621651 -0.033483050763607 0.130350202322006 -0.016071580350399 0.0878542959690094 0.104338549077511 -0.0922201722860336 -0.0228854380548 -0.0724949389696121 0.0669267848134041 0.02535330504179 0.064439982175827 0.0231375899165869 0.0685628205537796 0.0437886267900467 0.0708140656352043 0.0508718229830265 0.0212332084774971 0.0394559353590012 0.0433737561106682 0.0236455257982016 -0.00406787870451808 0.00427162647247314 -0.0349143333733082 -0.0181813593953848 0.038360919803381 -0.0244792178273201
0.0272361021488905 -0.0146685745567083 0.0952108427882195 0.0339195840060711 0.108577214181423 -0.0598512589931488 0.0836307033896446 -0.114509873092175 -0.0914939790964127 0.0589911825954914 0.0229128785431385 0.0289955846965313 0.00788475852459669 -0.000720598851330578 -0.0109368311241269 -0.0595031604170799 0.10308263450861 0.0144131761044264 0.0352276042103767 -0.0443428345024586 0.0282521769404411 0.00505982339382172 0.0118087604641914 -0.045374371111393 -0.0411735586822033 0.0781657323241234 0.0561522357165813 0.0140845291316509 0.0215404741466045 0.125974789261818 0.0321975089609623 0.0680310949683189 0.0657590925693512 0.00205032457597554 0.0348704978823662 0.0189868807792664 0.0913892313838005 0.04359395429492 0.0666455551981926 0.0531978756189346 0.0850687548518181 0.0567827932536602 0.0727143511176109
0.0124058276414871 -0.0109198959544301 0.0585616901516914 -0.0379271656274796 0.00370435579679906 -0.102481968700886 -0.047216609120369 -0.0611368790268898 -0.0183505825698376 0.0116041665896773 -0.226897329092026 -0.0109742498025298 -0.0222576931118965 0.0277638398110867 0.0547879189252853 -0.0283136311918497 -0.0363658778369427 -0.0735647603869438 0.0400004871189594 0.0446607917547226 -0.0582071915268898 -0.0341290235519409 0.0217465423047543 0.0402670092880726 0.0244701616466045 0.00959645863622427 0.0815823450684547 0.105225823819637 0.12653274834156 0.0557161085307598 0.0348507910966873 0.00482948077842593 -0.0510979704558849 0.123075909912586 0.04574990645051 0.0525432452559471 -0.00527777848765254 0.0216706432402134 0.0183003153651953 0.0207139775156975 0.0886383056640625 0.0321962423622608 0.00345046911388636
-0.0837966650724411 -0.0655126497149467 0.0023507634177804 0.00453826552256942 -0.031452763825655 0.111450105905533 -0.0353948473930359 -0.01938839815557 0.0665598288178444 0.0837517082691193 -0.135543003678322 0.0375565066933632 0.0856494531035423 -0.0550476051867008 0.0368163324892521 0.126915574073792 0.0234559141099453 -0.0943314209580421 0.0612418726086617 -0.0654954612255096 -0.00988951604813337 -0.00407400960102677 0.011356009170413 -0.0339776836335659 0.0201454497873783 -0.0173689778894186 0.0473551750183105 0.0754827335476875 0.153001859784126 0.0493273884057999 0.0410622730851173 0.0587928853929043 0.0919256433844566 0.00258887279778719 0.00280208420008421 0.088008739054203 0.025657756254077 0.0589088313281536 0.0711072832345963 0.0306352879852057 0.0941389203071594 0.00130077986977994 0.0150923393666744
0.046728141605854 0.03975460678339 0.0617173165082932 -0.0125708328559995 -0.115501590073109 0.0198846142739058 0.0649716258049011 0.0282665733247995 -0.0168167389929295 0.0341740846633911 0.00378866773098707 -0.0262170396745205 -0.00790905300527811 0.083444744348526 -0.0990202650427818 -0.0455239824950695 0.0585852153599262 -0.0110262436792254 0.0408402681350708 0.00810987688601017 -0.0813152119517326 -0.0100226616486907 0.0878990367054939 0.0399153828620911 0.0143829202279449 0.0309220291674137 0.0182901304215193 0.224326312541962 0.065306656062603 0.102309420704842 0.0622717961668968 0.0758368149399757 0.020141402259469 0.0238401889801025 0.0372173972427845 0.0572893545031548 0.00847251992672682 0.0262034088373184 0.0925499871373177 -0.103660151362419 0.0245804283767939 0.0196679569780827 0.0111416690051556
-0.00489310221746564 -0.0345211364328861 0.0826448202133179 -0.0133567182347178 0.160497665405273 -0.0326161682605743 0.0344716235995293 -0.0054650753736496 -0.126185595989227 0.0415543913841248 0.0261910948902369 -0.0541191212832928 0.0877285301685333 -0.0446993634104729 -0.0839975103735924 0.0150733580812812 0.0465726256370544 -0.0567837841808796 -0.129641532897949 0.0213545132428408 -0.0572713389992714 0.0340969413518906 -0.00577045744284987 -0.0237777568399906 0.0113827064633369 -0.030099630355835 0.0581652261316776 0.0844539105892181 0.132783517241478 0.048152782022953 0.030247263610363 0.022007217630744 0.0420870669186115 0.0187542177736759 0.0398100838065147 0.0152100631967187 0.0582147836685181 0.0593472719192505 0.075400784611702 0.0562548562884331 0.0459577068686485 0.0241877548396587 0.0199545845389366
0.317504405975342 0.0504070110619068 -0.133704632520676 0.0348297171294689 0.0388735421001911 0.0307760275900364 -0.0361357741057873 -0.0370015390217304 -0.0521638207137585 0.19321645796299 0.0202706567943096 -0.00963403657078743 -0.0888011753559113 0.0359301045536995 0.106421433389187 0.00715515622869134 -0.0520042181015015 0.111558109521866 0.0320437289774418 0.122254490852356 0.00750568974763155 0.0147947948426008 -0.0871879383921623 0.0484205484390259 0.0348491035401821 0.0156439077109098 0.0222252774983644 0.0987455248832703 0.0490770637989044 0.0472667291760445 0.0221790634095669 -0.022151242941618 0.0653921216726303 -0.0200853608548641 0.0678957775235176 0.020937068387866 0.0428786762058735 0.0452354289591312 0.0549680814146996 0.0931537449359894 0.014526923187077 0.0434925481677055 0.134233340620995
-0.0747664198279381 0.17081980407238 0.0348462760448456 0.00369448098354042 -0.0755597203969955 0.128433182835579 0.00407729716971517 -0.00713393650949001 -0.0869371443986893 0.0303172301501036 0.0227928198873997 -0.0403066463768482 -0.00169371231459081 0.135180279612541 -0.0384916067123413 -0.0256714560091496 0.0562755689024925 -0.0749041959643364 -0.0414977222681046 0.0263997539877892 -0.0571825318038464 -0.0214298032224178 -0.0446842163801193 0.00125649687834084 0.103432536125183 -0.0055516348220408 0.0991034507751465 0.129218906164169 0.0724760442972183 0.121886909008026 0.0922791138291359 0.0431249514222145 0.0776627734303474 0.0798762589693069 0.066929467022419 -0.0206930171698332 0.0886908024549484 0.00164221320301294 0.0728825852274895 0.0261075012385845 0.100489042699337 0.0320056565105915 0.0851394087076187
-0.0357618518173695 -0.0904399156570435 0.00462831975892186 0.0371425561606884 0.000318487000185996 -0.0420508682727814 0.0890040472149849 -0.0493293106555939 0.0144539345055819 0.0283206924796104 0.0711015313863754 -0.124334491789341 -0.0271285492926836 -0.0875036716461182 -0.0326089076697826 -0.0271991137415171 0.0686623156070709 0.0588353276252747 -0.0597450137138367 -0.012194724753499 -0.00773652596399188 -0.0314723812043667 -0.00975369103252888 -0.0257781129330397 0.0267955902963877 -0.0129259005188942 0.108645424246788 0.221236512064934 0.135629415512085 0.0111682992428541 0.0178026687353849 -0.00545534817501903 0.0242006313055754 0.105838485062122 0.0419761575758457 0.0686074569821358 0.0577349662780762 0.0950242206454277 0.0188605580478907 0.027098847553134 0.0603765621781349 0.0540742427110672 -0.0401744358241558
0.061907023191452 0.0493746511638165 -0.064097061753273 -0.0100838439539075 -0.101078420877457 -0.0292228274047375 0.0565523095428944 -0.0297739431262016 0.129432156682014 -0.0308681018650532 0.0417448207736015 0.0103504853323102 -0.0159089416265488 -0.00262622744776309 -0.0937058925628662 -0.021675968542695 0.0731512159109116 -0.000325067579979077 0.0536263175308704 -0.033414650708437 0.00838728621602058 -0.00185833871364594 -0.021384097635746 0.0606321394443512 0.0524623654782772 0.0506936125457287 0.0434334129095078 0.060895562171936 0.110863193869591 0.117290042340755 0.113331273198128 -0.0309223439544439 0.0103354370221496 -0.0164569057524204 -0.0397333353757858 0.0552440322935581 0.0117862541228533 0.0512536503374577 0.0229612626135349 0.0440625324845314 0.0482893660664558 0.090195894241333 0.0427733175456524
0.1012859120965 -0.0494535751640797 0.0577068515121937 -0.0254029724746943 0.114461466670036 -0.0891560539603233 0.0108008170500398 -0.0257825516164303 0.0284385029226542 0.0268609449267387 -0.0065365033224225 -0.0143691385164857 0.115174524486065 0.0477487072348595 -0.02353878878057 0.0179105214774609 0.0683570057153702 0.102899245917797 -0.00360787333920598 -0.0165451187640429 -0.0337576009333134 -0.00946988165378571 0.00683026015758514 0.00268664862960577 0.036646019667387 0.109801203012466 0.0918897166848183 0.0967336818575859 0.0879326537251472 0.0832394510507584 0.0362536497414112 0.0584404766559601 0.0266358945518732 -0.00257187779061496 0.0379786901175976 0.0742830261588097 0.0572387427091599 -0.0168204829096794 0.0865938439965248 0.0375484153628349 0.0761754810810089 0.0364542752504349 0.0783015117049217
-0.0484752058982849 -0.0450525097548962 -0.0258398428559303 -0.109722517430782 -0.030464380979538 0.179421454668045 0.042436771094799 0.0213558617979288 0.00193868891801685 0.00990100763738155 -0.0794436559081078 0.0173305217176676 0.0121817151084542 -0.0129646081477404 -0.0623225122690201 0.0945376679301262 -0.00715032825246453 -0.0463280230760574 -0.0458117127418518 -0.0307872034609318 -0.0215862132608891 0.0314191989600658 0.00387851730920374 -0.00877703074365854 0.0452954024076462 0.0482467450201511 0.112203642725945 0.0798813998699188 0.130805090069771 0.0906580984592438 0.0338201746344566 0.0634289309382439 0.0541100092232227 -0.00944608636200428 0.0525941550731659 -0.0168621502816677 -0.00433920882642269 0.0365275740623474 0.0562993809580803 0.0132683459669352 0.0721213817596436 0.0850360617041588 0.0896175280213356
