assets/gome_f/processed/ascii/world/gome_sif_world_20131001.asc
NCOLS 720 
NROWS 360 
XLLCORNER -180 
YLLCORNER -90 
CELLSIZE 0.5 
NODATA_value -3.4e+38 
[rows 38 to 56 of 360, columns 215 to 257 of 720]
-999 -999 -999 -999 0.0213127005845308 -999 0.0850024595856667 -999 -999 0.0384183377027512 -999 -0.348336547613144 0.149427503347397 -999 0.0438761711120605 -999 -999 -999 -999 -999 -999 -999 -999 -999 -999 -999 -999 -999 -999 -999 -0.248560100793839 -999 0.153944224119186 0.0249810703098774 -0.0588401667773724 0.226566657423973 -999 0.0376924090087414 -999 -0.0414303988218307 -999 -0.0256379209458828 -999
-999 -999 -999 -999 -999 -999 -999 -999 -999 -999 -999 -999 -0.000923339102882892 -999 -999 -999 -0.140818804502487 -999 -999 -999 -999 -999 -999 -999 -999 -0.0482147671282291 -999 -999 -0.0157022718340158 -0.291730314493179 -999 0.0865279287099838 -0.0243158303201199 -0.053965151309967 -999 0.0928657948970795 0.0821380391716957 -999 0.0938905775547028 0.162080451846123 -999 -999 -999
-999 -999 -999 -999 -999 -999 -999 -999 -0.260406136512756 -999 0.00530636869370937 -0.0666447058320045 0.0570941381156445 0.00338381854817271 -0.233577698469162 0.133121848106384 0.115797638893127 -0.0195455309003592 -0.0385030135512352 0.0279682725667953 0.0213835518807173 0.0190300922840834 0.121945522725582 -999 0.143799811601639 -999 -0.0169015694409609 0.111698903143406 -999 0.0322022698819637 0.0389950126409531 0.1164475902915 -0.0169787593185902 -999 0.0286413282155991 -999 -999 -999 -0.0830240175127983 -999 -999 0.00500390073284507 -999
-999 -999 -999 -999 -999 -999 -999 0.0312393642961979 -999 -999 -999 -999 0.0570401512086391 -999 -999 0.042962621897459 0.124609164893627 0.00158714060671628 -0.0693556666374207 0.0753436908125877 -0.0645063370466232 0.0562391802668571 -0.0863212123513222 -0.104346625506878 -0.0359550602734089 -0.0812448263168335 -0.0229255482554436 -0.10860837996006 0.235703393816948 0.0283174067735672 -0.0604960806667805 -0.0704595670104027 0.204543218016624 -0.206037297844887 -999 -0.00503182178363204 0.235854431986809 0.0429669171571732 0.0346039347350597 -0.121040143072605 -999 -0.0448047071695328 -999
-999 -999 -999 -999 -999 -999 -999 -999 -999 0.135612443089485 -0.00956817995756865 -0.0710009336471558 -0.0572055093944073 0.0779152661561966 0.0875295177102089 -0.0167264956980944 -0.0266291089355946 -0.0445155464112759 -999 -0.0722378790378571 0.0250396449118853 0.0424195490777493 -0.0231202449649572 0.109023295342922 0.0248611122369766 0.0436225831508636 0.0149854207411408 -0.0448147356510162 -0.0173996910452843 -999 -0.0398270040750504 -0.0449137911200523 -0.031111154705286 0.0238191448152065 -0.0123252552002668 -0.0246644411236048 -0.188967168331146 -0.0748287737369537 -0.01296391710639 -0.0489213205873966 0.122458301484585 -999 -0.0577384792268276
0.127576947212219 0.0264492258429527 -999 -999 -999 -999 -999 -999 -999 -999 -999 0.17681559920311 0.0155974728986621 0.0762663334608078 0.0653035566210747 0.0557998418807983 0.17853619158268 -0.101096391677856 -0.165100991725922 -0.050850048661232 -0.0371383316814899 -0.103594653308392 0.0695299059152603 0.0125784948468208 -0.111659608781338 -999 -0.0113842729479074 -0.208153620362282 0.0680987611413002 0.00535250455141068 0.0486078150570393 -999 0.0575130693614483 -0.0139797106385231 -0.107088334858418 0.0278516672551632 -0.0283371601253748 0.0935705676674843 0.136698514223099 0.021733159199357 -999 -0.0869224295020103 -0.122575148940086
0.093390516936779 -0.0264530945569277 -0.0450854413211346 -0.215845704078674 -999 -999 -999 -999 -999 -999 -999 -999 -0.03261623904109 0.153554111719131 0.0458007268607616 -999 -0.0567331947386265 0.0646803081035614 -0.040888037532568 0.0233378335833549 0.0315946936607361 0.141195371747017 0.210509076714516 0.027341216802597 -0.0850915908813477 0.0105203613638878 -0.0390002802014351 0.0388710983097553 -0.0854467451572418 -0.0525060147047043 -999 0.00736026419326663 0.00986139848828316 -0.108773373067379 0.20533275604248 -0.0691651180386543 0.0764908939599991 0.0807895213365555 0.0899491161108017 -999 0.109419457614422 -0.073151171207428 0.289001733064651
0.00493628066033125 0.0813589915633202 0.0567119233310223 0.0700559020042419 -0.0294315591454506 -0.00224030110985041 -999 -999 -999 -999 -999 0.0221641790121794 0.116894669830799 -999 -999 -999 -999 0.0343767032027245 0.110320180654526 0.0575246997177601 0.0395466163754463 0.0917808264493942 0.0456704646348953 0.00307755172252655 0.0506616979837418 -0.00521341757848859 -0.12627238035202 -0.134386673569679 -0.0368599072098732 -0.0454657003283501 -0.160611286759377 0.145142897963524 -0.00257333368062973 0.0524866543710232 0.165308460593224 -999 0.144598230719566 -0.030673548579216 -999 -999 -999 0.147742927074432 0.188543617725372
-0.142821967601776 -0.0915461257100105 0.0620309114456177 -0.0650482103228569 0.0289087146520615 0.0265049375593662 -0.244314804673195 -0.0331724844872952 0.0388953983783722 -999 -999 -999 -999 -999 -999 -999 -999 -999 -999 -999 -999 -999 0.0494677275419235 -0.0916619747877121 -999 -0.0614074468612671 0.206685736775398 -0.0221494883298874 -0.0261088609695435 -0.0174238365143538 -0.00997316092252731 0.0682815313339233 0.278724700212479 -0.0308309588581324 0.0466139726340771 0.0241038911044598 -0.00793870165944099 0.037641741335392 -0.0781413912773132 -0.0510788783431053 0.0386349968612194 -0.0233220420777798 -0.0682507827877998
0.111881904304028 -0.10714677721262 -0.0775981023907661 0.00262125581502914 -0.111788377165794 0.0458423607051373 -0.160384729504585 -999 -999 -0.0709596797823906 0.0284702945500612 -0.0364285446703434 -0.0196850150823593 -0.078526571393013 -999 -999 -999 -999 -999 -999 -999 -0.0980237349867821 -0.0348139852285385 0.028496390208602 0.0951254367828369 -999 0.0631440505385399 -0.144802466034889 -0.0485275909304619 -0.105753779411316 -0.149192735552788 -0.183599233627319 0.0527828820049763 -0.208948493003845 0.0416731685400009 0.0142767010256648 0.0611888989806175 0.0134271858260036 -0.0969274193048477 -0.0205207504332066 0.126803398132324 -999 -999
-0.032494343817234 -0.0653295964002609 0.00395636120811105 0.0431774780154228 0.0697836205363274 0.0343705751001835 -999 -999 -999 -999 -999 0.0189877580851316 0.0696783363819122 -0.0291463881731033 -0.0243793241679668 -999 -999 -999 -999 -999 -0.0571252182126045 -0.00176983210258186 0.045987281948328 -0.0122522208839655 -0.0718054473400116 -0.0483895614743233 -0.0566597990691662 -0.0213437080383301 0.157355338335037 -0.0648428276181221 -0.0954519212245941 0.0393268838524818 -0.0811881870031357 -0.0289202537387609 -0.0502795465290546 -0.0854109600186348 0.0843672454357147 -0.0097017977386713 -0.0139348907396197 -0.0556912496685982 -999 -999 -999
-0.117794156074524 0.0313935615122318 -0.280644595623016 -999 -0.397053331136703 -999 -999 -999 -999 -999 0.0391850247979164 -0.108221791684628 0.0918922647833824 -0.0654169172048569 -0.029784819111228 -0.0418644919991493 -999 -0.213413864374161 0.0882101878523827 -0.0645349770784378 0.037287387996912 0.0375981479883194 -0.0275955758988857 -0.217538997530937 -0.0411641635000706 0.0124012213200331 0.00516702095046639 0.106219112873077 0.0447211414575577 -0.108244068920612 0.00661133788526058 -0.0398952253162861 -0.110529363155365 0.029187835752964 0.00444656610488892 0.0881360247731209 -0.00207464396953583 -0.117952898144722 0.108379572629929 0.020065400749445 -0.00622797198593616 -0.056088101118803 -0.0548733584582806
-999 0.118010520935059 0.0704391375184059 -0.0370312742888927 -999 -0.23401828110218 -999 -999 -999 -999 -999 -999 0.182796239852905 -0.0522630214691162 -0.0159691087901592 -0.02221504971385 0.0884664505720139 0.109373889863491 0.0783027410507202 0.0522604770958424 -0.00113732612226158 0.0496661439538002 0.0805729925632477 -0.0741173624992371 0.0492029264569283 0.0299509763717651 -999 0.0177523698657751 -0.00286562112160027 0.0227701216936111 -0.0138767398893833 0.0413604602217674 0.0133754834532738 -0.0436496622860432 0.112619422376156 -0.0537904798984528 0.0209366288036108 -0.0659386292099953 -0.0400834158062935 -0.054512020200491 0.0113209215924144 -0.0338547490537167 -0.0322726592421532
-0.200221255421638 -999 -0.0463813059031963 -999 0.116082742810249 -0.0423557981848717 -999 -999 -999 -999 -999 -999 -999 -999 -999 0.0582439303398132 -0.0706213638186455 -0.00396057078614831 0.0394725203514099 -0.0558919608592987 0.0676999092102051 0.0433900840580463 0.0151790492236614 -0.0461749620735645 -0.0509966053068638 0.0347377099096775 0.0158190634101629 -0.132287785410881 -0.0345238260924816 -0.0425476841628551 0.164027914404869 -0.0687295347452164 0.0554069094359875 0.0266747754067183 -0.299455553293228 -0.0492677167057991 0.0179781746119261 0.0584419034421444 0.0255197640508413 -0.00104073935654014 0.0171816889196634 -0.047642283141613 0.0365521684288979
-999 0.0816565901041031 -0.0480473898351192 -999 -999 -999 -999 -999 0.0619681589305401 -0.0917701423168182 -999 -999 -999 -999 -999 -999 0.140325278043747 0.0654081851243973 0.0392637252807617 -0.0945014953613281 -0.0249577164649963 0.00327589362859726 0.0771975293755531 -0.0816200375556946 -0.0129200713708997 0.0167122427374125 -0.0576318874955177 -0.0962780341506004 0.0175767429172993 -0.000260645407252014 -999 0.0966736599802971 0.0674340799450874 -0.156908348202705 0.102175854146481 0.0843791738152504 0.0575701296329498 -0.08901746571064 0.0559564903378487 0.109021224081516 0.0146814873442054 0.0392706580460072 -0.0100277997553349
-0.0220950059592724 -0.112827837467194 -999 -999 -999 -999 -999 -999 0.177536264061928 0.161511793732643 0.0278374888002872 0.132008567452431 -0.073790617287159 0.0508107878267765 -0.011455625295639 0.169699162244797 -0.0609679408371449 -0.113784894347191 -0.0381178632378578 0.00763166369870305 0.0477528385818005 -0.151507988572121 -0.0674639195203781 -0.0985633954405785 0.0399529151618481 0.085174635052681 -0.0498393997550011 0.00525874830782413 0.0317848809063435 0.0641194358468056 0.261203825473785 -0.0984033644199371 0.025589918717742 0.0220141131430864 -0.0266479011625051 0.0445031858980656 0.139621093869209 -0.0104059763252735 -0.000509815581608564 0.0712930336594582 -0.0436171516776085 0.0692989006638527 -0.028528580442071
0.0343783646821976 -0.00755093432962894 0.0738572105765343 -0.0171484127640724 -999 -0.0631098970770836 -0.112080194056034 -999 -999 -999 -999 0.121355384588242 -0.00277676223777235 -0.180158421397209 -0.120356544852257 0.00970067549496889 -0.00697742728516459 0.0167743284255266 0.0098335100337863 -0.0276161320507526 -0.013397503644228 -0.029731834307313 0.024694325402379 0.0108938086777925 0.117871686816216 -0.0653652027249336 0.00541503075510263 -0.0109653770923615 -0.0939331352710724 -999 0.0655461773276329 0.027911763638258 0.0732924714684486 -0.0477095507085323 0.0789375454187393 0.0308533683419228 0.0286343786865473 0.0219755675643682 -0.0551980137825012 0.0276886746287346 -0.0956978499889374 0.0298784673213959 -0.0653575360774994
-0.0369253531098366 0.00921020284295082 0.0245476327836514 -0.0428870320320129 0.0253024455159903 -0.0625858381390572 0.0323547311127186 -0.120819784700871 -0.093190960586071 -0.00608744286000729 -0.0280130580067635 0.045892920345068 0.0939547270536423 0.00331868347711861 0.00618568062782288 -0.0273141656070948 0.00245678867213428 0.0041520013473928 0.0801928043365479 -0.0661171078681946 0.00560841569676995 0.0104231284931302 -0.0754331201314926 -0.0225958563387394 0.00116846209857613 -0.0163381770253181 -0.0191030241549015 -0.143074572086334 -0.0810987502336502 0.136143386363983 -0.15920826792717 0.0340398363769054 0.0708130076527596 0.128822818398476 0.0294294841587543 0.0773243978619576 0.0227509140968323 0.15021601319313 0.0455122552812099 0.0450639016926289 -0.0853619053959846 0.0417997352778912 -0.00551397074013948
-0.0187484733760357 0.0319817140698433 0.125032022595406 -0.0799422264099121 0.00170298584271222 -0.024935046210885 -0.0182161796838045 0.011403052136302 0.037716917693615 0.00761671829968691 -0.0654594823718071 0.0495826601982117 0.02986397780478 -0.0205202642828226 -0.0290384776890278 0.00717150419950485 -0.0698887184262276 0.0371520780026913 0.00330971088260412 -0.0107169076800346 -0.0116548035293818 -0.00148825719952583 -0.0275429002940655 -0.0044199526309967 0.108213275671005 -0.0248379465192556 -0.0769320800900459 -0.0959566012024879 -0.0275014694780111 -0.00910675618797541 0.0359730832278728 -0.10115984082222 0.0585400126874447 0.0291618369519711 0.110170602798462 0.0306063462048769 0.0332673192024231 -0.0399212948977947 -0.0829130932688713 -0.0134104462340474 -0.0470873340964317 0.0501495078206062 -0.0804241225123405
