assets/gome_f/processed/ascii/world/gome_sif_world_20110801.asc
NCOLS 720 
NROWS 360 
XLLCORNER -180 
YLLCORNER -90 
CELLSIZE 0.5 
NODATA_value -3.4e+38 
[rows 57 to 75 of 360, columns 559 to 601 of 720]
0.244419813156128 0.381779938936234 0.292228758335114 0.235570505261421 0.353627353906631 0.21540766954422 0.276094019412994 0.227120995521545 0.458649814128876 0.262322515249252 0.247662484645844 0.359845697879791 0.318901360034943 0.29581817984581 0.336608648300171 0.473818272352219 0.404842674732208 0.300239026546478 0.429790943861008 0.339467376470566 0.392231106758118 0.381098568439484 0.432173788547516 0.346856206655502 0.380651146173477 0.279700428247452 0.19064624607563 0.253682941198349 0.305283933877945 0.367518037557602 0.301676779985428 0.341597855091095 0.364042311906815 0.304338455200195 0.350355982780457 0.410861819982529 0.241938829421997 0.200140044093132 0.377079129219055 0.350874572992325 0.232908919453621 0.371050864458084 0.435079485177994
0.307758718729019 0.290502369403839 0.408669352531433 0.330314129590988 0.359187930822372 0.278264582157135 0.349181294441223 0.258314967155457 0.38148096203804 0.349424749612808 0.364901751279831 0.225643172860146 0.270391076803207 0.379424721002579 0.274850994348526 0.359486281871796 0.283466339111328 0.268113613128662 0.311515629291534 0.252156913280487 0.306018084287643 0.364975869655609 0.315811842679977 0.299698084592819 0.298840403556824 0.23903900384903 0.298271209001541 0.417794048786163 0.448793172836304 0.362768292427063 0.252100169658661 0.316374629735947 0.272723793983459 0.299595564603806 0.278009444475174 0.33887043595314 0.432253152132034 0.285341173410416 0.263772428035736 0.469318002462387 0.308659821748734 0.351303488016129 0.425141990184784
0.333538919687271 0.279194682836533 0.331497997045517 0.305351614952087 0.267399817705154 0.230752170085907 0.373438119888306 0.414297342300415 0.334647595882416 0.344282567501068 0.284296005964279 0.284512847661972 0.306354969739914 0.330089658498764 0.267807722091675 0.342775851488113 0.279886215925217 0.280176430940628 0.268757998943329 0.393869906663895 0.372279942035675 0.251771211624146 0.277738481760025 0.310329407453537 0.412613749504089 0.45405912399292 0.348250448703766 0.369294315576553 0.259803354740143 0.429000228643417 0.283706694841385 0.351246356964111 0.294421315193176 0.372568905353546 0.394148081541061 0.299988776445389 0.469283431768417 0.336878746747971 0.332061737775803 0.316195100545883 0.30529797077179 0.259879738092422 0.375490814447403
0.286697715520859 0.28901669383049 0.291870266199112 0.295692294836044 0.187160059809685 0.238644525408745 0.263819426298141 0.337595373392105 0.34433051943779 0.274360954761505 0.361407071352005 0.279830724000931 0.43806266784668 0.394881278276443 0.285434633493423 0.320158153772354 0.272094309329987 0.328597784042358 0.385463267564774 0.324089914560318 0.342062056064606 0.336259752511978 0.390401065349579 0.294588148593903 0.288553923368454 0.355910211801529 0.196820020675659 0.268108069896698 0.274621218442917 0.323925733566284 0.242530524730682 0.354068070650101 0.29397839307785 0.344356060028076 0.222185537219048 0.428996324539185 0.390022933483124 0.314080566167831 0.349165350198746 0.329295098781586 0.262534886598587 0.3423210978508 0.243119522929192
0.183830320835114 0.383079618215561 0.367820918560028 0.346445024013519 0.389513164758682 0.319667339324951 0.398674368858337 0.299214959144592 0.30324000120163 0.327577590942383 0.454851031303406 0.276401519775391 0.310078710317612 0.244576424360275 0.274351060390472 0.325137674808502 0.308949917554855 0.312201976776123 0.237120926380157 0.244008645415306 0.276641845703125 0.385749816894531 0.283916354179382 0.331900745630264 0.353069543838501 0.381917595863342 0.387647867202759 0.305394411087036 0.312856256961823 0.19471064209938 0.221821025013924 0.255248129367828 0.221643775701523 0.339447408914566 0.254927963018417 0.221007511019707 0.299262940883636 0.393712311983109 0.335948199033737 0.312282502651215 0.3040551841259 0.323773592710495 0.293636560440063
0.288285464048386 0.302704662084579 0.456367373466492 0.365770429372787 0.25571995973587 0.313690483570099 0.365557789802551 0.427902221679688 0.260339766740799 0.462226361036301 0.303449809551239 0.465666383504868 0.279776513576508 0.368450462818146 0.417887836694717 0.493922889232635 0.408678025007248 0.335475772619247 0.277930080890656 0.413867652416229 0.192085087299347 0.306978493928909 0.313467174768448 0.46512371301651 0.308116674423218 0.166532546281815 0.203553587198257 0.174076661467552 0.251503109931946 0.243934646248817 0.261168867349625 0.400710225105286 0.286101490259171 0.333484560251236 0.279010653495789 0.390082150697708 0.332860559225082 0.313689202070236 0.37589168548584 0.270179390907288 0.284222781658173 0.312716633081436 0.231326907873154
0.449614495038986 0.407512843608856 0.278405576944351 0.373281955718994 0.391394346952438 0.229126021265984 0.369819760322571 0.52736908197403 0.276466548442841 0.374629020690918 0.320624828338623 0.329851120710373 0.46881291270256 0.329900532960892 0.351975470781326 0.287044644355774 0.340474605560303 0.302647560834885 0.333788394927979 0.350251883268356 0.335292965173721 0.278472930192947 0.241765484213829 0.253122538328171 0.394958943128586 0.268134385347366 0.166604563593864 0.401624530553818 0.337921470403671 0.199287667870522 0.32832545042038 0.197923436760902 0.17928172647953 0.376369088888168 0.246400088071823 0.368130683898926 0.214304029941559 0.276521265506744 0.531094431877136 0.315269440412521 0.332723349332809 0.263059258460999 0.308612257242203
0.368376344442368 0.291535675525665 0.252331852912903 0.421718686819077 0.424126356840134 0.28007972240448 0.451895594596863 0.371510982513428 0.174117803573608 0.455037266016006 0.398787051439285 0.336598545312881 0.280446797609329 0.441520392894745 0.294464200735092 0.223818778991699 0.390041649341583 0.216487631201744 0.424371600151062 0.140828594565392 0.323919653892517 0.342252761125565 0.132279887795448 0.188840106129646 0.379751652479172 0.309954524040222 0.320938557386398 0.369907230138779 0.255803853273392 0.259969145059586 0.30401486158371 0.385211914777756 0.240177288651466 0.206503659486771 0.241080150008202 0.250090211629868 0.140405505895615 0.298359721899033 0.343237698078156 0.27909928560257 0.233076125383377 0.0262908525764942 0.272826284170151
0.211448058485985 0.282499492168427 0.338940024375916 0.381335377693176 0.205515548586845 0.300281405448914 0.363328754901886 0.416065126657486 0.381991773843765 0.405785173177719 0.250771194696426 0.446137130260468 0.377787262201309 0.352489829063416 0.367342531681061 0.358770996332169 0.420312821865082 0.282264024019241 0.235309422016144 0.120075307786465 0.318253248929977 0.21075963973999 0.167692095041275 0.181387200951576 0.177874758839607 0.190859794616699 0.122466899454594 0.099987618625164 0.281852871179581 0.148538559675217 0.27837336063385 0.222762763500214 0.291439086198807 0.252880811691284 0.0637673288583755 0.245941296219826 0.251973420381546 0.166951954364777 0.136556178331375 0.159546837210655 0.139822915196419 0.23030586540699 0.163657337427139
0.388225704431534 0.295727908611298 0.445125132799149 0.411125689744949 0.384925067424774 0.41161835193634 0.422574937343597 0.43492728471756 0.430316865444183 0.493430525064468 0.330662727355957 0.462188959121704 0.403271943330765 0.358447879552841 0.341656982898712 0.345100432634354 0.400684952735901 0.340920656919479 0.271795362234116 0.23481747508049 0.209911361336708 0.282244473695755 0.32010555267334 0.115955621004105 0.170952796936035 0.270675122737885 0.156384274363518 0.122968941926956 0.123636029660702 0.270102024078369 0.15312172472477 0.228538200259209 0.19663605093956 0.232636839151382 0.157346710562706 0.145926728844643 0.219898298382759 0.17341373860836 0.280584424734116 0.172902479767799 0.279617339372635 0.345471918582916 0.372392803430557
0.431702494621277 0.422988623380661 0.369026094675064 0.405392169952393 0.34692457318306 0.393087387084961 0.328946530818939 0.33606943488121 0.384673476219177 0.482519119977951 0.414606690406799 0.39113450050354 0.286271631717682 0.337027132511139 0.285774528980255 0.343462496995926 0.391105890274048 0.305316656827927 0.225261300802231 0.12371202558279 0.29018434882164 0.291766285896301 0.187080800533295 0.140543594956398 0.13806688785553 0.21510823071003 0.251380860805511 0.261651158332825 0.258130580186844 0.200513646006584 0.238479509949684 0.317180544137955 0.251660466194153 0.430382192134857 0.275144845247269 0.247262418270111 0.172320500016212 0.149120643734932 0.216293662786484 0.122823715209961 0.212817654013634 0.213536232709885 0.148499056696892
0.367202907800674 0.40491047501564 0.391862422227859 0.522726535797119 0.372840285301208 0.174034416675568 0.311274737119675 0.357545435428619 0.33630183339119 0.314978152513504 0.309775859117508 0.337746620178223 0.306541115045547 0.379182457923889 0.369184464216232 0.322515785694122 0.295745551586151 0.375053346157074 0.298036217689514 0.37407174706459 0.202644482254982 0.00672498252242804 0.201462656259537 0.225765064358711 0.0816068649291992 0.343393921852112 0.176784709095955 0.236366719007492 0.243843525648117 0.206303238868713 0.193070515990257 0.261363536119461 0.213905140757561 0.377219498157501 0.341688543558121 0.225394710898399 0.224168717861176 0.250556439161301 0.277626186609268 0.306643635034561 0.2784124314785 0.307301014661789 0.362159460783005
0.476339727640152 0.447621285915375 0.408035635948181 0.525275886058807 0.395074069499969 0.585739552974701 0.481267154216766 0.297614365816116 0.293815940618515 0.36085119843483 0.285182297229767 0.364686012268066 0.519615828990936 0.301997244358063 0.335755586624146 0.383685290813446 0.26437509059906 0.328199028968811 0.191533610224724 0.0525440201163292 0.196657732129097 0.163279950618744 0.236843407154083 0.142002373933792 0.296648025512695 0.236138701438904 0.163210809230804 0.234584331512451 0.213656395673752 0.273224860429764 0.225069954991341 0.238084509968758 0.247157156467438 0.226180881261826 0.37197408080101 0.266786336898804 0.271641552448273 0.232965901494026 0.311899125576019 0.261323034763336 0.310850203037262 0.358718931674957 0.30828320980072
0.446414202451706 0.507533013820648 0.537537157535553 0.44780308008194 0.31378185749054 0.553627073764801 0.346857279539108 0.407446295022964 0.36323344707489 0.356959283351898 0.426877468824387 0.449705004692078 0.399427026510239 0.309350043535233 0.423716157674789 0.344507604837418 0.400605946779251 0.243445336818695 0.129093691706657 0.104875288903713 0.00922658015042543 0.120320662856102 0.248306021094322 0.133893862366676 0.213590517640114 0.222914353013039 0.126628249883652 0.142094135284424 0.218146562576294 0.293174624443054 0.222349137067795 0.320525735616684 0.334446638822556 0.299711853265762 0.356210738420486 0.384104430675507 0.174885839223862 0.377400636672974 0.304556638002396 0.186029374599457 0.303479135036469 0.217763781547546 0.210755363106728
0.36586332321167 0.379881978034973 0.520263850688934 0.452802538871765 0.4926917552948 0.472143560647964 0.421745508909225 0.329371392726898 0.383391678333282 0.351085364818573 0.347073346376419 0.414122492074966 0.467065155506134 0.25532391667366 0.342744499444962 0.33482614159584 0.293504774570465 0.182214170694351 0.149064168334007 -0.0436399132013321 0.202125638723373 0.208495482802391 0.149666383862495 0.14774289727211 0.184088230133057 0.230673000216484 0.3051638007164 0.353949874639511 0.260712504386902 0.18312694132328 0.377520352602005 0.315260469913483 0.251822531223297 0.34069487452507 0.297759145498276 0.339785307645798 0.332908153533936 0.312205702066422 0.276456654071808 0.250247895717621 0.309189796447754 0.306576550006866 0.351015836000443
0.346315264701843 0.350080847740173 0.369146823883057 0.366937935352325 0.448668241500854 0.372335195541382 0.359604179859161 0.373517662286758 0.317903429269791 0.431452006101608 0.317408829927444 0.319762825965881 0.395993202924728 0.298047244548798 0.352961748838425 0.396799206733704 0.200758576393127 0.1800547093153 0.0687806308269501 0.168414920568466 0.257579445838928 0.209335431456566 0.159810096025467 0.103891387581825 0.163201361894608 0.187101274728775 0.364280134439468 0.326802670955658 0.315595746040344 0.341198474168777 0.42942801117897 0.297346860170364 0.35796257853508 0.272787511348724 0.302082031965256 0.402028232812881 0.301927387714386 0.289174497127533 0.181087866425514 0.375682294368744 0.464971452951431 0.40964674949646 0.321730345487595
0.344843745231628 0.324020087718964 0.315619826316833 0.316579401493073 0.491771697998047 0.315190941095352 0.458720326423645 0.4969142973423 0.461582183837891 0.462812960147858 0.43814942240715 0.347663104534149 0.555604219436646 0.330025255680084 0.224279820919037 0.205816686153412 0.106511153280735 0.0508512295782566 0.133532449603081 0.317618012428284 0.267471253871918 0.217720523476601 0.247505575418472 0.259866923093796 0.265706747770309 0.299385845661163 0.373995810747147 0.406719624996185 0.227302044630051 0.248888909816742 0.428064554929733 0.284466147422791 0.413274258375168 0.268380105495453 0.373757481575012 0.354069173336029 0.259020805358887 0.404343724250793 0.388610512018204 0.312856525182724 0.357256472110748 0.384931534528732 0.230632856488228
0.252767890691757 0.202882468700409 0.349051922559738 0.365300387144089 0.432385295629501 0.434455782175064 0.479276478290558 0.446354061365128 0.423372328281403 0.457010596990585 0.349735617637634 0.435294270515442 0.38251468539238 0.237102523446083 0.0617277882993221 0.177676618099213 0.168977424502373 0.228016436100006 0.390156090259552 0.136170029640198 0.322985470294952 0.369214624166489 0.35014683008194 0.384173035621643 0.277401268482208 0.338119268417358 0.458827883005142 0.325562685728073 0.417771339416504 0.318767935037613 0.289559960365295 0.409600287675858 0.331152528524399 0.422615587711334 0.443840235471725 0.430688679218292 0.386246979236603 0.299837291240692 0.340540826320648 0.374213218688965 0.376076221466064 0.31147176027298 0.316878318786621
0.215589597821236 0.3483926653862 0.228407755494118 0.122638881206512 0.30379045009613 0.241883218288422 0.286882191896439 0.40256741642952 0.527529835700989 0.425141215324402 0.383784592151642 0.490929484367371 0.19159571826458 0.192958563566208 0.293902486562729 0.43915531039238 0.236839488148689 0.372871071100235 0.201404869556427 0.316910952329636 0.283136397600174 0.3159319460392 0.453190803527832 0.264670550823212 0.437299638986588 0.340948104858398 0.251060366630554 0.416302144527435 0.380554348230362 0.298831462860107 0.524828672409058 0.408913731575012 0.478398144245148 0.398922234773636 0.43330442905426 0.400936663150787 0.293817281723022 0.443937450647354 0.373058766126633 0.311048060655594 0.358755975961685 0.441701889038086 0.356064677238464
