assets/gome_f/processed/ascii/world/gome_sif_world_20130201.asc
NCOLS 720 
NROWS 360 
XLLCORNER -180 
YLLCORNER -90 
CELLSIZE 0.5 
NODATA_value -3.4e+38 
[rows 152 to 170 of 360, columns 602 to 644 of 720]
0.134574487805367 0.173799350857735 0.207764759659767 0.10437199473381 0.364722579717636 0.152313470840454 0.217921897768974 -0.0133403865620494 -0.117580242455006 0.0213238932192326 0.017590643838048 -0.00794435199350119 -0.043066281825304 0.035529475659132 -0.0131291076540947 -0.0958286300301552 -0.0279758423566818 0.00457181734964252 0.133110478520393 0.153800383210182 0.0100905252620578 -0.0337081477046013 0.0498474687337875 -0.0859404355287552 0.00873669143766165 -0.0371511280536652 -0.0174842309206724 -0.0410643555223942 -0.0531127043068409 -0.0278114136308432 -0.0539626218378544 0.0264094956219196 -0.0281177163124084 0.061199065297842 0.0232590194791555 0.0555691532790661 0.0118865910917521 -0.0062223244458437 0.0304377414286137 0.0328339263796806 -0.0119527261704206 -0.0240033436566591 -0.0443600118160248
0.325359135866165 0.159710332751274 0.0507803857326508 -0.0585580728948116 0.0969729945063591 0.282892674207687 0.288303196430206 0.0228594075888395 -0.116315349936485 0.0252492967993021 0.0965115427970886 -0.00510159134864807 -0.0879555195569992 -0.183121144771576 0.0996014326810837 -0.0605939477682114 -0.0469844117760658 -0.0599356032907963 -0.0437727645039558 -0.0289366282522678 -0.046407476067543 -0.0124830985441804 0.0386199839413166 -0.0467059835791588 0.0417396761476994 0.142660692334175 -0.0622020326554775 0.0323894657194614 -0.0236392635852098 0.0316787362098694 -0.0255584437400103 -0.0242029018700123 0.0365696921944618 -0.0374874323606491 0.0220534931868315 0.066346064209938 0.0595936849713326 0.00717381201684475 -0.024156492203474 -0.0113937687128782 -0.0460853800177574 -0.0179141350090504 0.0498054325580597
0.174020394682884 0.179683700203896 0.156014919281006 0.00401925202459097 0.161309093236923 0.0887122601270676 0.280276507139206 0.274179071187973 0.0915230363607407 -0.0514965876936913 -0.0418817810714245 0.00915781036019325 0.0252549536526203 -0.0312673337757587 -0.0185407381504774 -0.0270869378000498 0.153855472803116 0.00235233525745571 0.0727911964058876 -0.0388922281563282 0.108127847313881 0.121224902570248 -0.0581672526896 -0.0277295280247927 0.0130854686722159 0.0839152038097382 -0.00405233120545745 0.000249601609539241 0.0536645762622356 -0.0110603608191013 0.0339343473315239 -0.0547876879572868 -0.00983607955276966 0.0338324829936028 -0.036328386515379 -0.0783320665359497 0.110565014183521 0.0520480759441853 0.0234339162707329 0.0573170632123947 0.0260515213012695 0.017959700897336 -0.0813130512833595
0.074890173971653 0.0929159820079803 0.0510850213468075 -0.0500207096338272 -0.00589066650718451 0.156257703900337 0.117398269474506 0.143514305353165 0.613537073135376 0.0886513590812683 -0.0217804182320833 -0.0362215414643288 0.0800665766000748 0.00163432850968093 0.0263055935502052 0.0235183127224445 0.0313112363219261 -0.0677309930324554 0.0909431427717209 -0.106536880135536 0.0216126311570406 0.0682535991072655 0.0662692561745644 0.0534363128244877 0.00409081764519215 0.0291190873831511 0.0206738449633121 -0.0918546840548515 0.00684270029887557 0.0946016907691956 -0.111328467726707 0.141881838440895 0.0822464600205421 0.111669711768627 -0.00902345031499863 0.0161500386893749 0.0597631111741066 -0.0242838691920042 -0.0208498332649469 -0.10502889752388 0.0836001336574554 -0.0111362254247069 0.00373644288629293
-0.0973391085863113 -0.112343207001686 0.286518514156342 0.336072444915771 0.197473630309105 -0.0279460363090038 0.161521852016449 0.105988353490829 0.36400830745697 0.153889045119286 0.00934145879000425 -0.0192511286586523 0.0748730152845383 -0.149232938885689 -0.0552126914262772 0.00526061421260238 -0.0955847129225731 -0.0031699005048722 -0.143378213047981 0.136655151844025 0.00494412845000625 -8.43238103698241e-06 -0.0612182579934597 0.059289962053299 -0.0144116580486298 -0.0614331513643265 -0.0200336836278439 -0.0787035226821899 -0.0411272309720516 0.0625455230474472 -0.0244861021637917 -0.0508583709597588 -0.031043054535985 -0.0006288206204772 -0.0129693690687418 -0.0896884724497795 0.00700568780303001 0.0179239381104708 -0.0504728853702545 0.0115671483799815 0.00818216521292925 -0.0807508528232574 0.0470360852777958
-0.0187101308256388 -0.0440058074891567 0.0752738192677498 0.449989944696426 0.458462297916412 0.0869577527046204 0.191003203392029 0.383668333292007 0.357756793498993 -0.00900818686932325 0.0878438353538513 0.121064215898514 0.00465813186019659 0.0767146870493889 0.0754605010151863 0.068909764289856 0.0433702543377876 0.0528033971786499 -0.0465162992477417 0.0514025762677193 0.00100206478964537 0.080204002559185 -0.00530301686376333 0.000671046320348978 0.0107731139287353 -0.0353612378239632 0.0441580824553967 -0.0312150698155165 -0.0594036020338535 -0.00318939448334277 -0.0243516601622105 0.0341663099825382 -0.0375293754041195 0.0437002256512642 0.0327082574367523 -0.0204288437962532 0.00250432756729424 -0.0416951291263103 -0.0145039828494191 0.120757378637791 -0.001476387726143 -0.0633888691663742 0.0239008665084839
0.0634033232927322 -0.0700435414910316 0.0721986442804337 0.121789298951626 0.109239310026169 0.148712262511253 0.255122512578964 0.00699687656015158 0.16027170419693 0.0348807126283646 -0.00575213925912976 -0.0450073704123497 0.0748022273182869 -0.0531253404915333 0.0211642943322659 0.0792477503418922 0.00348777906037867 -0.0973372086882591 -0.0147520890459418 0.0215033441781998 0.0555645897984505 0.00475823786109686 0.0586589835584164 0.0731012523174286 0.000762769836001098 -0.0125419087707996 -0.032049722969532 -0.00624722614884377 0.11276575922966 -0.0946600139141083 0.0129971439018846 -0.0193414129316807 -0.0165904480963945 -0.00160618918016553 0.0478327982127666 -0.0909777507185936 0.103027373552322 -0.00828925613313913 0.0303171630948782 0.0323534645140171 -0.059125442057848 -0.0444413051009178 0.0798506140708923
0.0436410047113895 0.0474501512944698 -0.0482851602137089 -0.0198052823543549 0.226409196853638 0.181822344660759 0.169529154896736 0.135739013552666 0.188303664326668 0.20281395316124 0.0916633456945419 -0.0136743942275643 0.0458964519202709 0.023501094430685 0.078407034277916 -0.0119819864630699 0.00113711354788393 0.0178060792386532 -0.0434706620872021 0.0360946170985699 0.0449857674539089 0.0162050500512123 0.0461673513054848 -0.0173999909311533 -0.0117808058857918 -0.0541053861379623 -0.0438789837062359 -0.0357378982007504 0.0380421206355095 -0.0709330141544342 -0.0510288998484612 0.018168156966567 -0.0740865990519524 -0.0366699993610382 -0.0202539246529341 0.145084425806999 -0.00375765259377658 -0.0191896837204695 0.00874860212206841 0.0670459941029549 0.00867954269051552 0.0500220656394958 -0.0249226167798042
-0.0734954476356506 -0.0539023987948895 -0.0796671733260155 0.164791136980057 0.434174060821533 0.170239359140396 0.257103264331818 0.0172435007989407 -0.0522904880344868 0.18752883374691 0.122306317090988 0.0715421140193939 0.0128442151471972 -0.0347769111394882 -0.1001962646842 -0.00247293896973133 -0.00467502698302269 -0.0118617173284292 -0.0802405998110771 -0.00719286175444722 -0.0299644619226456 -0.0248931236565113 -0.0927504077553749 -0.0028153860475868 -0.00779947452247143 -0.0347269624471664 0.0281939692795277 0.0644589215517044 -0.0802190825343132 0.102336853742599 0.0143573051318526 -0.0348227433860302 -0.120771236717701 0.0928585380315781 -0.0539558902382851 0.0831671878695488 0.0806782990694046 0.0641116797924042 0.0570239685475826 -0.013098381459713 0.0436979234218597 0.078213706612587 -0.0468406230211258
-0.022964445874095 -0.0834614336490631 0.00790572352707386 -0.00899224169552326 0.0196929275989532 0.0795059949159622 -0.0574903823435307 0.0249751247465611 0.0479030124843121 0.278283774852753 0.136196866631508 0.102226033806801 0.106233887374401 -0.00752489641308784 0.0711699649691582 -0.083070196211338 -0.138312295079231 -0.0189514588564634 0.0106292851269245 0.0201749671250582 -0.0694553330540657 0.0233244281262159 -0.0431491769850254 0.00995405949652195 0.0359730124473572 -0.023554477840662 -0.0519957803189754 -0.033034160733223 0.0262215491384268 -0.0187050811946392 0.0483524352312088 -0.0280019696801901 -0.115285649895668 -0.0304579697549343 -0.0139409378170967 0.0335539430379868 0.0172027982771397 -0.0640457272529602 -0.0208955090492964 -0.013945403508842 -0.0581405237317085 -0.03819540143013 0.00800140388309956
1.4403834939003e-05 0.093231700360775 0.0363308265805244 0.0481739230453968 0.11553181707859 0.149193033576012 0.00758015969768167 0.282892435789108 0.416881859302521 0.468449741601944 0.330771058797836 0.0677460208535194 0.000721988792065531 -0.0158600024878979 -0.0719064623117447 0.0871363580226898 -0.12009596824646 -0.0297885965555906 0.0443080365657806 0.0540146380662918 -0.0196473337709904 -0.153622463345528 -0.119296386837959 -0.0171429701149464 0.00356740248389542 0.0202069599181414 -0.109058924019337 -0.0597809180617332 -0.0525147542357445 -0.0230281818658113 -0.0105219660326838 -0.0663341283798218 -0.0535114370286465 -0.0500279292464256 0.00796614401042461 0.0213707536458969 0.0603999309241772 -0.0100313993170857 -0.0423842817544937 -0.0584510564804077 0.0961898043751717 0.0688956901431084 0.0507664456963539
-0.0296463333070278 -0.0853459164500237 0.109920099377632 0.230732351541519 0.352520376443863 0.391372174024582 0.38759258389473 0.453221887350082 0.483244985342026 0.309069156646729 0.453500121831894 0.118501134216785 -0.122129648923874 0.0400433763861656 0.0115211438387632 -0.00579389603808522 -0.000381949270376936 -0.0321857035160065 -0.134501308202744 -0.11036791652441 -0.0444377474486828 0.103300921618938 0.0921583697199821 0.0907094925642014 -0.134220242500305 0.0275915283709764 -0.0823579803109169 -0.0644150078296661 0.014281895942986 0.00151215039659292 -0.0471840761601925 -0.0331926718354225 -0.0692762732505798 -0.028715530410409 0.0170833952724934 0.0144308870658278 -0.0267368257045746 0.0515799634158611 0.063896082341671 0.0721660405397415 -0.0446279346942902 -0.0548977516591549 0.0298573020845652
0.00975846033543348 -0.0090369451791048 0.109138242900372 0.302456885576248 0.254042863845825 0.207598239183426 0.245984509587288 0.42173308134079 0.462169975042343 0.524514496326447 0.286192506551743 0.278322041034698 0.0509566441178322 -0.081724040210247 -0.00739222392439842 0.00220375298522413 0.00588067714124918 -0.050512608140707 -0.0312694348394871 0.0332055948674679 -0.0632680878043175 0.046652901917696 -0.0436590984463692 -0.012369860894978 -0.0327855795621872 -0.0189989898353815 0.105484485626221 -0.00781109184026718 0.0156335588544607 0.0126245636492968 0.0482876040041447 0.0414299257099628 0.0649911984801292 -0.0475741848349571 -0.0264114886522293 -0.0916487872600555 -0.100968256592751 0.0151221500709653 0.105914726853371 -0.0637078657746315 0.0297024585306644 0.0360217727720737 -0.0251214895397425
0.0631661266088486 0.0524358488619328 0.287927240133286 0.0459075197577477 0.0990367904305458 0.0644413009285927 0.256277024745941 0.391110152006149 0.50653213262558 0.469451904296875 0.402660548686981 0.178923383355141 0.0820137932896614 -0.0181209836155176 0.0707263723015785 -0.0117105385288596 0.118970267474651 0.00588671676814556 0.0185581482946873 -0.0170651059597731 -0.0114615112543106 -0.0552809201180935 0.0228740125894547 0.0179753731936216 -0.0576688982546329 -0.0862714350223541 0.129234999418259 -0.0801685079932213 -0.0779324322938919 -0.0360883735120296 0.00255214120261371 0.0421978831291199 0.1152578368783 -0.128227740526199 0.0225126221776009 0.0683690533041954 0.0753622129559517 -0.0335430055856705 -0.0121618704870343 0.0712569281458855 -0.00524937640875578 0.00841580890119076 -0.0521510057151318
-0.0638014525175095 0.149236097931862 0.0777406021952629 -0.0517214648425579 -0.0308351926505566 0.204100236296654 0.342615753412247 0.545005679130554 0.447087973356247 0.219877541065216 0.189146846532822 0.0635928884148598 -0.0224417969584465 -0.00836041290313005 -0.0393992811441422 0.024588119238615 -0.0695022866129875 0.0713813006877899 0.0129787512123585 -0.0235845670104027 -0.0933648273348808 -0.0932082608342171 0.0113210352137685 0.234086573123932 -0.0514478087425232 0.0207477901130915 -0.0587905086576939 0.102862700819969 -0.0578332282602787 0.013679419644177 0.115304872393608 0.0131423221901059 -0.02607361972332 0.0539422333240509 -0.00829397328197956 0.00447948416694999 -0.0539345741271973 0.02107491530478 0.0514945648610592 -0.00660157203674316 0.0113581120967865 0.0290479008108377 0.0353695228695869
0.100856423377991 0.0319091901183128 0.11096379160881 -0.0386627614498138 -0.0264651849865913 -0.0256059933453798 0.120138086378574 0.291701197624207 0.371531844139099 0.190505996346474 -0.00924695003777742 -0.0217688474804163 0.0128099052235484 0.0182507000863552 -0.0824896395206451 -0.0919897705316544 -0.0644122213125229 -0.0459946244955063 0.0263192318379879 0.0116804344579577 -0.116564519703388 0.157255724072456 -0.0295316241681576 -0.00143027945887297 -0.0304365288466215 0.00172622804529965 -0.0316113941371441 0.034798126667738 0.00958095397800207 -0.210467904806137 0.0504944585263729 -0.0343243069946766 0.0848748087882996 0.0803091078996658 0.10195542126894 0.00978018064051867 -0.0578400641679764 0.0360402837395668 0.0955203324556351 0.00752448290586472 0.116663977503777 -0.0330413766205311 -0.109451919794083
0.148899421095848 -0.0212929882109165 0.0330756343901157 0.0721995234489441 -0.0167001839727163 -0.0108264638110995 0.0375906862318516 0.146873280405998 0.180927991867065 0.0892926454544067 -0.0832281112670898 -0.0656066909432411 -0.0402997843921185 0.0656098872423172 -0.0322460271418095 -0.017113683745265 -0.0463096909224987 -0.0623587034642696 -0.0119736865162849 0.0326390489935875 0.0443330928683281 -0.110302157700062 0.0112982224673033 0.0682100728154182 0.029992213472724 0.0436730906367302 0.0222402568906546 0.0153450025245547 -0.0484523847699165 0.00276584038510919 -0.0571687407791615 -0.0221362169831991 -0.124691151082516 0.150163382291794 -0.0433885119855404 0.128852471709251 -0.0421271435916424 -0.0425748601555824 0.0975514650344849 -0.122284129261971 -0.00430172355845571 0.0189983546733856 0.0338547043502331
0.0140184564515948 0.0179484318941832 -0.0880162492394447 0.04009710252285 0.0555639453232288 0.0343225784599781 -0.025443933904171 0.185684338212013 0.0466161817312241 0.0922339111566544 0.0318008325994015 0.0417321510612965 0.101977854967117 -0.0490901619195938 -0.0482053644955158 -0.0476764179766178 0.008910215459764 0.128367945551872 -0.0630987361073494 -0.0217263475060463 -0.00318934465758502 -0.102864615619183 0.00381627143360674 0.142818734049797 0.0982880219817162 0.184100925922394 0.206889152526855 -0.0311882775276899 0.0141016896814108 0.0269120112061501 0.0549884997308254 0.0329004526138306 0.0918086022138596 -0.0337246619164944 0.0250457003712654 -0.0108118671923876 -0.00158979464322329 -0.0282732956111431 0.00286784465424716 0.0166532099246979 -0.0249992776662111 -0.0654565542936325 -0.100670799612999
0.0244413260370493 0.012831230647862 0.0134294563904405 -0.138150319457054 0.0271149836480618 0.0784523114562035 0.0436448827385902 0.0352900139987469 0.0089546637609601 -0.0086371898651123 0.0418870039284229 -0.0142096783965826 0.0333482250571251 0.0629662424325943 -0.0517052263021469 0.113573804497719 -0.0189807508140802 0.0735543742775917 0.0587719157338142 0.0156571008265018 0.0288023240864277 0.13132905960083 -0.0165318921208382 0.0323603227734566 0.0767764449119568 0.0414258241653442 -0.0126728266477585 -0.00991823803633451 0.000872382079251111 0.0559576041996479 -0.0319072268903255 -0.102971062064171 0.136348932981491 -0.0494156740605831 -0.0315750800073147 0.0171402674168348 -0.018402174115181 -0.0224311463534832 0.000599657010752708 -0.0488755106925964 0.105350501835346 0.0519755743443966 -0.0679358616471291
