assets/gome_f/processed/ascii/world/gome_sif_world_20120501.asc
NCOLS 720 
NROWS 360 
XLLCORNER -180 
YLLCORNER -90 
CELLSIZE 0.5 
NODATA_value -3.4e+38 
[rows 114 to 132 of 360, columns 258 to 300 of 720]
-0.0478192754089832 -0.0949806421995163 -0.0348406694829464 0.0379089713096619 -0.00189023232087493 -0.078754834830761 -0.0424778982996941 0.0114735038951039 -0.086688831448555 -0.00894441362470388 -0.090505063533783 -0.0385012440383434 0.0673847496509552 -0.0684285461902618 -0.0707084834575653 0.0392416939139366 0.0337426736950874 0.0245351549237967 0.00880671199411154 0.0559298954904079 0.0252293515950441 0.0376500077545643 0.052143719047308 -0.00890048686414957 0.0603857189416885 -0.00738859549164772 -0.0462772883474827 -0.028836453333497 0.0620731823146343 -0.0185867417603731 -0.036982599645853 -0.0121782207861543 -0.00713579077273607 0.11900819092989 -0.0212531462311745 -0.0292143821716309 0.127601534128189 0.0917392075061798 -0.109815083444118 0.0335694141685963 0.0296672638505697 0.0913296863436699 -0.0267152898013592
0.0355052202939987 0.000305858615320176 -0.0913636833429337 -0.0279684569686651 -0.0519704706966877 0.0356737412512302 0.0412053689360619 -0.0609760731458664 -0.068601056933403 -0.070920042693615 0.0033388074953109 0.0709489434957504 -0.0174512658268213 -0.053586021065712 0.00624655466526747 0.0712706968188286 0.0339810661971569 0.00591622153297067 -0.00691547710448503 -0.0583235397934914 0.143466055393219 -0.0575246922671795 -0.0632806643843651 -0.00636564195156097 -0.06858841329813 -0.0614820569753647 -0.00215646368451416 -0.0406337641179562 0.049553032964468 0.000454817491117865 -0.0750507116317749 0.0137415947392583 0.0430611148476601 0.0276235938072205 -0.0829409956932068 -0.00332835526205599 0.0895920321345329 0.0180272571742535 0.0418504439294338 0.0282927881926298 -0.0398931838572025 0.0721020400524139 0.00305726914666593
-0.00683864392340183 -0.0179175455123186 0.00320375291630626 0.0260449685156345 -0.0251846071332693 -0.0271446015685797 -0.0244230665266514 -0.0137173151597381 0.00741908699274063 -0.0698963478207588 -0.00851123966276646 0.0600646436214447 0.026195989921689 -0.0403424724936485 0.236569359898567 -0.0777340978384018 -0.036909181624651 0.0186809692531824 0.0673552230000496 -0.00149457447696477 0.104454949498177 0.0723463520407677 0.0580607987940311 -0.0149726076051593 -0.0640327930450439 -0.0630294531583786 -0.0302584581077099 0.0312678329646587 -0.0186390522867441 0.0402322970330715 0.100182123482227 0.0634571313858032 -0.0617776289582253 0.0112514924257994 0.0617473348975182 0.100515499711037 -0.0618147999048233 0.0388212539255619 -0.0198903791606426 0.00974142830818892 0.0112062394618988 0.00460610538721085 0.0941397771239281
0.037454679608345 0.0185912624001503 -0.0496541820466518 0.0164443962275982 -0.00595598202198744 0.0434841476380825 0.0287751797586679 0.0124804954975843 0.0826912745833397 -0.0417323559522629 0.0510403700172901 0.0980717465281487 -0.00328560289926827 0.0377522818744183 0.121810756623745 -0.111353740096092 -0.0208660494536161 0.050051249563694 0.0164817646145821 0.0248098708689213 -0.120189003646374 -0.0574325807392597 0.0246146451681852 0.0288906395435333 0.00986938364803791 -0.03111182898283 0.0945402532815933 0.0515161938965321 0.0306928716599941 0.0361286252737045 0.0246018581092358 0.0982457399368286 0.0797074511647224 0.0554708279669285 0.0249364171177149 0.0336947180330753 0.0733274295926094 -0.0148379188030958 0.0481230765581131 0.00510924775153399 0.0187110155820847 -0.00577588379383087 -0.0245660226792097
-0.019494691863656 0.0663673579692841 -0.0998230427503586 -0.0647760853171349 -0.0508394688367844 0.0517422296106815 0.00562083441764116 -0.0754331052303314 0.0176557563245296 -0.0449865348637104 -0.031107684597373 -0.0243684519082308 -0.0622957646846771 -0.107129894196987 0.0655710101127625 0.108828946948051 0.0460897460579872 -0.0297330711036921 -0.0130921946838498 -0.0547846369445324 -0.00420896010473371 -0.0462139956653118 0.0436829514801502 -0.00484615983441472 0.0916147455573082 -0.0444003343582153 -0.0311142913997173 -0.0662437900900841 0.0255883578211069 0.00423322105780244 0.0464275255799294 -0.0141897825524211 -0.00349382148124278 -0.0583578199148178 0.00700583402067423 0.0459687039256096 0.0124846957623959 0.0703842714428902 -0.0198496207594872 -0.0970169380307198 -0.0416810810565948 -0.113209575414658 -0.0183885153383017
-0.0418763719499111 0.0776897147297859 0.0369486697018147 0.0463004782795906 0.0450775399804115 -0.0109829651191831 -0.0372296310961246 -0.00447752280160785 -0.000728294253349304 -0.0382917895913124 0.0132058914750814 0.100621104240417 0.0820571407675743 -0.0510772690176964 -0.0314537920057774 0.0318692475557327 -0.100067555904388 0.0129408668726683 0.00401432532817125 0.0593684054911137 0.0786019414663315 -0.0225754212588072 0.0536380298435688 0.00371253490447998 -0.0344068333506584 0.0695719644427299 0.0524189248681068 -0.0761117115616798 -0.0365382544696331 -0.0324112884700298 0.0542581528425217 -0.028979355469346 0.103006511926651 0.074802003800869 -0.0468545407056808 0.0394576787948608 0.0998920351266861 -0.0163603872060776 0.0295974835753441 0.0649194642901421 -0.0181347969919443 -0.0182680655270815 -0.0248281229287386
-0.0282887015491724 0.0496944598853588 0.0568642392754555 -0.0750310346484184 0.104148775339127 -0.0851709097623825 -0.122799135744572 -0.0319987200200558 -0.0913365632295609 0.0300662238150835 -0.067133903503418 -0.0142078185454011 0.0274231061339378 0.0875938534736633 0.0359791070222855 -0.0448738560080528 0.0669897645711899 -0.0384312644600868 0.0106997052207589 0.0397839806973934 -0.00758613552898169 0.0588613413274288 -0.0928608402609825 0.0514053478837013 0.0330932177603245 0.0820827558636665 -0.0663454681634903 0.12442484498024 0.0160858184099197 0.0472003594040871 0.00585664389654994 0.0782586708664894 -0.0209007859230042 0.0591649189591408 0.0795339941978455 -0.0396387651562691 0.00294548901729286 0.0333123728632927 -0.0123249730095267 -0.000205421383725479 0.0473956391215324 -0.00367659702897072 0.00709048518911004
-0.0536049380898476 -0.0950226336717606 0.00431717466562986 0.0605459026992321 0.0145465275272727 0.024859543889761 0.0709289759397507 -0.0357788279652596 -0.0348342433571815 0.0440006405115128 -0.00089921394828707 -0.0112911108881235 0.00459126196801662 0.104498535394669 -0.099942572414875 -0.0234467927366495 0.00465850625187159 -0.062639482319355 0.0742254257202148 -0.0288724061101675 -0.0894488915801048 0.00611152127385139 0.0133463311940432 0.0292932763695717 -0.0227457918226719 0.0203305277973413 -0.0138558810576797 0.0325746797025204 0.0429612770676613 0.0150096770375967 0.0273533426225185 -0.0341783948242664 0.00770230870693922 0.0422113947570324 -0.0051966761238873 0.0170267708599567 0.0204801540821791 0.0231803245842457 0.0252535380423069 0.0099419541656971 0.00558413378894329 0.00977018661797047 0.0297468490898609
0.104604959487915 -0.00101075286511332 0.0326192937791348 -0.00918410997837782 0.0451350063085556 -0.0189124029129744 -0.0432526953518391 0.0534624420106411 0.056110255420208 0.0264898296445608 -0.00459637213498354 0.0381146445870399 0.0248869657516479 0.0105858081951737 -0.0149808563292027 -0.0344407819211483 -0.00520994188264012 -0.0219082068651915 -0.00471269711852074 0.0365272276103497 0.0142455874010921 0.0646671429276466 0.0552797317504883 0.0101722432300448 -0.117690846323967 0.0198572129011154 -0.018745519220829 -0.00661541474983096 -0.0437273308634758 0.0270806457847357 0.0084199570119381 -0.14220067858696 -0.04008674249053 0.0733717530965805 -0.0507885217666626 0.0754101574420929 -0.0102631663903594 -0.0091590778902173 0.0726464986801147 -0.00536663830280304 -0.0776770412921906 -0.0573134906589985 0.000880187144502997
0.0210553668439388 -0.0349025316536427 -0.0833539143204689 -0.0182267297059298 -0.0487163588404655 -0.00502613373100758 -0.0617678053677082 0.0174198970198631 -0.0199407208710909 0.0173832606524229 -0.0566497631371021 -0.0866723284125328 -0.0793729200959206 0.0673976242542267 -0.141724333167076 -0.0607351399958134 -0.0421866998076439 0.0049524256028235 -0.0442269034683704 0.140826568007469 0.0215228982269764 -0.0382050909101963 -0.0216278582811356 -0.0654615759849548 -0.0387320891022682 -0.053089302033186 -0.0335031226277351 0.0108873462304473 0.00566900800913572 0.0797210857272148 0.0295207016170025 -0.0544320568442345 0.034809272736311 -0.0341577306389809 -0.0531681030988693 0.0457665994763374 0.0279044844210148 -0.0237813629209995 -0.0577922575175762 -0.0191104579716921 0.00134562700986862 -0.0154544748365879 -0.0566192045807838
0.0100541710853577 -0.0254506915807724 0.0693397894501686 -0.0291460957378149 0.0221930984407663 0.00456419540569186 -0.0131935738027096 -0.0308169722557068 0.00228715944103897 0.0256246440112591 0.0296028535813093 -0.000722036464139819 -0.0720199048519135 0.00931178126484156 0.0384060069918633 0.018893513828516 0.0160820949822664 -0.0334771350026131 0.0751865729689598 0.026079848408699 0.0030928929336369 0.0521826222538948 -0.0328192971646786 0.0219264198094606 0.0403754264116287 -0.0584193915128708 -0.031024307012558 0.00753094255924225 -0.0327973999083042 0.0515583269298077 0.0879620835185051 -0.0147820385172963 -0.0630293563008308 0.00922319944947958 0.0223681796342134 0.0325010344386101 0.0482257045805454 -0.0204649064689875 -0.0116592179983854 0.069254457950592 -0.0129368081688881 -0.0365934409201145 -0.0760026052594185
-0.0329182669520378 0.0617133602499962 -0.0765006616711617 0.0293141882866621 -0.0589370131492615 0.0159507021307945 0.0378813967108727 -0.00504577159881592 0.00472252164036036 -0.039525467902422 -0.0185580383986235 0.0399830490350723 -0.0114421220496297 -0.094664603471756 0.0817650929093361 0.0483329892158508 0.013647785410285 -0.00387267535552382 -0.0193114373832941 -0.0521839261054993 0.0411333441734314 0.00750217493623495 -0.00847610365599394 0.0305350366979837 -0.00048404186964035 -0.0171739347279072 0.00417842995375395 -0.0403204821050167 0.046426385641098 -0.0473496727645397 0.00638797739520669 -0.0203392934054136 -0.0607037730515003 0.00785562768578529 0.0451538600027561 -9.68451277003624e-05 -0.0169222857803106 -0.0616240203380585 -0.0875605717301369 -0.0421944595873356 0.0118450215086341 0.106802389025688 -0.00849485397338867
-0.0158961676061153 0.0206639878451824 -0.0327709317207336 -0.0246988665312529 -0.0649319142103195 -0.0687014758586884 -0.00912935566157103 0.0118922377005219 0.0362344495952129 0.053727250546217 -0.00683652423322201 -0.067691870033741 -0.0152727384120226 -0.0236231926828623 -0.0584548972547054 -0.00216424465179443 -0.0103897107765079 0.00637100730091333 0.00478457100689411 0.0140077508985996 0.0372327528893948 0.0231207944452763 0.00122962484601885 -0.0303541216999292 -0.0010142537066713 -0.0650934651494026 0.0284020602703094 0.0692534148693085 -0.019970778375864 -0.0354087240993977 -0.142979353666306 0.0338215045630932 -0.0860103517770767 -0.0919905081391335 0.00722295232117176 0.0874808952212334 0.0217230059206486 -0.0522334165871143 -0.0692680180072784 -0.0480162240564823 0.0501924306154251 0.0365090221166611 -0.0165117047727108
-0.0161602981388569 -0.0427549034357071 0.0919234752655029 0.0617135390639305 0.0140844602137804 -0.0137418601661921 0.00331724178977311 -0.0424963124096394 0.0237111616879702 -0.0958751142024994 0.0452670566737652 0.0262430589646101 0.110135324299335 -0.00821960438042879 0.0805784463882446 0.00567056285217404 -0.023796409368515 0.0461500734090805 0.0194845646619797 0.0045369085855782 0.105408154428005 -0.0508019104599953 -0.0266608633100986 0.122714094817638 -0.0420407839119434 -0.00357521744444966 0.0216449163854122 -0.0706141218543053 -0.10564935952425 0.0601906962692738 -0.00923010520637035 0.00259952549822628 -0.0173287149518728 -0.03290955722332 -0.0216572005301714 0.0444349199533463 0.0110682537779212 -0.0143737997859716 -0.00477993581444025 -0.0208702329546213 -0.0636072233319283 -0.0467459484934807 -0.0224702544510365
0.0215542409569025 -0.00973355770111084 -0.104736231267452 0.0440515577793121 0.0817634463310242 -0.0762107819318771 -0.0508902929723263 -0.00560877658426762 -0.0269751716405153 0.144324868917465 -0.0288712773472071 0.0176097825169563 0.0931039154529572 -0.068430207669735 -0.0239007584750652 -0.0975388884544373 -0.0485200323164463 -0.0814889594912529 0.185957238078117 0.0301086530089378 -0.00664054695516825 -0.0791769251227379 0.00791730359196663 0.0825626030564308 0.0499286390841007 -0.015005393885076 0.0182246752083302 0.023390019312501 -0.0261306911706924 -0.0406728759407997 -0.0255553908646107 -0.0891532748937607 -0.0423589386045933 -0.055993739515543 -0.0428296402096748 0.0492285452783108 -0.0189460795372725 0.0198608413338661 0.0461532399058342 0.0113980630412698 0.0542386323213577 -0.00397520884871483 -0.0213762633502483
-0.000797360029537231 0.025555070489645 -0.0505249500274658 0.0106481947004795 0.0842643454670906 -0.0951043367385864 0.0459775254130363 0.0472174696624279 -0.113309666514397 -0.119876094162464 -0.015508446842432 0.109713509678841 0.0489634498953819 0.0598089620471001 0.0958855971693993 -0.063128300011158 -0.0362531542778015 0.0139555288478732 0.0933993682265282 0.0443235002458096 0.0426177121698856 0.0123230796307325 0.099348820745945 0.129765912890434 0.0792239308357239 0.112798057496548 0.0334424749016762 -0.0125377895310521 -0.058391846716404 -0.0729541182518005 0.00101911672390997 -0.00344932195730507 -0.01018494553864 -0.0481232441961765 -0.00859996117651463 0.0214476119726896 -0.0963334813714027 -0.0705751329660416 -0.0198070034384727 -0.0366676300764084 0.0702833011746407 -0.0265911221504211 -0.0250387936830521
-0.0400227792561054 -0.0294479914009571 0.00092543795472011 -0.0474596060812473 0.0429122075438499 0.002990348264575 -0.116694919764996 -0.05654526501894 -0.0295956321060658 -0.054159551858902 -0.0126972896978259 0.06962551176548 0.0316474661231041 -0.0459724366664886 -0.0487699024379253 0.0420315265655518 -0.0735347867012024 -0.00214853603392839 0.028598740696907 -0.0410224050283432 -0.032715555280447 -0.0903793051838875 0.0583508387207985 0.105093814432621 -0.00593197485432029 0.0448230393230915 0.0599945336580276 0.000125897553516552 0.0984084606170654 0.100138321518898 0.0638278052210808 0.107702225446701 -0.012200434692204 0.0566164329648018 0.0474864691495895 -0.0157991647720337 0.0515648722648621 0.0682072564959526 -0.0501743070781231 0.00495109427720308 0.00927906204015017 -0.0043467921204865 -0.0675165429711342
0.0062705953605473 0.0443013831973076 -0.0382373109459877 -0.0454908385872841 -0.00174250127747655 -0.025489354506135 -0.0281461030244827 0.110002070665359 0.0423344373703003 -0.00878782942891121 0.0199546720832586 0.0138773554936051 -0.0145206265151501 0.107474036514759 -0.0152635462582111 -0.0322687439620495 0.0341343320906162 -0.0254206210374832 -0.0695266723632812 -0.00746897049248219 0.145651087164879 -0.129668399691582 0.0374356284737587 0.0570545755326748 0.0485718250274658 0.102907940745354 0.000167851641890593 0.0329242721199989 0.00955860037356615 -0.0196035727858543 -0.0705468356609344 0.0462983809411526 -0.0112610012292862 -0.112823635339737 -0.0248818919062614 0.0543320029973984 0.022098733112216 -0.0327902734279633 -0.0567539483308792 -0.0707492530345917 0.0158433075994253 0.015050183981657 0.0101779485121369
-0.0431701801717281 0.0540596358478069 0.0453523769974709 0.0432344526052475 0.061440896242857 -0.0248416587710381 -0.0270139183849096 -0.0794255062937737 0.0462012812495232 -0.0686194896697998 -0.103242337703705 0.0582327879965305 0.0177564527839422 -0.00064443243900314 0.0680532902479172 0.00287726800888777 0.0112219704315066 -0.0424676984548569 0.0153611283749342 0.119115933775902 -0.0385569110512733 0.0632741376757622 0.073604092001915 -0.0294139627367258 -0.0145238740369678 -0.0142044611275196 -0.0549565330147743 -0.0173928122967482 -0.0125782648101449 0.00329334544949234 0.0718796104192734 0.0320796631276608 -0.0708348974585533 -0.037747535854578 -0.0630719214677811 -0.00200654985383153 0.0101364441215992 -0.118876457214355 -0.0189380310475826 0.0234489217400551 0.0185177251696587 -0.0482405535876751 -0.0447874665260315
