assets/gome_f/processed/ascii/world/gome_sif_world_20120701.asc
NCOLS 720 
NROWS 360 
XLLCORNER -180 
YLLCORNER -90 
CELLSIZE 0.5 
NODATA_value -3.4e+38 
[rows 209 to 227 of 360, columns 129 to 171 of 720]
-0.0646596178412437 -0.0459353663027287 0.0868790149688721 -0.0689115598797798 -0.00985011085867882 -0.0114778652787209 0.00658595282584429 0.0150738041847944 0.00373224215582013 0.00463604275137186 -0.00336064794100821 0.0271538868546486 -0.0303726252168417 0.0159142073243856 -0.0708148777484894 0.0761386901140213 0.0601436235010624 0.0194135662168264 0.0504577234387398 0.052688080817461 0.0668516904115677 -0.122653052210808 0.0253177098929882 0.00132697378285229 -0.106557548046112 -0.212252780795097 -0.0263006389141083 -0.0489224009215832 0.00518748257309198 0.0216795224696398 -0.0591864585876465 0.0153959421440959 -0.0475114919245243 0.0715925246477127 -0.0202009193599224 0.0287956688553095 -0.0518255308270454 0.0971503257751465 -0.0494255274534225 -0.0382598266005516 -0.0142521318048239 -0.0161739680916071 -0.0659812241792679
0.0301060937345028 -0.0479114688932896 0.0172447077929974 0.0331615693867207 -0.00242544547654688 0.025792982429266 -0.00601484859362245 -0.040892232209444 0.0529222935438156 -0.0327176973223686 0.00828221626579762 0.0172672532498837 -0.0558980628848076 -0.0701341778039932 0.0118504781275988 -0.0365698970854282 0.0721412524580956 -0.0517333224415779 0.00921704154461622 -0.0191109366714954 -0.0720549672842026 -0.0159896090626717 -5.29665012436453e-05 -0.0736794248223305 0.0231359265744686 -0.0126275960355997 -0.0444930717349052 -0.0214707069098949 -0.0220263786613941 0.0487458296120167 0.0803013890981674 -0.0216159615665674 -0.0286638084799051 0.010286133736372 0.0201016664505005 -0.0447201356291771 0.10071125626564 -0.213858842849731 -0.0124044716358185 -0.0249561350792646 0.125448957085609 -0.0396861582994461 -0.0478934310376644
-0.0683399885892868 -0.00478219427168369 -0.00793081428855658 -0.0477085299789906 -0.0246655289083719 -0.102943181991577 0.0217071529477835 0.0174949839711189 0.0689520984888077 0.00527689047157764 0.00395463686436415 -0.0447691604495049 -0.000423016026616096 0.0634497553110123 -0.0296476148068905 -0.02636125870049 0.0376881137490273 0.0649996027350426 0.0489462204277515 0.0110138850286603 0.0206992290914059 0.089757576584816 -0.0204427167773247 0.0649139508605003 -0.0371612273156643 0.00772795313969254 0.0256294962018728 0.0263644605875015 -0.0151015715673566 -0.0924666747450829 -0.0260945726186037 -0.0327381379902363 0.0458186231553555 0.0550908744335175 0.00195266678929329 0.00553070893511176 -0.0360733307898045 0.0738187432289124 0.00799726787954569 -0.00787262991070747 0.0438375845551491 9.2434034741018e-05 -0.0375435352325439
0.0310147404670715 -0.00330790178850293 -0.0805085301399231 -0.031160207465291 -0.0149406474083662 0.0213411711156368 -0.0018996357684955 -0.0413253046572208 0.0501720458269119 0.0960367619991302 0.065988302230835 -0.0598639771342278 -0.0358339883387089 0.0774694979190826 0.0084711043164134 -0.0103072058409452 -0.0908957943320274 -0.0496109612286091 0.0187345240265131 0.0442357175052166 0.0397305525839329 0.112832024693489 0.00379694788716733 0.0491982363164425 -0.0405752658843994 -0.0269326623529196 -0.0182858854532242 -0.00982871651649475 0.00334163336083293 0.0265810023993254 0.00507394596934319 0.0122032994404435 0.0204706583172083 0.0234337169677019 -0.0333871804177761 -0.080882802605629 -0.0959682986140251 0.114199191331863 0.0984169840812683 0.0761226415634155 -0.014394904486835 -0.0683968365192413 0.0289884880185127
-0.0515593625605106 -0.0386443398892879 -0.00652154348790646 -0.0138892820104957 0.0176211576908827 0.0480492599308491 0.0931335687637329 0.0199615508317947 0.023744884878397 0.0610670745372772 -0.00788175873458385 -0.0406431965529919 0.00863129273056984 -0.0452536754310131 0.093887947499752 -0.0631936714053154 0.0329983457922935 0.0133988047018647 0.0631157457828522 0.0289147105067968 0.0269428584724665 -0.0503640808165073 -0.019985755905509 0.00497338175773621 0.0327015146613121 0.0666434317827225 0.064478300511837 0.0775138363242149 -0.0831912457942963 -0.101028457283974 0.0019735551904887 -0.0242999792098999 0.0385799258947372 -0.0420263931155205 -0.0177449248731136 -0.0429108291864395 -0.0517930202186108 -0.0280265603214502 -0.0814732983708382 -0.0518721118569374 0.00137845030985773 -0.0743252262473106 -0.13529859483242
-0.0359955169260502 -0.0708445385098457 -0.00438992120325565 -0.011317296884954 -0.0435182191431522 0.010207885876298 0.0361260361969471 0.0153174512088299 -0.0766395479440689 -0.0147682232782245 -0.0137597434222698 0.00101727514993399 0.0321567356586456 -0.00613713031634688 -0.0746120810508728 0.0307322647422552 0.0110370917245746 -0.0247165355831385 -0.0772599801421165 -0.0436455644667149 -0.0826771259307861 0.0202354565262794 0.0381907261908054 -0.0222405064851046 -0.0281801391392946 0.0540228933095932 -0.0167810004204512 0.0561438798904419 -0.0632138401269913 -0.0886368528008461 -0.0067204674705863 0.0725061073899269 -0.00281820027157664 0.0415908582508564 -0.00283531099557877 0.0154826426878572 -0.10288779437542 -0.127193689346313 -0.0612571500241756 -0.0612098202109337 0.0188885983079672 0.0427478849887848 -0.0872035995125771
-0.0451536476612091 -0.0398312881588936 -0.00625907396897674 -0.00710050482302904 0.0415703952312469 0.062731921672821 -0.00569942919537425 0.0623857975006104 0.0306454710662365 -0.0201321262866259 -0.0386436246335506 -0.0454995706677437 0.0623856075108051 -0.0594376511871815 -0.0358671993017197 -0.0457279942929745 -0.0219627227634192 0.0323776006698608 -0.0388685055077076 0.119539029896259 0.00435249973088503 0.0141853634268045 0.0192685797810555 -0.00318202911876142 -0.0313416235148907 -0.0368436053395271 0.0960555598139763 0.129218071699142 -0.0639692768454552 -0.0628024935722351 -0.106086447834969 -0.0408526472747326 -0.0247608497738838 -0.00863332115113735 -0.0271020010113716 -0.0324755497276783 0.00330489361658692 -0.033671397715807 0.0229579191654921 -0.0278270468115807 -0.187070325016975 0.0565563105046749 -0.0187899470329285
-0.0407907329499722 0.00541889574378729 0.0457654297351837 0.0301770623773336 0.0584081336855888 -0.0222702752798796 -0.0272304136306047 -0.0031497641466558 0.039717074483633 0.0210660398006439 0.0156736820936203 -0.0248899646103382 -0.00568233802914619 -0.0553362481296062 0.0201314333826303 -0.0229215621948242 -0.0657868459820747 0.0410241410136223 -0.0527383796870708 -0.0904812812805176 -0.0631942823529243 0.00827146414667368 -0.161010682582855 -0.0131832165643573 -0.0427426248788834 0.0829760283231735 -0.0412097461521626 -0.115771412849426 -0.0156154632568359 -0.0386496260762215 -0.0621366500854492 -0.0284669455140829 -0.0740498900413513 0.00804217625409365 -0.0489936843514442 -0.0105244014412165 -0.0345247127115726 0.0180480405688286 -0.0308738630264997 0.0300279464572668 0.0220974292606115 0.0238150730729103 0.0645692124962807
-0.0328667312860489 0.0119239250198007 0.0566096492111683 -0.0334199965000153 0.0404259525239468 -0.0180385690182447 -0.0328969471156597 -0.0363525152206421 0.0120483934879303 0.0547394789755344 -0.0019558344502002 -0.00312427245080471 -0.0532408729195595 0.048769187182188 0.0392306856811047 -0.0057137468829751 -0.0080822454765439 0.0455782972276211 -0.0659053102135658 -0.0481778234243393 0.0141282668337226 -0.0254344325512648 -0.0115661695599556 -0.0333516523241997 -0.028102008625865 -0.0631609708070755 0.0465976670384407 -0.0208294615149498 -0.0522883273661137 -0.0321227014064789 -0.156920120120049 -0.0787101462483406 0.130490854382515 -0.0221752803772688 0.0411162376403809 -0.0503890812397003 0.0203906241804361 0.0215625669807196 -0.0798256620764732 -0.0169242490082979 -0.0552044697105885 -0.151714012026787 -0.0370124690234661
0.0309570822864771 -0.0725027620792389 0.0112418094649911 -0.0335816815495491 0.0527716688811779 -0.104571901261806 0.0545208938419819 0.0272509604692459 -0.0453291907906532 0.0539264194667339 0.0296048745512962 -0.0226050689816475 0.0434293001890182 0.0399985164403915 -0.00683670537546277 -0.059797465801239 -0.0116882044821978 -0.0764337852597237 0.0373280234634876 0.0433801971375942 0.0626522302627563 0.0659852474927902 0.0348877310752869 0.00278685544617474 -0.0583033636212349 -0.0140858693048358 -0.088569276034832 -0.0551543869078159 -0.0172576569020748 0.0235060080885887 0.0823723375797272 0.0603193566203117 -0.00357284233905375 -0.106167025864124 0.00645505683496594 0.0419021844863892 -0.0302951019257307 -0.00773572223260999 0.0258169528096914 -0.0203909035772085 -0.0396389104425907 -0.125713050365448 -0.0955337584018707
-0.00483215553686023 -0.0345802083611488 0.0213754363358021 -0.0168608482927084 -0.0645643323659897 -0.0200955960899591 0.0357828289270401 -0.0162534452974796 -0.0270826146006584 -0.00265603675507009 0.0391742847859859 0.0457523204386234 -0.0711477026343346 0.00903264526277781 0.00801730807870626 0.0660402104258537 -0.0817022100090981 0.0659877881407738 0.0654817223548889 -0.0084410272538662 -0.0298331864178181 -0.0145251331850886 -0.00211065448820591 -0.0462438091635704 0.0101565541699529 -0.000647864304482937 -0.00737112201750278 0.00415446888655424 -0.0711826756596565 0.00544718746095896 -0.0527040958404541 0.0174605492502451 0.0169027298688889 0.00522309495136142 0.0110426070168614 0.0292711816728115 -0.0177311170846224 0.0127686904743314 -0.0163914915174246 0.0432112105190754 0.0385550297796726 -0.115221455693245 -0.0955376476049423
-0.0637774169445038 -0.0094293262809515 -0.0333214104175568 -0.0856487676501274 -0.0744142681360245 0.0448133759200573 0.0670963376760483 0.0262629278004169 0.0205222275108099 -0.00421879021450877 -0.0518638081848621 0.051550529897213 -0.0611990131437778 -0.0359097719192505 -0.0215537063777447 -0.0296363085508347 0.0394260212779045 0.0471661388874054 0.0232268925756216 -0.0456476174294949 -0.0500225462019444 -0.0432882606983185 0.00853745546191931 0.0182310864329338 -0.130937054753304 -0.0217907950282097 -0.0765890181064606 0.00264906231313944 -0.00955031998455524 -0.0275908336043358 -0.07996766269207 -0.00718900933861732 -0.0593610517680645 -0.0997669398784637 -0.0171676743775606 0.0749532580375671 -0.0159440040588379 -0.0164049696177244 -0.0701121315360069 -0.0294211357831955 0.118256457149982 -0.00205937772989273 0.0834815874695778
-0.0063483826816082 -0.107486836612225 0.0280046779662371 0.00490372162312269 -0.0304882302880287 -0.0649749860167503 0.0106726959347725 -0.100884430110455 -0.0201755240559578 -0.0285948943346739 -0.00494739413261414 0.00358442030847073 -0.030203465372324 0.0482963100075722 0.0530045218765736 0.0142243755981326 0.0396451875567436 -0.0465075373649597 0.0387577004730701 0.00228421576321125 -0.0344990938901901 0.0149101987481117 0.0911910533905029 -0.0739868134260178 -0.062663309276104 0.039482407271862 -0.136930570006371 2.3385578970192e-05 0.0286619607359171 0.0214727018028498 -0.0706634521484375 -0.0488723143935204 -0.0840522646903992 -0.0594723038375378 -0.0420651510357857 0.051510825753212 0.0731505826115608 -0.0321454517543316 -0.0575186833739281 -0.0484758019447327 -0.0442169345915318 0.0252561215311289 -0.0471605025231838
0.0240858439356089 -0.0361452475190163 -0.0151340737938881 0.0418082661926746 -0.0316953808069229 0.0313078388571739 0.0344424247741699 -0.0477409362792969 -0.0334467440843582 -0.0393191464245319 -0.039281852543354 0.0287902001291513 0.0452875159680843 -0.0444132648408413 0.0854082107543945 -0.229054003953934 0.0715809538960457 -0.0245258677750826 -0.0417546778917313 0.0538671165704727 0.0227917581796646 -0.0839922651648521 0.0366764254868031 -0.0157855860888958 0.0181953422725201 -0.0530970878899097 0.0169700291007757 -0.0893733724951744 0.0686767175793648 0.0190756134688854 -0.0141770616173744 -0.0653963387012482 0.0028245965950191 -0.000646584085188806 0.00173402507789433 -0.153003573417664 0.0471752770245075 -0.0341513268649578 -0.00725523382425308 -0.0309704001992941 -0.00673519028350711 0.0446282848715782 -0.0335924811661243
0.0185899548232555 -0.0343133024871349 -0.0885003805160522 -0.000556328741367906 -0.00769759621471167 -0.058155033737421 0.0462651327252388 0.0318019464612007 0.0572416372597218 -0.0464074239134789 -0.0473652295768261 0.0210874788463116 0.00190481031313539 0.0280007719993591 0.045129407197237 -0.0312166847288609 -0.0302000995725393 0.0317045748233795 0.0448858104646206 -0.0349932536482811 -0.041477482765913 -0.0442961752414703 0.00173388095572591 -0.0556670017540455 -0.00739418482407928 -0.0592003688216209 0.0618873871862888 -0.135167717933655 0.00231885630637407 0.0992584899067879 -0.0630308464169502 -0.00301749212667346 0.0329493656754494 0.0218838211148977 0.0943243578076363 0.0818529799580574 -0.0566880144178867 -0.0525826998054981 -0.0790286809206009 -0.00120309647172689 -0.00627827504649758 0.108708620071411 -0.0390258878469467
-0.12730661034584 0.0634204968810081 -0.0102337645366788 -0.00893100816756487 -0.0673410817980766 -0.0290652997791767 -0.0296931825578213 0.00649168156087399 -0.0878749564290047 0.0404749624431133 0.0648599714040756 0.0700181499123573 -0.0343488864600658 -0.0584874898195267 0.0818656235933304 -0.0657377764582634 -0.0123904468491673 0.0120454933494329 -0.00272110546939075 -0.0104821603745222 -0.0179416052997112 -0.0218114722520113 -0.0122273750603199 0.0736767128109932 -0.0349323749542236 0.0297746919095516 -0.0642125755548477 -0.09028659760952 -0.0134066315367818 0.0602994486689568 -0.0284010116010904 0.0198926869779825 -0.0528145469725132 0.0196462534368038 -0.0145538421347737 -0.107922315597534 -0.0121159609407187 0.0383831858634949 -0.123412430286407 -0.0164117235690355 0.107412204146385 -0.111439578235149 0.00434041162952781
0.0546839386224747 -0.0784903019666672 -0.093194454908371 -0.0159730929881334 0.0406174622476101 0.0498476177453995 0.000548760930541903 0.0373918861150742 0.073864758014679 0.0372052453458309 -0.0602850094437599 -0.0954721793532372 -0.0892779007554054 0.00233609648421407 -0.0364357419312 -0.0783637389540672 -0.00639881193637848 -0.0614051334559917 0.0206949822604656 -0.150607004761696 -0.0725879669189453 0.0155182518064976 0.019525121897459 -0.112048961222172 -0.062710203230381 0.0410011075437069 -0.039312444627285 -0.0470621921122074 -0.0611489452421665 0.125578135251999 -0.108545936644077 -0.0349227413535118 -0.107126668095589 -0.0257514882832766 -0.0914258435368538 0.0396619066596031 -0.00935003906488419 -0.0353731885552406 0.0436042994260788 -0.0159663967788219 0.0855717062950134 -0.0494571812450886 0.0518525876104832
0.0448534451425076 -0.0228129010647535 -0.0708025097846985 -0.100379332900047 -0.0218423418700695 -0.0735368579626083 -0.0676764026284218 0.0287304874509573 0.0156940054148436 0.0394338630139828 -0.0689091011881828 -0.0269277542829514 -0.0131955640390515 -0.0258716065436602 -0.00219830963760614 -0.0141059756278992 -0.0775323659181595 -0.0852078422904015 0.0382382646203041 0.0554874911904335 0.00791866704821587 -0.0463151447474957 -0.080982930958271 0.0142000680789351 0.0241487752646208 -0.0238042548298836 0.0962685346603394 -0.0655814185738564 -0.0451619923114777 0.0380538180470467 -0.0856612026691437 -0.0284529440104961 -0.1108268648386 -0.116921648383141 0.0420853868126869 0.0808548256754875 0.0527607165277004 0.0189193058758974 0.0133851850405335 0.0479448176920414 -0.00342105817981064 -0.0294345952570438 -0.0277570616453886
-0.0215008594095707 0.0136805716902018 -0.0582427904009819 0.0639177337288857 -0.0410490147769451 0.00924881175160408 0.043818324804306 0.0411650650203228 -0.0922369807958603 0.0281830877065659 -0.00208525126799941 -0.0525608398020267 -0.0665184631943703 0.0161045100539923 -0.121311716735363 0.0223211571574211 0.0455710403621197 -0.0170520730316639 -0.0205415282398462 -0.112910643219948 -0.0117407664656639 -0.00987044628709555 -0.00914890319108963 0.000473971216706559 0.00191986805293709 -0.00794877577573061 0.0432032831013203 0.0144809558987617 -0.0308488085865974 -0.0342865251004696 -0.0633890405297279 -0.0752818509936333 0.000319937855238095 -0.0361912548542023 -0.1620142608881 -0.00761005701497197 -0.0552436374127865 0.0111770527437329 -0.00860270485281944 -0.0416658855974674 0.016243539750576 0.00669477321207523 0.0186845324933529
