assets/gome_f/processed/ascii/world/gome_sif_world_20111101.asc
NCOLS 720 
NROWS 360 
XLLCORNER -180 
YLLCORNER -90 
CELLSIZE 0.5 
NODATA_value -3.4e+38 
[rows 190 to 208 of 360, columns 301 to 343 of 720]
-0.0317809730768204 -0.00649674702435732 0.0834091678261757 -0.043781716376543 0.00198973924852908 -0.0577325038611889 0.0114142950624228 -0.0513064414262772 -0.0411643385887146 -0.0162911415100098 0.0186995062977076 -0.0501713342964649 -0.0338597744703293 0.029416661709547 0.0880289822816849 0.0501114651560783 0.0152810104191303 -0.0290774945169687 0.0530537739396095 -0.0941264182329178 0.0172717906534672 0.0162968207150698 0.113589249551296 -0.0486284084618092 -0.0457834638655186 0.017222149297595 0.0343700349330902 -0.0824649706482887 0.0562645569443703 0.177569195628166 0.187149196863174 -0.0178557466715574 0.0206611398607492 -0.0439443252980709 0.0589101873338223 -0.0368018373847008 -0.0536610558629036 0.0171757880598307 -0.141776278614998 -0.09061299264431 0.0662315711379051 -0.0539199151098728 -0.00330539792776108
-0.0650255531072617 -0.0851091518998146 0.0318066701292992 0.0295973252505064 0.0302240550518036 0.0371585637331009 -0.106069438159466 -0.0540242157876492 0.0183748789131641 -0.119624026119709 0.141489282250404 0.00726058008149266 -0.0752948969602585 -0.0120997708290815 0.0433708839118481 0.114823371171951 -0.0347259044647217 -0.0704522058367729 0.103660985827446 0.190675169229507 0.0190429221838713 -0.0649725347757339 0.0663044601678848 0.031176770105958 -0.0314249210059643 0.0437449291348457 0.0799353048205376 -0.157965093851089 0.104346536099911 -0.187246412038803 0.140109464526176 -0.0890529304742813 -0.142093047499657 0.127547889947891 -0.108729690313339 0.0150677878409624 -0.0313011780381203 -0.116851225495338 -0.0864343196153641 0.183816477656364 -0.0811721608042717 0.0698410421609879 -0.133143290877342
-0.0591133199632168 0.0640284568071365 -0.118765205144882 0.100218951702118 0.0223243646323681 -0.0145577266812325 0.000452201464213431 -0.0532664991915226 -0.0699642226099968 -0.0900757908821106 -0.0652725324034691 -0.0523291677236557 0.117167621850967 -0.0345618166029453 -0.0548557415604591 -0.139166548848152 0.0231914669275284 0.00940248463302851 -0.00594909489154816 -0.0910591557621956 0.0155543964356184 0.00878289341926575 0.0324610732495785 0.0489201545715332 -0.0170724652707577 -0.0440519526600838 -0.0383483245968819 -0.0964220985770226 -0.0613780729472637 -0.060057669878006 -0.0656252130866051 -0.0263920407742262 -0.00684316223487258 0.00682219071313739 -0.137565672397614 0.00513888709247112 0.119789488613605 -0.00175968732219189 -0.116893112659454 0.040700513869524 -0.0624263733625412 -0.0687333941459656 -0.0807672813534737
0.0712825357913971 0.0520916245877743 -0.0942422747612 0.0247289538383484 0.0713360905647278 0.049519170075655 0.027596689760685 0.0596290528774261 0.040683202445507 -0.00979945808649063 0.0743039324879646 -0.17257159948349 -0.0117498254403472 0.0961564034223557 -0.0386692024767399 -0.0869192779064178 0.117774114012718 -0.0905768424272537 -0.0915859118103981 0.0722742676734924 0.0539689213037491 0.0366630591452122 -0.126874506473541 0.106027565896511 0.0318911597132683 0.0545021630823612 0.0237255711108446 -0.0104622319340706 -0.0859822481870651 -0.0116470968350768 0.115715973079205 -0.00666299043223262 -0.130336672067642 -0.146222576498985 0.0549438409507275 0.0397762097418308 -0.0299352165311575 -0.0602401606738567 0.0318738594651222 -0.237382620573044 0.0725015699863434 -0.160346284508705 0.00756241381168365
-0.00436864560469985 0.0153297847136855 0.00701470905914903 -0.0350816212594509 -0.0279664006084204 -0.0662188827991486 0.0179433859884739 -0.00632270891219378 0.039921011775732 -0.0402424857020378 0.039416741579771 0.122025728225708 0.0763531178236008 -0.0448592640459538 0.0392424613237381 0.0144171267747879 0.0311956070363522 0.0617458038032055 -0.0167763624340296 -0.0647145435214043 -0.0171026047319174 0.0893791913986206 -0.153140768408775 0.124954156577587 0.104997009038925 0.0188617426902056 0.0831824168562889 0.00195292383432388 -0.0425462312996387 -0.101959899067879 -0.00854968186467886 -0.0829172804951668 0.0626654401421547 -0.136342436075211 0.160892575979233 -0.00145456742029637 0.0521868504583836 -0.0993051379919052 -0.109074875712395 -0.00648244936019182 0.0849728882312775 -0.114714108407497 -0.249125048518181
0.0747562199831009 0.0246772021055222 0.125034555792809 -0.00703599536791444 0.0558379217982292 -0.133509695529938 -0.173991397023201 0.0901440158486366 -0.0859088748693466 -0.0803344026207924 -0.00686658499762416 0.132522195577621 -0.0367292314767838 -0.0635369643568993 -0.024542199447751 -0.064319334924221 0.0734913274645805 -0.0830633491277695 -0.113387428224087 0.0201590415090322 0.0296602658927441 -0.00309740006923676 0.0247938651591539 -0.0610168501734734 -0.0921823978424072 -0.0230013076215982 0.0454672984778881 -0.137740269303322 0.0677540153264999 0.0078983698040247 0.0279269516468048 -0.0136104198172688 -0.100758455693722 -0.158417299389839 -0.148599073290825 0.0334513373672962 0.0831896364688873 0.0646350830793381 -0.137664452195168 0.150869160890579 -0.0777006968855858 -0.0947716906666756 0.147528231143951
0.0739461779594421 -0.0218145251274109 -0.0438983365893364 -0.155008867383003 0.122261665761471 -0.122169323265553 -0.0812564864754677 -0.0273146871477365 0.0580883175134659 0.148479282855988 -0.00176940788514912 0.0474453270435333 -0.0257222820073366 0.0680695697665215 0.0289371311664581 0.035964161157608 0.133215442299843 -0.0579420812427998 0.0502188205718994 0.0831814929842949 -0.0576158240437508 0.106395989656448 -0.0456090085208416 0.1219771951437 -0.0374985858798027 -0.259872049093246 0.0445668511092663 0.0720583125948906 0.0410423912107944 0.103095337748528 -0.0485772415995598 -0.0359240956604481 0.108810879290104 0.0423636436462402 -0.132208615541458 0.170429021120071 -0.0182748921215534 0.176935121417046 -0.161927118897438 -0.154268443584442 0.139810711145401 -0.0203651562333107 -0.0105787608772516
-0.0357372984290123 0.0317458622157574 -0.12596969306469 0.041813850402832 0.108540996909142 -0.000701034092344344 -0.000832767691463232 -0.117117427289486 -0.188352584838867 -0.0643890500068665 -0.0928725600242615 0.0194320809096098 -0.138609394431114 0.19974148273468 -0.0987444221973419 -0.0547176972031593 -0.0167816914618015 0.00409649638459086 -0.0194125343114138 -0.161444827914238 -0.0518757030367851 -0.0279530975967646 0.0210554525256157 0.0133900586515665 0.084013931453228 0.0254675429314375 0.0256326496601105 -0.104860089719296 -0.00457553565502167 0.250591784715652 -0.00593377556651831 0.0679239556193352 -0.282182782888412 0.130581215023994 -0.114632286131382 -0.172026082873344 0.21751980483532 -0.136731818318367 0.0943112969398499 -0.0714193657040596 0.0838856250047684 -0.0131152654066682 -0.0407255701720715
-0.0590919628739357 0.0608993470668793 0.0505078695714474 0.0706770792603493 0.0363820753991604 0.0547878928482533 -0.0137687940150499 -0.00153582624625415 -0.0181085225194693 -0.0536256842315197 0.131513997912407 0.0127550968900323 -0.0411442257463932 -0.140118360519409 0.06148636713624 0.0223954319953918 0.0766591057181358 -0.062257781624794 -0.0435924381017685 -0.072662353515625 -0.0931630879640579 -0.0303328689187765 0.0836776196956635 0.243951171636581 0.0616922900080681 0.014785623177886 0.17842210829258 -0.0506058223545551 -0.0863079503178596 -0.175005599856377 -0.231996774673462 -0.149569734930992 -0.00464625656604767 -0.0644016712903976 0.0223322622478008 0.137437582015991 0.0410008914768696 -0.0899652615189552 0.350291520357132 0.0274324212223291 -0.145166262984276 0.162442937493324 0.13963994383812
-0.107658483088017 -0.150823011994362 0.0508607849478722 -0.0707681700587273 -0.148462355136871 0.179689794778824 0.0342907197773457 -0.100753881037235 -0.171672135591507 0.0406792648136616 0.0623081512749195 -0.0296557918190956 -0.00822482351213694 -0.00276634655892849 0.114369481801987 0.0398132055997849 0.0305586270987988 -0.0832825899124146 0.149861872196198 -0.0661086961627007 0.0851562544703484 -0.0643060728907585 -0.063493900001049 0.116147845983505 -0.0390141420066357 -0.142658695578575 -0.00590751320123672 -0.0230032615363598 0.0931750982999802 -0.119858607649803 -0.113226406276226 -0.100443735718727 0.112336836755276 0.0820866674184799 -0.0914861783385277 -0.132692933082581 -0.064618393778801 0.141568332910538 0.0138668911531568 0.058382909744978 -0.0239711105823517 0.270334154367447 -0.0216743387281895
0.101158902049065 0.00878078304231167 0.15260374546051 0.0334298647940159 0.00516554806381464 -0.0564092732965946 -0.0935780629515648 0.0165953747928143 -0.156703025102615 -0.0499353110790253 -0.14543491601944 0.0733965560793877 0.00740444660186768 0.122398428618908 0.239958927035332 0.0365260317921638 -0.0500361584126949 0.0332579798996449 -0.125540271401405 0.0568099729716778 0.0311489216983318 -0.00350493285804987 0.182235851883888 0.00171279744245112 -0.0881826430559158 0.0725005567073822 -0.149542063474655 0.0493567362427711 -0.0982363149523735 0.0855239033699036 0.0107092382386327 -0.29958575963974 0.00329015078023076 0.00979705341160297 -0.009073780849576 0.0233006123453379 -0.165000587701797 0.0962925776839256 -0.151824980974197 -0.321330159902573 -0.25084000825882 0.112938538193703 0.293824523687363
0.178422495722771 -0.0630457475781441 -0.0178187973797321 -0.105287753045559 -0.0125682633370161 0.182749107480049 -0.0311143230646849 0.0751195177435875 -0.0726167857646942 0.0258432365953922 0.137761667370796 0.0328210443258286 0.201902344822884 0.156444057822227 0.067721426486969 -0.0108604179695249 0.0509553961455822 -0.0676258727908134 0.106860771775246 0.0913874581456184 0.0858689174056053 0.28668400645256 0.0193531326949596 -0.141074165701866 0.0214612428098917 -0.0760863870382309 0.00706494320183992 0.115317851305008 0.0499105416238308 -0.0773033276200294 -0.0270835384726524 -0.106792293488979 -0.0021138028241694 -0.283845156431198 -0.325941741466522 0.0844121351838112 0.193779215216637 0.0106558203697205 0.146813288331032 0.241616740822792 0.0879824012517929 -0.00666685216128826 -0.000829172960948199
-0.154225885868073 -0.00474505499005318 -0.0399728864431381 -0.0810964182019234 0.0317001417279243 -0.170767158269882 0.00248041749000549 -0.0801826044917107 -0.00795572809875011 -0.00477038929238915 -0.0186419244855642 0.148626133799553 -0.0455294884741306 0.0643191263079643 0.0749403759837151 -0.148146867752075 0.0701848492026329 -0.0572491474449635 -0.0638026148080826 -0.0311995185911655 -0.0376428179442883 -0.0715882852673531 -0.104266203939915 0.189829751849174 0.0466217063367367 0.13057079911232 0.00240008160471916 -0.0293955896049738 -0.165397927165031 0.101612471044064 0.1148636713624 0.0503878183662891 0.137839108705521 0.0400015041232109 -0.235368847846985 -0.0777863562107086 -0.358772963285446 -999 -0.279075115919113 0.120092295110226 -0.106021732091904 0.0122641352936625 0.0894296616315842
-0.00637556100264192 0.0585554577410221 0.0883675143122673 0.0887985825538635 0.0258488692343235 -0.00827226229012012 -0.0530437715351582 0.0866175889968872 -0.18861448764801 -0.0296901315450668 0.0841335877776146 0.126221492886543 -0.0202383734285831 0.0904301255941391 0.00725110340863466 0.0455760359764099 0.0182561334222555 -0.0492468103766441 -0.189928561449051 -0.0424983687698841 -0.0680048391222954 -0.0676020979881287 -0.0936381667852402 0.0213657487183809 0.032379612326622 0.264368832111359 0.0316429100930691 0.337609469890594 0.106431841850281 -0.0294629819691181 0.175790056586266 -0.150165393948555 0.0764130204916 0.1534613519907 0.137116134166718 -0.0561834126710892 -0.0392156317830086 0.0707404986023903 0.0562026798725128 0.21086847782135 0.113644979894161 0.0781471133232117 -0.148671850562096
-0.0854356735944748 -0.0975052639842033 -0.121184058487415 0.0522836744785309 -0.0591159537434578 0.0897035151720047 -0.102772518992424 -0.165408492088318 0.0620751976966858 0.0978221818804741 -0.0331277213990688 0.126841723918915 -0.198206961154938 0.0154952090233564 0.0235982425510883 -0.0358215682208538 0.138779953122139 -0.0418217889964581 0.11133823543787 0.00486919330433011 -0.128511279821396 -0.214964866638184 0.222711652517319 0.115815661847591 -0.0934148207306862 -0.0394353494048119 0.235006988048553 -0.0682061314582825 0.0393120981752872 -0.0155854076147079 -0.083216167986393 0.0357863381505013 0.0153185185045004 -0.220718860626221 -0.00906702876091003 -999 -0.116965971887112 0.03474086150527 0.0090160146355629 -0.0550009943544865 0.167789682745934 0.322991013526917 -0.133785575628281
0.0523178800940514 -0.039699275046587 -0.000846369774080813 -0.0292367599904537 0.0917317718267441 0.274567723274231 -0.112558364868164 -0.0622832849621773 -0.119338639080524 0.0916537493467331 -0.146915405988693 -0.0997199267148972 0.134455412626266 -0.12187185883522 0.203676909208298 -0.183065354824066 0.140891373157501 -0.349755793809891 -0.0542267523705959 -0.0923005267977715 -0.0873822271823883 -0.0645521804690361 -0.105377271771431 0.0272652897983789 0.0848808810114861 0.124318264424801 0.0042246044613421 0.0186199434101582 0.325368404388428 0.0780989900231361 0.405210494995117 -0.127374514937401 0.302891910076141 -0.140664935112 -0.0664016753435135 -0.582246840000153 0.173629909753799 0.137986451387405 0.293464720249176 0.0447775274515152 0.0323104113340378 0.219782367348671 0.0617116466164589
-0.0856754407286644 -0.184044793248177 0.00790377520024776 0.0140030663460493 0.0140466531738639 0.107982777059078 0.178804725408554 0.0705574825406075 0.153734251856804 0.144051596522331 0.189466178417206 -0.0495155453681946 -0.119772486388683 0.0175193585455418 0.0817026570439339 -0.0176167171448469 -0.0491605140268803 -0.232740238308907 0.141295656561852 0.0126648098230362 -0.0707151666283607 -0.078918419778347 0.00765461102128029 -0.0274841785430908 -0.143593207001686 0.0731760933995247 0.0871305167675018 0.0280488040298223 -0.109760351479053 -0.322811156511307 -0.112256608903408 0.026064857840538 -0.169827923178673 -0.015859454870224 0.0741238594055176 0.0591748952865601 0.0333062671124935 0.104261949658394 -0.111230693757534 0.0903754979372025 0.0705930590629578 0.340889692306519 -0.0871076360344887
0.120973758399487 0.325677573680878 -0.0789904147386551 -0.23552118241787 0.0708860903978348 0.111356511712074 0.299477905035019 -0.111207388341427 -0.0108206225559115 0.0156768430024385 0.0617399327456951 -0.0392141193151474 0.0606952905654907 0.0507945716381073 0.129127353429794 -0.233423784375191 -0.016870578750968 0.0696381255984306 0.110389195382595 0.0284766368567944 -0.00771336769685149 0.0723743811249733 -0.193690419197083 0.0474742166697979 -0.116385579109192 -0.0030197948217392 -0.0668750107288361 0.0829764008522034 0.0880468860268593 -0.0529778003692627 0.115612089633942 -0.211788073182106 0.0686110556125641 0.372972518205643 0.124119900166988 0.0296972896903753 0.0327347703278065 0.158786371350288 0.049243651330471 0.0947007685899734 -0.0997164696455002 -0.148419111967087 -0.0272905416786671
0.101340487599373 0.0386801697313786 0.0678060874342918 0.142712399363518 -0.163684263825417 -0.0669970437884331 -0.202784389257431 -0.0908249095082283 -0.121165290474892 -0.0508748218417168 0.206431120634079 -0.163207456469536 -0.0229246914386749 0.108181782066822 0.0730311349034309 -0.0434135273098946 -0.0291043017059565 0.202126860618591 0.159486353397369 0.143723577260971 0.21750570833683 0.0279351565986872 -0.067921943962574 0.0441525056958199 0.27652233839035 0.164435565471649 -0.154882580041885 -0.0431115366518497 -0.0105074495077133 0.059205811470747 -0.251587152481079 -0.0348221845924854 -0.120037436485291 -0.141605094075203 -0.0412794910371304 -0.0323761254549026 -0.0449660234153271 0.0706732273101807 -0.0709542259573936 0.163864552974701 -0.109745785593987 -0.196096077561378 0.173267513513565
