assets/gome_f/processed/ascii/world/gome_sif_world_20110101.asc
NCOLS 720 
NROWS 360 
XLLCORNER -180 
YLLCORNER -90 
CELLSIZE 0.5 
NODATA_value -3.4e+38 
[rows 114 to 132 of 360, columns 301 to 343 of 720]
-0.0799152851104736 -0.0712481811642647 -0.0445925444364548 -0.0450245067477226 -0.0182712189853191 -0.0185897834599018 0.0148670114576817 0.110587567090988 -0.00391419045627117 -0.033236600458622 -0.023922948166728 -0.0319061651825905 -0.0172164104878902 0.0280842054635286 -0.0178675856441259 0.0796887949109077 0.026009451597929 0.101022593677044 0.0289820786565542 0.0300792660564184 -0.0540101937949657 -0.0976865813136101 0.0241474863141775 0.0332776792347431 -0.0232423432171345 0.0741159915924072 -0.0144171752035618 -0.0362454056739807 0.00414832215756178 0.00629661558195949 -0.071452297270298 -0.0513575188815594 -0.0869099721312523 0.0363046936690807 0.0311411209404469 0.00272877351380885 -0.0399902239441872 0.0106718800961971 0.0549765527248383 -0.0195141714066267 0.104556240141392 0.246329009532928 0.1920505464077
-0.0820390060544014 0.0440068170428276 -0.0865803509950638 0.0465878173708916 -0.0576813630759716 -0.0194921027868986 0.0902514308691025 0.0094586843624711 0.0401132740080357 -0.0508497767150402 0.0244625099003315 -0.000148173872730695 -0.0408390946686268 -0.0145330214872956 -0.0157105717808008 0.083307683467865 -0.00516425026580691 0.0640701279044151 -0.0606714449822903 0.0282865986227989 0.00101367407478392 -0.0709914416074753 0.038416363298893 -0.0442726612091064 -0.0927399694919586 -0.00535038718953729 -0.0534213073551655 -0.0271500200033188 0.0434857085347176 -0.0102883195504546 0.0147520722821355 0.00932722073048353 0.019872022792697 0.0543444491922855 0.0147617645561695 0.0250414460897446 0.0111907133832574 -0.0134188905358315 0.00204185652546585 -0.00343203824013472 0.0859937593340874 0.138338223099709 0.130858853459358
-0.086621880531311 -0.0505706146359444 -0.0747314319014549 0.0358661040663719 0.0198344066739082 0.0148290432989597 -0.0135600781068206 -0.0370940081775188 -0.0318385064601898 -0.0259459838271141 0.0180153753608465 0.0193458944559097 0.0319199003279209 -0.0471062585711479 0.0231822058558464 -0.0489787273108959 -0.00794701650738716 0.104210585355759 -0.0131266517564654 0.0131451366469264 0.0593485198915005 -0.0542182400822639 -0.0240828450769186 -0.0191998165100813 0.0204557701945305 0.087550014257431 0.00318539142608643 0.0227288249880075 0.0246124155819416 0.077085368335247 -0.0406534522771835 0.0165728479623795 0.00833228230476379 -0.0084588099271059 -0.0157511234283447 -0.0369175262749195 0.0323364473879337 0.0105478167533875 0.0089771831408143 0.0242108087986708 0.109473861753941 0.145432144403458 0.0441335588693619
-0.0422596298158169 -0.0366665571928024 -0.00818898435682058 0.0161603055894375 -0.00390972290188074 -0.0530635565519333 0.0261676609516144 -0.00315474811941385 -0.0671730116009712 -0.0103124380111694 -0.00843128375709057 -0.0296846460551023 -0.0350094698369503 0.0264111086726189 -0.0110851032659411 0.082965724170208 0.00400120858103037 0.0180209409445524 0.0655460059642792 0.0172686483711004 -0.00853613764047623 0.00193335430230945 0.0139949517324567 0.00715099647641182 -0.0483939088881016 -0.0220885779708624 0.0272360239177942 -0.00541713833808899 0.00188917911145836 -0.020847499370575 -0.0808400735259056 0.0273777656257153 -0.0439364463090897 -0.0547610633075237 -0.0436039939522743 0.0140011617913842 0.0313538536429405 -0.000294501369353384 -0.031720120459795 -0.00183085282333195 0.0584433898329735 0.00961714424192905 0.0856755152344704
0.0401858165860176 -0.0479357317090034 -0.0154571942985058 0.0102619472891092 -0.0274122953414917 -0.0805384144186974 -0.00490962713956833 0.011835073120892 0.0446366891264915 -0.0229412578046322 -0.0133032444864511 -0.043587327003479 0.0264245625585318 -0.0501591563224792 -0.0304202046245337 -0.029974402859807 0.0271660443395376 0.0787100568413734 0.0688152387738228 -0.021233381703496 0.0245089679956436 0.0224360711872578 -0.000312796968501061 0.031485341489315 -0.0335364751517773 -0.129403993487358 -0.02189926430583 0.0583844631910324 -0.0636646300554276 -0.0457829087972641 -0.0447959005832672 -0.0156172197312117 0.0194363761693239 -0.0131352487951517 -0.00822229310870171 -0.000563744106329978 0.0516734048724174 -0.0397823415696621 -0.0603486187756062 0.017869321629405 0.0818994417786598 0.11334814876318 0.147039383649826
0.0635630786418915 -0.0151384044438601 -0.0225276686251163 -0.127985149621964 -0.0341090671718121 0.00467742001637816 -0.0188415572047234 0.0188225246965885 0.0134867895394564 0.0235231127589941 -0.0278883278369904 -0.000448758393758908 -0.00580086978152394 0.091986358165741 0.010907955467701 -0.00718284398317337 0.00595844490453601 0.0383417345583439 0.0392701774835587 -0.00198753201402724 -0.0170987639576197 -0.0176391676068306 -0.0810692757368088 -0.0510493032634258 0.00414064805954695 -0.0161888245493174 -0.0201183278113604 -0.0385922864079475 0.0157864075154066 0.00572357373312116 -0.0430315583944321 0.0884174555540085 0.0345630273222923 0.0469109304249287 0.0304735638201237 0.10229554772377 -0.012313106097281 0.044273853302002 0.0495859198272228 -0.0584885068237782 0.125007018446922 0.0943734422326088 0.0309766065329313
0.00564982974901795 0.0654161870479584 -0.0492908805608749 -0.0768164917826653 0.0501677729189396 0.0979447960853577 0.0280253980308771 -0.015598083846271 0.0558138564229012 -0.0323354415595531 -0.00553387543186545 0.00880511570721865 -0.0405014380812645 0.000454985682154074 -0.0320369265973568 0.0683011412620544 0.0351537056267262 -0.0691869854927063 -0.0190784707665443 0.0210437383502722 0.0545253865420818 0.0439762510359287 -0.0100614903494716 0.0201368387788534 0.0385692045092583 0.0469039268791676 -0.0667776614427567 0.0106506375595927 0.0523439720273018 -0.0334752276539803 0.017565818503499 -0.0122915869578719 0.0485417917370796 -0.0302511435002089 -0.00513830920681357 0.0187995489686728 0.0246903914958239 -0.0201644450426102 -0.078975148499012 0.036094892770052 0.146971017122269 0.032386340200901 0.0927599146962166
0.00231179152615368 0.0760367587208748 0.0376685820519924 0.111100323498249 0.00375807913951576 -0.00382836256176233 0.0825502797961235 -0.00213005277328193 0.0161246247589588 0.0642635375261307 0.0297010689973831 -0.0236340817064047 0.0028425098862499 -0.0976873263716698 -0.0264784209430218 0.0044532991014421 0.0177375040948391 0.00442056823521852 -0.074200339615345 0.0680970028042793 -0.0175841767340899 0.00434436090290546 0.0245089624077082 0.0390430241823196 -0.0320157371461391 -0.0246030259877443 -0.0363203845918179 -0.0284036751836538 0.0422343760728836 -0.0309588294476271 -0.00269212550483644 -0.0295129008591175 -0.00492253387346864 -0.00241248705424368 -0.0183058809489012 -0.0594516657292843 -0.00552644021809101 -0.0305807441473007 0.091491810977459 0.0538403578102589 0.037812165915966 -0.0547891035676003 0.0360719449818134
0.0493439584970474 0.0245543383061886 -0.0242018401622772 -0.0290688555687666 -0.0390229001641273 0.0299499835819006 -0.0123070180416107 0.0191296059638262 0.0195938870310783 0.000394017493817955 -0.0670199245214462 0.0102664856240153 -0.0843887999653816 -0.00558474147692323 0.0308789908885956 -0.0235252715647221 0.0146618662402034 -0.0522017665207386 -0.0221255868673325 0.0775050297379494 0.0221244916319847 0.0594431832432747 0.0304076671600342 -0.00384166394360363 -0.0516370460391045 -0.0525532104074955 0.0455536879599094 0.0283838864415884 0.0194183606654406 0.0064542880281806 -0.0556368865072727 -0.032216589897871 -0.00434400280937552 -0.0170698128640652 -0.0267841201275587 0.00188671983778477 0.0268685407936573 0.007552120834589 0.00913887657225132 0.0233169924467802 0.0537111796438694 0.0263139382004738 0.00206124875694513
-0.037617027759552 -0.069657102227211 -0.0510040931403637 -0.0365235805511475 -0.0374604873359203 -0.041030514985323 0.0392690300941467 0.0113859996199608 0.0279163457453251 -0.032918855547905 0.0384819433093071 0.0072353407740593 -0.0144766019657254 0.0476168058812618 0.0169605351984501 -0.0323477424681187 -0.069281131029129 -0.0159349236637354 -0.0563773512840271 0.0177552625536919 0.0433306246995926 0.0105666080489755 0.0512425154447556 0.0129102291539311 0.0325075089931488 0.100659750401974 -0.0013640564866364 0.0473066233098507 0.0258484203368425 -0.0161245446652174 -0.0197119191288948 -0.00569556141272187 -0.0126021411269903 0.0127644650638103 0.07582888007164 0.06450305134058 0.0590895190834999 0.0230934880673885 0.0494964309036732 0.0450769327580929 0.086669810116291 0.0818217545747757 0.130659773945808
-0.0205745436251163 0.0282685700803995 0.0245875176042318 -0.0355524532496929 -0.0264605339616537 0.00149377144407481 0.0332618430256844 0.0183879714459181 0.000300685787806287 -0.105485327541828 -0.0461303219199181 -0.00143357063643634 0.0385628454387188 -0.0204011052846909 -0.010667759925127 0.0937567055225372 0.0512231588363647 -0.0402070917189121 0.011560290120542 -0.0745066925883293 -0.00779136549681425 0.00839305203408003 -0.00704623945057392 0.0167010109871626 -0.0200592894107103 0.0530712679028511 -0.0497132688760757 -0.0258135236799717 0.0053838505409658 0.0345188602805138 -0.111239589750767 -0.0355455428361893 0.00382412737235427 0.0602539964020252 0.0424613878130913 0.0684997960925102 0.131824925541878 0.0506202317774296 -0.0157238524407148 0.00660956697538495 0.084102675318718 0.0100906789302826 0.0398240573704243
0.0394775085151196 -0.0946216583251953 -0.00716122705489397 0.0386230535805225 0.0331796705722809 0.0377106592059135 0.00567381363362074 0.106516323983669 0.000289687683107331 0.0531781613826752 -0.0298824403434992 -0.0204706341028214 -0.045738160610199 -0.0189836453646421 -0.0496371276676655 0.0202825106680393 -0.035996925085783 -0.0610585585236549 -0.0137533973902464 -0.0306077692657709 0.0191733296960592 0.00274945655837655 -0.000458436843473464 0.0253546983003616 0.026440616697073 0.032413687556982 0.0292349439114332 -0.0624423064291477 -0.0315521247684956 0.0051145302131772 -0.0535991862416267 0.033985186368227 0.0454446040093899 0.0636396482586861 0.0726694092154503 0.125054284930229 0.0904800966382027 -0.0159525889903307 -0.0485142841935158 -0.0197186525911093 -0.0363449417054653 0.100852102041245 0.141887173056602
0.0386829897761345 0.172997087240219 -0.0262166205793619 -0.0513627454638481 0.00741494167596102 -0.019606513902545 -0.0137796700000763 0.0448434576392174 0.0429496057331562 0.0267501752823591 -0.0666517317295074 0.0773801878094673 0.0208620429039001 0.106667928397655 0.0557764023542404 0.00085987476631999 0.0441038310527802 0.00287291407585144 0.0119165508076549 -0.0191584583371878 0.0483414530754089 0.0136421574279666 -0.106654204428196 0.0199231300503016 0.0213292893022299 -0.033123467117548 0.0476386658847332 -0.00686312885954976 -0.00893828552216291 0.0152325443923473 0.0426089949905872 -0.0273370407521725 0.0626449733972549 0.100650981068611 0.0604484528303146 0.0723535493016243 -0.00117375794798136 -0.0160429943352938 0.0349086299538612 0.0363495945930481 -0.0172317009419203 0.0840058103203773 0.0858062356710434
0.0266029722988605 -0.00707731675356627 -0.0221489928662777 0.0392872169613838 -0.005154840182513 -0.0384510643780231 0.0911570936441422 0.0462430939078331 -0.014482980594039 -0.0551540404558182 -0.0435501448810101 -0.00308887520805001 -0.044357918202877 0.00800090562552214 0.0949735641479492 -0.00967006850987673 0.00913642533123493 0.0588875189423561 -0.0951537862420082 0.0121906995773315 -0.00968102738261223 -0.0546737797558308 0.0102359438315034 -0.00338696083053946 0.052868876606226 0.0268548410385847 -0.0224068500101566 -0.0635306835174561 -0.0357630290091038 -0.0566980019211769 0.0427365340292454 0.0890966206789017 0.125623643398285 0.11757954955101 0.104809209704399 0.0753225758671761 0.012686038389802 0.0422082506120205 0.0177579633891582 0.0699298158288002 -0.00675536692142487 0.00580680044367909 0.11409717053175
-0.0453800149261951 0.0684346705675125 -0.0497727319598198 -0.0438994690775871 -0.0835447609424591 -0.0625929906964302 0.0294274259358644 -0.0134421205148101 -0.0393652766942978 0.0159943569451571 -0.00079643412027508 -0.0215153470635414 -0.0162799283862114 0.0394782088696957 0.0303031671792269 -0.0554635040462017 0.0595999248325825 0.00827162247151136 -0.0631964430212975 -0.0388817936182022 0.0405768416821957 -0.0183232370764017 -0.0039294296875596 0.0187748968601227 -0.041790746152401 0.00647212890908122 0.07003153860569 -0.0324523039162159 0.0374175980687141 -0.0210551917552948 0.0933461412787437 0.00838925316929817 0.0847027897834778 0.0104674054309726 -0.00755326496437192 0.0733940228819847 0.0264578144997358 0.0278395749628544 0.0571963079273701 0.04652214422822 0.090787298977375 0.00650088815018535 0.0110369231551886
-0.0419873148202896 0.0502603314816952 0.0211759302765131 -0.00567857315763831 -0.0782536640763283 -0.00920587778091431 0.0647750347852707 -0.0545587912201881 -0.0651973560452461 0.0414510294795036 -0.0461081005632877 0.0265737920999527 -0.0388263650238514 -0.00867809262126684 -0.0428225807845592 0.0209790915250778 0.0277123376727104 0.0237498413771391 0.0299023054540157 -0.0136339440941811 -0.0404323451220989 0.0384935848414898 -0.0798257514834404 -0.0504980646073818 -0.0265636462718248 -0.0212733373045921 0.00426465272903442 -0.0734587833285332 -0.00714060105383396 -0.00982209853827953 0.0207037646323442 0.0887284129858017 0.0376628115773201 0.0223322454839945 -0.0338380970060825 0.0456268675625324 -0.0387800633907318 -0.0409474149346352 0.0528115443885326 -0.0325965583324432 0.0771613121032715 -0.00405419012531638 0.0383342429995537
-0.0546379573643208 0.08259417116642 -0.0115811973810196 -0.0169971138238907 -0.0396107472479343 0.00603063032031059 -0.026264064013958 -0.0629132390022278 0.0310589428991079 0.00305385119281709 0.0227635912597179 -0.0329467244446278 0.036285262554884 -0.011865109205246 -0.0186992716044188 0.0292354319244623 0.0140286907553673 0.00506350584328175 -0.0136951310560107 -0.0795678421854973 -0.0295592080801725 0.00555593008175492 -0.0488958321511745 0.046379029750824 -0.00555917713791132 -0.00200884137302637 0.0719613432884216 -0.00744565296918154 0.0171029083430767 0.0320548377931118 0.117624841630459 0.113908052444458 0.0318519733846188 0.0881072655320168 0.00135973689612001 0.036565151065588 -0.00245767505839467 -0.0217575486749411 0.0537483058869839 0.0208531469106674 0.114271990954876 0.0437885113060474 0.0113318366929889
-0.0514816828072071 0.0199558641761541 0.0453199446201324 -0.0276064462959766 -0.058153823018074 -0.00591008644551039 0.0457257144153118 0.0640005394816399 -0.0799857601523399 -0.00600910559296608 -0.0373363643884659 -0.0142508912831545 -0.0166114494204521 -0.0190781597048044 0.00221640127710998 -0.0657847970724106 0.0574268363416195 -0.0235280971974134 -0.07756257802248 -0.0318798869848251 0.0125604569911957 -0.0419480390846729 0.00351047911681235 -0.0394377745687962 -0.0727069526910782 -0.00598080828785896 -0.057285837829113 -0.0273957401514053 0.0688180103898048 0.128479555249214 0.0168055910617113 0.107511930167675 -0.0305525064468384 -0.0160602927207947 -0.000264639355009422 0.000126778220874257 0.00997245591133833 0.0393615216016769 0.0254773329943419 0.0924126654863358 0.10845659673214 0.0345976240932941 -0.0717716962099075
0.0547298938035965 -0.035414133220911 -0.0455216281116009 0.0276596378535032 -0.0633896961808205 -0.00580085813999176 -0.0308666937053204 0.024777764454484 -0.0272292084991932 0.09282436221838 0.0365374311804771 -0.0182273983955383 -0.00672273989766836 -0.00522574782371521 0.0117348786443472 0.0148005075752735 -0.0713706538081169 0.0534842237830162 -0.026627330109477 0.0229707732796669 0.0159668922424316 0.0416262075304985 0.0293845124542713 0.0138934254646301 0.0269299373030663 0.0496265031397343 -0.0303542092442513 -0.0747868493199348 0.0492666400969028 0.0460461117327213 0.000330872630001977 0.0286739692091942 0.00383883225731552 0.0242146626114845 -0.0411440432071686 0.118736915290356 0.0553450584411621 -0.0333980023860931 0.0906293168663979 0.0953510999679565 0.0167460031807423 0.0800639614462852 -0.00922882743179798
