assets/gome_f/processed/ascii/world/gome_sif_world_20130101.asc
NCOLS 720 
NROWS 360 
XLLCORNER -180 
YLLCORNER -90 
CELLSIZE 0.5 
NODATA_value -3.4e+38 
[rows 133 to 151 of 360, columns 215 to 257 of 720]
-0.111550331115723 0.00497253704816103 -0.0375634878873825 -0.0390848182141781 -0.00868538860231638 0.0156935229897499 -0.0522108785808086 -0.00421940861269832 -0.0019816062413156 0.00442450819537044 0.044317290186882 0.0934512987732887 0.0357912816107273 0.00326195359230042 0.00834813434630632 0.0165537465363741 0.0301737859845161 -0.0634891167283058 0.0233160592615604 -0.00178598484490067 -0.0256562232971191 -0.0683247819542885 -0.0518777295947075 -0.0278407335281372 0.0212245676666498 0.0705842897295952 0.0300549063831568 0.0155929550528526 0.0175500549376011 -0.00432456843554974 0.0123614277690649 -0.0236601587384939 0.0278153102844954 -0.0572988837957382 0.022981084883213 -0.0140390591695905 0.0718687996268272 -0.0203495658934116 -0.00248179747723043 -0.078106053173542 -0.0397450104355812 0.0514633543789387 -0.0464800596237183
0.0215487089008093 -0.11956475675106 0.0157028958201408 -0.0233858283609152 0.0429538413882256 -0.0740998759865761 -0.0219900868833065 -0.00628167111426592 0.0103891547769308 -0.00714890519157052 -0.0521170198917389 -0.0869960859417915 0.0832768529653549 0.0186610091477633 -0.00311859324574471 0.0169704165309668 0.0103347059339285 0.0406511053442955 -0.0315344147384167 0.00925658363848925 0.0177508294582367 0.0261243768036366 0.00427190028131008 -0.0529159344732761 0.019078416749835 0.0366737097501755 -0.0231434982270002 -0.00509675126522779 0.0281198173761368 -0.0381494276225567 -0.0611235424876213 -0.0106335422024131 -0.0913025960326195 0.0121437115594745 0.0466553531587124 -0.0417779758572578 -0.0209549069404602 0.0901102721691132 0.0126728639006615 0.040522001683712 -0.0407224595546722 -0.00999448355287313 0.00232336786575615
0.051227618008852 0.0226584654301405 -0.0496999323368073 -0.0647009238600731 0.064912885427475 -0.0312008615583181 -0.0495352670550346 0.0184399634599686 -0.0661528632044792 0.0551024936139584 0.0607409700751305 -0.00384164787828922 0.0329511351883411 0.0681130439043045 -0.0490510612726212 0.0378327369689941 0.0209672581404448 -0.0513451509177685 0.00917815044522285 -0.0742630138993263 0.0448334328830242 -0.0398067273199558 -0.00282058981247246 -0.0914888009428978 -0.0366735346615314 0.0262417402118444 0.0376524105668068 0.0172500628978014 -0.0544625148177147 0.0570482090115547 0.0115821417421103 -0.0707723125815392 -0.0249638929963112 -0.0284769311547279 0.076160341501236 -0.0590633191168308 0.00453328853473067 0.044593334197998 -0.0312460903078318 -0.0324933566153049 0.0702362433075905 0.0130068184807897 0.00891213677823544
0.0118329357355833 0.03519456833601 -0.0471140332520008 -0.0102264704182744 -0.0399758107960224 -0.0910426452755928 0.0278485473245382 0.0470268912613392 -0.0367875769734383 -0.0672429278492928 0.0583949610590935 -0.0558862201869488 -0.00124444300308824 0.0131136672571301 -0.00341230630874634 0.127928152680397 0.0191346742212772 -0.0497144386172295 0.0271094441413879 -0.0155711295083165 -0.0045487810857594 0.0141520723700523 0.0464477650821209 0.0722159221768379 0.115053087472916 -0.0432310402393341 -0.0821778476238251 -0.0573886148631573 -0.0229486413300037 -0.0161863844841719 -0.0169405844062567 -0.0159871373325586 0.0493569187819958 -0.0687513053417206 -0.0103660896420479 0.0112593937665224 -0.0938290953636169 0.00369628705084324 -0.0515975430607796 0.0195058826357126 -0.0110995480790734 -0.0052134795114398 -0.0246607549488544
0.0393935143947601 0.0797551646828651 0.0070714894682169 -0.0265745799988508 -0.00783202424645424 0.00631627580150962 -0.0178653560578823 -0.149566978216171 0.120407789945602 -0.0644106864929199 -0.0208926424384117 0.0877246111631393 0.0491700954735279 0.0330829173326492 -0.0663691908121109 0.0163915883749723 -0.0205772761255503 -0.0285154730081558 -0.0742639005184174 0.00251983758062124 0.00482926703989506 -0.0297243725508451 -0.0108787184581161 -0.075692355632782 0.00136717618443072 0.0203664936125278 0.0416181981563568 0.0387072749435902 0.00808511860668659 -0.0387425012886524 0.03899285197258 -0.0182724352926016 -0.0505979396402836 0.00187773501966149 0.0493450909852982 -0.0578568652272224 -0.0618182606995106 -0.0804770216345787 0.0508739054203033 -0.0501739419996738 -0.0671967342495918 -0.0123067293316126 0.0162748489528894
0.0191701389849186 0.073752835392952 -0.0164060145616531 -0.0158369261771441 0.0410452149808407 -0.0574783012270927 -0.00173902185633779 -0.0357196778059006 0.0543939471244812 0.0105499885976315 0.00992405600845814 -0.0020650620572269 0.00915004964917898 -0.0426014102995396 0.0307324286550283 0.0792061761021614 0.0124404365196824 0.030674647539854 0.0109708281233907 -0.102424919605255 0.0392334945499897 0.0850129574537277 0.0125059951096773 -0.047187302261591 -0.0301852356642485 0.0298597570508718 0.0435845330357552 0.00930614396929741 0.000985829276032746 -0.0316630639135838 0.0780669525265694 -0.0455211885273457 -0.102265268564224 0.0316266603767872 0.00915839616209269 0.00736330635845661 -0.00790340919047594 -0.00731418421491981 -0.0448492094874382 -0.00755705311894417 0.0282950662076473 -0.0547830499708652 -0.018231101334095
-0.0406626127660275 0.0358702763915062 -0.020662933588028 0.127541765570641 0.144436150789261 0.00287825404666364 -0.00565002858638763 -0.027790853753686 0.0318555422127247 -0.0426142960786819 0.000872893782798201 0.0504866391420364 -0.0110760806128383 -0.0237070266157389 0.0287411995232105 -0.0388434082269669 0.0657967552542686 -0.00211208639666438 -0.0104629276320338 0.0256614815443754 0.0586186833679676 -0.021015603095293 -0.0573028884828091 -0.00245237234048545 0.0476526543498039 -0.00986965931952 -0.00977327115833759 0.0644989833235741 0.0295099597424269 0.0118371760472655 -0.0302668157964945 -0.0548838265240192 -0.0274731423705816 -0.0556070245802402 -0.00134119531139731 0.0770482197403908 -0.0496643558144569 0.0547339916229248 0.00520922662690282 0.0321542322635651 0.00850371923297644 0.0794448107481003 -0.0189936179667711
0.209560632705688 0.219028174877167 0.225807398557663 0.288244128227234 0.193777844309807 0.10551293939352 0.0238550752401352 0.00819620490074158 0.0193194821476936 0.0152935478836298 -0.000113643029180821 0.0251823198050261 0.0179758667945862 -0.0246125161647797 -0.0313572064042091 -0.0361678302288055 0.0617813430726528 0.0137140601873398 0.0376689657568932 -0.0164550226181746 -0.0546312220394611 -0.0658455416560173 -0.0609054714441299 -0.00643493048846722 0.0155146820470691 0.0441827438771725 0.0249653998762369 0.149034261703491 0.00718179950490594 0.00551939010620117 0.00268025603145361 -0.0402456820011139 -0.0443565733730793 0.0435218401253223 -0.0336955301463604 -0.0683539807796478 0.00597982387989759 0.0348016917705536 0.0949750691652298 0.0568433590233326 0.014115703292191 0.0604244470596313 0.0740111693739891
0.16895517706871 0.230948716402054 0.232637912034988 0.249408930540085 0.210002332925797 0.40877240896225 0.384487867355347 0.18965095281601 -0.0356988906860352 -0.0720980912446976 0.036513663828373 -0.00678058480843902 0.0710576772689819 -0.0887541025876999 0.0544124953448772 -0.0723144263029099 -0.12298097461462 -0.037302128970623 -0.0130953220650554 0.0182744152843952 0.00802367087453604 -0.0403167866170406 0.131537407636642 0.00976206362247467 -0.00786613207310438 -0.000858750019688159 -0.00864827167242765 0.0543777905404568 0.0531149059534073 0.0455317981541157 -0.0145020456984639 -0.0172200854867697 0.0631265342235565 -0.021565243601799 0.0434989854693413 0.00739163253456354 -0.0967971459031105 0.0417029745876789 -0.0654534548521042 0.0469515100121498 0.057864248752594 -0.00601931707933545 -0.0317723266780376
0.181020334362984 0.129622161388397 0.20447051525116 0.204523205757141 0.26874116063118 0.282891899347305 0.268827676773071 0.335261017084122 0.143256589770317 0.0319160744547844 0.131196737289429 0.114123657345772 0.079800620675087 0.0474689789116383 -0.0328973531723022 -0.100684478878975 -0.0236173123121262 0.0624811612069607 0.00534278387203813 -0.0549695082008839 -0.0417499393224716 -0.0829941630363464 0.0592366755008698 -0.091847337782383 0.0991180390119553 -0.0455529913306236 -0.0569114722311497 -0.0372543931007385 0.102433025836945 0.0428281016647816 0.018035376444459 -0.0369908027350903 -0.00219724630005658 -0.0126062594354153 -0.0358607098460197 -0.0805902406573296 -0.0123849241062999 -0.0342406295239925 -0.0775672867894173 0.0310253035277128 0.0669528543949127 0.0940116047859192 -0.0836869329214096
0.0330681540071964 0.1458760201931 0.308365315198898 0.0457732081413269 -0.0315615795552731 0.0675892978906631 0.075814001262188 -0.0500639155507088 0.103679053485394 -0.0668301656842232 -0.0445567071437836 0.199177980422974 0.166583567857742 0.160077154636383 0.163550153374672 -0.0503747761249542 -0.0155096389353275 -0.018336383625865 0.0118533773347735 -0.0101295430213213 -0.0303860269486904 -0.0320799984037876 0.0270039141178131 -0.0470722019672394 -0.0736433789134026 0.0258943773806095 0.0314382128417492 0.0271555054932833 0.025054220110178 -0.0572915561497211 -0.00989255774766207 -0.0402404591441154 -0.0120925391092896 -0.051033403724432 -0.000638149853330106 -0.0657648295164108 -0.021656883880496 -0.0311647262424231 -0.0187932942062616 -0.0603463277220726 -0.0028404425829649 -0.0514170043170452 0.0583880543708801
-0.00262744165956974 0.0209345389157534 0.134732663631439 0.0564278662204742 0.0412074215710163 0.101980872452259 0.0972319468855858 0.00631122523918748 0.0113864140585065 0.0107765700668097 -0.00599231058731675 0.029237549751997 0.0199808981269598 0.00789983011782169 0.0238451976329088 0.032807245850563 0.0450477860867977 -0.0434626564383507 -0.0589093528687954 -0.0334052853286266 -0.108740113675594 4.36092195741367e-05 -0.00174335984047502 0.0407596565783024 -0.0677295848727226 -0.0344883054494858 -0.0505835898220539 0.0297271497547626 0.0571773573756218 -0.00400267215445638 0.020199291408062 -0.0578560382127762 -0.0399077944457531 0.102444678544998 -0.0261218436062336 0.038308572024107 -0.00456202868372202 0.0508660599589348 0.05858538672328 0.0318145230412483 -0.087210439145565 -0.0282188281416893 0.00605512596666813
-0.00994860846549273 -0.0222581177949905 0.0312917493283749 -0.00470786215737462 -0.00979842152446508 0.019327824935317 0.0748272240161896 0.0505768768489361 -0.00506596965715289 0.0586633123457432 -0.0821804329752922 -0.0421187542378902 0.0162176247686148 -0.0020636988338083 -0.0341904163360596 -0.0349631048738956 0.068162314593792 -0.0441126488149166 0.0372758805751801 -0.0337325483560562 0.0514249466359615 -0.00720067927613854 0.0994856357574463 0.0207804460078478 0.0120948143303394 0.00782520789653063 0.0506028905510902 -0.0839760228991508 0.00450978288426995 0.11068282276392 -0.0340135022997856 -0.0311670508235693 -0.0610262453556061 0.0861538425087929 -0.0278630647808313 -0.0195782873779535 -0.0117240929976106 0.0767066180706024 0.0666144192218781 0.0130976410582662 -0.0010937659535557 0.0558482892811298 -0.0183662883937359
-0.00272775813937187 -0.00265799532644451 -0.052502267062664 0.127097770571709 -0.0138222426176071 -0.0506396815180779 -0.124788492918015 0.0655506551265717 0.00305216596461833 -0.0434285998344421 -0.0432297103106976 0.0178650673478842 -0.00573335634544492 -0.0364560075104237 0.0439265333116055 -0.0115936631336808 0.0291686318814754 0.0390605889260769 0.00129761092830449 -0.0647535845637321 -0.00542252650484443 0.00264471769332886 0.0148075884208083 0.0136097557842731 0.0228466987609863 -0.0766413956880569 0.0633498653769493 -0.0468231067061424 0.0406610742211342 -0.01060382835567 0.0112471478059888 -0.023317338898778 0.0643278807401657 -0.00601840205490589 -0.0211580954492092 0.0491085201501846 -0.0120880305767059 -0.0376416593790054 0.0540070198476315 -0.0192298945039511 0.0128221232444048 0.00848471000790596 0.00333276926539838
-0.0101766996085644 0.0286929272115231 0.0498930104076862 -0.107949770987034 -0.0593509152531624 0.143845766782761 0.0277674961835146 -0.0501291155815125 -0.00161106640007347 -0.0911136642098427 0.00213691336102784 0.0468572154641151 -0.000537699263077229 -0.0400789305567741 0.116909012198448 -0.0397583916783333 0.0314143970608711 0.028577446937561 -0.064428873360157 0.00252167461439967 0.0152239492163062 0.0237223692238331 0.16143324971199 0.0545739084482193 0.0367229394614697 0.00321718212217093 -0.0183724723756313 0.026787955313921 -0.0335541926324368 0.0363992117345333 -0.0229624081403017 -0.0779366716742516 0.046953272074461 -0.0216691959649324 -0.0070695374161005 0.062662310898304 0.0716855674982071 0.0349688120186329 0.094851441681385 0.0012719874503091 0.00744396820664406 -0.0507389642298222 0.0304110888391733
0.0177462361752987 -0.0348594598472118 0.136913433670998 -0.0462253838777542 0.0316900573670864 0.0909906551241875 -0.0214057359844446 -0.00428031710907817 -0.00446231663227081 0.0230179131031036 -0.00160671339835972 0.0290712658315897 0.0342545732855797 0.0113504193723202 -0.00400424189865589 0.0147499004378915 -0.00411088764667511 -0.0185079127550125 0.0936490818858147 0.0290069058537483 0.0411193370819092 -0.0525310486555099 0.160364329814911 0.0414433814585209 -0.00421727634966373 -0.0392086170613766 0.0411220826208591 -0.0349495746195316 -0.0364201739430428 0.0628479644656181 -0.00153143156785518 -0.0187292546033859 -0.0105596575886011 -0.00906341429799795 -0.00766907492652535 0.00556023046374321 -0.053001195192337 -0.0237921345978975 -0.00670347781851888 0.00484939850866795 0.0107324495911598 -0.0198020469397306 -0.0938774645328522
-0.0059924628585577 0.0614495612680912 -0.0218146089464426 0.0431252159178257 -0.0343092642724514 0.00900650303810835 0.0771321207284927 -0.00815435964614153 0.01123933121562 -0.0458355955779552 -0.0429747849702835 0.0205345246940851 0.0118943229317665 0.00612942175939679 -0.0689315497875214 0.00822547357529402 0.0224044676870108 -0.0522460974752903 0.0387181341648102 0.0453047417104244 0.0385065115988255 -0.0974576398730278 -0.0337077751755714 -0.0142138777300715 0.0751441046595573 -0.0277126096189022 0.000691984838340431 -0.0150525839999318 0.0202401075512171 0.0320800319314003 0.00692955544218421 -0.046683743596077 -0.0336719192564487 -0.0561258010566235 -0.0233148448169231 0.0147793553769588 -0.01412592548877 0.0581862330436707 0.0362463518977165 -0.0201456770300865 -0.0325838513672352 -0.0231841839849949 0.0303432736545801
0.0730379074811935 -0.0878636911511421 0.0214448533952236 -0.0347362086176872 -0.0567860081791878 0.015721146017313 0.0228521283715963 -0.0767354890704155 -0.000323907064739615 0.00608448684215546 0.0262304916977882 -0.0544978231191635 -0.0614552870392799 -0.0226082652807236 0.0819964483380318 -0.0213469378650188 0.0301903281360865 -0.008695924654603 0.0834939852356911 0.019852165132761 -0.0378791578114033 -0.0330697558820248 -0.0357584990561008 0.169837221503258 0.0173584092408419 -0.104269094765186 -0.0318221002817154 0.0694004818797112 -0.00219908356666565 0.0506301894783974 0.0323950536549091 0.0228498745709658 -0.0558899380266666 -0.0196350179612637 -0.0171938873827457 -0.0191670749336481 0.00690190633758903 0.0112972715869546 -0.0699772909283638 0.034685805439949 -0.0729067027568817 -0.0403539352118969 -0.0209134295582771
0.017156096175313 0.0509381704032421 -0.0154070667922497 -0.0260667912662029 0.0198467709124088 -0.0479535236954689 0.152189657092094 -0.080416701734066 -0.0537214577198029 0.0577455572783947 -0.0212203282862902 0.0445213094353676 0.0575357191264629 -0.0743058621883392 -0.00785118248313665 -0.0292476695030928 0.067404069006443 -0.00836967024952173 0.0246879775077105 0.0370401442050934 0.0238207597285509 0.105174422264099 -0.0328999049961567 0.0478226840496063 0.0563870370388031 -0.0599612481892109 0.0129963094368577 -0.0117680039256811 -0.0617591999471188 0.0859834402799606 0.064947098493576 -0.00505820428952575 -0.000160392373800278 -0.0247850436717272 -0.0349216349422932 0.0710904002189636 -0.0578543394804001 0.00252014538273215 0.0204591043293476 -0.000915152078960091 -0.0141894817352295 0.0494304820895195 -0.0271991733461618
