assets/gome_f/processed/ascii/world/gome_sif_world_20111101.asc
NCOLS 720 
NROWS 360 
XLLCORNER -180 
YLLCORNER -90 
CELLSIZE 0.5 
NODATA_value -3.4e+38 
[rows 133 to 151 of 360, columns 86 to 128 of 720]
-0.0617655590176582 0.0349032841622829 0.0361666344106197 -0.00722929276525974 0.0519670471549034 -0.0437968969345093 -0.038618978112936 -0.0318796373903751 -0.0549677796661854 -0.0334617160260677 0.0877494066953659 -0.0855444744229317 0.0390109531581402 -0.153572753071785 0.033177375793457 -0.00792345963418484 0.0491777583956718 0.00933178048580885 -0.0961701273918152 -0.105064257979393 -0.022884426638484 0.0443394295871258 0.09916752576828 -0.0291880033910275 -0.0452459119260311 -0.019783778116107 -0.00628440780565143 0.0481714308261871 -0.0893670171499252 -0.136051297187805 0.0209533181041479 0.0315118879079819 0.0116890287026763 -0.0719318315386772 0.0101208137348294 0.0250384788960218 -0.0490713566541672 0.119274951517582 -0.0556139685213566 0.0703113600611687 0.0134046329185367 0.0154867684468627 0.00345843657851219
-0.0637324079871178 0.0429086945950985 -0.0596377477049828 0.0849718675017357 0.0778389126062393 -0.0081269983202219 0.0831576883792877 -0.0120115680620074 0.0435217171907425 0.0514107532799244 -0.038176391273737 -0.0037669416051358 0.020525511354208 -0.104504600167274 0.0676387175917625 0.0286159720271826 -0.0729500353336334 0.0328299999237061 0.0132693545892835 -0.0279133152216673 0.0136634754016995 -0.0185442101210356 -0.0434952452778816 -0.000865746755152941 -0.00100557086989284 0.0698193460702896 -0.0539463944733143 -0.0714566186070442 -0.108955763280392 -0.0275619495660067 -0.179252937436104 0.02930548787117 0.00408601481467485 0.0658008828759193 -0.0586973242461681 -0.111295327544212 -0.0901166722178459 0.0370601937174797 -0.0479009300470352 0.120471455156803 -0.000953299284446985 0.095685601234436 0.0574099756777287
-0.0454554855823517 -0.0465393587946892 0.0783858299255371 0.0109062539413571 -0.0136460168287158 -0.0601211972534657 0.0904385671019554 0.0118805486708879 -0.00403800047934055 -0.0706373602151871 0.0656351521611214 -0.0570334158837795 -0.0609771497547626 -0.0332599878311157 0.000687558960635215 0.00959974527359009 0.0796109437942505 0.0655548498034477 0.0401470959186554 0.0185974985361099 -0.189886137843132 -0.0470509417355061 0.0413532368838787 0.119702033698559 -0.0701489374041557 -0.0380818098783493 -0.116111263632774 0.00811046920716763 -0.119551263749599 -0.0326908156275749 0.225404784083366 0.0585058368742466 0.0364462397992611 0.0320921614766121 0.0221902299672365 0.0696179270744324 0.0032937997020781 -0.0131318140774965 0.0806252732872963 -0.0516944490373135 -0.07364422082901 -0.0644113570451736 0.071058414876461
0.0873834192752838 -0.0528615191578865 0.01675084233284 0.13376247882843 0.0149524137377739 -0.0359703414142132 0.0803046897053719 0.0826391279697418 -0.0103256525471807 0.0230405051261187 0.0493014305830002 -0.00328970281407237 0.0412039235234261 -0.0717451274394989 0.12233978509903 0.0410276129841805 -0.0901016220450401 0.086805023252964 0.0278982371091843 -0.0436109378933907 -0.00466821482405066 0.0376717448234558 0.00973528996109962 0.0973684191703796 0.0749025195837021 -0.0496998392045498 -0.0166090372949839 0.0661202743649483 0.0206549651920795 0.00628913752734661 -0.0786872357130051 -0.151268780231476 0.034848265349865 -0.0797702893614769 -0.097694493830204 -0.0416742488741875 -0.0612668208777905 -0.00526055507361889 -0.118545033037663 -0.0231494028121233 -0.0157819110900164 -0.0143810529261827 0.0222985669970512
-0.00872636120766401 -0.111054040491581 0.128587931394577 -0.0760627314448357 -0.0488191954791546 -0.154584109783173 0.0310997664928436 -0.0507740564644337 0.0602171048521996 0.200774222612381 -0.0986976772546768 -0.0177379250526428 0.0682663321495056 0.0237282365560532 0.017070597037673 0.0141702955588698 -0.100395634770393 -0.100047901272774 0.0134416101500392 -0.094884030520916 -0.133761614561081 -0.0907326191663742 -0.133456602692604 0.0231871120631695 -0.0727536529302597 -0.0302510503679514 0.0557981953024864 -0.0325284227728844 -0.0309581756591797 0.0105405692011118 -0.0477783642709255 -0.0530605986714363 0.0442731752991676 -0.0930054411292076 -0.0573477521538734 0.0178006365895271 0.0736056566238403 0.0291300639510155 -0.22594241797924 -0.0253615267574787 0.0405868999660015 0.109029181301594 0.000180608665687032
0.0745343565940857 -0.0215831585228443 0.0198046024888754 -0.046173058450222 0.0440837666392326 -0.0728947296738625 0.0238451566547155 0.0584329217672348 -0.0575296469032764 0.0119364988058805 0.0748721063137054 0.0335078127682209 -0.120118767023087 -0.0373197011649609 -0.0876005366444588 0.118138544261456 0.0948200821876526 -0.0668711885809898 -0.0764174088835716 0.0760246068239212 -0.108515396714211 0.0730224475264549 0.11710637062788 0.0521845407783985 0.0346204824745655 0.023486414924264 -0.0716028288006783 0.0246735047549009 0.0544138103723526 0.0364548340439796 0.117880508303642 0.0386584848165512 -0.0556488111615181 0.0655547529459 -0.0287954397499561 0.0197152495384216 0.0499314442276955 -0.0184841062873602 0.0159466434270144 0.0940146893262863 -0.0100440820679069 -0.124542385339737 0.0219029244035482
0.00821692310273647 0.0950347557663918 0.0556707121431828 -0.110113054513931 0.0309605002403259 0.00188588059972972 0.0302057545632124 0.0444756932556629 -0.0732662975788116 -0.0126137137413025 0.111792795360088 0.0546727068722248 0.056027464568615 0.00792259257286787 -0.027718186378479 -0.0106269372627139 0.0163782425224781 -0.00708378106355667 0.0231917127966881 -0.128256127238274 0.0299816131591797 -0.19340255856514 0.00378898810595274 -0.0217090416699648 -0.0636954978108406 -0.0273613072931767 -0.0496842190623283 0.0851209610700607 -0.0279732253402472 0.0305846966803074 0.0802796259522438 -0.0143738957121968 0.00901817437261343 -0.0203526020050049 -0.044819962233305 0.0580700635910034 0.0490842536091805 -0.0471829250454903 -0.0750253796577454 0.00903154071420431 0.0450777783989906 0.0177946351468563 -0.0326432809233665
-0.0182151272892952 0.0139195099473 -0.0817220881581306 0.0970014631748199 0.0307470820844173 0.00117871537804604 -0.0300036277621984 -0.01908372156322 -0.0576810948550701 0.0595865100622177 0.000197601315448992 0.0311358645558357 -0.0247414968907833 0.00481500849127769 0.0219066701829433 0.000322930514812469 0.0436070412397385 -0.00500760413706303 0.0946761891245842 -0.133836731314659 -0.0893561616539955 -0.0101880105212331 -0.0527680516242981 -0.034813717007637 0.07286287099123 -0.146746039390564 -0.0381363183259964 0.0067514106631279 0.00185755139682442 0.0062263086438179 -0.101632751524448 -0.0151374125853181 0.0806642174720764 -0.334415972232819 0.0873402059078217 0.101681225001812 -0.022261057049036 -0.0228449311107397 0.0464797541499138 -0.0164052229374647 0.0441066920757294 -0.0187128540128469 -0.0281911306083202
0.0827974900603294 -0.00477001583203673 0.120667569339275 -0.0271490104496479 -0.0592919550836086 0.0252226684242487 0.00475418567657471 0.0877659171819687 0.062744215130806 0.0139023708179593 -0.00101742474362254 -0.0870607793331146 0.102577604353428 -0.0742447003722191 0.0824272632598877 0.0352295860648155 -0.13073867559433 -0.154289692640305 -0.0389495454728603 0.0159393716603518 -0.058535598218441 -0.100200057029724 0.0195368994027376 0.0168859697878361 0.0245832186192274 -0.0740631744265556 -0.00461026281118393 -0.0597468130290508 -0.0231183040887117 0.1341233253479 -0.118441551923752 0.032352514564991 -0.106133669614792 -0.17690122127533 0.0163116175681353 -0.063361220061779 -0.0839438810944557 0.0177341476082802 -0.0179701279848814 0.0279378686100245 0.0406200289726257 0.0750516131520271 0.0819726511836052
0.087245412170887 0.0324761569499969 -0.0809765607118607 -0.0947005227208138 -0.0604584366083145 0.0803113728761673 -0.0459818094968796 0.0130603890866041 -0.0565065741539001 0.0582076199352741 0.139044433832169 0.000319337850669399 0.0235996190458536 -0.0088344793766737 0.0885575488209724 0.0308671686798334 -0.0341884419322014 0.0325541235506535 0.0242451876401901 -0.0159318000078201 -0.00185326801147312 0.0835242569446564 0.0593781247735023 0.0405133925378323 0.0957212895154953 0.0765168145298958 0.0941958576440811 0.123766928911209 0.113666117191315 -0.0864638686180115 0.0497171171009541 -0.0837857127189636 0.0638429075479507 -0.0677633732557297 -0.00839649699628353 0.115569457411766 -0.00777545990422368 -0.0167597625404596 0.0919743701815605 0.0296513885259628 -0.101187951862812 -0.0507110953330994 -0.031190000474453
0.0561169758439064 0.00163493026047945 0.00565916951745749 -0.0829156786203384 0.0540302991867065 0.0835096463561058 0.00371051230467856 -0.00908430851995945 -0.156558409333229 0.0817291289567947 0.124311089515686 -0.0758268758654594 0.0477985218167305 0.00679610297083855 0.105794616043568 -0.128551259636879 0.051440853625536 -0.0428584180772305 0.000614919292274863 -0.0515192523598671 -0.0453230738639832 0.106189019978046 0.0668280646204948 -0.0626574605703354 0.0961159393191338 0.00708867330104113 0.0140668302774429 0.125560909509659 0.0370446667075157 -0.0154949733987451 -0.0844256281852722 -0.0130154676735401 0.0254226867109537 -0.0930770039558411 0.0936335101723671 -0.0221459940075874 -0.0689726769924164 0.0970102250576019 -0.00810501351952553 0.0242714378982782 0.012987744063139 0.0688120946288109 -0.00838338024914265
0.00554196210578084 -0.000593184726312757 -0.0566197782754898 0.000713410147000104 -0.0111974393948913 -0.083571158349514 -0.0599092282354832 0.0661002546548843 0.00289059383794665 0.0409817323088646 0.0264761038124561 0.0388511307537556 -0.0776267051696777 0.030358949676156 -0.048318799585104 -0.0372769869863987 0.0163549054414034 -0.0592560060322285 0.00662391679361463 -0.0246871933341026 -0.0356565900146961 -0.0409619733691216 -0.0552914403378963 -0.099251888692379 0.0154014527797699 0.0441294200718403 -0.0481688380241394 0.0780352279543877 0.0535355545580387 0.088137224316597 -0.0531829483807087 0.0300915110856295 -0.00147169828414917 -0.00475659593939781 -0.0784431323409081 -0.0309331808239222 -0.0441225543618202 -0.0770455896854401 -0.0306954104453325 -0.0222009178251028 0.0662959367036819 -0.00290664425119758 0.0134971663355827
-0.0559516027569771 -0.0241067036986351 0.0694448873400688 -0.00416622823104262 -0.0682321414351463 0.00183008448220789 -0.173990339040756 -0.0228772349655628 -0.0791527479887009 0.0393262952566147 -0.0466065891087055 0.088970459997654 -0.0181503091007471 -0.0918606147170067 0.0966496542096138 -0.0435715988278389 0.0403601266443729 -0.123959109187126 -0.0692589208483696 0.0114375445991755 -0.0349394716322422 -0.0245654974132776 0.0010307232150808 -0.0637056678533554 0.00471716513857245 -0.0062417141161859 -0.0770228579640388 0.0778361931443214 -0.0240353718400002 0.0702486708760262 -0.0314622782170773 0.0205664616078138 -0.0214570965617895 -0.053315132856369 0.0233060885220766 -0.0339672341942787 0.0699682757258415 -0.00415838183835149 -0.0286544449627399 0.0019822777248919 -0.0265802927315235 0.0550040006637573 0.0846651196479797
0.00475250836461782 -0.00384710822254419 -0.0076248231343925 -0.0109453415498137 -0.0275512542575598 -0.0937937125563622 -0.00349104986526072 -0.172887220978737 0.0175259467214346 0.0252997912466526 -0.032630693167448 0.0971048250794411 0.0474511608481407 -0.0128693804144859 -0.093685083091259 0.0373764634132385 0.0193072818219662 0.0516532063484192 -0.0840773805975914 0.0179131701588631 -0.115901224315166 -0.15599562227726 -0.0371868535876274 0.00914101302623749 -0.0281439851969481 0.0151840765029192 0.0212818663567305 0.106277622282505 -0.0692421942949295 0.105984278023243 -0.0209572911262512 -0.0322235673666 -0.0433016382157803 0.00553720397874713 0.0210796687752008 0.0410223975777626 -0.094572089612484 0.0216584522277117 0.0176913235336542 -0.0281347893178463 0.0540312603116035 0.0460205301642418 -0.0151627920567989
-0.0849787145853043 0.112077213823795 -0.061650313436985 -0.00653437012806535 -0.0212040040642023 -0.0499780401587486 -0.0707189217209816 -0.0233703553676605 0.0129165267571807 0.0201990678906441 -0.0269389878958464 -0.00229679490439594 0.15523236989975 -0.0833584442734718 0.0237324275076389 0.0295971296727657 0.0798106789588928 0.0888033881783485 0.0245667435228825 -0.0883106514811516 -0.0295427776873112 0.101661212742329 -0.120053604245186 -0.0575806275010109 -0.119585990905762 0.0470663495361805 -0.0918488353490829 -0.103242926299572 0.0160420574247837 -0.0983463674783707 -0.027069840580225 -0.0107617443427444 0.00479880534112453 -0.0195830669254065 -0.0147909298539162 0.0561154671013355 -0.0536839216947556 0.0790510848164558 -0.0326184667646885 -0.0111947441473603 0.0623769871890545 0.0131010739132762 0.058110699057579
-0.0727997720241547 0.0249669775366783 0.0486944690346718 0.0416125543415546 0.0103537095710635 0.0301827043294907 -0.0147845121100545 -0.0227312427014112 0.0649687647819519 -0.0212383698672056 -0.0123785762116313 0.00750268530100584 0.0369478650391102 -0.078489862382412 0.0480297654867172 0.0909262448549271 -0.0533118173480034 -0.0635626837611198 0.0126395439729095 -0.0548424497246742 -0.0789814293384552 0.0446734353899956 -0.0637780278921127 -0.0751088485121727 -0.0747423619031906 0.0294019374996424 0.0187230668962002 0.0358291566371918 -0.0377115570008755 0.0270891208201647 -0.0481695346534252 0.0690836682915688 0.065761461853981 -0.0299322810024023 -0.0289211515337229 -0.0228185933083296 -0.0224391222000122 0.0103765958920121 0.00590017670765519 0.0052764737047255 -0.0829210802912712 0.0202114842832088 -0.0951731652021408
-0.0192444156855345 0.052644032984972 -0.0420569404959679 -0.0240468233823776 0.0160129480063915 0.0198619775474072 -0.0451244115829468 -0.0567646250128746 -0.0912388116121292 -0.111786313354969 0.0180764067918062 -0.0108624249696732 -0.0674372911453247 -0.0517617277801037 -0.0101513415575027 -0.0397266745567322 -0.0394511967897415 0.0172410793602467 0.0433720201253891 0.0704357549548149 -0.136947184801102 -0.0899771600961685 0.0339058488607407 -0.0368998683989048 0.118416585028172 -0.147192299365997 0.0178302563726902 0.0128662502393126 -0.00873874872922897 0.00916500110179186 0.0267887972295284 0.0681046023964882 -0.0554182007908821 -0.074218288064003 -0.0198892150074244 -0.029989805072546 -0.00503664230927825 -0.0238779447972775 -0.0543021932244301 0.0173817686736584 -0.00517511740326881 0.0214162897318602 -0.0581023059785366
0.107284396886826 -0.0794353634119034 -0.0218900851905346 -0.0526362508535385 -0.0263100676238537 0.0284023117274046 -0.0205331165343523 -0.00264883041381836 -0.0770612955093384 0.0188300348818302 0.0132008623331785 0.0289426855742931 -0.0632829815149307 0.0463583506643772 0.112488083541393 0.0301447305828333 -0.037185687571764 -0.0230305101722479 -0.107402503490448 0.129200577735901 0.107714660465717 -0.0611171200871468 0.0358609221875668 0.0743734091520309 0.0252596959471703 -0.0858148708939552 0.0582951828837395 -0.0273245982825756 0.0183183290064335 -0.0526165068149567 0.173855066299438 -0.0536615215241909 -0.0814947560429573 -0.0449146367609501 0.127854466438293 0.0942123159766197 -0.0870090126991272 0.0101746218279004 0.13804692029953 0.00109606340993196 -0.0409790240228176 -0.095335990190506 -0.0154775539413095
-0.106529027223587 0.0161354448646307 -0.129911541938782 0.05769232660532 0.0257557835429907 -0.095320962369442 -0.0722272917628288 0.0629334598779678 -0.0326444581151009 -0.0190664157271385 -0.0234618037939072 -0.0761490613222122 0.154239073395729 0.0212387125939131 0.0163160711526871 0.0714841037988663 0.0350125469267368 0.0174990147352219 -0.00584571901708841 0.0812592729926109 0.00371570489369333 -0.0962346866726875 0.0561747066676617 0.0449335128068924 0.00468970322981477 0.0396333560347557 -0.000280640495475382 -0.0317285135388374 -0.0386598035693169 0.014148329384625 -0.114505402743816 -0.044070802628994 0.00502706877887249 -0.0816699713468552 -0.0520879775285721 -0.00242452812381089 -0.0781924650073051 0.0359220467507839 -0.0393074341118336 -0.0899381563067436 0.00445618107914925 0.0175054613500834 0.0289035476744175
