assets/gome_f/processed/ascii/world/gome_sif_world_20110901.asc
NCOLS 720 
NROWS 360 
XLLCORNER -180 
YLLCORNER -90 
CELLSIZE 0.5 
NODATA_value -3.4e+38 
[rows 114 to 132 of 360, columns 86 to 128 of 720]
-0.144255638122559 -0.0609668008983135 -0.0448347069323063 0.0122683895751834 0.00209546415135264 0.0815184116363525 0.0844885781407356 0.139668837189674 -0.0863207206130028 -0.0726599395275116 -0.00284778419882059 -0.0148212192580104 -0.134039148688316 0.161467403173447 0.00782567542046309 0.0102246981114149 0.0251617971807718 -0.081045426428318 -0.0409063175320625 -0.190078750252724 -0.000804879469797015 0.00315709412097931 -0.0799960717558861 0.0297278184443712 0.0619533881545067 0.148344680666924 -0.109326258301735 0.0168855600059032 -0.0502847991883755 0.174164146184921 0.0920175090432167 0.0943633690476418 -0.0333863571286201 -0.184448376297951 0.0213258806616068 0.0418659672141075 0.0607863739132881 -0.0650299564003944 -0.0950925871729851 0.163123652338982 0.105711370706558 -0.00804968923330307 0.119908139109612
0.0127321360632777 -0.00597153790295124 -0.0345382504165173 0.0943552926182747 -0.13344007730484 -0.0333963111042976 0.0871622860431671 0.0166600402444601 0.0507296472787857 0.00792002398520708 0.0465216524899006 -0.0407942906022072 -0.146138519048691 -0.0518853478133678 0.0301626473665237 -0.0460545532405376 0.0245698988437653 -0.0708480998873711 0.0299078840762377 0.00160892552230507 0.0848867669701576 0.087695337831974 -0.266494870185852 0.16854102909565 -0.187138214707375 0.0191394630819559 -0.0540207773447037 0.106708452105522 0.11068232357502 0.17866849899292 0.0698459446430206 -999 -0.0471598394215107 -0.0150170726701617 0.0681949183344841 0.0670842826366425 -0.0591410659253597 -0.0014563926961273 -0.02020163834095 0.0125800492241979 0.40138053894043 0.0856446921825409 0.024848684668541
-0.00188342400360852 0.156610518693924 -0.0120685147121549 0.109780520200729 0.0575312003493309 0.0498132966458797 -0.0509794168174267 -0.0520629584789276 0.017380740493536 -0.0714134126901627 0.0145976990461349 0.0471748076379299 0.036407932639122 -0.176022201776505 -0.0129608437418938 0.132097661495209 0.111129902303219 -0.0696936547756195 0.0572111308574677 0.0583704710006714 0.116665795445442 0.025648221373558 -999 -0.115574955940247 0.0693657249212265 -0.0530332401394844 0.0094776339828968 -0.00700166216120124 0.0212863180786371 0.142215102910995 -0.08030154556036 -0.199429616332054 0.173426151275635 -0.0533819645643234 -0.0594520196318626 0.114967048168182 0.241165637969971 -0.096165157854557 -0.175324589014053 0.0308075789362192 0.0500690378248692 0.0415586978197098 0.0618382170796394
-0.0373061448335648 0.0410671457648277 -0.0509789660573006 -0.0245810076594353 0.057120893150568 0.0506292879581451 0.0715498775243759 0.0340447016060352 -0.0446401089429855 0.0453243739902973 0.0971558839082718 -0.117359668016434 -0.0665346458554268 0.0147355254739523 -0.0150378067046404 -0.0237424317747355 -0.111399561166763 -0.0327796787023544 -0.0152466595172882 0.0720033943653107 -0.0348212197422981 0.0221650507301092 0.222422510385513 -0.00507135363295674 0.0697628855705261 0.0152965234592557 0.138478443026543 -0.201727092266083 0.118651784956455 -0.0516088828444481 -999 -0.032279759645462 0.111607767641544 -0.0235378704965115 0.0741699784994125 0.0459577776491642 -0.000664465129375458 -0.0945993140339851 -0.0979815647006035 -0.00275410991162062 -0.031002739444375 0.0119535950943828 0.0813368484377861
-0.00287779048085213 -0.17040579020977 0.026787992566824 0.123019695281982 -0.000177969151991419 -0.0552426241338253 -0.0887868478894234 0.0564687140285969 0.0512600466609001 -0.056611955165863 0.10353896021843 -0.0303974337875843 -0.0323162414133549 -0.040556225925684 -0.103902377188206 -0.0660757571458817 -0.00496155023574829 0.0359477140009403 0.00476977182552218 0.00490383431315422 0.0203161034733057 0.124952733516693 -0.000801354646682739 0.126697197556496 0.0534754991531372 -0.162498161196709 -0.0255781207233667 -0.0324882082641125 -0.175266936421394 0.0658417269587517 0.0703372955322266 0.100044928491116 0.257594406604767 0.121084630489349 -0.0607342533767223 0.0968046560883522 -0.0837176069617271 -0.00655750185251236 -0.208592727780342 -0.0305244848132133 -0.0124021433293819 0.096162348985672 0.0689432099461555
-0.0852295085787773 0.00407733023166656 0.0128097962588072 0.0128678129985929 -0.0215798020362854 0.042209479957819 -0.0366625413298607 0.0156582333147526 -0.0192092079669237 -0.00762549787759781 -0.0942912548780441 0.0523371621966362 -0.0111940121278167 0.0675805807113647 0.1157151684165 0.14463946223259 0.170865520834923 -0.159161567687988 -0.0737582817673683 -0.0452882423996925 0.00236266362480819 0.0628591403365135 0.145866215229034 0.012228861451149 0.104078613221645 -0.016369353979826 -0.0230938028544188 0.00686402339488268 0.117138415575027 -0.171864062547684 0.239204183220863 0.0410246625542641 0.0758546441793442 0.137515351176262 0.0765236094594002 -0.0232143402099609 -0.0931677967309952 0.033065315335989 -0.0150031913071871 -0.0716529563069344 -0.0356446765363216 -0.0125307543203235 0.000952521979343146
0.0677593499422073 0.0158287566155195 0.048199500888586 0.0322742201387882 0.0213553309440613 0.0126647800207138 0.000423354416852817 -0.0345136933028698 -0.00356108695268631 0.0241123605519533 -0.0547453947365284 -0.112229064106941 0.0489609614014626 0.0462928339838982 -0.0114332959055901 0.00825781561434269 0.0694044083356857 -0.0859285295009613 -0.121210068464279 -0.00308883190155029 -0.113057695329189 0.169152900576591 -0.0851064324378967 -0.127659723162651 -0.0775592178106308 0.102205671370029 -0.00637866044417024 0.086578443646431 0.0536275990307331 -0.169927999377251 -0.0398704148828983 -0.024426057934761 0.18334287405014 -0.0775490179657936 0.0576403513550758 0.0499738156795502 0.235725894570351 -0.0015975721180439 0.0178998745977879 -0.0582139492034912 0.134607449173927 0.0477404147386551 -0.100709393620491
-0.114146493375301 -0.0537274479866028 0.00374873587861657 0.0318688973784447 -0.0813554972410202 -0.00353180430829525 0.070300318300724 -0.0307096615433693 0.0917344689369202 0.00935150682926178 -0.00969925988465548 0.0542954504489899 0.00734465010464191 0.0634376034140587 0.0686787664890289 -0.140550598502159 -0.131036773324013 -0.0431573130190372 0.0210173036903143 0.0531310737133026 -0.104545317590237 0.126596733927727 0.0526846274733543 0.0470953024923801 0.149616822600365 0.0886663347482681 -0.0783041343092918 0.149454429745674 -0.0585837922990322 -0.189945861697197 -0.130655631422997 -0.0292026493698359 0.0940687581896782 -0.0343579985201359 0.195268675684929 0.0581780485808849 -0.0522384941577911 0.0189772732555866 0.0216380842030048 -0.221644923090935 0.0709879621863365 0.122018091380596 0.0827478840947151
-0.0525615811347961 0.0327535942196846 -0.0441689267754555 0.0548192858695984 0.054889015853405 0.117208383977413 -0.0851982310414314 -0.095671534538269 0.0402217172086239 0.142032667994499 -0.0608972162008286 -0.0133190862834454 0.0578374341130257 0.0328288115561008 0.0276327040046453 0.0197572503238916 0.127336487174034 0.100956417620182 0.0136465737596154 -0.175323516130447 -0.284977734088898 -0.107442885637283 0.288274496793747 0.0350787453353405 0.062651202082634 -0.243205860257149 -0.00270699569955468 -0.283462375402451 -0.127250209450722 0.196416631340981 0.0866411924362183 0.134967461228371 0.0719296559691429 0.0507534071803093 -0.0421383827924728 0.0698261260986328 -0.0603198073804379 0.0573076531291008 -0.0665707886219025 0.0455476827919483 0.132583066821098 -0.0916669815778732 -0.0671898424625397
0.00758417462930083 -0.0473810657858849 -0.0482352934777737 -0.0636440366506577 -0.0795363336801529 -0.0449621118605137 -0.0135237844660878 -0.0770810693502426 -0.00494825327768922 -0.119086347520351 -0.0626446753740311 0.0338255539536476 -0.0390572808682919 -0.0969657599925995 0.173991486430168 0.000514395418576896 -0.124460816383362 0.0175349563360214 0.0383284986019135 0.0049817175604403 0.0713198035955429 -999 -0.0128595735877752 0.0990194752812386 0.0228546410799026 0.307794570922852 0.0318182297050953 0.36454451084137 -0.125530883669853 0.177388787269592 -0.259900867938995 -0.0768592432141304 -0.0224786289036274 0.0849702656269073 0.0838723331689835 0.011939961463213 0.0102956490591168 0.257275313138962 0.140370160341263 0.0645560398697853 0.032340582460165 -0.0179326273500919 0.0292542576789856
0.0391556061804295 -0.0209125448018312 0.0245550032705069 -0.0499640628695488 0.00892503280192614 -0.0311511307954788 0.0945971459150314 0.0445305071771145 0.0641156509518623 0.0414548330008984 0.0631662905216217 0.0267793592065573 0.0519382245838642 0.0581081360578537 -0.21051724255085 -0.0273611899465322 0.00466158986091614 -0.0149995805695653 0.152747720479965 -0.217876866459846 0.0398322343826294 0.0349300503730774 -0.110579133033752 -0.0714492127299309 -0.154110044240952 -0.10694370418787 0.577338874340057 0.179093301296234 -0.00319418683648109 -0.0729395598173141 0.0517328791320324 0.0909161195158958 0.0513449981808662 0.216371789574623 0.00354365911334753 -0.0525179617106915 0.0860046148300171 0.187672883272171 0.0592458993196487 0.0354942753911018 0.00162940658628941 0.0759450271725655 -0.0516002401709557
-0.0523406118154526 -0.0491847507655621 0.024737847968936 -0.147138819098473 -0.022078288719058 0.131389737129211 0.0773499608039856 0.0624397285282612 0.0841123983263969 0.0762543976306915 0.00230080191977322 0.0219629425555468 0.145314648747444 0.116106942296028 0.0884893760085106 0.0942457243800163 0.0256568565964699 0.0172865428030491 -0.0381118021905422 0.046750646084547 0.0691725313663483 0.024278936907649 0.0258158147335052 -0.0887864977121353 -999 -0.120448686182499 -0.0740758180618286 -0.0198805537074804 0.225676596164703 0.0660199001431465 0.0254875831305981 -0.0521745085716248 -0.105971798300743 -0.137978106737137 -0.0357388705015182 0.0706859454512596 -0.0505177192389965 0.162771210074425 0.0656278505921364 0.0324192568659782 0.0836077034473419 -0.0390560925006866 -0.0418631434440613
-0.0117227444425225 0.0923812463879585 0.0258703473955393 -0.0343434996902943 0.0203193239867687 0.0204403717070818 -0.104459524154663 0.056099746376276 -0.187566354870796 0.0447814054787159 0.0359105356037617 0.0709630325436592 -0.050549004226923 -0.0235870610922575 0.0801535695791245 -999 -0.0800237953662872 0.0728295519948006 -0.0470888949930668 -999 -0.117643386125565 0.0777243077754974 0.372625887393951 -0.107271388173103 -999 0.060694232583046 0.0459628328680992 -0.219276785850525 0.127487629652023 0.005887386854738 0.069672591984272 -0.0958826243877411 0.0561020486056805 0.0459950119256973 -0.0134166432544589 0.00467729894444346 -0.0241218898445368 0.0328631438314915 -0.0251594427973032 0.00531504210084677 0.0273729786276817 0.0896285250782967 0.055351298302412
0.120631009340286 -0.0643482580780983 -0.00234852801077068 0.0615569651126862 -0.0618650577962399 0.100899495184422 -0.0983433276414871 -0.0266178119927645 0.0241349786520004 -0.00128542794845998 -0.129492238163948 0.174480482935905 0.0959643945097923 0.0933500230312347 0.0345180369913578 -0.108487620949745 0.0948375537991524 -999 -0.11416494846344 -999 -999 0.0238856878131628 0.303367763757706 -0.119963489472866 -999 -0.0518634542822838 -0.0272729247808456 0.111163206398487 0.09609005600214 -0.0431399643421173 -0.126073345541954 0.116419315338135 -0.0512563064694405 -0.0707856565713882 -0.0151547528803349 -0.0474431328475475 0.0760053545236588 0.0654485002160072 0.0287724807858467 -0.0249647721648216 -0.0464592687785625 -0.114306017756462 -0.0241663586348295
-0.10095951706171 -0.0919821038842201 -0.022521935403347 0.0836739093065262 0.0602967143058777 0.0373236574232578 0.0620465688407421 -0.000976968556642532 -0.0908095985651016 -0.0451388768851757 0.0513978861272335 0.00625847280025482 -0.178516507148743 -0.0189673639833927 0.12262699007988 0.0764955282211304 -0.107647471129894 0.115974687039852 -0.171616688370705 -999 -999 0.164470374584198 0.0362893156707287 -0.0845502391457558 -0.214359298348427 0.176058113574982 -0.0760073736310005 0.189833492040634 -0.0308315828442574 0.125249460339546 0.106651358306408 0.0828763768076897 -0.0943318828940392 -0.00462575443089008 0.0360586121678352 0.0495922788977623 -0.0142711596563458 -0.116660811007023 -0.0275477673858404 -0.0169516988098621 -0.0639470145106316 -0.049460232257843 -0.156618401408195
-0.0633489713072777 0.0139543768018484 0.129107266664505 -0.0750863403081894 0.063174769282341 -0.084808774292469 0.0370243340730667 -0.0264769401401281 -0.0606010295450687 -0.165145680308342 0.111502982676029 0.168055772781372 0.0532769523561001 -0.0194982942193747 -999 0.156177923083305 -999 0.309131503105164 -0.0974531769752502 -999 -999 0.19367890059948 -999 -999 0.160706356167793 0.127231165766716 -0.0131614189594984 0.0433511175215244 0.0899078547954559 0.0766687393188477 0.474106103181839 0.102321602404118 0.182783737778664 -0.0952805802226067 0.0193779412657022 -0.0191547423601151 0.150319501757622 -0.0744455009698868 0.0171044003218412 -0.00825931783765554 0.0115745021030307 0.0491564907133579 -0.014278688468039
-0.0115974200889468 0.0378267914056778 0.142313003540039 0.0288267247378826 -0.0673266500234604 0.107601121068001 0.156072691082954 -0.20022077858448 0.159792080521584 -0.113875865936279 -0.0393236801028252 -0.209495946764946 0.150655031204224 0.0180008467286825 0.0239171627908945 -0.297020107507706 0.057269886136055 0.185394436120987 0.18243795633316 0.0429682210087776 -0.13762754201889 -999 -999 -999 0.10703207552433 0.211805462837219 -0.0383466966450214 0.136938184499741 -0.109271518886089 0.276546955108643 0.157207444310188 -999 0.157542526721954 -0.0974720269441605 -0.0592728219926357 -0.0240109339356422 0.0692602843046188 -0.00884418189525604 0.126973420381546 -0.0106007559224963 0.0319688953459263 -0.0836468935012817 0.0308191049844027
0.00769337359815836 -0.0238702576607466 -0.0684635862708092 -0.160114526748657 -0.0456639416515827 0.0423695221543312 -0.0845204517245293 0.0296669844537973 -999 0.226126581430435 0.104173853993416 -999 0.0575621165335178 -0.380518585443497 0.0448777005076408 -999 -0.353906869888306 -0.0151156429201365 -0.0127329574897885 0.214992687106133 -999 -999 0.0182198081165552 0.345609575510025 -0.0942543596029282 -0.0211634989827871 -0.216454178094864 0.0319101586937904 0.0235964693129063 -0.0299093630164862 0.271107047796249 -999 0.259431272745132 0.062914565205574 -0.125712975859642 0.0560941398143768 0.209560096263885 -0.130182489752769 -0.0372708737850189 0.0077929524704814 0.0607815645635128 -0.0385772846639156 0.00712498603388667
0.0384463034570217 0.0489550940692425 -0.0960612222552299 0.0629156082868576 0.109297834336758 0.0371586643159389 -0.0168200377374887 0.12668465077877 0.0810949206352234 -0.0479011088609695 -0.151000544428825 0.338345646858215 0.0434689708054066 -999 0.169703841209412 0.237288564443588 0.041277177631855 0.0375746637582779 0.00567565811797976 0.0301861315965652 -999 -0.183094158768654 0.187532544136047 0.0235399045050144 -0.0189559534192085 0.10186181217432 0.0133684650063515 -0.182327881455421 0.713734924793243 -999 -999 -999 0.280857652425766 -0.122365429997444 0.169581681489944 0.223743364214897 -0.0723867118358612 0.116833217442036 0.0415657609701157 0.00629744445905089 -0.0368235744535923 0.00430505210533738 0.00472082151100039
