assets/gome_f/processed/ascii/world/gome_sif_world_20111201.asc
NCOLS 720 
NROWS 360 
XLLCORNER -180 
YLLCORNER -90 
CELLSIZE 0.5 
NODATA_value -3.4e+38 
[rows 114 to 132 of 360, columns 473 to 515 of 720]
0.00864965096116066 0.0618752427399158 -0.0288665294647217 0.113776735961437 -0.0537028834223747 -0.00198892247863114 0.0350725390017033 -0.0060734199360013 -0.0382072851061821 0.0552342049777508 0.0379379391670227 -0.0399188660085201 0.0359554588794708 0.055920135229826 0.0214962027966976 -0.0173938330262899 -0.0244780723005533 -0.117935299873352 -0.0261455327272415 -0.017988033592701 -0.0533920675516129 0.0400206930935383 -0.0450884364545345 -0.0118758082389832 0.0232001375406981 0.0593425929546356 0.0287817195057869 0.00629754550755024 0.0746403932571411 0.0636902526021004 0.0982106477022171 0.109130017459393 0.0842837393283844 0.0667880997061729 0.112415410578251 0.0550888739526272 0.141730397939682 0.124644868075848 -0.0138106346130371 0.0616550855338573 -0.114331774413586 -0.0664709731936455 0.00381656526587903
0.0254115983843803 -0.046996857970953 0.0051825875416398 0.0155104426667094 -0.0164769031107426 0.0158402752131224 0.00234352354891598 0.0311499051749706 -0.052184209227562 -0.0322673656046391 0.0377643145620823 0.0152190886437893 0.0113019524142146 0.0119865024462342 0.071381039917469 0.0705477744340897 0.027701610699296 0.0923930257558823 0.00778437638655305 0.0215759482234716 0.00901507213711739 -0.00471300585195422 -0.0137508697807789 -0.0832288041710854 0.0452520959079266 -0.0566631406545639 0.0369748659431934 0.00413926830515265 0.0925789922475815 0.0921676605939865 0.0854903534054756 0.129874870181084 0.0280669722706079 0.158119723200798 0.0994537994265556 0.102509222924709 0.0954125598073006 0.0922779068350792 0.132665634155273 0.0514339171350002 -0.0243246201425791 -0.140329912304878 -0.0131209874525666
-0.000804845476523042 0.0739208981394768 0.0667803883552551 -0.0325126014649868 -0.0504970587790012 -0.0431329160928726 0.106737166643143 0.0116346618160605 -0.0153511501848698 0.0766603350639343 -0.00200794450938702 0.00789021141827106 0.0343812853097916 -0.014898874796927 0.0209216400980949 0.00923869851976633 0.00483382353559136 -0.031124621629715 0.0781117454171181 -0.0433578230440617 0.0320027582347393 -0.0108653111383319 0.0207434184849262 -0.00837245490401983 0.0229678209871054 -0.00833536870777607 -0.0097691984847188 0.0430461689829826 0.111773312091827 0.098255455493927 0.0276392642408609 0.0872207656502724 0.164094880223274 0.130767866969109 0.101964466273785 0.102740854024887 0.0806890428066254 0.133783936500549 0.12686063349247 0.0731901228427887 0.098735973238945 0.0489088743925095 -0.113796330988407
-0.0117793567478657 -0.0126090571284294 0.116546951234341 0.0357966423034668 -0.0458667613565922 0.00638499949127436 0.0390737690031528 0.0187439601868391 -0.0747398063540459 -0.0377767533063889 0.0135592417791486 0.0204866360872984 -0.04868358746171 0.0323916934430599 -0.0153115140274167 0.0198040455579758 -0.0419019162654877 0.0847703516483307 0.0403233878314495 0.0356509052217007 -0.00117672863416374 -0.0323921404778957 0.0205142367631197 0.0632548332214355 -0.00138484791386873 0.0254251211881638 -0.0470001064240932 -0.0157876145094633 0.0352677851915359 0.0624722838401794 0.127450942993164 0.0564440228044987 0.104710690677166 0.182335689663887 0.129207298159599 0.240131676197052 0.186334952712059 0.196101307868958 0.160717666149139 0.169245064258575 0.0842331126332283 0.114723414182663 0.0668414458632469
0.00971964467316866 0.0232690460979939 0.0193341337144375 -0.0236873496323824 0.0459908545017242 0.0253206249326468 -0.053509347140789 -0.0104260193184018 0.0229246020317078 0.0540574193000793 0.00959511008113623 -0.0350003130733967 0.0814801231026649 0.0379985719919205 0.00791249610483646 0.0498670525848866 0.0876357033848763 0.0138454083353281 0.0453622527420521 0.0123254181817174 0.0171269010752439 0.0490706078708172 0.0253645237535238 -0.0685403421521187 -0.00912050809711218 0.0229673646390438 0.0496777296066284 0.0781396478414536 0.0856302380561829 0.0658221915364265 0.0853525847196579 0.0684422180056572 0.11821386218071 0.180816844105721 0.182325527071953 0.161541819572449 0.158665388822556 0.237729296088219 0.258760899305344 0.255018353462219 0.199195265769958 0.154000908136368 0.161704272031784
0.0449192300438881 0.00998051930218935 -0.0264896508306265 -0.0404431000351906 0.00711453286930919 0.0389045961201191 0.036064151674509 0.01495370734483 0.0459850989282131 0.00339638814330101 -0.0311657059937716 0.00865548849105835 0.0537680834531784 0.0527598857879639 -0.0381120555102825 -0.00517564453184605 0.0767121911048889 -0.0125730773434043 -0.0220414102077484 0.05217045545578 0.018884900957346 0.056485865265131 0.0239051058888435 0.00273515679873526 0.0952639505267143 0.0614589974284172 0.0540322512388229 0.0188439637422562 -0.00256404955871403 0.119409255683422 0.0837134569883347 0.148041635751724 0.116037622094154 0.143650740385056 0.15200874209404 0.125132754445076 0.114310003817081 0.0967454463243484 0.284176111221313 0.209238961338997 0.134461015462875 0.185025230050087 0.138983339071274
-0.0301569420844316 -0.0214794911444187 0.0562430247664452 -0.0800142362713814 0.0386645346879959 -0.0122288772836328 0.00313921482302248 -0.0137986307963729 -0.0239538103342056 -0.02325289696455 -0.0417987927794456 -0.103872582316399 0.0400381907820702 0.0226804036647081 -0.0331179536879063 -0.0382522009313107 -0.0589719042181969 -0.0311531256884336 -0.0302018187940121 0.00886084232479334 0.0920883119106293 0.0359953753650188 0.0862109363079071 0.0754099637269974 0.018896671012044 0.0566573329269886 0.0656106695532799 0.0719103217124939 0.107336826622486 0.140391364693642 0.0451885052025318 0.133385375142097 0.14227157831192 0.086596392095089 0.11403101682663 0.0561393611133099 0.0944832339882851 0.0433560088276863 0.155637308955193 0.169218242168427 0.133656248450279 0.0613981150090694 0.162583246827126
0.0576890893280506 -0.0168939977884293 -0.0331663005053997 0.007343047298491 -0.0208893846720457 0.00130096229258925 0.00512020802125335 -0.0508142039179802 0.0322960838675499 -0.0157859642058611 -0.0567049086093903 0.0147074367851019 -0.0210381764918566 -0.0156027274206281 -0.0528431721031666 -0.0217898916453123 -0.0653867051005363 -0.0114241261035204 -0.0339653417468071 -0.0497955717146397 0.042584165930748 0.050431415438652 0.0216147173196077 0.0610091015696526 0.18299201130867 0.112178035080433 0.0332695618271828 0.104145020246506 0.0999102592468262 0.0718924999237061 0.0520112924277782 0.10012099891901 0.134637355804443 0.043859351426363 0.0494161024689674 0.00221978034824133 0.120859682559967 0.160322114825249 0.131204634904861 0.0831119194626808 0.0225476790219545 0.0861300304532051 0.0628417059779167
-0.0930168479681015 -0.0312251951545477 0.104836001992226 -0.0257317721843719 0.0234042871743441 -0.0306400451809168 0.00483610294759274 0.00394446076825261 -0.011871644295752 -0.0306686162948608 0.0023602768778801 0.0213306974619627 0.0488557331264019 0.0061098481528461 0.00448358524590731 0.0200835261493921 0.0631410032510757 -0.123212903738022 0.0570494420826435 0.0117346066981554 0.0015015663811937 0.0253098458051682 0.0494020022451878 -0.0107707586139441 0.00754697900265455 0.0453974716365337 0.110032290220261 0.0988004133105278 0.0508332699537277 0.0163286905735731 0.037246860563755 0.0437048673629761 0.0579887628555298 0.0684962347149849 -0.00624451925978065 -0.0196168590337038 0.119111999869347 0.0833496600389481 0.132657289505005 0.0626506730914116 0.146450623869896 0.120569780468941 0.0668032541871071
0.00193600554484874 -0.0226860605180264 -0.0032594371587038 0.0134382219985127 -0.0153095861896873 -0.066501684486866 0.0848579257726669 0.0596203170716763 0.00072640716098249 0.0189637988805771 -0.0812663808465004 0.0213990099728107 -0.0211204830557108 0.0672765374183655 -0.00582502223551273 0.024473087862134 0.020885456353426 0.0533689931035042 -0.0292469151318073 0.0452639609575272 0.0234826728701591 0.0485913567245007 0.117573708295822 0.108962453901768 0.00393972871825099 0.0278693120926619 0.0490409731864929 0.110759802162647 0.0152172455564141 0.000965746294241399 0.0639754608273506 0.0878955274820328 0.0234878286719322 -0.0254709832370281 0.0684208944439888 -0.00243627466261387 0.110375374555588 0.0471273623406887 0.102003872394562 0.225720182061195 0.185832902789116 0.141155749559402 0.186708927154541
0.0573231391608715 0.0604970492422581 -0.0154199786484241 0.0749426335096359 0.141325861215591 0.117644086480141 0.00943750329315662 0.0359669774770737 0.02578105032444 -0.0189191047102213 0.00269925151951611 -0.0475964732468128 0.0121711865067482 -0.00158882362302393 -0.114226795732975 -0.0384146869182587 0.0426421798765659 0.00605924660339952 0.0190296079963446 -0.00154301372822374 -0.034409798681736 0.0157169923186302 0.0559708215296268 0.0740526914596558 0.085014708340168 0.0523800700902939 0.0670138075947762 0.0636577382683754 0.0888268873095512 -0.00408478593453765 0.043272003531456 -0.00557187339290977 0.0562828779220581 0.0602079480886459 0.0416433438658714 0.106733597815037 0.0310796443372965 0.0830292329192162 0.0583161301910877 0.219555109739304 0.196514010429382 0.170350581407547 0.195427715778351
0.000158699229359627 -0.0396563485264778 0.0559998340904713 -0.0199820175766945 -0.0415527112782001 -0.148723348975182 0.00138716062065214 0.00593102164566517 0.00940282363444567 0.0395477302372456 -0.0686695948243141 -0.022863794118166 0.0610696859657764 0.0203980300575495 0.062274482101202 0.00298213958740234 0.0119411516934633 0.00999218877404928 0.0275039486587048 0.00178775982931256 0.0274774227291346 0.0200941413640976 0.0543421655893326 0.124707095324993 0.0912329703569412 0.152000740170479 0.00506601110100746 0.0236572287976742 0.0295462496578693 0.0388893336057663 0.0666981786489487 0.0266889296472073 -0.00235075154341757 0.0539329499006271 0.0688329264521599 0.0381295457482338 0.127697870135307 0.0944253504276276 0.187176436185837 0.102991960942745 0.140704363584518 0.21576252579689 0.275307267904282
-0.00491967471316457 0.0117699410766363 0.0408357009291649 0.0123729864135385 0.0268504898995161 -0.0186929777264595 0.0360832922160625 -0.0468031466007233 0.0130659742280841 0.0242393910884857 0.0070832334458828 0.00161406118422747 0.00155549868941307 -0.0507058277726173 -0.0444184541702271 0.0634891390800476 -0.0752908959984779 -0.00618793722242117 0.0290490742772818 0.0449369885027409 0.0268320683389902 0.100576929748058 0.148821264505386 0.0723319128155708 0.0372479371726513 0.0517063140869141 0.0728914812207222 0.0714319571852684 0.0187553279101849 0.0341080985963345 0.0874772965908051 0.0874831676483154 0.120688401162624 0.0580704994499683 0.0738260522484779 0.0262194406241179 0.107066921889782 0.029589956626296 0.195431977510452 0.210789188742638 0.156072452664375 0.121381282806396 0.159940034151077
-0.022296229377389 -0.0922863408923149 -0.0162480622529984 0.00278345099650323 0.0081478189677 -0.0187414605170488 -0.0153216635808349 0.0298360586166382 -0.0289356876164675 0.00817488878965378 0.000800717622041702 -0.0109838945791125 0.0468133836984634 0.0722442269325256 -0.06145940721035 -0.05488246306777 0.0365237630903721 0.0589421838521957 -0.00593156507238746 0.0970772355794907 -0.0462771989405155 0.112189598381519 0.0734650194644928 0.164826914668083 0.0836810618638992 -0.0322282500565052 0.018642945215106 0.00694894418120384 0.0624519325792789 0.0394346825778484 0.112420953810215 0.0697782412171364 0.0599087737500668 0.148410990834236 0.093664787709713 0.139234855771065 0.126960068941116 0.122463785111904 0.165765300393105 0.201013535261154 0.126028507947922 0.070151649415493 0.0874260142445564
0.0707182884216309 -0.0060016131028533 -0.0791317746043205 -0.101669706404209 -0.092007614672184 0.0751848146319389 -0.0300070438534021 0.0373901762068272 0.0616736076772213 0.111083343625069 0.0581994503736496 0.0762474834918976 0.00451791938394308 0.0653167590498924 0.0635618045926094 -0.0298687070608139 -0.0480653122067451 0.0250562522560358 -0.0358427204191685 -0.0132425762712955 0.0174351334571838 0.0360168181359768 0.137410193681717 0.110109411180019 0.150863617658615 0.0789908766746521 -0.0352482199668884 0.0572386234998703 0.0315779261291027 0.115943565964699 0.0775520205497742 0.100468315184116 0.0724155604839325 0.144478604197502 0.0530286952853203 0.0902231559157372 0.135147050023079 0.166991293430328 0.0900224894285202 0.193873524665833 0.195028692483902 0.0735601335763931 0.0764865875244141
0.0265386998653412 -0.0267077144235373 -0.00857734028249979 0.0210740435868502 -0.00268323137424886 -0.0321227088570595 -0.123571082949638 -0.14221203327179 -0.105109676718712 -0.0723058432340622 -0.120745062828064 -0.0176887363195419 -0.078659825026989 -0.0622863546013832 -0.0606326535344124 -0.0693342685699463 -0.0693526789546013 -0.0617863722145557 -0.00408711889758706 0.00767260370776057 -0.0256975498050451 0.0276480261236429 0.0466439314186573 0.079891063272953 0.0872109830379486 0.0602530911564827 0.0789907872676849 -0.0151140317320824 0.0679126083850861 -0.0220781192183495 0.111371509730816 0.157143175601959 0.169119864702225 0.00811661407351494 0.0573473908007145 0.0620886720716953 0.19378125667572 0.110306598246098 0.0955632403492928 0.152332320809364 0.122001297771931 0.13276718556881 0.0916899666190147
0.0197849832475185 0.0393502973020077 0.00778101989999413 0.024640055373311 0.0188003182411194 -0.0399268828332424 -0.0657438635826111 0.066835030913353 0.0244271010160446 -0.0162672568112612 0.0278838817030191 0.00703005772083998 0.0256314836442471 -0.0157391764223576 0.0060571008361876 -0.0239919666200876 -0.0206058956682682 0.00117488007526845 0.0436332263052464 -0.0689468532800674 -0.0519576594233513 -0.0433088503777981 0.0411371998488903 0.0946907550096512 0.0746523663401604 0.0932067185640335 0.0304682720452547 0.0324066542088985 0.0690592676401138 0.0572884157299995 0.0958042293787003 0.102685458958149 0.185083657503128 0.165948674082756 0.134088128805161 0.179378241300583 0.158191815018654 0.0982683300971985 0.119311161339283 0.133041203022003 0.154231086373329 0.204572811722755 0.0688576325774193
-0.0196941122412682 0.11233227699995 0.0308273565024137 -0.061543345451355 -0.0377024672925472 0.0123943481594324 0.0737680271267891 -0.0137588540092111 0.0832499265670776 0.00703185657039285 -0.0282710660248995 0.0540943294763565 0.0132679017260671 -0.00976014789193869 -0.0342128872871399 -0.0158278215676546 0.0855113640427589 0.0531075447797775 -0.0023764583747834 0.0526702962815762 0.0275202188640833 -0.0442541129887104 0.0205135475844145 0.0213327035307884 0.0484230257570744 -0.0291424486786127 0.0374363586306572 -0.0350577309727669 0.0744731575250626 0.137491211295128 0.153298050165176 0.265703529119492 0.244251132011414 0.112756386399269 0.0944887846708298 0.182895004749298 0.123456306755543 0.133108079433441 0.169902920722961 0.255176246166229 0.189900875091553 0.147726982831955 0.166876569390297
0.0725192204117775 0.0383641012012959 0.134522378444672 0.0445791371166706 0.0722804665565491 0.0396979860961437 -0.0461166873574257 0.0290694702416658 0.0459521897137165 -0.0498023591935635 -0.00468405103310943 -0.00433184625580907 -0.0148318931460381 0.00274491892196238 -0.0261100064963102 0.0022968971170485 0.0471384190022945 -0.0091429241001606 0.0154154626652598 0.0309018213301897 -0.0494154058396816 -0.0488811731338501 -0.00402664812281728 -0.0641373991966248 0.0913510248064995 0.0552076660096645 0.0689831376075745 0.0976889580488205 0.0290827732533216 0.0881118699908257 0.128780633211136 0.221907451748848 0.223592638969421 0.105621159076691 0.156550869345665 0.0875237509608269 0.129463165998459 0.14675584435463 0.256952106952667 0.218692749738693 0.200415030121803 0.20414112508297 0.161609917879105
