assets/gome_f/processed/ascii/world/gome_sif_world_20120201.asc
NCOLS 720 
NROWS 360 
XLLCORNER -180 
YLLCORNER -90 
CELLSIZE 0.5 
NODATA_value -3.4e+38 
[rows 76 to 94 of 360, columns 301 to 343 of 720]
0.0750802680850029 -0.0140292784199119 0.00113845174200833 0.0573972575366497 0.0458201989531517 0.021362042054534 0.0831377729773521 -0.0033254511654377 -0.0217903815209866 0.104685910046101 0.03588030859828 -0.0827676355838776 0.0827276483178139 -0.058246660977602 0.031316239386797 -0.12093448638916 -0.0492132119834423 -0.116235584020615 0.0114524411037564 -0.0574284344911575 0.194495618343353 0.109233416616917 -0.00746029568836093 0.0384409166872501 0.0273469556123018 -0.101897336542606 0.187783017754555 0.042324461042881 0.0442942008376122 0.0373759344220161 0.0178871732205153 -0.0587824359536171 0.0825498327612877 -0.108052901923656 -0.0566398352384567 0.0202109813690186 0.0602022148668766 -0.0535891391336918 0.006541907787323 0.136520206928253 0.0539041124284267 -0.108085788786411 0.147700861096382
-0.0353408381342888 -0.0193662829697132 -0.0704015716910362 0.166561022400856 0.0356478057801723 0.1246188133955 -0.0343917496502399 -0.0230698138475418 -0.00236381753347814 -0.0598145425319672 -0.00343209248967469 0.00580500112846494 0.020907785743475 -0.0410313494503498 -0.00659341039136052 -0.0405620373785496 -0.0766952484846115 0.00718203326687217 -0.0706588625907898 -0.0416442267596722 0.0427216738462448 0.0222539845854044 0.08270563185215 -0.27396148443222 0.129803314805031 0.0603747554123402 0.133363604545593 -0.195111215114594 0.0632388070225716 0.194895952939987 -0.0945381075143814 -0.0984207987785339 -0.0872613787651062 0.0618714839220047 -0.057628870010376 0.0442708916962147 -0.02930773422122 -0.0375220663845539 0.00233272835612297 0.0438499823212624 0.0359039418399334 -0.117906950414181 -0.159379124641418
0.00404063379392028 -0.142701908946037 -0.0538203045725822 -0.0114937126636505 -0.0671827271580696 0.0884702354669571 -0.050674956291914 0.0175349581986666 -0.0557157285511494 0.236972317099571 -0.0297041423618793 -0.112595334649086 -0.0177550110965967 -0.0260418485850096 -0.00260168616659939 -0.000537762069143355 -0.00687109166756272 -0.00236663594841957 -0.0643957629799843 0.0180249065160751 0.0287675410509109 -0.212322220206261 0.0334139056503773 -0.00353940576314926 -0.0735930204391479 0.0259776096791029 0.000291973352432251 0.0225391890853643 0.0775032714009285 0.0264097955077887 -0.0420379340648651 0.0827421620488167 0.0866382047533989 -0.0458278767764568 -0.0753553658723831 0.00903002545237541 0.12260614335537 -0.00120604038238525 -0.102195963263512 0.0392722338438034 0.0811311528086662 0.0867044851183891 -0.124933086335659
0.0701282396912575 -0.0644871294498444 -0.0928645059466362 0.00240733684040606 -0.135775625705719 0.030029496178031 0.117520965635777 -0.0328714847564697 -0.0853967592120171 0.0473137125372887 0.0379331782460213 0.00203914567828178 -0.123787745833397 -0.0416519232094288 -0.0708494707942009 0.0175852812826633 -0.0122680831700563 0.0296870302408934 -0.221635818481445 -0.0358560644090176 0.13581220805645 -0.0465124659240246 0.0327817462384701 -0.0252364259213209 0.0756845250725746 0.113191783428192 -0.000179378315806389 -0.129333898425102 -0.0346618555486202 -0.0115472357720137 0.117354519665241 0.0371192283928394 -0.0328618064522743 -0.0819153934717178 0.115644939243793 -0.120593681931496 -0.0178968850523233 -0.0121429972350597 -0.0796970427036285 0.167196854948997 0.0138322515413165 -0.150987476110458 -0.0908319056034088
0.0173107534646988 -0.196784779429436 -0.0231525897979736 0.301454424858093 0.0879783853888512 -0.0437339060008526 0.0643315091729164 -0.0769250467419624 -0.0708676129579544 0.0827997028827667 -0.00454103946685791 -0.0242959316819906 0.0025321755092591 -0.0269271433353424 -0.0451663844287395 0.0686224400997162 0.0501390472054482 -0.0272893961519003 0.0848189070820808 0.0266472194343805 0.037613183259964 0.00116520933806896 -0.0763186439871788 -0.00378480437211692 0.11303872615099 0.0137943923473358 0.00448806444182992 0.0219447668641806 -0.0370209291577339 -0.123579524457455 -0.0535694919526577 0.000836864113807678 -0.0425176061689854 0.0311715640127659 -0.00196547689847648 -0.0396635308861732 0.0499005354940891 0.0361433587968349 0.011135364882648 -0.00310824508778751 0.00937694311141968 -0.0258640069514513 0.0198026243597269
0.0244570001959801 0.060998760163784 -0.0149024296551943 0.00490516424179077 -0.0553588382899761 -0.0210644621402025 0.0703306794166565 0.0320472680032253 0.0617670528590679 -0.00520063610747457 -0.0663506463170052 0.05442139133811 0.189763352274895 0.0360417701303959 0.0189636591821909 0.0177930891513824 -0.0592376515269279 -0.174991384148598 -0.0338822044432163 0.0180958341807127 0.0573788061738014 -0.0133245661854744 0.0571124479174614 0.00433932803571224 -0.0841358453035355 0.0274049583822489 -0.053265355527401 0.0295218508690596 0.0346663817763329 0.0268529932945967 0.0456981398165226 0.0426393114030361 0.027476605027914 0.025388564914465 -0.0616889409720898 -0.0580022521317005 -0.210579246282578 0.0548445098102093 0.0177539382129908 0.163984522223473 -0.0378294996917248 0.0453015267848969 0.0181848723441362
0.0330864638090134 -0.0120606627315283 0.116024650633335 0.0476012602448463 -0.010349546559155 -0.109555967152119 0.0143123520538211 -0.0200065709650517 0.0876244157552719 0.0636364668607712 0.0314685516059399 -0.0548226460814476 0.0765666887164116 0.0248820576816797 0.127893000841141 -0.116326317191124 0.048617348074913 -0.00038310926174745 -0.0196647569537163 0.0541609153151512 -0.156079798936844 0.0144851803779602 -0.112476117908955 0.0441845916211605 0.1208625882864 -0.114035464823246 -0.00910140015184879 0.0768712162971497 -0.00805708020925522 0.132230579853058 0.0788768529891968 -0.0487925335764885 -0.0473086126148701 -0.0728195309638977 0.040232315659523 0.00679385894909501 -0.101656898856163 -0.0989809259772301 -0.0858482494950294 0.0231256783008575 -0.0892635434865952 -0.0692802742123604 0.0377624034881592
0.0255602449178696 0.0437281802296638 0.0717868357896805 0.0122536020353436 -0.0806073322892189 0.0224513206630945 0.121555395424366 0.105419337749481 -0.0272209066897631 0.00437919981777668 0.143257647752762 0.0433267652988434 0.00030840712133795 0.00436378736048937 0.044720746576786 0.0213293805718422 -0.193030446767807 0.0684493333101273 -0.0196565166115761 -0.00905996095389128 -0.02382692694664 0.068306639790535 -0.00670348107814789 -0.0725910216569901 -0.0165499858558178 0.00758498162031174 0.00740882381796837 -0.07525285333395 -0.116813398897648 -0.210941389203072 0.109794497489929 0.096893772482872 0.0392442420125008 -0.0828229561448097 -0.0892911553382874 -0.0772107839584351 -999 -0.0577360838651657 -0.127921909093857 0.103508271276951 0.0101407952606678 0.00405967002734542 0.0877090245485306
-0.0482456311583519 -0.0214524064213037 -0.0709584578871727 0.034634955227375 -0.0523103140294552 -0.0784699022769928 0.0185390301048756 -0.0508069470524788 0.0210572555661201 0.0403275676071644 -0.0215239319950342 -0.0787899047136307 -0.0824776217341423 0.0442419052124023 0.0397258996963501 0.032515250146389 0.0659075900912285 -0.0642564073204994 0.0231683440506458 0.0118022942915559 0.0200693532824516 0.116438582539558 0.212796807289124 -0.0361512899398804 0.120422415435314 0.0805793777108192 0.0498268231749535 0.231127426028252 0.00186377018690109 0.0154682071879506 -0.0196005366742611 0.0200224593281746 -0.00779335200786591 0.130419299006462 0.0487484149634838 -0.100355945527554 -999 -0.102820426225662 0.0201912745833397 0.0764174237847328 0.0141479521989822 0.0301116649061441 0.0179059505462646
0.0271628256887197 -0.0360823944211006 0.0579030960798264 0.00842330884188414 -0.0153513699769974 -0.0251305513083935 -0.127552688121796 0.0343776680529118 -0.000294706231215969 -0.0598128288984299 0.0150647861883044 -0.00883868709206581 0.0124066732823849 0.163547351956367 0.0109689962118864 0.0554670095443726 0.0463486537337303 0.011114071123302 0.0568168759346008 -0.0192172918468714 0.0403745844960213 0.0214706789702177 0.0564267039299011 0.0711599215865135 -0.069456435739994 0.0559393428266048 -0.165712684392929 -0.188586756587029 0.0125351818278432 -0.00348911806941032 0.0654621049761772 -0.0495515130460262 0.0942270904779434 -0.00833388138562441 -0.0140435621142387 0.02942761965096 0.0583803504705429 0.069303996860981 -0.152370601892471 0.0550450943410397 0.20878729224205 0.111574113368988 0.143992379307747
-0.0652352869510651 -0.0356494635343552 0.16048938035965 0.00183996255509555 -0.0543721541762352 -0.0136619210243225 0.0107571482658386 -0.0148413311690092 0.0225583761930466 -0.0274634845554829 0.0237801875919104 0.00266576185822487 0.0423342250287533 -0.0672746598720551 -0.0136669157072902 -0.0405696146190166 0.0506307259202003 -0.149878159165382 -0.0484530851244926 -0.00745872454717755 0.0820174813270569 -0.0758352726697922 -0.00450478307902813 0.0086734164506197 0.0319848880171776 -0.0102246580645442 -0.0576662719249725 0.0130148502066731 0.100442327558994 0.0816404074430466 0.111334517598152 0.112024784088135 0.0709294900298119 0.0519022829830647 -0.00991627480834723 -0.049057774245739 0.133623674511909 0.0536652803421021 -0.155828312039375 -0.0484078899025917 0.133337900042534 -0.0642780885100365 0.0319413915276527
0.0197250302881002 -0.0272058509290218 -0.0125329457223415 0.0462922602891922 -0.0862429738044739 0.00557173788547516 -0.0457118004560471 -0.00617273943498731 0.0346587710082531 0.0145514216274023 -0.0284425280988216 0.0642353221774101 -0.027328347787261 -0.0206950511783361 -0.108358830213547 0.0236169993877411 -0.0219863727688789 -0.0161744076758623 0.0874406695365906 0.026110365986824 0.0160916075110435 0.0925784707069397 0.0477918460965157 0.0304796937853098 -0.103225164115429 -0.0749187618494034 -0.0245022270828485 -0.108751334249973 0.0111252535134554 -999 -0.058989591896534 0.330056875944138 0.267734497785568 -0.102055221796036 -0.00848681572824717 0.0972042754292488 -0.177388176321983 -0.0604168549180031 -0.0839252918958664 -0.230486184358597 0.0706614255905151 -0.148421764373779 -0.0164725612848997
0.00863938499242067 0.0256712324917316 0.00173773465212435 0.00738638686016202 0.0347000807523727 -0.0153181320056319 -0.104656361043453 -0.0413362048566341 0.0211928058415651 0.0856796503067017 0.0501051768660545 -0.0539123602211475 -0.00179635547101498 -0.036260899156332 -0.0119303232058883 0.0793745145201683 0.166274413466454 -0.0169375576078892 -0.00529624335467815 -0.00197248649783432 0.0844722762703896 -0.147204920649529 -0.0540699884295464 -0.0797096937894821 -0.0314053893089294 0.0266360379755497 -0.00909022986888885 -999 0.134270817041397 -0.0335193499922752 0.0120493741706014 0.143625974655151 0.0415507555007935 0.00619291514158249 0.0285299364477396 -0.0665660724043846 -0.0237191617488861 -0.0795095413923264 0.0318887457251549 -0.0612891018390656 0.0735480189323425 0.159180030226707 0.0717581287026405
-0.00941994227468967 0.0826801210641861 -0.0921031087636948 -0.0458320491015911 0.0419092923402786 -0.0645178407430649 -0.0447852276265621 0.0576529502868652 0.0144334882497787 0.0256499480456114 0.102087534964085 -0.0997283607721329 0.0541478469967842 -0.0409266948699951 -0.0800005197525024 -0.0210734568536282 -0.0391435250639915 0.0629577785730362 -0.0235831830650568 -0.0305006615817547 0.034748338162899 -0.0467051826417446 0.02872284501791 0.112437583506107 0.11330009251833 0.00451473146677017 0.0385440476238728 -0.0633255243301392 0.081919752061367 0.00926528684794903 -0.0882797986268997 -0.109874583780766 -0.0085526155307889 -0.105381064116955 -0.0958919748663902 0.0178092215210199 -0.114329040050507 0.0825386121869087 0.0992827415466309 0.0937907099723816 0.00745272636413574 0.0348829664289951 -0.0834743082523346
-0.0352518148720264 0.0106729120016098 -0.0493389666080475 0.0139348395168781 -0.0183228086680174 0.0138958347961307 -0.0569871142506599 -0.0506578274071217 0.0821421965956688 -0.126194834709167 -0.074212059378624 0.108520030975342 0.0189594384282827 0.00636816024780273 0.0124380886554718 -0.0591988377273083 -0.0436728484928608 -0.0915027409791946 -0.00486478395760059 0.0439890176057816 -0.0526687316596508 0.0883385315537453 0.0411784425377846 -0.0361686870455742 -0.0450015142560005 -0.0227280855178833 0.0684046447277069 0.0559830144047737 0.0683495551347733 -0.132900580763817 0.0108903180807829 -0.0812147930264473 0.139042750000954 0.00703952088952065 -0.00516079366207123 -0.087383471429348 -0.0738817453384399 -0.144183039665222 0.00912515632808208 -0.0411581322550774 0.0305333938449621 -0.0728607103228569 0.135944023728371
-0.00884837005287409 0.00426406459882855 -0.0430723018944263 -0.050148569047451 -0.114334903657436 -0.0129391122609377 0.0133667681366205 0.0458564832806587 0.00457809679210186 0.0748531073331833 0.0111188059672713 0.0334980078041553 0.00109707796946168 -0.0041966587305069 0.0700036361813545 -0.0532452687621117 0.0295411329716444 0.0453375391662121 -0.0302027557045221 0.0127721661701798 0.0160048119723797 -0.0116815399378538 0.012182304635644 0.0375049933791161 0.253341883420944 -0.0274289716035128 0.183371692895889 0.0983057022094727 -0.0682247132062912 -0.0850904583930969 -0.031577430665493 0.0983355268836021 0.0209348704665899 0.00458187377080321 -0.0856335088610649 0.0136424480006099 -0.0955777168273926 -0.0617947615683079 0.076675646007061 0.055485937744379 0.0761666893959045 -0.0212403554469347 0.0350966416299343
0.0525304339826107 -0.012734123505652 -0.00909937918186188 -0.0130655681714416 0.0679326355457306 -0.0242743287235498 0.030679615214467 0.0459510274231434 -0.0283687356859446 -0.0148063451051712 0.049009446054697 -0.0115058235824108 0.00684793200343847 -0.0693502277135849 0.0482726283371449 -0.0040254145860672 0.0401852577924728 -0.0146678565070033 -0.0762393996119499 -0.0972734317183495 0.015845350921154 -0.013654368929565 -0.0657729431986809 0.0328629836440086 -0.0161598511040211 -0.062255222350359 0.00769272958859801 0.0246565099805593 0.11598739773035 -0.0353059992194176 0.0548763982951641 0.0423500649631023 -0.0993427857756615 -0.017421355471015 0.054754726588726 0.0282451193779707 0.1590915620327 0.104236416518688 -0.00172305211890489 0.0436647981405258 -0.0358679741621017 0.0327128656208515 0.0784764140844345
0.0477963015437126 -0.0124204829335213 0.109374478459358 0.0153272384777665 -0.010395672172308 -0.0397894345223904 0.0757990628480911 -0.0407656393945217 0.104739487171173 -0.0712415128946304 -0.00987712759524584 -0.0147417262196541 0.0190114844590425 -0.0368688106536865 0.0046646767295897 -0.0554916001856327 -0.150938108563423 0.0544737763702869 -0.0389896780252457 -0.0444022119045258 -0.0803572311997414 0.0633114129304886 -0.14637465775013 0.0816726461052895 -0.297987967729568 -0.0152958780527115 0.00401635840535164 -0.041475672274828 0.145884454250336 0.116846241056919 -0.0294106341898441 0.0336714796721935 0.0229048933833838 0.0956067517399788 -0.0519951246678829 0.103357568383217 0.101674251258373 -0.0635016858577728 0.0016094883903861 0.0437083020806313 -0.0192894730716944 0.0389786437153816 0.111607074737549
-0.0492934882640839 0.000494741310831159 -0.0811759606003761 0.0872030779719353 0.00529131293296814 0.0441545806825161 -0.0615793466567993 -0.0477727614343166 -0.0263136271387339 -0.0384403802454472 -0.0585362799465656 -0.0722537785768509 0.119068719446659 0.055406104773283 0.100051283836365 0.0033447309397161 -0.0701763108372688 -0.0639165192842484 -0.0496354810893536 -0.0178702585399151 0.0321796201169491 -0.0364261642098427 0.033724632114172 -0.00113264843821526 0.0529911778867245 -0.0683960467576981 -0.131676226854324 -0.0724058300256729 -0.0518996343016624 0.0998956486582756 -0.00343982665799558 -0.0624739229679108 -0.0151536427438259 0.076680950820446 0.0631497502326965 -0.158662244677544 0.0747273489832878 0.0523074604570866 0.0221303775906563 0.0313203446567059 0.0246813539415598 0.0444430038332939 0.10686120390892
