assets/gome_f/processed/ascii/world/gome_sif_world_20110101.asc
NCOLS 720 
NROWS 360 
XLLCORNER -180 
YLLCORNER -90 
CELLSIZE 0.5 
NODATA_value -3.4e+38 
[rows 152 to 170 of 360, columns 0 to 42 of 720]
0.04304239153862 -0.0299259293824434 -0.0547238737344742 0.0297204814851284 -0.0198797080665827 0.0165044870227575 0.0089312270283699 0.0309702754020691 0.00458337040618062 0.0410099253058434 0.0278693456202745 -0.0785499662160873 -0.0103937080129981 0.0341040641069412 -0.0315548069775105 0.0130412988364697 0.0187439452856779 0.0190873499959707 0.0577751062810421 -0.00538805685937405 0.071529746055603 -0.0396421663463116 0.0497382543981075 -0.00725114811211824 -0.00828675832599401 -0.0629060715436935 -0.0642894208431244 0.0177863277494907 0.0191479809582233 -0.0499867722392082 0.0535902716219425 0.0146337365731597 -0.0157875511795282 -0.0138985952362418 0.00678174663335085 -0.00773686962202191 0.0660278871655464 -0.017817372456193 -0.00996457971632481 0.0123050389811397 0.0135549558326602 -0.0299864113330841 0.024978319182992
0.00698883039876819 0.0773240327835083 -0.0286006834357977 -0.0027851015329361 -0.0616864152252674 -0.00399855570867658 -0.0662591233849525 0.0327055193483829 0.00512964045628905 -0.0288453102111816 0.0224144458770752 -0.106380067765713 -0.0114008644595742 0.0163699369877577 0.0218001324683428 0.0411003716289997 -0.0271773859858513 -0.0403123833239079 0.00460225669667125 0.0637229457497597 0.0355156175792217 -0.0469717979431152 0.0109574636444449 -0.0704177096486092 -0.0241091959178448 -0.0160851590335369 0.0581242814660072 -0.0581596530973911 -0.120823949575424 -0.0412102453410625 -0.0269607175141573 0.00937908887863159 0.0943870544433594 -0.0936193987727165 -0.00857360288500786 -0.0597267486155033 -0.0137619562447071 0.00240583880804479 -0.00324360560625792 -0.0109681794419885 -0.067767821252346 -0.00523502938449383 -0.0539153218269348
0.0713272243738174 0.00176228210330009 0.0510118491947651 -0.0172915775328875 0.0292624477297068 0.0313143320381641 0.0340175405144691 -0.018218019977212 0.0668297037482262 -0.0277692321687937 0.0291365049779415 -0.0129407728090882 -0.0760898590087891 0.0482807271182537 -0.0401783660054207 -0.00581881916150451 0.0864877700805664 0.00078833510633558 -0.0385485962033272 -0.0213650669902563 -0.00012436555698514 -0.0465072020888329 -0.0332521870732307 -0.0357272401452065 -0.0307645183056593 -0.0204751119017601 0.0193385314196348 0.0719837322831154 -0.0491255298256874 -0.00384629610925913 0.0218160897493362 0.0102699706330895 -0.0402418933808804 -0.0263757202774286 -0.00908229500055313 0.0445591881871223 0.0336969420313835 0.000981351477093995 0.057273656129837 0.0332650616765022 -0.0760624408721924 0.0331241860985756 0.00710078282281756
-0.0261423904448748 -0.00104394054505974 0.0282820295542479 0.015601092018187 0.0246882252395153 -0.0500675700604916 -0.0201437696814537 -0.0166493151336908 0.0130173601210117 0.0332897342741489 0.0271525848656893 0.0106767909601331 -0.0461631529033184 -0.0531398393213749 0.0152201056480408 -0.0621618591248989 -0.00687420275062323 -0.019868541508913 0.0605299584567547 -0.020455414429307 0.0398827493190765 0.00129647832363844 0.00516750756651163 -0.037520993500948 -0.0460289530456066 -0.0108472872525454 -0.0391961187124252 -0.062875784933567 -0.0377971604466438 -0.0482426956295967 0.0262379925698042 -0.0454406924545765 -0.0214754976332188 0.0839252099394798 0.0442350022494793 -0.104372553527355 -0.00115601194556803 0.0158025603741407 -0.0894840285181999 0.00350539619103074 -0.0484592616558075 0.00188347999937832 -0.00978717021644115
0.0314078740775585 -0.0239011682569981 0.0441014021635056 0.00262540183030069 -0.0774717852473259 0.0220599249005318 -0.0277471262961626 0.037885669618845 0.058559637516737 0.00945786759257317 -0.0238524749875069 -0.000231762023759075 0.0823419466614723 -0.0434094108641148 -0.0343746244907379 0.122418813407421 0.0350420102477074 0.0137103172019124 -0.0363776385784149 0.0926241651177406 -0.0384286604821682 -0.00410861242562532 -0.0832316353917122 0.047270268201828 0.00226971018128097 0.0804276540875435 -0.0333760753273964 -0.0173166431486607 0.0124596180394292 -0.013997265137732 0.00342577020637691 0.044787622988224 0.0128625212237239 0.0378156192600727 0.0562489926815033 0.0411711223423481 -0.0449502617120743 -0.0383668281137943 0.0460805259644985 0.000371841917512938 -0.0706813186407089 0.0176229123026133 0.0511516518890858
-0.0837945193052292 -0.00558384507894516 0.0122010000050068 -0.0451648533344269 -0.0408698879182339 -0.00497860135510564 -0.0150745613500476 -0.0330147035419941 0.0257252231240273 0.00712025072425604 0.0618658326566219 -0.0424747876822948 -0.0060533732175827 -0.0286183282732964 0.0247344207018614 -0.00601063203066587 -0.00853203423321247 -0.0515543855726719 0.0115167228505015 0.00479684211313725 -0.0225420463830233 0.0305696595460176 -0.0826551914215088 0.014404809102416 -0.0359187424182892 0.0262500587850809 0.0410183370113373 0.0666822418570518 -0.0410607643425465 -0.00694876769557595 0.0552436411380768 0.0199993420392275 0.0286245793104172 -0.0379718542098999 0.0464727878570557 0.056249525398016 0.0632613450288773 -0.0808033421635628 0.00152254232671112 -0.000489076599478722 0.0402807779610157 -0.117115296423435 -0.0129292672500014
-0.0861080214381218 -0.0297137871384621 -0.00783562567085028 0.0124398628249764 0.0209109466522932 -0.0741584673523903 0.0145875876769423 0.0277465917170048 -0.00599251035600901 0.0511064641177654 0.0231346171349287 -0.0823083817958832 -0.0794196054339409 0.0302839931100607 0.0302940607070923 -0.00222424417734146 0.00816882215440273 -0.0253563020378351 -0.0106635363772511 0.0601122342050076 -0.0210793577134609 0.00499836402013898 0.0591288134455681 0.0523973479866982 0.00379725801758468 -0.0374632999300957 0.0580876655876637 0.0271303299814463 -0.00951999519020319 0.0108422348275781 0.0439882762730122 0.00217710202559829 -0.0258351881057024 0.0331551618874073 0.0832721665501595 -0.0295463316142559 0.0558965355157852 0.0331450663506985 -0.0104578211903572 -0.0582863874733448 0.0662563517689705 0.0613932646811008 0.0153084667399526
0.0368815809488297 0.0879213511943817 0.00467062182724476 -0.00193355628289282 -0.0158928260207176 0.00121896353084594 -0.0324354618787766 -0.00699948566034436 0.00410085869953036 -0.0120589071884751 0.0113600799813867 -0.0100678922608495 -0.0597521215677261 -0.0352280549705029 0.018709123134613 -0.0300236735492945 0.0138984024524689 0.0420852191746235 0.0518851466476917 -0.00355700612999499 -0.0493356324732304 -0.0309257507324219 0.0308923963457346 -0.0233082678169012 0.0428904071450233 0.0556760616600513 0.0047853859141469 -0.0744173228740692 0.12985648214817 0.0453145317733288 -0.00765088060870767 0.0116890277713537 0.0423339232802391 0.0434947200119495 -0.0155389877036214 -0.0274131074547768 -0.0719456225633621 0.0571655333042145 0.0136811397969723 0.0206042025238276 0.0824153944849968 -0.0072474586777389 0.027945464476943
-0.0266192629933357 -0.0669218972325325 -0.0324648432433605 0.0423605740070343 0.0172332338988781 -0.01935650780797 -0.0229969248175621 -0.0395312644541264 0.0712625831365585 -0.0500350929796696 0.0128882117569447 0.0101715959608555 -0.0515104122459888 0.0275349281728268 0.000886177003849298 -0.0230844207108021 0.0201532989740372 0.00656353216618299 0.0184738915413618 0.0858436226844788 -0.0341029912233353 -0.0448289103806019 0.00673475814983249 -0.0905347093939781 0.0140867801383138 -0.035533219575882 -0.0241150595247746 -0.0364996157586575 -0.0485643371939659 0.0142592499032617 -0.0355509594082832 0.00824474450200796 -0.0551146268844604 -0.0574266463518143 -0.0776871517300606 0.0165204256772995 -0.0372992642223835 0.0325799435377121 -0.00294255325570703 -0.0324561893939972 -0.0481694340705872 -0.00421119993552566 -0.029865276068449
0.0817308574914932 0.0255868285894394 0.0503056868910789 0.00759482011198997 0.0308739896863699 -0.0294570233672857 0.0684396624565125 -0.010863826610148 -0.00423889793455601 -0.0305858496576548 -0.00759768346324563 0.000271732598775998 -0.00454797223210335 0.0156171815469861 -0.0430096983909607 -0.00833391770720482 -0.0312662944197655 0.0312477629631758 0.0649789869785309 -0.0193226244300604 0.0606923662126064 -0.0123997936025262 0.0525341853499413 -0.0322718918323517 -0.106805637478828 -0.0108734853565693 -0.0649043843150139 -5.87144277233165e-05 0.0347544811666012 0.0443159639835358 -0.0149947609752417 -0.0480401813983917 -0.0774914622306824 -0.0858542174100876 0.038786917924881 0.0411311835050583 -0.0799724087119102 -0.0591242983937263 -0.114354833960533 0.0294247772544622 -0.00371970538981259 -0.0370803661644459 -0.0328413210809231
-0.0680878832936287 0.00221754121594131 -0.0498872324824333 -0.00780263403430581 0.0285828318446875 0.0362544395029545 0.0320218317210674 0.0284392591565847 -0.00902643334120512 0.024523152038455 -0.0446719601750374 -0.084053747355938 0.0635175555944443 0.0342346206307411 -0.0608065687119961 -0.0081638814881444 0.0467369519174099 -0.00867004226893187 -0.026394372805953 0.0153283402323723 -0.0194420535117388 -0.0332225859165192 0.0423797592520714 -0.0227116886526346 -0.00570755638182163 -0.035804845392704 -0.1341412961483 0.000497833883855492 0.00970932841300964 -0.023307153955102 0.0252922531217337 -0.00373688177205622 0.0802448764443398 -0.0312815569341183 -0.0501738972961903 -0.00023832602892071 -0.0202285125851631 0.0208776965737343 -0.0344859734177589 -0.0506956651806831 0.0232993867248297 0.0125755816698074 -0.051613375544548
-0.0565983802080154 0.0253503583371639 -0.0313036553561687 0.11146442592144 0.0309572070837021 -0.0624659508466721 0.0584029741585255 -0.0637034177780151 -0.0227581150829792 -0.0165993180125952 -0.11734064668417 -0.0197982806712389 -0.0241531413048506 -0.0150258019566536 -0.0210181847214699 -0.0296551752835512 -0.0176419913768768 -0.0681066513061523 -9.65163126238622e-05 -0.00216824980452657 -0.0980308055877686 -0.000167332589626312 -0.0397670976817608 -0.0422894060611725 0.0403876379132271 0.0948754772543907 -0.0806000903248787 0.00737247057259083 -0.0337410755455494 0.0415880493819714 -0.0210073255002499 0.00553835183382034 0.0340099520981312 0.0508253276348114 -0.0613457895815372 -0.0400689020752907 -0.0375689826905727 -0.034675657749176 -0.0738322734832764 0.033987607806921 0.0110159404575825 -0.0701076835393906 -0.0850063338875771
0.0830973014235497 0.0581918060779572 0.0209700558334589 0.0411736704409122 -0.0733831971883774 0.00530745787546039 -0.0172388944774866 -0.113330528140068 -0.0746545195579529 -0.0327484905719757 -0.015023609623313 -0.0537935197353363 -0.0795876532793045 -0.0308752097189426 0.116141989827156 -0.00393923604860902 -0.0368017181754112 0.0311862397938967 -0.021625554189086 -0.0608273074030876 0.0157841164618731 0.0215038452297449 -0.0249342769384384 -0.184357985854149 0.00284439674578607 0.0362421236932278 -0.0656040459871292 0.0170078836381435 -0.025022903457284 -0.0618283562362194 -0.0389852039515972 0.0311906784772873 0.0240812245756388 -0.0401373840868473 0.0200645532459021 0.0483471341431141 -0.0255974736064672 -0.019484231248498 -0.0171617120504379 -0.0196183249354362 -0.0703400447964668 -0.0111825503408909 -0.0125681664794683
-0.0792982652783394 -0.0321004278957844 0.0324244648218155 0.0567202568054199 -0.0843369886279106 0.100749760866165 0.0607481263577938 -0.0171999949961901 -0.0162239968776703 0.112485736608505 -0.0161433704197407 -0.0364928729832172 -0.0444063618779182 -0.0298716630786657 -0.0549808964133263 0.00407576747238636 -0.033088494092226 0.0691694244742393 0.0893141478300095 -0.0203656908124685 -0.0122896945104003 0.00387595943175256 0.0956721529364586 -0.0434080436825752 0.0959549844264984 -0.00460545485839248 0.0205746814608574 0.00635790126398206 -0.00901042390614748 0.0390421189367771 0.0428629256784916 0.0227435324341059 -0.0110079273581505 -0.0164224915206432 -0.0910718664526939 -0.0445605702698231 -0.0557821281254292 -0.0305204540491104 -0.00135914946440607 -0.0312261190265417 0.0773754715919495 -0.024735763669014 0.00517628248780966
-0.0400453358888626 -0.068716749548912 -0.0198627356439829 -0.0187918953597546 -0.0218659769743681 -0.00333624123595655 -0.0249496772885323 -0.0252324137836695 -0.0401434563100338 0.0766341388225555 0.0624784268438816 -0.00957793090492487 -0.0308243352919817 0.0547077469527721 -0.0499526746571064 0.0793873220682144 -0.0523069016635418 -0.0627678409218788 -0.00866107549518347 0.113294802606106 -0.0315534323453903 0.0165193974971771 0.0220244321972132 0.0415069833397865 -0.0273605808615685 0.115563683211803 -0.0326768346130848 -0.121069870889187 0.0227832552045584 -0.0186286848038435 0.0127001069486141 0.0103674242272973 -0.0204195622354746 0.0757125467061996 -0.0189958401024342 -0.0669353604316711 0.036208238452673 0.0130001315847039 0.0198592562228441 -0.0974446535110474 -0.018482057377696 0.00509342364966869 0.0242129247635603
-0.0340525768697262 -0.00477470457553864 -0.0918989181518555 0.113113664090633 0.0249503031373024 -0.0552093684673309 -0.00248835398815572 -0.0391047932207584 -0.0307966209948063 0.0457157120108604 -0.00303240003995597 -0.0159175172448158 0.0618947520852089 -0.0789307132363319 -0.0822463482618332 0.0140623562037945 0.0984476357698441 -0.0120392218232155 -0.0759424045681953 0.0329133681952953 0.0176553074270487 -0.0598207227885723 -0.0419450812041759 -0.0928039252758026 0.00860966835170984 -0.0243158452212811 -0.00281673576682806 -0.144589185714722 -0.0653993263840675 -0.0722049996256828 0.0224582552909851 0.000876948062796146 -0.0603717975318432 -0.00256316922605038 -0.0375916324555874 -0.108224660158157 0.023739542812109 0.0538812354207039 0.0160432923585176 -0.0138928759843111 -0.00479328259825706 0.0257676541805267 -0.0987108051776886
0.00414496846497059 -0.10558744519949 -0.0141351381316781 -0.03669498488307 -0.0886707603931427 0.0394838005304337 -0.0340181365609169 0.0481713153421879 0.0149218989536166 -0.0323179736733437 -0.00753180682659149 0.0159588269889355 0.0652376636862755 -0.016625402495265 -0.0782207176089287 -0.113461546599865 -0.0134486211463809 -0.0318988785147667 -0.0312888734042645 -0.0016343486495316 -0.102017372846603 0.132455974817276 0.0131262382492423 0.0384570248425007 0.0131135592237115 -0.0271862000226974 -0.0480045303702354 -0.0226917620748281 0.0112152574583888 0.0160537529736757 -0.0477521829307079 -0.0576005168259144 0.00740206753835082 -0.0103786401450634 0.0210686754435301 -0.0613901428878307 -0.0495837964117527 0.0351743698120117 0.000990640022791922 0.119802318513393 0.0217023678123951 -0.0325716100633144 0.0484564043581486
-0.0812085047364235 -0.0349277444183826 -0.0379465334117413 -0.106202125549316 0.0106210196390748 0.0038623888976872 0.00321986875496805 0.0366962961852551 -0.0693424940109253 -0.00792867224663496 -0.067451149225235 0.0244180988520384 -0.0275991316884756 -0.0504370778799057 -0.0405065827071667 0.0129216145724058 -0.0656029134988785 -0.00605207309126854 0.0216203331947327 0.0181185882538557 -0.0747350752353668 -0.0714258775115013 -0.0147713189944625 -0.0289307497441769 -0.0773419961333275 -0.0147020220756531 -0.113503344357014 -0.155026778578758 0.0397781617939472 0.00203337520360947 -0.027288319543004 -0.00318650202825665 -0.0150602106004953 0.0333205237984657 0.0337446220219135 -0.0685112029314041 -0.125096470117569 -0.0988728702068329 0.0394092462956905 0.0201477948576212 -0.0169500876218081 0.0110741434618831 0.0702154785394669
0.0401198379695415 -0.063542515039444 0.0476394183933735 0.00598966749384999 0.0133324516937137 -0.171719923615456 0.0240474864840508 0.0535434372723103 -0.0617127679288387 0.0808147788047791 0.0485138893127441 -0.00240667024627328 -0.0588767342269421 -0.0322612039744854 0.0703313872218132 -0.0011296005686745 -0.0205907300114632 -0.0399906821548939 0.0612504296004772 -0.0937084183096886 -0.0193906426429749 0.0572352670133114 0.0105876894667745 0.0391750037670135 -0.088101401925087 0.0251473169773817 -0.00443290546536446 0.0732731968164444 0.0496445670723915 -0.0614151805639267 0.0028630152810365 0.0381884686648846 0.00286551634781063 -0.0267876945436001 -0.0367137156426907 0.02922966144979 -0.103054150938988 -0.0430310368537903 0.0330592878162861 0.0295536238700151 0.0666371509432793 0.0964671894907951 -0.0163905248045921
