assets/gome_f/processed/ascii/world/gome_sif_world_20130301.asc
NCOLS 720 
NROWS 360 
XLLCORNER -180 
YLLCORNER -90 
CELLSIZE 0.5 
NODATA_value -3.4e+38 
[rows 95 to 113 of 360, columns 473 to 515 of 720]
-0.00415316829457879 0.00474708853289485 -0.16669288277626 0.0444774553179741 0.0684374943375587 0.00627027079463005 -0.0656386166810989 -0.0958505421876907 -0.0547936670482159 -0.00846205931156874 0.00479855667799711 -0.0535120740532875 -0.0197426360100508 0.0566679462790489 0.0802430659532547 -0.012614662759006 0.0264847930520773 -0.0216826424002647 0.0280877910554409 0.0132379475980997 0.0057961056008935 0.00923202931880951 0.0678704977035522 0.0621855892241001 0.042200043797493 0.224859952926636 0.0386612676084042 -0.0316014587879181 0.115336678922176 -999 0.0805400758981705 -0.00189760513603687 0.0168371554464102 -999 -999 -999 -999 0.166782036423683 0.0394420102238655 0.174547627568245 0.162360027432442 0.0860924199223518 0.12031140178442
0.050801906734705 0.0265634655952454 0.0535923689603806 -0.0199901610612869 -0.0575010068714619 0.00170622335281223 0.122184589505196 0.102942921221256 0.0889356434345245 -0.043779294937849 0.0529458969831467 0.0555770024657249 0.0936772748827934 -0.0266826488077641 0.0527617372572422 -0.0070257056504488 -0.100295044481754 0.0128247607499361 0.0699644684791565 0.034097708761692 0.00681163743138313 0.133004426956177 0.123953707516193 0.145392566919327 0.191842213273048 0.215088337659836 0.0158984363079071 -999 -999 -999 0.044328834861517 -0.153993487358093 -999 0.23812347650528 -0.02550108730793 0.452433824539185 -999 -999 -0.300918132066727 -999 -999 0.0370614938437939 -0.262384682893753
-0.00159458024427295 -0.048236645758152 -0.0469146817922592 0.00729673961177468 0.00561647396534681 -0.0630487203598022 -0.00495989760383964 -0.00823083333671093 0.0326448939740658 0.0265107285231352 0.138521492481232 0.0692802593111992 0.00584212504327297 0.0235327258706093 0.106429129838943 0.0219880174845457 0.0960097312927246 0.0459489673376083 0.0707069784402847 0.125924378633499 -0.112392999231815 0.0712183862924576 0.0242946837097406 0.142538920044899 0.152786448597908 0.219785749912262 0.100280977785587 -0.121502541005611 -0.0683824867010117 -0.174322560429573 -0.00536321522668004 -0.0264389999210835 -0.158284947276115 -0.03219885379076 -999 -0.0145506784319878 -0.064342238008976 0.144387662410736 -0.0773966014385223 0.176558196544647 -0.185108795762062 -0.123481161892414 0.0942094698548317
-0.011188649572432 -0.0050391792319715 -0.0296475794166327 0.159630924463272 0.00659299688413739 -0.0625695586204529 0.0690339431166649 0.0284717325121164 -0.039917353540659 -0.00778023945167661 0.0367930270731449 0.0015048214700073 0.0638497471809387 0.047327782958746 -0.0553934313356876 0.0794369727373123 0.0772385597229004 0.0628133863210678 0.0489562414586544 0.245246589183807 0.0975658521056175 0.174420833587646 0.0115958694368601 0.0633848384022713 0.124004229903221 0.177272975444794 0.112546309828758 -0.044300239533186 -0.0354258008301258 0.0543137788772583 0.15127070248127 0.0735075399279594 0.0714822933077812 -0.103206090629101 -0.0877489820122719 -999 -999 -0.447838664054871 0.0219117198139429 -0.633496522903442 0.0371715649962425 -0.0932913199067116 -0.169638216495514
-1.60879317263607e-05 -0.112868182361126 0.014960203319788 0.0110013214871287 0.0956509858369827 0.164388790726662 0.049068246036768 -0.00545653840526938 0.0251398477703333 0.0127766504883766 -0.0165077298879623 0.128679603338242 0.0752982869744301 0.123540133237839 0.0412118509411812 0.0577732585370541 0.0560629516839981 -0.0146092707291245 0.203116104006767 0.127162724733353 0.110241509974003 0.0622260421514511 0.164881885051727 0.101262822747231 0.0992197021842003 0.0945952162146568 0.108056254684925 0.105978511273861 0.122105225920677 0.0789723992347717 0.0563589259982109 0.0689166113734245 0.165934398770332 0.0199053194373846 0.221518591046333 -0.149427264928818 -0.0631149783730507 -0.0142955956980586 -0.0215144623070955 -0.0609637349843979 -0.000510448357090354 0.0397182181477547 0.0284027308225632
-0.0093412296846509 0.0451915562152863 -0.0440659485757351 -0.00243622111156583 -0.0312535464763641 0.120400607585907 0.0549227818846703 0.0558795519173145 0.0449208058416843 0.0606437847018242 -0.0408883765339851 0.000531872094143182 0.0499964319169521 -0.00695057027041912 0.0130772171542048 0.0844623595476151 0.0874634385108948 0.199968755245209 0.166893988847733 0.190241515636444 0.125327557325363 0.0800427943468094 0.144404724240303 0.101420618593693 0.272348940372467 0.131919369101524 0.354144781827927 0.0273799300193787 0.197962492704391 -0.0583806559443474 0.136515155434608 -0.0771211162209511 0.289329767227173 0.130014017224312 0.0291825123131275 0.110793232917786 -0.123730696737766 -0.00775347091257572 -0.0691146776080132 0.00500125670805573 -0.0520402453839779 0.0124511457979679 0.0167323276400566
0.11499610543251 0.0825436562299728 -0.0460560731589794 -0.0311385374516249 0.0376228280365467 0.0526640824973583 -0.040752999484539 0.0830849036574364 -0.076238326728344 0.108473084867001 0.0704874321818352 0.0150355435907841 0.0483354367315769 0.00610191095620394 0.0197424292564392 0.0242744982242584 0.126288086175919 0.120623417198658 0.099267341196537 0.22767661511898 0.160665169358253 0.0409700386226177 0.00926891714334488 0.184981063008308 -999 -0.0084824338555336 -999 -999 -999 -999 -999 -999 -999 -999 0.253987789154053 -0.0766403302550316 0.182301297783852 0.0484013631939888 -0.0176535062491894 -0.0301372800022364 0.13305276632309 0.0482094027101994 0.0405493415892124
0.0226170066744089 0.13622111082077 0.0294895060360432 -0.0160822477191687 0.0719442442059517 0.0346131026744843 0.0933751836419106 -0.0129651762545109 0.0812465324997902 -0.0593800209462643 -0.0637327805161476 -0.00354561302810907 0.110102139413357 0.0696721076965332 0.0950277298688889 -0.0111798420548439 0.0926576107740402 0.18780343234539 0.154037162661552 0.199619799852371 0.100625261664391 0.121186576783657 0.256875246763229 0.192036837339401 0.0253670662641525 -0.172876045107841 -0.30469223856926 -999 -999 -999 -999 -999 -999 0.152492582798004 0.00478688534349203 -0.00309682753868401 -0.101643651723862 0.0725874006748199 0.14318810403347 -0.0249105896800756 -0.00613760156556964 -0.034443162381649 0.0330867543816566
0.089718222618103 -0.0196167696267366 0.126530170440674 0.00999476667493582 0.102937720716 0.107748113572598 0.0362781025469303 0.0544745922088623 0.111815929412842 0.217891961336136 0.148540392518044 0.092468835413456 0.158290788531303 0.136114537715912 0.0949112847447395 0.022077476605773 0.130310565233231 0.0817035734653473 0.154313892126083 0.288897603750229 0.10661880671978 0.0498159676790237 0.113536454737186 0.0891054719686508 0.114435605704784 0.10066631436348 0.0467928759753704 -0.0923828780651093 -999 -999 -999 -999 -999 -0.261263161897659 -0.115988790988922 -0.00254733324982226 0.0263493210077286 -0.111162543296814 -0.0611852817237377 -0.106862120330334 -0.0116967996582389 -0.0304290279746056 -0.101160667836666
0.210592865943909 0.17321240901947 0.0870097428560257 0.0652017742395401 0.286753922700882 0.196427688002586 0.14301635324955 0.189884975552559 0.114282608032227 0.116249144077301 0.156169503927231 0.0810728371143341 0.0459927804768085 0.0890133306384087 0.12083338201046 0.16155780851841 0.124174669384956 0.26681324839592 0.00976582057774067 0.0144250579178333 0.220964178442955 0.07986019551754 0.12882274389267 0.224092170596123 0.152785703539848 0.240515783429146 0.224728301167488 -0.145237192511559 -999 -999 -999 -999 -999 -999 -0.143572524189949 0.0662693157792091 0.00815893430262804 0.010594449006021 0.0100249862298369 0.00828147400170565 -0.0872661769390106 -0.0806969255208969 -0.010311528109014
0.0623828507959843 -0.0804557278752327 0.0877121090888977 0.101071991026402 0.210329592227936 0.319905608892441 0.174393445253372 0.265225529670715 0.140970841050148 0.0238871239125729 0.162197187542915 0.153028100728989 0.177538499236107 0.186042606830597 0.223507955670357 0.0493731200695038 0.299484670162201 0.0298994556069374 0.10087689012289 0.0796890556812286 0.210336416959763 -0.0742878690361977 0.0403808578848839 0.066694974899292 0.208104848861694 0.314462661743164 0.0583829134702682 -0.0725725963711739 -0.199646383523941 -999 -999 -999 -999 -999 -999 0.111310802400112 -0.143450066447258 0.050233032554388 0.0364531464874744 0.00710324244573712 -0.0834980979561806 -0.0966456010937691 -0.0941589847207069
-0.0700378715991974 0.0145769231021404 0.0829264968633652 -0.117380112409592 -0.0188499055802822 0.0955505520105362 0.113410443067551 0.234344303607941 0.204680263996124 0.264457106590271 0.138120532035828 0.135316923260689 0.352043002843857 0.165177643299103 0.417738676071167 0.399230629205704 0.232857078313828 0.223914086818695 0.225116580724716 0.316655337810516 0.110646732151508 0.0661327540874481 0.0717062801122665 0.200398102402687 0.0970062762498856 0.218844071030617 0.0428569279611111 -0.0413893647491932 -999 -0.223284661769867 -999 -999 -999 -999 -999 -999 0.0554101094603539 -0.0661645829677582 0.112028665840626 -0.0694980770349503 -0.088637687265873 -0.0739032104611397 0.0200129207223654
0.12077908217907 0.0830286368727684 0.0312928073108196 0.00737071642652154 -0.0823209807276726 0.0702190697193146 -0.048324640840292 -0.000770927814301103 0.11523575335741 0.116374745965004 0.353854328393936 0.406223505735397 0.391125708818436 0.392583280801773 0.422793298959732 0.392934590578079 0.351107865571976 0.19899283349514 0.265669345855713 0.256441116333008 0.146138221025467 0.0348963513970375 0.165079072117805 0.121328890323639 0.134518831968307 0.0375282317399979 0.107329055666924 -999 -999 -999 -999 -999 -999 -999 -999 -0.774986803531647 -0.250500857830048 0.142068803310394 -0.022206723690033 -0.0440566763281822 0.0383182242512703 -0.118978254497051 -0.0838554799556732
-0.0197664629667997 -0.0233940724283457 -0.0392023250460625 0.0749612972140312 0.0922008082270622 0.111794196069241 0.102509163320065 0.137809008359909 0.11243200302124 0.0921832323074341 0.376411706209183 0.376068323850632 0.498455107212067 0.331509619951248 0.388495773077011 0.149684384465218 0.147222623229027 0.223895683884621 0.123877085745335 0.198021978139877 0.444974809885025 0.148961901664734 -0.0576716475188732 -0.0217354707419872 0.0553407333791256 -0.139002576470375 -999 -999 -999 -999 0.462859064340591 -999 -999 -999 -999 -0.219720289111137 0.0117277624085546 -0.0316920578479767 -999 -0.120084665715694 0.142723649740219 0.0816057845950127 0.061440609395504
0.0477069579064846 0.0561013408005238 0.0733288899064064 0.145814493298531 0.176888898015022 0.100476734340191 -0.0526705719530582 -0.00439552823081613 0.0143963098526001 0.0517145618796349 0.043146938085556 0.3058001101017 0.391862511634827 0.27040684223175 0.212057843804359 0.0981628447771072 -0.00995989330112934 -0.107224076986313 -999 -999 -999 -999 0.0897313356399536 0.0782740712165833 0.346537292003632 -0.0293253064155579 -0.28493520617485 -0.250787138938904 -0.263128519058228 -0.0464056022465229 0.143888026475906 -0.110375434160233 -0.157048031687737 -999 0.543278276920319 0.237532451748848 -999 -999 -999 0.0165498591959476 -0.00560473557561636 -0.238642960786819 -0.139395445585251
0.127686008810997 0.00403090380132198 -0.0244370270520449 0.0113049019128084 0.0809441953897476 0.0839123651385307 0.121402353048325 0.00106418819632381 0.0630191043019295 0.073753610253334 0.12924887239933 0.0542224459350109 0.0413543507456779 0.11682067066431 0.0241820719093084 0.00123874947894365 0.0615553334355354 0.00343292509205639 -999 -999 -999 -999 -999 0.505022704601288 0.0227606352418661 0.0438902862370014 0.0363061763346195 0.0815502628684044 0.125697106122971 0.103901393711567 0.243784666061401 0.235940679907799 0.132841020822525 0.0395057536661625 -0.389531314373016 -0.339823454618454 -999 -999 -999 -999 -999 -0.258878827095032 -0.345711648464203
-0.027070252224803 -0.00365208508446813 0.101096235215664 0.0519004799425602 -0.0470956787467003 0.0889368057250977 0.167183622717857 0.0464901253581047 0.0942763611674309 0.117571510374546 0.00995254889130592 0.0226347576826811 0.063561700284481 0.0960451662540436 -0.0133924884721637 -0.0332066863775253 -0.106317415833473 0.00276884506456554 0.0748462975025177 -0.12954069674015 -999 -999 -999 0.0442512556910515 0.00908222328871489 -0.0799975022673607 0.0778160840272903 0.135937079787254 0.19824443757534 0.279102891683578 0.313295036554337 0.31241101026535 0.255546510219574 0.176671758294106 -0.0483998619019985 0.132189005613327 -0.127004593610764 -999 -999 -0.0495074950158596 0.536033570766449 -0.0437042117118835 -0.134369075298309
-0.0624388791620731 0.107484892010689 0.0473745316267014 0.0714535713195801 -0.00602454412728548 0.0611909739673138 0.041231594979763 0.0136188892647624 0.015354311093688 0.109828464686871 0.134539946913719 0.107151322066784 0.0588801689445972 -0.00923333875834942 -0.0997970625758171 0.0457586608827114 0.0371577553451061 0.0595585964620113 -0.096320778131485 0.0349337123334408 -0.305126368999481 -999 -0.0797471329569817 0.153282806277275 0.0684265717864037 -0.0227284338325262 0.100457236170769 0.0381436906754971 0.146056279540062 0.140745103359222 0.298384100198746 0.34491440653801 0.271099835634232 0.171118840575218 0.159000471234322 -0.0519170761108398 0.0394466705620289 0.0883940458297729 -999 -999 -999 -0.101678632199764 -0.229714125394821
-0.00475182104855776 0.0418195351958275 -0.0236203223466873 0.0689655840396881 0.00290747196413577 -0.0543750450015068 0.024535546079278 0.0524803549051285 0.0845834463834763 0.0216351244598627 0.081008717417717 0.00791687704622746 0.0609647370874882 -0.0560696609318256 0.0752847716212273 0.0268997717648745 -0.037994958460331 -0.0344120636582375 0.144900426268578 -0.0239904783666134 -0.0629684180021286 0.145386934280396 0.0204887967556715 0.0459876023232937 -0.00808503199368715 -0.0116516901180148 0.0575083717703819 0.053490336984396 0.238642007112503 0.110435679554939 0.207055941224098 0.220742329955101 0.250072002410889 0.290323257446289 0.359438180923462 0.257263213396072 0.355088919401169 0.149915620684624 -999 -0.156045347452164 -999 -999 -999
