assets/gome_f/processed/ascii/world/gome_sif_world_20110401.asc
NCOLS 720 
NROWS 360 
XLLCORNER -180 
YLLCORNER -90 
CELLSIZE 0.5 
NODATA_value -3.4e+38 
[rows 133 to 151 of 360, columns 516 to 558 of 720]
0.0622550062835217 0.0821505934000015 0.0740142688155174 0.051802184432745 0.0172518603503704 0.0358030423521996 0.0984102636575699 0.134716987609863 0.0138052003458142 0.0672565028071404 0.197278782725334 0.0801724418997765 0.0570950955152512 0.163548827171326 0.143517270684242 0.185491323471069 0.118070259690285 0.195266544818878 0.277908682823181 0.326164692640305 0.340919375419617 0.467939466238022 0.426305770874023 0.388649016618729 0.379529744386673 0.487698674201965 0.464060306549072 0.325578510761261 0.348987400531769 0.37235814332962 0.36735412478447 0.242757022380829 0.227414101362228 0.236595287919044 0.161183968186378 0.143528491258621 0.207769185304642 0.428914278745651 0.329405397176743 0.408442586660385 0.250389963388443 0.359645277261734 0.484792053699493
0.0701007544994354 0.0681945532560349 0.106362253427505 0.047055009752512 0.0914039313793182 0.0405340977013111 0.130889028310776 0.261097580194473 0.106737777590752 0.157788768410683 0.137906119227409 0.12167139351368 0.160744965076447 0.245720356702805 0.0799599438905716 0.225350186228752 0.235332414507866 0.157301157712936 0.39985853433609 0.452355623245239 0.473368465900421 0.409619480371475 0.208829268813133 0.348678380250931 0.478951811790466 0.293945759534836 0.263053506612778 0.231649130582809 0.44320273399353 0.212998330593109 0.336535066366196 0.264129370450974 0.251473546028137 0.124642081558704 0.125838488340378 0.114933766424656 0.180503815412521 0.275609582662582 0.260593473911285 0.29793456196785 0.274361908435822 0.429114788770676 0.445916056632996
0.127032816410065 0.0798216015100479 0.0684949606657028 0.0364922694861889 0.14913684129715 0.0891636535525322 0.0344373062252998 0.0908882096409798 0.151132360100746 0.17918848991394 0.143037348985672 0.201643466949463 0.0211899857968092 0.236919939517975 0.132979467511177 0.155797600746155 0.289887994527817 0.293234258890152 0.420390069484711 0.46837392449379 0.322470784187317 0.258040875196457 0.196042075753212 0.205573782324791 0.234820678830147 0.205442503094673 0.0478983744978905 0.157170966267586 0.303037196397781 0.34906804561615 0.324485510587692 0.328517079353333 0.191472321748734 0.117925763130188 0.0814870744943619 0.127276241779327 0.171901658177376 0.280457645654678 0.229820981621742 0.331239610910416 0.291301101446152 0.417473882436752 0.292288422584534
0.0968582332134247 0.0781349018216133 0.0707018747925758 0.0839664712548256 0.064936600625515 0.124399401247501 0.0988446250557899 0.0764516443014145 0.158051133155823 0.0510465726256371 0.104649379849434 0.23596502840519 -0.0275680292397738 0.200039759278297 0.330984681844711 0.260474175214767 0.285719454288483 0.264765292406082 0.143618524074554 0.244471937417984 0.14824090898037 0.0459212511777878 0.0937968790531158 0.0571545735001564 0.098780669271946 0.0105769410729408 -0.0130791990086436 0.0233345218002796 0.401124656200409 0.387578457593918 0.323955565690994 0.190761938691139 0.128500148653984 0.0800878405570984 0.0706429928541183 0.267681479454041 0.285578191280365 0.233060359954834 0.156358525156975 0.270607560873032 0.186315089464188 0.284739941358566 0.359430849552155
0.0824389010667801 0.181361883878708 0.0277535934001207 0.0382384397089481 0.170329108834267 0.154786556959152 0.152195110917091 0.208840861916542 0.22941954433918 0.141341403126717 0.187135487794876 0.170949533581734 0.275041729211807 0.271246492862701 0.283489763736725 0.265817165374756 0.270348310470581 0.237227708101273 0.0990059599280357 -0.068523183465004 0.0677840113639832 0.0396461710333824 0.0127330310642719 0.00814062543213367 -0.0213130116462708 -0.0956964194774628 0.0516901686787605 0.0444129221141338 0.164696618914604 0.482692629098892 0.267666816711426 0.252683192491531 0.277141630649567 0.106461264193058 0.141795694828033 0.0371747463941574 0.238374024629593 0.0865381881594658 0.172905340790749 0.300798892974854 0.29481315612793 0.391185313463211 0.382588714361191
0.0633073374629021 0.167005971074104 0.0313675031065941 0.167713075876236 0.123570464551449 0.151662826538086 0.17388479411602 0.0592005364596844 0.143083602190018 0.215881258249283 0.216792732477188 0.191177949309349 0.227558255195618 0.110139839351177 0.179151177406311 0.122842669487 0.240543022751808 0.298925995826721 -0.0109286140650511 0.00679401773959398 0.110729038715363 0.0576769411563873 0.0025750040076673 0.0228529572486877 0.0116546554490924 0.00239271717146039 -0.055000763386488 0.0823799446225166 0.0246131289750338 0.142985269427299 0.271044164896011 0.271279990673065 0.192851349711418 0.0559392720460892 0.0305086318403482 0.0538024082779884 -0.024015499278903 0.125202536582947 0.261297553777695 0.0941120609641075 0.268080621957779 0.191525757312775 0.368559002876282
0.169654443860054 0.0756891369819641 0.0954171493649483 0.152531817555428 0.107182756066322 0.0757674276828766 0.123771093785763 0.19990511238575 0.21966090798378 0.0790373533964157 0.154819771647453 0.160394981503487 0.380508542060852 0.241524308919907 0.160838291049004 0.201863542199135 0.0822957828640938 0.150982692837715 0.0172673463821411 -0.00461602304130793 0.0842597633600235 0.0147892693057656 -0.0359635725617409 0.00738040683791041 -0.0454686991870403 -0.0678037479519844 0.004418286960572 -0.0655228868126869 0.0282763596624136 0.0206395834684372 0.0659590661525726 0.307357341051102 0.320490211248398 0.0374854169785976 0.0389747470617294 0.0860892683267593 0.273065179586411 0.314253300428391 0.112756788730621 0.278795301914215 0.322589665651321 0.264947384595871 0.489318937063217
0.0938947200775146 0.0101066641509533 0.186807602643967 0.051056694239378 0.1506667137146 0.175181597471237 0.230941817164421 0.178131118416786 0.165428757667542 0.315085828304291 0.202761515974998 0.247096002101898 0.325734287500381 0.217110827565193 0.211649149656296 0.12198755890131 0.104754932224751 -0.0272134598344564 -0.000629446061793715 0.0125608174130321 0.00038188710459508 -0.0345560349524021 -0.058260515332222 -0.120340630412102 0.0331057831645012 0.0189757756888866 -0.0305271241813898 -0.0164090264588594 -0.0277940277010202 -0.0461029410362244 0.0479881167411804 0.141459405422211 0.360755294561386 0.098180428147316 0.109128676354885 0.164448037743568 0.286515653133392 0.272055983543396 0.350628614425659 0.317112565040588 0.367208272218704 0.367642223834991 0.426639944314957
0.116476006805897 0.141477078199387 0.137891694903374 0.120136745274067 0.153736844658852 0.19056735932827 0.189805552363396 0.111001290380955 0.172747358679771 0.218185544013977 0.207043454051018 0.31057745218277 0.356124252080917 0.230829909443855 0.0347200259566307 -0.0392223559319973 0.0852015614509583 -0.0350683219730854 -0.0558515042066574 0.0102601815015078 -0.0542671792209148 0.0226117875427008 -0.0016657329397276 -0.0221182070672512 0.00968407467007637 0.0275675486773252 -0.0651518926024437 0.00247209961526096 -0.0823077708482742 -0.0236971713602543 0.0163284596055746 0.0836056396365166 0.226177394390106 0.292446136474609 0.116088353097439 0.172995582222939 0.283890545368195 0.461745828390121 0.387698471546173 0.407067894935608 0.324296474456787 0.390039056539536 0.453089088201523
0.311944872140884 0.258437126874924 0.4013671875 0.102599456906319 0.141774564981461 0.0564645007252693 0.233171075582504 0.307465046644211 0.222356021404266 0.153937190771103 0.289223581552505 0.253280073404312 0.300356179475784 0.0640970692038536 -0.0176744759082794 0.0280895233154297 -0.0677346214652061 0.0607028491795063 0.119762480258942 -0.00201874948106706 -0.0166837051510811 -0.00897957198321819 -0.00662106135860085 -0.00840108375996351 0.0266750026494265 -0.00695561524480581 -0.0288155525922775 0.0358106307685375 0.0800575092434883 -0.0512980669736862 -0.0319510847330093 0.0043790047056973 0.158326655626297 0.287025958299637 0.239250063896179 0.208709016442299 0.289058774709702 0.466088652610779 0.447400093078613 0.489785432815552 0.430593729019165 0.440256923437119 0.396855592727661
0.25372177362442 0.114650651812553 0.24964314699173 0.286333918571472 0.143946141004562 0.255233615636826 0.141878381371498 0.247025236487389 0.185381904244423 0.169468715786934 0.28057873249054 0.104078508913517 0.134522020816803 -0.0248557794839144 0.06538225710392 -0.0255979895591736 -0.0248861983418465 0.026751596480608 -0.00160034897271544 0.0576481260359287 -0.071466788649559 0.0333528146147728 -0.108925797045231 -0.00829048361629248 0.0125686712563038 -0.0381598807871342 -0.0509385913610458 -0.0432989709079266 -0.0172614399343729 -0.0433652959764004 0.0125655103474855 0.013928247615695 0.111161194741726 0.247511148452759 0.253791689872742 0.366550475358963 0.382658898830414 0.388938188552856 0.505593776702881 0.345564275979996 0.394652366638184 0.534237086772919 0.448260366916656
0.180994853377342 0.160581111907959 0.158451914787292 0.324222385883331 0.332932442426682 0.178517326712608 0.187756344676018 0.27154403924942 0.413860023021698 0.223996534943581 0.18341451883316 0.0549686774611473 -0.0190599542111158 -0.0340144895017147 -0.00501643726602197 -0.0225202254951 0.0263406224548817 0.0781963095068932 -0.0529233030974865 -0.0305369384586811 0.0540455915033817 -0.13292595744133 -0.0155135905370116 -0.0690039247274399 -0.00862971320748329 -0.0391198433935642 -0.13170813024044 0.0366458967328072 0.0381153300404549 -0.067952461540699 0.0388207212090492 -0.0179552566260099 0.00880706775933504 0.280648171901703 0.430754959583282 0.353266477584839 0.245563581585884 0.396899580955505 0.439520597457886 0.472011625766754 0.516521096229553 0.625910878181458 0.391154676675797
0.159712597727776 0.207868233323097 0.275575280189514 0.316681921482086 0.307166516780853 0.263388693332672 0.30960476398468 0.219051048159599 0.388590663671494 0.165734753012657 0.079396590590477 -0.055344182997942 0.0192008074373007 -0.0333525165915489 0.017504969611764 0.00487113045528531 0.0230769626796246 0.0306420754641294 -0.0324764102697372 0.0410356484353542 -0.00383514445275068 0.0464322753250599 -0.029880665242672 0.00468823965638876 -0.019453814253211 -0.0859119966626167 0.00846257526427507 0.0561800934374332 -0.0264348182827234 -0.0627946406602859 0.0263217817991972 0.0619304105639458 0.0838985964655876 0.230060666799545 0.371668189764023 0.341534376144409 0.28988915681839 0.307203710079193 0.265326201915741 0.439666092395782 0.519792914390564 0.6164191365242 0.366160452365875
0.171454936265945 0.154236152768135 0.240966245532036 0.203577265143394 0.301503241062164 0.230817124247551 0.320306390523911 0.456519663333893 0.252165555953979 0.123138770461082 0.00748499482870102 -0.070915475487709 -0.0449197180569172 0.0582624189555645 -0.0353196524083614 0.00900834798812866 -0.1029387190938 0.0598352551460266 -0.0407620258629322 -0.0311759877949953 0.0029449756257236 0.0771817117929459 0.0577662102878094 -0.0380441434681416 -0.0028761588037014 -0.00531433941796422 0.0568956807255745 0.00854907650500536 0.0165315344929695 0.0277220588177443 0.0650960505008698 -0.0532221794128418 0.0148685416206717 0.22109816968441 0.264188975095749 0.330341368913651 0.220959320664406 0.0217309594154358 0.0486478842794895 0.390630662441254 0.397317379713058 0.555682241916656 0.622445106506348
0.180563107132912 0.141257584095001 0.192947268486023 0.197789147496223 0.184936806559563 0.214367225766182 0.272030502557755 0.0732278525829315 -0.0287222228944302 0.0490587316453457 0.0629549920558929 -0.0100338999181986 0.00131586391944438 0.0552397593855858 -0.0327973701059818 0.0224284846335649 -0.0138171501457691 -0.101907558739185 0.0165377724915743 0.00841726455837488 0.0502152368426323 0.0151831218972802 0.0469030737876892 -0.0955715104937553 0.039193470031023 -0.000774180633015931 0.0606249161064625 -0.000624614709522575 -0.00143598334398121 0.0172735489904881 -0.0657603666186333 -0.0250398572534323 0.171131923794746 0.230794325470924 0.239165037870407 0.0912845432758331 0.0932881236076355 0.0309052392840385 -0.00918804761022329 0.162052184343338 0.561310231685638 0.553701937198639 0.590119540691376
0.0705905184149742 0.168537065386772 0.144687905907631 0.174779951572418 0.139531895518303 -0.0306580755859613 0.0170445516705513 0.000711720786057413 -0.0156667083501816 0.00248714606277645 0.0903022289276123 -0.0212187692523003 0.00584848830476403 -0.0619172416627407 -0.0184054188430309 -0.0411833561956882 -0.0238841064274311 0.021905180066824 -0.0846299603581429 0.0839990898966789 -0.012897789478302 0.0381861738860607 0.0362195782363415 0.044692937284708 -0.079699233174324 0.00868327915668488 -0.062267541885376 0.0528904870152473 0.0261850468814373 0.0483713299036026 -0.0497636683285236 -0.0472044609487057 -0.0250295326113701 -0.0102662034332752 0.012327185831964 -0.00235575088299811 -0.0212355013936758 -0.0841821581125259 -0.00644944189116359 0.192713692784309 0.584060609340668 0.57060319185257 0.67784059047699
0.134616181254387 0.124148897826672 0.166567608714104 0.13630174100399 0.0967408269643784 -0.0221076793968678 -6.88284635543823e-05 0.017847677692771 0.0652112513780594 -0.0327823050320148 0.060645442456007 -0.0294461753219366 0.0111262835562229 0.0501846335828304 -0.00670604407787323 -0.0496123097836971 -0.0576340146362782 0.0591447539627552 -0.0455969125032425 -0.0120977498590946 -0.0501394644379616 -0.0629252344369888 -0.0408297628164291 -0.0579890310764313 -0.0241158585995436 0.00976219028234482 0.0354525111615658 -0.0240502823144197 -0.0632222592830658 -0.0487666837871075 -0.0449537970125675 -0.00411532679572701 -0.050377931445837 -0.0208679754287004 0.00966914370656013 0.0238499417901039 -0.115160644054413 -0.0845531895756721 -0.0500778071582317 0.11739344149828 0.596488893032074 0.633240401744843 0.434768557548523
0.106305316090584 0.0990330725908279 0.115824267268181 0.171704590320587 0.120914526283741 -0.0832346975803375 -0.0596613362431526 0.0591574907302856 0.0237413663417101 0.0388100370764732 -0.0347545295953751 -0.0820044353604317 -0.00778293004259467 0.0153650594875216 0.0337698198854923 0.0514034107327461 0.0499039590358734 0.0615387558937073 0.0521538332104683 -0.013708203099668 0.0236799567937851 -0.0203628409653902 -0.0225610639899969 0.0521503426134586 -0.087517648935318 -0.0961520820856094 -0.0652623102068901 -0.023243747651577 0.00663355877622962 0.114413231611252 -0.0507784597575665 -0.105916909873486 0.0113180903717875 0.0380987897515297 -0.0359608270227909 -0.0104124136269093 0.0332082733511925 0.0096934586763382 0.0191309191286564 0.0720877647399902 0.356880038976669 0.598422348499298 0.55577540397644
0.154735550284386 0.194786727428436 0.174011811614037 0.212815403938293 0.0937107726931572 0.00639465777203441 -0.0386518947780132 0.00843054614961147 0.0240364447236061 0.0235351137816906 -0.048878837376833 -0.0693962872028351 -0.0328058786690235 0.0115993628278375 0.0384050309658051 -0.0731605663895607 0.0666248574852943 0.0164811946451664 -0.00895840208977461 0.00371746276505291 -0.0384373627603054 -0.0225037541240454 0.088759534060955 0.0110491942614317 -0.0641152337193489 -0.000531492114532739 0.0530134253203869 -0.043627243489027 -0.0256779715418816 -0.0219262186437845 -0.0872190371155739 -0.00650218827649951 0.018207935616374 -0.000200071503059007 -0.0192874073982239 0.0362865515053272 -0.0308454521000385 0.0377095825970173 0.0136793004348874 0.00620084395632148 0.36259788274765 0.582952380180359 0.680319488048553
