assets/gome_f/processed/ascii/world/gome_sif_world_20111201.asc
NCOLS 720 
NROWS 360 
XLLCORNER -180 
YLLCORNER -90 
CELLSIZE 0.5 
NODATA_value -3.4e+38 
[rows 323 to 341 of 360, columns 344 to 386 of 720]
0.223062798380852 -0.0233256556093693 0.398812085390091 0.164337769150734 0.0755865573883057 0.065683402121067 0.000205479911528528 -0.00144984654616565 -0.0362318903207779 0.0863256677985191 0.0260228347033262 0.0443383604288101 -0.029057253152132 0.0284288264811039 0.200551822781563 0.276627033948898 0.00222383998334408 -0.0129919964820147 0.0551779083907604 0.282877683639526 -0.0255897603929043 -0.202848851680756 0.00348994508385658 -0.0382251068949699 -0.454891175031662 0.301434129476547 -0.134434297680855 -0.0607933215796947 0.0193601660430431 0.165589839220047 0.205109983682632 0.0802182629704475 0.145618215203285 -0.314117819070816 -0.150378867983818 -0.14437447488308 0.00922989379614592 0.153451859951019 -0.147585719823837 0.0912138819694519 1.72190320491791 -0.418335914611816 -0.088566318154335
-0.122753225266933 -0.0312575362622738 -0.233656376600266 0.119910649955273 -0.262444317340851 -0.107208974659443 -0.17164234817028 0.00642990600317717 -0.164354220032692 0.218186184763908 -0.158995643258095 0.0685566514730453 -0.129433438181877 0.0151723464950919 0.197275400161743 -0.0250292140990496 0.119061015546322 0.0793240889906883 -0.0122537752613425 0.213972419500351 -0.0504011772572994 0.186797901988029 0.0948395729064941 -0.159015744924545 -0.100761286914349 -0.334083080291748 0.0366567634046078 0.117902725934982 -0.02613072283566 -0.0711374133825302 0.121646866202354 -0.262287557125092 -0.31412947177887 0.168993219733238 0.147429764270782 0.0525627732276917 -0.197173178195953 0.151847869157791 -0.0744564235210419 -0.000162912532687187 0.02292250841856 0.0401646457612514 -0.1415074467659
-0.146897703409195 0.0676858872175217 -0.378730177879333 0.125137865543365 0.175394400954247 -0.105805188417435 0.011629780754447 0.116580173373222 -0.166863143444061 -0.00999468006193638 -0.182910978794098 0.20918034017086 0.0349263958632946 0.00150971708353609 0.137157469987869 -0.22579525411129 0.243129029870033 0.313079714775085 -0.0908147543668747 -0.0988136455416679 -0.0830220580101013 0.16907587647438 -0.145647764205933 -0.066668339073658 -0.123480573296547 -0.00140210636891425 -0.180522203445435 0.0482861921191216 -0.0661564469337463 -0.225886896252632 -0.233015477657318 -0.0607105121016502 -0.0860427469015121 -0.0784750133752823 0.0277249068021774 0.0179957430809736 0.0976902544498444 -0.321686595678329 0.086045078933239 0.0052134282886982 0.264949113130569 0.0942073687911034 0.0152365537360311
-0.321312785148621 0.0368691831827164 0.0910129398107529 0.0481181815266609 -0.154386013746262 0.0523333549499512 -0.285135358572006 0.1108193770051 -0.169545605778694 -0.10611342638731 0.195011749863625 0.0872684419155121 -0.130454003810883 0.228089928627014 0.0785402879118919 -0.214088082313538 -0.4844129383564 -0.076036125421524 -0.238270923495293 0.233591020107269 0.0743452459573746 -0.258047044277191 -0.0629750043153763 0.190582320094109 -0.142271906137466 -0.0488128289580345 -0.0707200020551682 0.192514359951019 0.0608212687075138 0.156763523817062 -0.259814590215683 -0.101141691207886 0.0244046803563833 0.0489912666380405 -0.308400213718414 -0.0588615983724594 -0.211130604147911 0.152100428938866 -0.401209324598312 -0.0413928963243961 0.130410134792328 -0.150865793228149 -0.123043648898602
0.287809312343597 0.15945528447628 0.0539859421551228 0.376238137483597 0.149384275078773 0.080773152410984 -0.13910223543644 0.0293674916028976 -0.141497313976288 -0.170313239097595 -0.0731248930096626 -0.158805936574936 0.186151102185249 0.114800460636616 0.154889613389969 -0.183680087327957 -0.062924936413765 -0.061693474650383 0.0124935572966933 -0.110008999705315 0.215121626853943 0.0296278521418571 -0.0695807337760925 -0.0813400894403458 0.0113492486998439 -0.127735316753387 -0.401194721460342 -0.214988872408867 -0.113509513437748 0.0229264441877604 0.0124656725674868 -0.260538578033447 0.264973431825638 -0.296396851539612 -0.0223236232995987 0.724383234977722 0.0874965637922287 -0.291837155818939 0.0145201040431857 0.0249498449265957 0.160709649324417 0.101637914776802 -0.144016087055206
-0.0565462671220303 -0.0353118516504765 -0.164254710078239 -0.145753249526024 -0.218010529875755 0.162582904100418 0.174053013324738 0.0724418163299561 0.113274574279785 -0.0935564488172531 -0.434750258922577 0.0538446307182312 0.101644948124886 -0.0681348294019699 0.0674388483166695 -0.157502233982086 0.276264011859894 -0.049180693924427 0.150294914841652 0.0854891464114189 -0.109181106090546 -0.0206658020615578 0.262089312076569 -0.211510211229324 0.0143998702988029 -0.0117112016305327 -0.0745320022106171 -0.196479663252831 0.216557949781418 -0.378629297018051 0.00314181507565081 -0.151349157094955 -0.0271496530622244 0.0596763901412487 0.145899534225464 -0.274710953235626 -0.0366273783147335 -0.227142989635468 -0.0399852804839611 -0.0520507767796516 0.0975593104958534 0.156809329986572 -0.358918100595474
0.0121950982138515 0.176900461316109 0.0605755299329758 -0.0450952723622322 0.0316254198551178 -0.321394234895706 -0.302142828702927 0.0210937168449163 0.0798109397292137 -0.0794030576944351 0.00812012143433094 0.0546748451888561 -0.104513883590698 0.116505600512028 0.174464076757431 -0.120381563901901 0.00851394329220057 -0.221396416425705 -0.140548884868622 0.0250833798199892 -0.0160794872790575 0.0716384649276733 -0.232614368200302 -0.123631477355957 -0.0381365120410919 -0.252416253089905 0.00167557271197438 0.354260593652725 -0.187743738293648 -0.117580950260162 0.051922757178545 0.190443068742752 0.0466362647712231 0.0987711921334267 0.0147444661706686 -0.265082210302353 -0.0460463613271713 -0.0184115767478943 -0.242363452911377 -0.0332402773201466 0.0293970815837383 -0.218263000249863 -0.00169435341376811
-0.0994797199964523 -0.186020866036415 0.224516957998276 0.184204623103142 0.434949606657028 -0.0659676343202591 0.100977718830109 -0.287142068147659 0.0637558698654175 -0.3027503490448 0.00545410672202706 -0.177356123924255 -0.0961030349135399 -0.0576107241213322 0.179890990257263 -0.153863713145256 0.173773512244225 -0.354545533657074 -0.47867825627327 -0.0842585563659668 -0.162957832217216 0.0306417047977448 0.0779642909765244 -0.332406133413315 -0.266572147607803 0.124167732894421 -0.277254521846771 0.0309832952916622 0.0803246423602104 0.219952657818794 -0.0813289806246758 -0.281016319990158 -0.143772438168526 -0.126425936818123 0.149567648768425 0.10336397588253 -0.147192642092705 -0.184166118502617 -0.272368192672729 -0.479733377695084 -0.179562568664551 -0.00762080168351531 -0.256949365139008
-0.062359131872654 -0.185927852988243 0.134205922484398 -0.174795508384705 0.117710940539837 -0.052257414907217 -0.215100914239883 -0.285520762205124 -0.0167801566421986 -0.260361969470978 -0.310546338558197 -0.120479121804237 -0.15578405559063 -0.0420773476362228 0.156284466385841 0.233454331755638 -0.0397730506956577 0.336950093507767 -0.178293198347092 -0.0805440172553062 -0.209454461932182 0.0282203573733568 -0.325658917427063 -0.413015186786652 0.0789485797286034 -0.134961664676666 -0.0932317227125168 0.0641462355852127 0.0580868721008301 -0.0381897576153278 3.11017029162031e-05 0.0772673040628433 -0.127699986100197 -0.347226619720459 -0.0502211600542068 0.118944086134434 -0.0332825072109699 -0.290915548801422 -0.310326129198074 -0.242471367120743 -0.11508509516716 0.343160957098007 0.0824901312589645
0.216657802462578 0.0498345382511616 -0.212535783648491 0.260188847780228 0.0465347468852997 -0.159826666116714 -0.209532842040062 -0.210864216089249 -0.140210345387459 -0.172422170639038 0.2097028195858 0.0854150876402855 -0.0307187605649233 0.208442375063896 0.329673618078232 0.265472710132599 0.184399873018265 -0.01991131529212 -0.255448997020721 -0.0748278424143791 0.0581382066011429 -0.260076880455017 0.0081940945237875 0.0141428792849183 0.150219634175301 -0.0987614691257477 -0.00721139134839177 -0.206043481826782 -0.0360832139849663 0.281144589185715 -0.132649838924408 -0.0975605472922325 -0.0894232466816902 -0.153098002076149 -0.00928221270442009 -0.338064610958099 -0.0690959841012955 0.159342601895332 -0.121042884886265 0.0599461868405342 0.0963712483644485 0.162345051765442 -0.118180006742477
-0.0164597947150469 -0.0229512751102448 -0.175339043140411 0.241584941744804 -0.099661685526371 0.00304750073701143 -0.0125126522034407 0.18354095518589 0.0879729390144348 -0.0150283193215728 -0.361448049545288 0.135313555598259 -0.584988594055176 0.146890535950661 -0.253779023885727 -0.0519750267267227 -0.4549241065979 0.0203372240066528 0.204512134194374 -0.12830676138401 -0.022324226796627 0.256253987550735 -0.105249308049679 -0.440265983343124 0.0562509410083294 -0.558736622333527 -0.144116967916489 0.02807860635221 0.216374710202217 -0.144259676337242 0.313065022230148 0.0225578416138887 -0.120627574622631 -0.0503299832344055 -0.261187702417374 -0.384284913539886 -0.0599429607391357 0.209285959601402 0.105012461543083 0.174068361520767 -0.129375427961349 0.0348789133131504 0.356647610664368
-0.188578799366951 0.15120056271553 0.254627078771591 0.0282596834003925 0.227584838867188 0.110090084373951 0.164662092924118 -0.126519098877907 0.138773381710052 0.125937476754189 0.306590884923935 0.0228034052997828 0.123840123414993 -0.13314613699913 -0.102154947817326 0.0780688747763634 -0.18713316321373 -0.410378992557526 0.162324219942093 -0.157820194959641 0.0857454687356949 -0.0149183114990592 -0.208764746785164 -0.0706619545817375 0.104344561696053 -0.127253666520119 -0.0703122764825821 0.0543881691992283 0.21120622754097 0.0602346658706665 -0.174979254603386 0.11964526027441 -0.0798324272036552 -0.1548071205616 -0.0115032847970724 0.127327710390091 -0.0888566896319389 -0.237585484981537 0.0631021335721016 0.0507355965673923 -0.144510880112648 -0.299159318208694 -0.258937180042267
-0.213265344500542 0.252271115779877 0.367230802774429 0.10055086761713 0.0997791811823845 0.146920397877693 -0.213205024600029 -0.0498591475188732 -0.270766824483871 -0.395924746990204 -0.258828699588776 -0.247593447566032 0.154585555195808 -0.14841616153717 0.324998050928116 -0.189271152019501 -0.166710272431374 0.0930367484688759 -0.136063754558563 -0.0416939184069633 0.251085668802261 -0.210221379995346 0.200163200497627 0.0703655704855919 0.0613914504647255 -0.202155530452728 -0.411340326070786 -0.177393451333046 -0.0280180647969246 -0.230726957321167 -0.47669580578804 -0.12238883972168 0.216182917356491 -0.252555638551712 -0.231757551431656 0.0461115576326847 0.0244977977126837 -0.117698393762112 -0.191786289215088 0.446064740419388 0.13337841629982 -0.14989185333252 -0.0978686511516571
-0.327650129795074 -0.0952532887458801 0.328498214483261 0.105027459561825 0.0860532447695732 -0.0642445534467697 -0.113102287054062 -0.0337392948567867 0.0859301909804344 -0.00557112693786621 -0.353291004896164 -0.298699468374252 0.18616034090519 0.179862514138222 -0.0988264605402946 0.189743280410767 0.253460615873337 0.0686402469873428 -0.101183541119099 -0.321840524673462 -0.101211689412594 0.0316422395408154 0.173974648118019 0.00994870346039534 0.0188694149255753 0.0664644613862038 0.2307248711586 -0.00762139027938247 0.0722024515271187 -0.285534977912903 -0.0335216894745827 0.294249355792999 0.0913530066609383 0.155449405312538 0.244343593716621 -0.165355622768402 0.0561359710991383 -0.218284249305725 0.0659958049654961 0.0214961636811495 -0.091874361038208 -0.0356454662978649 0.00813468918204308
-0.0294751524925232 -0.132000878453255 -0.329211115837097 0.0903861671686172 0.0227628014981747 -0.684264659881592 0.218747675418854 -0.369029551744461 0.0429564379155636 0.0512089654803276 0.00512778013944626 -0.275637835264206 -0.122217282652855 -0.0305562615394592 -0.264299511909485 -0.0604893714189529 0.0761310905218124 0.0950005576014519 -0.214760541915894 0.191763609647751 -0.355900257825851 -0.369057714939117 -0.133730486035347 0.0700794160366058 0.115166515111923 -0.0608467943966389 -0.20860393345356 -0.0949702337384224 -0.233183488249779 -0.0506142564117908 0.0595642477273941 -0.348142355680466 -0.320570439100266 0.0875043943524361 0.166256263852119 0.0489650256931782 0.288994401693344 -0.189258322119713 -0.0491404309868813 -0.173278674483299 0.0887594297528267 0.0148181524127722 -0.0934656411409378
0.187279641628265 0.217023596167564 0.161604568362236 0.159958600997925 -0.29707545042038 -0.389745742082596 0.224549368023872 0.0300131216645241 -0.299183189868927 -0.258637130260468 0.204482451081276 0.0571596138179302 0.167658120393753 -0.143200233578682 0.0791841074824333 -0.0139397354796529 0.115355893969536 0.144712179899216 0.121141009032726 -0.436191350221634 0.0751343667507172 -0.218193545937538 0.632952511310577 -0.240994766354561 0.129427775740623 0.056533332914114 0.0461494587361813 0.0205291397869587 0.133105084300041 -0.172177731990814 -0.156630024313927 0.315301567316055 -0.136835917830467 0.632661640644073 0.188404366374016 0.123665526509285 -0.174210295081139 0.0739924311637878 -0.19220843911171 -0.0513200350105762 0.00184438994619995 -0.300549268722534 0.19069467484951
0.113322854042053 -0.167792752385139 0.240479826927185 0.239661991596222 -0.356881022453308 -0.135734334588051 -0.0380922444164753 -0.172549054026604 -0.115426488220692 -0.517148792743683 0.158561587333679 0.0923959538340569 -0.188577488064766 0.400730192661285 -0.0495279431343079 -0.139665812253952 0.116153180599213 0.128926634788513 -0.892912924289703 0.00365356612019241 -0.367947459220886 -0.324087977409363 0.0450430139899254 -0.0342215411365032 -0.030242532491684 -0.0778335332870483 -0.256258994340897 -0.255551844835281 -0.409963101148605 0.0853406935930252 0.0790230929851532 0.180620223283768 0.151036411523819 0.0582586191594601 -0.208988979458809 -0.390626609325409 0.364329367876053 0.339440882205963 0.23945640027523 -0.0590481199324131 -0.0387293249368668 -0.141987502574921 -0.0962934494018555
-0.319929361343384 -0.0786282420158386 0.14875029027462 0.404513031244278 -0.38838917016983 0.182381853461266 0.146157190203667 -0.413166761398315 -0.448685139417648 -0.429557383060455 -0.191303953528404 0.00286276498809457 -0.146692261099815 0.0665935128927231 0.168455570936203 -0.0569786317646503 0.0506586767733097 0.121208816766739 0.0033026784658432 -0.00618734722957015 -0.0514442659914494 0.115429893136024 0.115242779254913 0.0314811617136002 -0.497099876403809 -0.294634938240051 -0.038021307438612 0.00465855235233903 0.137251183390617 -0.0296600367873907 -0.167173475027084 -0.211953312158585 0.256035298109055 -0.166307270526886 -0.341840416193008 0.0663174092769623 0.0484724901616573 -0.0958464443683624 -0.229393169283867 -0.0629769489169121 -0.124955788254738 0.385903656482697 -0.20888440310955
-0.0055662989616394 0.00847902707755566 0.242949903011322 -0.103235721588135 -0.298959404230118 -0.0564767271280289 -0.0532184615731239 -0.0293034482747316 -0.374713242053986 -0.340249001979828 0.174142867326736 -0.0204480104148388 0.0863538607954979 -0.129977494478226 0.300727605819702 -0.546862065792084 0.349524945020676 -0.178581610321999 0.178638368844986 -0.158375918865204 0.0655283480882645 -0.116482771933079 -0.170300886034966 -0.464784890413284 -0.167734295129776 -0.299341231584549 -0.162135854363441 0.427684932947159 -0.360319882631302 0.123164467513561 -0.25078496336937 0.297942012548447 -0.204898744821548 -0.18351174890995 0.0899145156145096 -0.145708829164505 -0.0901038348674774 0.175071090459824 -0.134211733937263 -0.306216269731522 -0.148314282298088 -0.0513614565134048 -0.406039744615555
