assets/gome_f/processed/ascii/world/gome_sif_world_20121101.asc
NCOLS 720 
NROWS 360 
XLLCORNER -180 
YLLCORNER -90 
CELLSIZE 0.5 
NODATA_value -3.4e+38 
[rows 209 to 227 of 360, columns 258 to 300 of 720]
0.158382102847099 0.241635262966156 0.46696001291275 0.270852863788605 -0.223280519247055 0.065183661878109 0.255712747573853 0.45871165394783 0.297805458307266 0.213348984718323 -0.152164325118065 0.112039491534233 0.469850063323975 -0.0228727869689465 0.439623832702637 0.487179577350616 0.78949362039566 0.4761803150177 0.00485632428899407 0.630925953388214 0.29761266708374 0.0538194365799427 0.208365365862846 0.521831691265106 0.256914734840393 -0.372113525867462 -0.189878523349762 0.0505690090358257 -0.00846375059336424 0.0222686864435673 0.0887117683887482 -0.108358383178711 0.181872069835663 -0.0165170319378376 -0.0503080040216446 -0.0772402137517929 -0.0245925020426512 -0.163824826478958 -0.130200013518333 0.0931535139679909 0.0507130175828934 0.549500107765198 -0.170144468545914
0.310275077819824 0.56510466337204 -999 0.325053006410599 -0.00837051868438721 0.365759700536728 0.0173289012163877 0.225491061806679 0.213080078363419 0.236589923501015 0.324555039405823 0.3003850877285 0.100172504782677 0.315118491649628 -0.0358439087867737 0.0732007622718811 0.312752515077591 0.286093503236771 -0.0408537425100803 0.567071557044983 0.0854775011539459 0.476564645767212 0.470744729042053 0.297361940145493 0.342474728822708 0.152758240699768 0.0460716895759106 -0.00338175892829895 0.244043633341789 0.0620335228741169 0.0110455956310034 0.111036911606789 -0.0771493539214134 0.0684477612376213 -0.320651531219482 0.157027333974838 0.152410268783569 -0.23783066868782 0.134993210434914 0.0441142618656158 -0.195270255208015 -0.221578076481819 0.166509836912155
0.163618177175522 0.139733195304871 -0.1862553358078 0.533478140830994 0.803116083145142 0.0995201468467712 0.241052895784378 0.256237626075745 0.1772840321064 0.379293948411942 0.277260184288025 0.552306592464447 0.502288579940796 0.499979376792908 0.399917423725128 0.199462413787842 0.151625603437424 0.390908986330032 0.423039227724075 0.413946270942688 0.296686172485352 0.730147361755371 0.427370965480804 0.136102229356766 0.230647027492523 -0.0907729119062424 -0.148381680250168 0.0534014664590359 0.139678806066513 -0.0292232632637024 -0.0103363366797566 0.0507406964898109 0.145014762878418 0.0758086740970612 0.291355282068253 -0.226812019944191 -0.0687118917703629 0.0578603744506836 -0.0722672939300537 -0.177565097808838 -0.0135207716375589 0.0323411487042904 -0.095815010368824
0.607899487018585 0.738895952701569 -0.242146015167236 0.205838516354561 0.0627208575606346 0.617481291294098 0.279716283082962 0.171348184347153 0.286431789398193 -0.129660129547119 -0.15819638967514 0.261805683374405 0.495011270046234 0.61654657125473 -0.183411568403244 0.39486175775528 0.281756430864334 0.416815996170044 0.531859517097473 0.882532298564911 0.408554285764694 0.0399910397827625 0.174676895141602 0.187111750245094 0.320615381002426 -0.0870569869875908 -0.106268405914307 -0.212487801909447 0.081500232219696 -0.0244943425059319 0.0105014499276876 0.0541186481714249 -0.0994488075375557 0.0676722228527069 -0.170909017324448 0.0695277005434036 0.12214071303606 -0.0277278404682875 -0.11643822491169 -0.0625659003853798 -0.088647149503231 0.0617017075419426 -0.145526736974716
0.452647119760513 0.293137669563293 0.234819352626801 0.524707019329071 0.395642280578613 0.478831261396408 0.418669134378433 0.241622820496559 0.144341722130775 0.441563993692398 0.585079312324524 0.32305708527565 0.307563751935959 0.291036367416382 0.370991408824921 0.314180850982666 0.51554673910141 0.375051289796829 0.575183868408203 -0.110190600156784 0.374436587095261 0.735572278499603 0.536176979541779 0.341216146945953 0.045070506632328 -0.00864352565258741 -0.109430953860283 -0.145056486129761 0.405030816793442 0.148734480142593 -0.00746889412403107 -0.0824031010270119 -0.196359872817993 -0.0549054890871048 0.0542154163122177 -0.114878922700882 0.142230004072189 0.0368435606360435 -0.0184404719620943 0.0260986629873514 0.0347461774945259 0.185948222875595 0.246058806777
0.305345475673676 0.251833975315094 0.0907965674996376 0.229218080639839 0.217127844691277 0.687247455120087 0.334117293357849 0.24580679833889 -0.136882573366165 0.348137766122818 0.0165913496166468 0.308936655521393 0.387031644582748 0.293840229511261 0.150336310267448 0.676660776138306 0.132238775491714 0.430061876773834 0.473040103912354 0.067940965294838 0.698225855827332 0.0998470708727837 0.49736824631691 -0.0160255022346973 -0.0809445679187775 -0.0586451031267643 0.169627800583839 -0.289588123559952 -0.00915273185819387 0.0260563772171736 -0.164629980921745 0.238311246037483 0.0237816106528044 0.0290437154471874 0.172318264842033 0.0401843376457691 -0.103791989386082 0.025470208376646 -0.146696493029594 0.0166844241321087 -0.15340282022953 -0.0413473471999168 0.0390439368784428
0.39377635717392 0.182541251182556 0.42161351442337 0.541053116321564 0.450124561786652 0.374900877475739 0.500965118408203 0.24423910677433 0.559903085231781 0.349829643964767 0.234232291579247 -0.0498501360416412 0.536249279975891 0.61470627784729 0.0418479107320309 0.0684350058436394 0.171908915042877 0.280340760946274 0.136134147644043 0.212097391486168 0.33069896697998 0.328552395105362 0.151123613119125 0.338259935379028 0.0924613326787949 -0.0884048715233803 -0.449948936700821 0.167859733104706 -0.121750444173813 -0.0266225710511208 0.0252466313540936 0.137956216931343 -0.0490913726389408 -0.0753991082310677 0.102900803089142 -0.17083278298378 0.0915068462491035 -0.0678261741995811 -0.0829923003911972 -0.0190278198570013 -0.162060484290123 0.0480212196707726 -0.171473115682602
0.292413532733917 0.376354366540909 0.411343991756439 0.630321204662323 0.201690271496773 0.271315544843674 0.333661168813705 0.542018711566925 0.153108239173889 0.0471511110663414 0.396379411220551 0.0772674456238747 0.0293014217168093 -0.0852174013853073 0.269274771213531 0.323829114437103 0.164718449115753 0.336479634046555 -0.0334189832210541 0.472253322601318 -0.0536158494651318 0.392604470252991 0.48727411031723 -0.245764076709747 0.273669302463531 0.100511468946934 -0.245698213577271 -0.139418929815292 0.0283662527799606 0.273879796266556 0.0430214926600456 0.168342605233192 0.0876329019665718 -0.0167205985635519 0.0145391970872879 -0.0181011240929365 0.436573475599289 0.069794125854969 0.162398368120193 0.00168278615456074 0.218777805566788 0.0611550807952881 0.142495021224022
0.287003636360168 0.386726558208466 0.345253556966782 0.190648466348648 0.459210187196732 0.0975903570652008 0.218821123242378 0.162870511412621 -0.0273223891854286 0.298420339822769 0.603288888931274 0.502512872219086 0.0439378283917904 0.347672522068024 -0.094674326479435 0.457164466381073 0.575433373451233 0.156573325395584 -0.0302239656448364 0.266386657953262 0.714905619621277 0.132092028856277 0.293856859207153 -0.0521359965205193 -0.528542339801788 0.41302153468132 -0.0673690363764763 -0.0427430048584938 0.271309852600098 0.0209894888103008 0.0924941226840019 -0.0840878710150719 0.243372768163681 -0.205201670527458 -0.0102392118424177 -0.180103570222855 0.250917434692383 -0.00205924827605486 0.0720675140619278 -0.0579161569476128 0.0513241775333881 0.0408022850751877 0.048804197460413
0.273406445980072 0.387481719255447 0.0591562613844872 0.15502542257309 0.516513049602509 0.671277940273285 0.216104343533516 0.295300483703613 0.573719680309296 0.516409039497375 0.842996776103973 0.459793418645859 0.282417565584183 0.276022523641586 -0.097361795604229 0.78076171875 0.204314723610878 0.341233015060425 0.354373514652252 0.289903402328491 0.0659050345420837 -0.0467899814248085 0.288591116666794 0.297102302312851 -0.112150214612484 -0.271446496248245 -0.114488206803799 0.309277087450027 -0.108558870851994 0.0350874923169613 -0.104195863008499 0.159071996808052 -0.142680451273918 0.334711879491806 0.145807206630707 -0.396134704351425 0.344179630279541 -0.0775798112154007 0.0711459144949913 -0.25104084610939 0.0523742623627186 0.0427938140928745 -0.0928083136677742
0.56787496805191 0.322350978851318 0.338673561811447 0.39029985666275 0.210987091064453 -0.0967134535312653 0.679523646831512 0.422729194164276 0.217533826828003 0.221918538212776 0.365338653326035 0.354936212301254 0.400124162435532 0.404729098081589 0.41554182767868 0.299445629119873 0.393523067235947 0.384684443473816 0.539045512676239 -0.603424847126007 0.465084284543991 0.111466877162457 0.577981293201447 -0.224390581250191 0.0284237191081047 0.0423533730208874 -0.12087607383728 -0.286076962947845 0.448256939649582 -0.143565818667412 0.150680735707283 -0.146455079317093 0.0334852077066898 -0.037810392677784 0.18444961309433 0.0534967184066772 0.036221906542778 0.420357912778854 -0.0586624965071678 0.040356207638979 0.0722818300127983 0.151982605457306 -0.210354045033455
0.217012763023376 0.412920951843262 0.334711909294128 0.302819073200226 0.355205744504929 0.295664191246033 0.641296863555908 0.443715214729309 0.450714588165283 0.508041620254517 -0.166065126657486 0.0894501656293869 0.955622613430023 0.396060734987259 0.583148121833801 0.140288844704628 -0.0267568454146385 0.257090926170349 0.073817603290081 -0.053499598056078 0.212755218148232 0.319148153066635 -0.510863602161407 -0.229366853833199 0.0645531639456749 -0.139201581478119 -0.418366879224777 0.0309503916651011 -0.0428826212882996 -0.0317723639309406 0.0182771738618612 0.0166384167969227 0.0778740644454956 -0.114163890480995 -0.146075174212456 -0.104550898075104 0.289651304483414 -0.0195689033716917 0.119283951818943 -0.343186795711517 -0.084735170006752 -0.117448419332504 0.110251449048519
0.245746418833733 0.42484849691391 0.414173394441605 0.359249889850616 0.233697041869164 0.455239951610565 0.377250403165817 0.49848011136055 0.495514392852783 0.416133522987366 0.631795406341553 0.0932507291436195 0.409281432628632 0.216731116175652 0.759119093418121 0.228846073150635 0.334868669509888 0.157287955284119 0.645416378974915 0.535705506801605 0.343972444534302 0.544134259223938 0.0312926433980465 0.0214499067515135 -0.351592004299164 0.0959219411015511 -0.130126357078552 0.147423088550568 0.0319119803607464 0.0302042923867702 -0.0446338430047035 -0.126016676425934 0.0403961203992367 -0.036601185798645 0.0316724143922329 -0.13153937458992 0.0198937468230724 -0.186705455183983 0.0479452759027481 0.0688621699810028 0.1340511739254 0.150271952152252 -0.0636437237262726
0.473169416189194 0.265700399875641 0.311365514993668 0.229500353336334 0.167262956500053 0.176680192351341 0.567166745662689 0.628432810306549 0.676091730594635 0.257225751876831 0.0524411126971245 0.172892436385155 0.379840940237045 0.484492719173431 -0.217131778597832 0.589182138442993 0.745296776294708 0.19289642572403 0.00539540173485875 0.478537172079086 0.194517686963081 0.255945473909378 0.0207972023636103 -0.183708772063255 0.229978665709496 0.0293289590626955 0.146224603056908 0.155115127563477 0.211058273911476 0.209071010351181 -0.0134374247863889 0.0474226661026478 0.179964363574982 -0.168333798646927 -0.21729139983654 -0.115802198648453 -0.0682299137115479 0.0833132192492485 0.11785451322794 -0.167006805539131 -0.0770189687609673 -0.027783939614892 0.115902252495289
0.620028555393219 0.402695566415787 0.281858116388321 0.428677260875702 0.412921607494354 0.589455425739288 0.263202309608459 0.71850973367691 0.22121362388134 0.372872680425644 0.489466279745102 0.198057383298874 0.513313055038452 0.5589200258255 0.566931188106537 -0.0318515300750732 0.54059511423111 0.292531073093414 0.396280348300934 0.110727839171886 -0.0468519143760204 0.0438254065811634 0.211888983845711 -0.0217906609177589 -0.207417950034142 0.172492876648903 0.344264090061188 0.00404397444799542 -0.079441711306572 0.0441714525222778 0.0463972054421902 -0.126792281866074 0.193513959646225 0.0543262585997581 -0.246145486831665 -0.123488672077656 -0.0117968330159783 -0.142246589064598 -0.279610633850098 0.0726488530635834 0.0765987038612366 0.119503952562809 -0.256497472524643
0.550193786621094 0.440793365240097 0.475785583257675 0.706182181835175 0.338280826807022 0.66682380437851 0.727068722248077 0.597690999507904 0.715146601200104 0.527503550052643 0.75932514667511 0.825890719890594 0.108046889305115 0.396011680364609 0.460314124822617 0.185050278902054 0.163129314780235 0.329609125852585 0.191375494003296 -0.0307184848934412 0.14943616092205 0.184610098600388 -0.121983252465725 -0.0219879020005465 -0.103929482400417 0.0979361087083817 -0.132076501846313 0.0126740457490087 -0.088267408311367 -0.0314522422850132 0.0286110546439886 0.0855128243565559 0.0286558996886015 0.0731051787734032 0.116302140057087 -0.2867431640625 0.167818903923035 0.011983479373157 -0.00610820017755032 -0.117897965013981 -0.0911383181810379 0.230747625231743 -0.0844623148441315
0.381618499755859 0.236111909151077 0.228484123945236 0.38973593711853 0.231577768921852 0.371992528438568 0.290408939123154 0.348603636026382 0.673019409179688 0.412635445594788 0.563060104846954 0.516077399253845 0.371821343898773 0.0494999885559082 -0.0430125147104263 -0.265234470367432 -0.118142813444138 0.229117408394814 0.15512503683567 0.144546657800674 0.0496212914586067 -0.0327796339988708 0.130024135112762 0.259708613157272 -0.117988921701908 -0.29685115814209 0.043847918510437 -0.0109467366710305 0.313901871442795 -0.483964323997498 -0.00224508251994848 0.0149341626092792 -0.0994951799511909 0.132901310920715 0.0286515392363071 0.107697278261185 -0.179437190294266 -0.113166108727455 -0.144116878509521 0.090774342417717 0.129173457622528 -0.178336560726166 0.0377882346510887
0.00475296378135681 0.0413226000964642 0.327628910541534 0.264416396617889 0.221574902534485 0.239377349615097 0.370287239551544 0.204039350152016 0.319266706705093 0.356614232063293 0.181382611393929 0.778696894645691 0.30488795042038 0.388042509555817 0.271161049604416 -0.191628232598305 0.0603773221373558 -0.0258767064660788 0.115272335708141 -0.355978757143021 0.0409539379179478 0.123043932020664 0.0938919559121132 -0.176339492201805 0.213387355208397 0.136796742677689 -0.0864341706037521 0.0359512604773045 0.318860709667206 0.0193166080862284 0.0147097380831838 0.0949042662978172 0.103909038007259 -0.014061838388443 0.138152539730072 0.035391665995121 -0.108198367059231 0.0627554133534431 -0.230760619044304 -0.073354959487915 0.0238739736378193 0.0650849938392639 -0.162514314055443
0.474997907876968 0.132748872041702 0.683786809444427 0.481592416763306 0.361382275819778 0.667387247085571 0.672709584236145 0.474258571863174 0.446356862783432 0.063537023961544 0.158314347267151 0.16586922109127 0.129908874630928 0.0711689889431 0.0844523012638092 0.0875608846545219 0.0244918186217546 -0.116461232304573 0.155760243535042 0.187437459826469 -0.0871070325374603 0.156428575515747 -0.177159130573273 0.00477771833539009 0.221885666251183 -0.284348666667938 0.00836704578250647 0.21682570874691 0.107552669942379 0.101808413863182 0.12415450066328 0.162927463650703 -0.0235178284347057 0.0705089643597603 0.254758805036545 0.0532298348844051 -0.060633160173893 0.1420868486166 -0.0668759867548943 0.0954777076840401 0.0697396472096443 0.0251261163502932 -0.165102139115334
