assets/gome_f/processed/ascii/world/gome_sif_world_20110401.asc
NCOLS 720 
NROWS 360 
XLLCORNER -180 
YLLCORNER -90 
CELLSIZE 0.5 
NODATA_value -3.4e+38 
[rows 247 to 265 of 360, columns 473 to 515 of 720]
0.046159602701664 -0.0534945540130138 -0.122490577399731 0.00930300168693066 -0.161085441708565 0.0176326502114534 0.0332138761878014 0.0793203413486481 0.00325222429819405 0.00795135274529457 -0.0548355467617512 0.0330521650612354 -0.0330286510288715 0.00615796679630876 -0.00195452105253935 0.0371622033417225 -0.0142107307910919 -0.0110076032578945 -0.0239263046532869 0.0955146476626396 0.0126023972406983 0.0226590111851692 0.0744689553976059 -0.0816158056259155 -0.0710758045315742 -0.00294716563075781 -0.13191294670105 -0.0600830018520355 -0.0958247855305672 0.0739516392350197 -0.0706034973263741 -0.0172007922083139 0.0527158118784428 -0.0425767675042152 -0.000237747095525265 0.0358347408473492 -0.0545736812055111 -0.212675213813782 -0.0509563237428665 -0.0117714758962393 -0.0970274731516838 0.0218794830143452 0.00234281527809799
-0.165031120181084 0.105617687106133 0.00658569391816854 0.0535691641271114 0.0418091379106045 0.0454449765384197 0.0376062877476215 0.00298406323418021 -0.0576679259538651 0.0349213927984238 -0.0286010205745697 -0.0849358886480331 0.192047476768494 0.0923543572425842 -0.147111788392067 0.0864789262413979 0.0394264832139015 -0.197846695780754 -0.00500423414632678 -0.161290496587753 -0.0185312330722809 0.139573842287064 -0.10149735212326 -0.00121404230594635 -0.0425461083650589 -0.066884733736515 0.0729747116565704 -0.0791476145386696 -0.0699272528290749 -0.0798536539077759 -0.00756012927740812 0.0319047495722771 -0.01223751809448 -0.447750598192215 -0.0532704144716263 0.0832952931523323 -0.0259449798613787 0.0387817956507206 -0.00295066297985613 -0.0860111266374588 -0.03616052120924 0.0632058456540108 0.085983969271183
-0.0565444938838482 0.0554080605506897 -0.0156030431389809 0.084098294377327 -0.0772800967097282 0.0694700628519058 -0.0451536811888218 -0.0527400486171246 -0.0386639013886452 -0.0250338707119226 -0.121368661522865 -0.14336846768856 -0.0430685430765152 -0.0676962807774544 -0.0256851390004158 0.0110411504283547 -0.0487270802259445 0.0231870505958796 -0.0304533448070288 0.0830931216478348 -0.0933775827288628 0.146661207079887 0.123795062303543 -0.133512362837791 0.0138874007388949 -0.0548628084361553 -0.101389698684216 0.063546285033226 0.00908883009105921 0.0379352830350399 0.00376251596026123 0.0844218209385872 -0.00567509792745113 -0.0269704889506102 -0.021137872710824 0.00223765219561756 -0.109267994761467 -0.056984469294548 -0.0642597302794456 0.12548828125 -0.0721535012125969 0.00274364347569644 -0.14421458542347
-0.108398772776127 0.0469923242926598 -0.0976430922746658 -0.0358306691050529 0.0749667808413506 0.104010559618473 0.0459926873445511 -0.0621909275650978 -0.0759484246373177 -0.0126598970964551 -0.0596441961824894 -0.0304744448512793 0.135058835148811 -0.0478838197886944 -0.0145972864702344 -0.105631843209267 -0.0984388813376427 0.0295290239155293 -0.0720494091510773 -0.0836706906557083 -0.0386322438716888 0.0229010228067636 -0.129737421870232 0.0172690879553556 -0.0511416755616665 -0.0557434409856796 -0.0121969459578395 0.179431721568108 0.0485226213932037 0.133723810315132 0.109005875885487 0.0551632195711136 0.0790780931711197 -0.0374775342643261 0.0542390458285809 -0.0177579466253519 0.0220270100980997 -0.0414290763437748 -0.0701975971460342 0.0667624771595001 -0.00459618773311377 -0.030187314376235 0.100585259497166
0.0401833541691303 -0.0701973289251328 -0.0171471349895 0.110527314245701 -0.0504716113209724 -0.0216648075729609 0.0357356481254101 -0.0382738709449768 0.0271594822406769 -0.00737733161076903 -0.0168278384953737 -0.0327346846461296 -0.0765791609883308 -0.267420142889023 -0.211009293794632 0.0443055406212807 0.0711875408887863 0.0789188593626022 -0.116569198668003 -0.0335254147648811 -0.135225206613541 0.0812395960092545 -0.0433988645672798 -0.0697904154658318 -0.0373893231153488 -0.168550476431847 -0.156256645917892 0.0336512811481953 -0.0422331802546978 0.0619201324880123 0.00716443732380867 0.04130644723773 -0.0228915438055992 -0.0685418173670769 0.0519263632595539 0.0999594554305077 -0.0319225080311298 -0.0841828659176826 -0.0955636948347092 -0.126692086458206 -0.178882703185081 0.0359573140740395 -0.0676539242267609
-0.0624699406325817 0.0617788881063461 -0.0749556720256805 -0.156212896108627 0.0778810456395149 0.0283944010734558 0.0096952086314559 -0.133142024278641 -0.0554850026965141 0.0512709282338619 -0.145884737372398 0.0555298551917076 0.00844790600240231 -0.0501682870090008 -0.0165543965995312 -0.0083207692950964 -0.0474821925163269 -0.0273112207651138 -0.146519064903259 0.0290570855140686 -0.023959968239069 -0.0273756831884384 0.0999062806367874 0.0493331924080849 -0.0465450882911682 0.0755790844559669 -0.110693909227848 0.00875680893659592 0.228522717952728 0.193311706185341 0.163890644907951 -0.0981063023209572 0.0912400409579277 0.0482559092342854 -0.0495959334075451 0.0704861059784889 -0.00666058855131269 -0.0376200638711452 -0.0193134192377329 0.0855492725968361 -0.0788608863949776 -0.128854602575302 -0.168613076210022
0.0987256839871407 -0.104640245437622 -0.0388231799006462 -0.163828432559967 -0.0394851341843605 -0.00570083875209093 0.00833567604422569 0.079793781042099 0.0113757140934467 0.0107209570705891 -0.0222954768687487 0.0101155880838633 0.0411723963916302 -0.0158616434782743 0.0640385746955872 0.0480249151587486 -0.0543582998216152 -0.053297396749258 -0.0372090488672256 -0.0328064262866974 -0.0242505818605423 -0.108937464654446 0.0699194371700287 -0.0797621682286263 -0.0648403093218803 0.136088326573372 0.136265888810158 0.0239836666733027 -0.167777255177498 -0.0976920649409294 0.100136406719685 -0.182246014475822 0.201365351676941 0.0836847200989723 0.0359148606657982 -0.10945051908493 0.0489761531352997 0.0840078443288803 -0.0327181220054626 -0.041136734187603 0.149226561188698 -0.0357342474162579 -0.0994042158126831
0.139853104948997 -0.0550988987088203 0.0438223779201508 0.0920909717679024 -0.00137636810541153 0.168991133570671 -0.0564219243824482 -0.0867598876357079 0.079901710152626 0.0293367970734835 -0.124935835599899 -0.0518928356468678 -0.0935218334197998 0.0468358434736729 0.0643654316663742 -0.00932417996227741 -0.0542196221649647 0.00111506099347025 0.0742504224181175 -0.134214252233505 0.129153177142143 0.0765377655625343 -0.0393098182976246 -0.216420635581017 0.0418758988380432 0.100996732711792 -0.21024563908577 0.162046998739243 -0.218878954648972 -0.266434073448181 0.237880408763885 -0.0718915686011314 0.0982030630111694 0.0728428885340691 0.11628045886755 -0.10518928617239 -0.192311942577362 -0.00481882132589817 -0.107873395085335 -0.0111818732693791 0.175198435783386 -0.0354005694389343 0.186985075473785
0.0794879943132401 -0.0238586291670799 0.0627139583230019 -0.042748898267746 -0.0644189119338989 -0.0273451060056686 0.0270509850233793 -0.115435890853405 0.0746240764856339 -0.0511071532964706 -0.0116736898198724 -0.0843325555324554 0.0821875929832458 0.0364822335541248 0.0504897646605968 0.0994566529989243 -0.128470093011856 -0.0331330709159374 -0.113718099892139 0.0627935528755188 -0.0194211546331644 0.124013014137745 -0.0502535663545132 -0.117841064929962 0.00414611678570509 0.113464452326298 0.030902087688446 0.213959336280823 0.0681024938821793 0.278415113687515 0.0527238510549068 0.0513280183076859 0.0455530062317848 0.038554310798645 0.0328289940953255 0.0205489601939917 -0.00141209084540606 -0.332611560821533 -0.00723055005073547 -0.0661240965127945 -0.113876149058342 -0.0156298857182264 0.0538610033690929
0.050460409373045 0.0498231872916222 -0.0523744039237499 -0.0264899935573339 -0.0686876028776169 0.0606903992593288 -0.0132267158478498 0.0783089324831963 0.120121099054813 0.0465727895498276 -0.0487622693181038 -0.0419086255133152 -0.00446146726608276 -0.0543424338102341 0.0217016823589802 0.0117165353149176 -0.019199064001441 -0.0508643575012684 -0.0905471220612526 0.0369726158678532 -0.000736160844098777 -0.140189737081528 0.169151484966278 -0.0405846126377583 -0.0285630002617836 0.136107385158539 0.120997242629528 -0.221068397164345 -0.19942744076252 0.0443210937082767 -0.138807564973831 -0.037112683057785 -0.195404946804047 0.0129474531859159 -0.160855442285538 -0.046954084187746 -0.0922705009579659 0.147529393434525 -0.167479678988457 -0.0578422695398331 -0.0437729619443417 0.131640076637268 -0.120788253843784
-0.0289190225303173 0.0183922685682774 0.0437557063996792 0.0126411020755768 -0.0721073150634766 -0.238411992788315 0.268668740987778 0.0462885834276676 -0.0971250832080841 0.0705998763442039 -0.0300799086689949 -0.00905694998800755 -0.00780862290412188 -0.10288330167532 -0.149825289845467 -0.0937614813446999 -0.14295007288456 -0.0219478439539671 -0.106586076319218 -0.112271688878536 0.152001619338989 -0.108765840530396 -0.0466768220067024 -0.0465779490768909 -0.229340448975563 0.0942204296588898 -0.10511589050293 0.019674239680171 0.174319759011269 0.162733361124992 0.257739216089249 -0.0178198609501123 0.139681756496429 0.0115386545658112 -0.0374316088855267 -0.000613376498222351 0.0850717946887016 0.107995435595512 0.105145238339901 -0.00612759031355381 -0.131281271576881 -0.0805154666304588 -0.0231672469526529
-0.138677299022675 0.100111827254295 -0.0258186981081963 -0.0389917641878128 -0.00368389487266541 0.152412354946136 0.0473555438220501 -0.0190569721162319 -0.0466254651546478 0.11678010225296 0.0331204235553741 0.00916281156241894 0.0345769375562668 0.0617650598287582 -0.0413495562970638 0.00892097782343626 -0.0899672880768776 0.034429669380188 -0.000774634361732751 -0.0509262457489967 0.0652800872921944 0.0833980962634087 -0.110397480428219 -0.0370992608368397 -0.00741061987355351 0.0441342927515507 0.0169937219470739 -0.24228335916996 -0.0861245468258858 0.0645768418908119 -0.0114752799272537 -0.0461706817150116 0.130914181470871 -0.0317017361521721 -0.106459811329842 0.0277607832103968 0.144451424479485 -0.00667446106672287 -0.0252378042787313 -0.149479776620865 0.00515230605378747 0.105963908135891 -0.0730057805776596
0.0316933318972588 -0.0202015060931444 0.157233282923698 0.0529870204627514 0.116536535322666 -0.0193389020860195 0.130230784416199 0.0696426033973694 -0.235628172755241 0.057362288236618 -0.0113615468144417 -0.142022877931595 -0.0551405549049377 0.048590999096632 0.0690477713942528 0.00783504545688629 -0.132167115807533 -0.021382637321949 0.000968221167568117 0.0518788360059261 -0.106129884719849 0.186443403363228 0.0385373458266258 0.103542648255825 -0.0662772133946419 -0.0118933068588376 0.00717170536518097 0.0655231922864914 0.0605737268924713 -0.0152795286849141 0.101728901267052 -0.246216237545013 0.0253209173679352 -0.055539432913065 0.0508654080331326 -0.152838587760925 0.0396855920553207 0.0166224278509617 0.304769039154053 0.0993844419717789 -0.00443116668611765 0.216971829533577 0.0233743004500866
-0.0903716757893562 0.0912287682294846 0.0793754830956459 0.039494588971138 -0.00820440519601107 0.098679319024086 0.0101519841700792 0.0300407819449902 0.0595516934990883 -0.0664987862110138 0.0429385304450989 -0.0613194853067398 -0.0337817631661892 -0.236320614814758 0.183525279164314 -0.234447076916695 0.126904189586639 0.0334214568138123 -0.00137072475627065 -0.0859871283173561 -0.0167854148894548 -0.0806447714567184 0.13375461101532 -0.0087206345051527 -0.0201364308595657 -0.0502675659954548 0.102450273931026 -0.147223338484764 0.0359320715069771 0.0367996953427792 -0.0846351459622383 -0.037637785077095 -0.0587674677371979 -0.21955144405365 0.0465881265699863 0.0313432365655899 0.0225146654993296 0.0347776487469673 -0.0163635089993477 -0.103528261184692 0.0227630343288183 -0.0651890262961388 0.0768745467066765
-0.00109551846981049 -0.108833231031895 -0.0906091928482056 -0.176714584231377 0.043549682945013 -0.0249472539871931 0.0567541271448135 -0.154462933540344 -0.0378232412040234 -0.27949595451355 -0.0215240698307753 -0.0625917911529541 -0.0349907726049423 -0.0740082934498787 0.151533350348473 -0.096287228167057 -0.125162333250046 -0.0600465126335621 -0.054533738642931 0.23830009996891 0.0147073995321989 0.00737376650795341 -0.0425361730158329 0.128103151917458 -0.0211997758597136 0.00345574179664254 -0.02003438398242 0.114824496209621 0.0775603055953979 0.0904311984777451 0.127796620130539 0.0956368967890739 0.167539834976196 0.0641439184546471 -0.0698985382914543 -0.146017462015152 0.231765910983086 0.230414912104607 0.0120785003527999 0.257346957921982 -0.190449625253677 -0.0880599245429039 -0.0893842652440071
0.0104315206408501 -0.00412980886176229 0.110875621438026 0.179482594132423 -0.0362949781119823 -0.105147160589695 0.0251429192721844 0.191593036055565 -0.0552872642874718 -0.115335628390312 -0.0421174392104149 0.0450499542057514 -0.0256743803620338 -0.0154054649174213 0.0688339322805405 0.0373458191752434 0.0195847395807505 -0.0747140571475029 0.0779395177960396 -0.00786103773862123 0.0987500697374344 -0.0118139982223511 0.154128298163414 -0.0548485405743122 -0.0264523327350616 0.0334968566894531 0.208005502820015 0.0612399131059647 -0.2036512196064 0.0990706607699394 0.066214807331562 0.00812528375536203 -0.0664424225687981 -0.109052129089832 -0.0737339556217194 -0.0231969375163317 0.0975555554032326 0.137229472398758 -0.130578100681305 0.250263839960098 0.0666392296552658 -0.0162124056369066 0.0268301852047443
-0.0167961753904819 0.0331881605088711 -0.407234787940979 0.042846791446209 0.0165300257503986 -0.269452780485153 -0.171742707490921 0.0128411110490561 0.101349450647831 0.00755245238542557 -0.0377492383122444 -0.118061847984791 0.0192603394389153 -0.180932357907295 0.0419760197401047 0.0476807504892349 0.0355508551001549 -0.0459484867751598 -0.0589210167527199 0.00883328355848789 0.169323280453682 0.198443159461021 -0.0744093731045723 -0.124308221042156 -0.0931980982422829 -0.0808428674936295 0.0583998784422874 -0.0494265146553516 -0.0970972180366516 0.0667028352618217 -0.12467747181654 0.0484512150287628 0.0729017332196236 -0.048519566655159 -0.0386458784341812 -0.134622260928154 -0.0248937793076038 0.151411309838295 0.0667800456285477 0.142751306295395 -0.0198846645653248 -0.0402302145957947 0.000730473548173904
0.0948007330298424 -0.0701274126768112 -0.0150477094575763 0.189836591482162 -0.0497081764042377 -0.100419901311398 -0.0134342415258288 -0.0974876582622528 -0.0617247000336647 0.112697623670101 0.0280036330223083 -0.0279922932386398 0.074411652982235 -0.150181218981743 -0.0189626216888428 0.0300066228955984 0.101721428334713 0.103361904621124 0.170702934265137 0.0154396891593933 -0.0399721004068851 -0.108782358467579 0.0306576266884804 0.095339298248291 -0.0201606620103121 0.0235743317753077 0.00688547315075994 -0.121422201395035 -0.0370330698788166 -0.112247310578823 0.292169779539108 -0.00280633079819381 0.0788456425070763 0.0361821874976158 -0.00465186312794685 -0.0063510756008327 0.0718946903944016 0.111575677990913 -0.0119477901607752 0.000586077570915222 0.000445430487161502 0.0669665485620499 0.0975679308176041
-0.175246238708496 -0.00556908827275038 -999 0.0617816112935543 0.282014966011047 -0.132192179560661 0.125617831945419 0.0744578167796135 0.0185971464961767 0.111159704625607 -0.088524304330349 -0.00688861822709441 -0.0283928550779819 -0.164738446474075 -0.0595600008964539 -0.110674187541008 0.126106321811676 0.16816321015358 0.00860031321644783 -0.0296452902257442 -0.136599093675613 -0.0903760716319084 0.0136292157694697 0.310425847768784 0.111413598060608 0.159632980823517 -0.0135794766247272 -0.179976969957352 0.139720663428307 -0.0859301015734673 0.125949546694756 0.105337023735046 0.00453489786013961 -0.0300494506955147 0.0998710095882416 0.0297058448195457 0.0775721669197083 0.232142075896263 -0.15198589861393 -0.0384110100567341 -0.0651535764336586 -0.0743191614747047 0.039658110588789
