assets/gome_f/processed/ascii/world/gome_sif_world_20130601.asc
NCOLS 720 
NROWS 360 
XLLCORNER -180 
YLLCORNER -90 
CELLSIZE 0.5 
NODATA_value -3.4e+38 
[rows 76 to 94 of 360, columns 387 to 429 of 720]
0.63610577583313 0.532316505908966 0.625982582569122 0.597609102725983 0.884312927722931 0.543355941772461 0.861490964889526 0.894154191017151 0.645258486270905 0.573547303676605 0.473974466323853 0.490989446640015 0.678480565547943 0.732125997543335 0.679405808448792 0.655878484249115 0.657004773616791 0.713360548019409 0.669391691684723 0.694673895835876 0.62175577878952 0.681300640106201 0.713691353797913 0.583139419555664 0.738346755504608 0.629740476608276 0.773106276988983 0.651995480060577 0.683991074562073 0.533613801002502 0.562401652336121 0.597147822380066 0.618593573570251 0.603671431541443 0.654165089130402 0.706980228424072 0.70671010017395 0.580947518348694 0.775718808174133 0.738648176193237 0.880436897277832 0.63517165184021 0.861064493656158
0.669530093669891 0.758913397789001 0.650922358036041 0.630972325801849 0.96452271938324 0.705320775508881 0.963393211364746 0.542073965072632 0.864755690097809 0.674581170082092 0.632993757724762 0.640100300312042 0.531294524669647 0.823579609394073 0.745670318603516 0.722956359386444 0.810363292694092 0.845893025398254 0.780946731567383 0.86493992805481 0.786938309669495 0.696725785732269 0.661800980567932 0.818249762058258 0.69591212272644 0.757320165634155 0.617502152919769 0.724658787250519 0.609780967235565 0.691614866256714 0.510816514492035 0.659078001976013 0.538872420787811 0.643739879131317 0.451426178216934 0.714546680450439 0.668527483940125 0.77209860086441 0.728607594966888 0.614308476448059 0.797665894031525 0.741151988506317 0.806351482868195
0.72018438577652 0.692612171173096 0.698873400688171 0.78247743844986 0.562963962554932 0.777618706226349 0.806869685649872 0.912686347961426 0.865104198455811 0.73578554391861 0.642337083816528 0.56043666601181 0.792462170124054 0.729623258113861 0.686500906944275 0.765843093395233 0.60350900888443 0.778052926063538 0.798011600971222 0.830699563026428 0.966854691505432 0.693105101585388 0.799039721488953 0.827396333217621 0.846782624721527 0.728499829769135 0.824532508850098 0.840194940567017 0.71228438615799 0.649828851222992 0.735589265823364 0.675050795078278 0.554374575614929 0.493000835180283 0.443903833627701 0.640443682670593 0.659092366695404 0.746725618839264 0.759438812732697 0.773541629314423 0.676464080810547 0.754902601242065 0.817333400249481
0.659998059272766 0.686493515968323 0.627473831176758 0.796110689640045 0.813566327095032 0.603723108768463 0.846610605716705 0.792147994041443 0.793607592582703 0.823928415775299 0.687028884887695 0.677914679050446 0.779175043106079 0.657954752445221 0.787169396877289 0.618568658828735 0.900401651859283 0.717902958393097 0.662762343883514 0.604037702083588 0.610732138156891 0.774690985679626 0.804545760154724 0.595814228057861 0.743936777114868 0.762778520584106 0.854477524757385 0.707003891468048 0.664311707019806 0.902733147144318 0.837349712848663 0.645580947399139 0.647975146770477 0.587372124195099 0.645643532276154 0.582812905311584 0.577878654003143 0.790275812149048 0.633259177207947 0.665706992149353 0.57824319601059 0.84810870885849 0.733972251415253
0.666982650756836 0.533002972602844 0.626270771026611 0.866549134254456 0.757692337036133 0.867053329944611 0.887813031673431 0.745818912982941 0.825811266899109 0.836627721786499 0.665594220161438 0.647731125354767 0.535711884498596 0.555659115314484 0.622249245643616 0.952780723571777 0.780428051948547 0.87206619977951 0.841678619384766 0.634837031364441 0.921313345432281 0.821083784103394 0.74181866645813 0.794276595115662 0.952433586120605 0.679215848445892 0.783943831920624 0.707082152366638 0.573811531066895 0.676074624061584 0.655660212039948 0.538147389888763 0.746879041194916 0.746969044208527 0.753645837306976 0.671685338020325 0.675178587436676 0.706282317638397 0.517130613327026 0.638055801391602 0.67981630563736 0.687786161899567 0.621952652931213
0.715340197086334 0.706529200077057 0.597850561141968 0.714453399181366 0.785731852054596 0.861253798007965 0.736905574798584 0.769864916801453 0.663616120815277 0.706243515014648 0.773554861545563 0.657375872135162 0.429349571466446 0.665864169597626 0.754835247993469 0.927694976329803 0.736899435520172 0.818286538124084 0.930728077888489 0.752021968364716 0.83146858215332 0.849750995635986 0.888783752918243 0.724412858486176 0.912554681301117 0.862838983535767 0.820088565349579 0.809009492397308 0.814696490764618 0.829296350479126 0.860031843185425 0.633261382579803 0.710911154747009 0.636853516101837 0.858228862285614 0.724711656570435 0.722575306892395 0.668987154960632 0.491369485855103 0.514998018741608 0.626142144203186 0.704750716686249 0.677219390869141
0.824602425098419 0.749094784259796 0.661424398422241 0.770344495773315 0.707268297672272 0.90145468711853 0.771526694297791 0.758642137050629 0.833965003490448 0.919734120368958 0.659663021564484 0.6689732670784 0.730857193470001 0.654568731784821 0.716633379459381 0.703786075115204 0.738761961460114 0.827399730682373 0.815119087696075 0.754640579223633 0.704257547855377 0.675842642784119 0.637242555618286 1.01784360408783 0.722512602806091 0.696092307567596 0.794521450996399 0.647157967090607 0.924635708332062 0.727205455303192 0.710555553436279 0.620637178421021 0.763965249061584 0.770507335662842 0.789820492267609 0.560899019241333 0.652933180332184 0.712003290653229 0.65344774723053 0.699436962604523 0.682943403720856 0.523553788661957 0.647193014621735
0.841075360774994 0.560626924037933 0.616982817649841 0.613008439540863 0.690954864025116 0.665687561035156 0.688058972358704 0.617176294326782 0.826427459716797 0.787352859973907 0.933837652206421 0.701962947845459 0.833585679531097 0.684771955013275 0.679795682430267 0.809438407421112 0.728237867355347 0.660919845104218 0.753765344619751 0.783210396766663 0.731450617313385 0.847753524780273 0.586554765701294 0.716025710105896 0.932583510875702 0.753069579601288 0.717343628406525 0.751613199710846 0.714090168476105 0.778069019317627 0.77628755569458 0.796290993690491 0.774611175060272 0.711995601654053 0.692493259906769 0.559827029705048 0.592758536338806 0.467913568019867 0.565118372440338 0.528503060340881 0.401967167854309 0.574013352394104 0.509716093540192
0.663785576820374 0.539163529872894 0.615110874176025 0.463562518358231 0.665610611438751 0.62654846906662 0.759268760681152 0.657695114612579 0.615200698375702 0.737489283084869 0.785556077957153 0.610961258411407 0.7601158618927 0.668851315975189 0.701681792736053 0.73683363199234 0.598308980464935 0.74105840921402 0.65559858083725 0.756418764591217 0.77607274055481 0.55116206407547 0.792883813381195 0.52076119184494 0.786122560501099 0.823337376117706 0.765323400497437 0.79041600227356 0.71805202960968 0.81913024187088 0.612160921096802 0.552282273769379 0.633194327354431 0.639092087745667 0.553296387195587 0.509105920791626 0.419733583927155 0.423510819673538 0.374140173196793 0.432335585355759 0.419960290193558 0.318177193403244 0.412606328725815
0.496113300323486 0.349987268447876 0.630188286304474 0.70216304063797 0.704121828079224 0.508472621440887 0.740618348121643 0.730800032615662 0.743525385856628 0.73578006029129 0.823285818099976 0.607837021350861 0.535660266876221 0.574032843112946 0.392082065343857 0.569886147975922 0.627718150615692 0.726296842098236 0.643265008926392 0.816268742084503 0.735358536243439 0.819409966468811 0.63945209980011 0.598416268825531 0.449470609426498 0.690896213054657 0.760598003864288 0.704955995082855 0.641244888305664 0.706717014312744 0.633927643299103 0.586711525917053 0.561262845993042 0.581112265586853 0.586220681667328 0.45978632569313 0.508958339691162 0.3544702231884 0.488403558731079 0.317978322505951 0.400270015001297 0.326482057571411 0.190959259867668
0.457636058330536 0.62184476852417 0.582586467266083 0.551465094089508 0.782442927360535 0.67348575592041 0.85665500164032 0.869840383529663 0.834432423114777 0.835367500782013 0.660940110683441 0.598170578479767 0.596990704536438 0.6611607670784 0.569424688816071 0.55816125869751 0.685258984565735 0.847588419914246 0.76723712682724 0.60393100976944 0.845603108406067 0.804269909858704 0.801372110843658 0.670123994350433 0.558577239513397 0.574654757976532 0.746971487998962 0.94224888086319 0.829590618610382 0.821142852306366 0.655263483524323 0.592826664447784 0.560801327228546 0.375800609588623 0.382412701845169 0.142616182565689 0.162193596363068 0.365576595067978 0.258547008037567 0.279757261276245 0.330487966537476 0.382091909646988 0.257175326347351
0.435696303844452 0.735797226428986 0.709765613079071 0.783300697803497 0.722603738307953 0.691334187984467 0.670138657093048 0.803300738334656 0.772347033023834 0.951274752616882 0.782537698745728 0.620433390140533 0.623595833778381 0.653159141540527 0.653704106807709 0.625637471675873 0.778392493724823 0.836255729198456 0.864420175552368 0.650460839271545 0.764285326004028 0.692941606044769 0.95406037569046 0.765011787414551 0.72417014837265 0.789391398429871 0.841175675392151 0.690380930900574 0.724830090999603 0.639847218990326 0.573192059993744 0.510098516941071 0.455363005399704 0.31216698884964 0.193347588181496 0.153322353959084 0.0170296020805836 0.0244588833302259 0.164359763264656 0.116930983960629 0.227472737431526 0.175950989127159 0.139286994934082
0.439167588949203 0.646900534629822 0.712421774864197 0.820612847805023 0.752038180828094 0.758533835411072 0.760410904884338 0.703616738319397 0.74239444732666 0.721348583698273 0.675276577472687 0.61278235912323 0.65602433681488 0.444562584161758 0.598385989665985 0.609706163406372 0.712611496448517 0.694803595542908 0.932319223880768 0.906087577342987 0.663251578807831 0.515405297279358 0.883472561836243 0.686353445053101 0.723203539848328 0.609833836555481 0.759779036045074 0.786088645458221 0.56220555305481 0.474284559488297 0.540329158306122 0.424243479967117 0.324942797422409 0.0593062341213226 0.0474470146000385 0.00656131282448769 -0.0800411403179169 0.103564269840717 0.0941979065537453 0.178722500801086 0.231884688138962 0.289575845003128 0.316694349050522
0.242807909846306 0.344217419624329 0.472030073404312 0.631072998046875 0.728315353393555 0.921160936355591 0.736052930355072 0.75777804851532 0.740662395954132 0.791925966739655 0.882222175598145 0.575630903244019 0.633009433746338 0.60808652639389 0.694673597812653 0.608658790588379 0.772382140159607 0.710640788078308 0.85746568441391 0.718788146972656 0.729154288768768 0.619873464107513 0.842115998268127 0.640477657318115 0.699886977672577 0.692836701869965 0.638708591461182 0.560768902301788 0.625173926353455 0.498402446508408 0.447455167770386 0.469278424978256 0.312764823436737 0.0480838418006897 0.0547123402357101 -0.0686286613345146 0.0263545457273722 -0.072574682533741 0.0387035571038723 0.0223845131695271 0.274269789457321 0.290802240371704 0.319204658269882
0.0674301311373711 0.116819679737091 0.227844402194023 0.572066783905029 0.800865948200226 0.932189643383026 0.780542612075806 0.860073328018188 0.774700045585632 0.928517937660217 0.809641182422638 0.888727307319641 0.650256633758545 0.641419589519501 0.605621755123138 0.690210938453674 0.61351352930069 0.747057914733887 0.599794983863831 0.76776921749115 0.593429207801819 0.686752915382385 0.710008203983307 0.587135136127472 0.713290870189667 0.624658405780792 0.559436976909637 0.540011703968048 0.52982085943222 0.393313139677048 0.403798043727875 0.164358228445053 0.176307618618011 -0.0122968088835478 0.0400402098894119 -0.0172169413417578 -0.091460682451725 0.137991279363632 0.0726101472973824 0.0658566728234291 0.277953743934631 0.236604988574982 0.263883650302887
0.0723242685198784 0.106817238032818 0.0791507065296173 0.0752639919519424 0.422036498785019 0.626528918743134 0.739130139350891 0.685320258140564 0.793637216091156 0.824130594730377 0.808566391468048 0.635085225105286 0.804719150066376 0.720884025096893 0.585626542568207 0.865444898605347 0.585122406482697 0.867009460926056 0.596107661724091 0.567992985248566 0.325386703014374 0.550581157207489 0.595475256443024 0.522116482257843 0.497844099998474 0.675125658512115 0.654112935066223 0.677741646766663 0.419083595275879 0.390135586261749 0.193977877497673 0.138652309775352 0.0513810589909554 0.0322425216436386 -0.0121609941124916 -0.0378164649009705 -0.0118035133928061 0.0438756346702576 0.0537831149995327 0.0562625043094158 -0.0200664456933737 0.0736544653773308 0.0585028640925884
0.221306666731834 0.102104902267456 0.0218712482601404 0.0811141431331635 0.190746277570724 0.305141776800156 0.529597103595734 0.794942736625671 0.731146275997162 0.838065385818481 0.788902521133423 0.615648448467255 0.702120184898376 0.644746363162994 0.6655433177948 0.791644096374512 0.565121591091156 0.870351731777191 0.605567991733551 0.580355882644653 0.674764692783356 0.600282549858093 0.55635130405426 0.547849357128143 0.606167316436768 0.758314669132233 0.708878099918365 0.766394078731537 0.512600064277649 0.568104863166809 0.198968589305878 0.0661369413137436 0.0104746650904417 0.0440535545349121 0.0314124599099159 0.0484565757215023 -0.0713789910078049 -0.0685109496116638 0.0952329710125923 0.0823599174618721 0.105081014335155 0.0379700921475887 0.0401537753641605
0.527651727199554 0.198445245623589 0.0482450872659683 0.0111188367009163 -0.00275634229183197 0.0541655123233795 0.207090467214584 0.246747195720673 0.490910768508911 0.590812563896179 0.748746931552887 0.511640727519989 0.827311038970947 0.707400560379028 0.763143122196198 0.774775326251984 0.799740314483643 0.724908411502838 0.700825393199921 0.727309107780457 0.663529098033905 0.748629689216614 0.706094026565552 0.640202939510345 0.722023129463196 0.740751624107361 0.712615013122559 0.578046560287476 0.561116278171539 0.329742252826691 0.0451396852731705 0.0788403674960136 -0.0131354490295053 -0.0256468672305346 -0.00704954285174608 -0.0279478970915079 0.0578383021056652 -0.0391508601605892 0.0200624819844961 0.0170127935707569 0.0399259589612484 0.0290837399661541 0.0459688007831573
0.514115929603577 0.295189678668976 0.0207951068878174 0.00841325521469116 0.0300120394676924 -0.0303161200135946 0.0713899359107018 0.0644296184182167 0.0333643369376659 0.405522644519806 0.71113246679306 0.463144510984421 0.798161923885345 0.811575055122375 0.716133236885071 0.749583959579468 0.701151430606842 0.621971547603607 0.724902749061584 0.701510369777679 0.693013250827789 0.64747816324234 0.690272390842438 0.580013811588287 0.717508912086487 0.71826171875 0.736109972000122 0.506943106651306 0.389053404331207 0.185377851128578 0.00624658260494471 0.00626398157328367 0.0894629582762718 0.0575412586331367 0.0933345034718513 -0.0863821282982826 -0.0305895525962114 0.0221207682043314 0.0146820470690727 0.0803366377949715 -0.0334919132292271 0.0407433658838272 -0.038240272551775
