assets/gome_f/processed/ascii/world/gome_sif_world_20130901.asc
NCOLS 720 
NROWS 360 
XLLCORNER -180 
YLLCORNER -90 
CELLSIZE 0.5 
NODATA_value -3.4e+38 
[rows 57 to 75 of 360, columns 215 to 257 of 720]
-0.0107565009966493 0.344083487987518 0.0952326506376266 -0.100699566304684 0.0969802066683769 -0.161361083388329 -0.153567641973495 -0.135867014527321 -0.068688876926899 0.0722370743751526 0.00680392468348145 -0.0396543331444263 0.0279959551990032 0.0569688305258751 0.0221710354089737 -0.135923534631729 0.145265191793442 -0.0785244703292847 0.0241400636732578 0.0764166265726089 0.0369090959429741 -0.0687297061085701 0.23375678062439 -0.0327332466840744 -0.233156755566597 0.070529617369175 0.0430997908115387 -0.0357245355844498 -0.396539002656937 -0.138915047049522 0.0960064306855202 0.00197480246424675 -0.0341862365603447 0.00990282464772463 0.03008633852005 0.0632594525814056 -0.0787953734397888 -0.00163385481573641 -0.0966325551271439 0.0233499761670828 -0.0566671416163445 0.0770858824253082 0.0457582771778107
0.102067023515701 0.123216465115547 -0.317525595426559 -999 0.0245412643998861 0.107992321252823 0.0355376414954662 0.0716321840882301 0.0896844416856766 0.0287126041948795 0.0697806254029274 0.122055232524872 -0.00183269509579986 0.0806536972522736 -0.0700037628412247 -0.225389868021011 0.189530491828918 0.0573949925601482 -999 -0.0260366443544626 -0.0164246279746294 -0.0034308023750782 0.135612219572067 -3.24540610563417e-06 0.226419910788536 -999 -0.0596932545304298 -999 -0.182737842202187 -0.0996160507202148 -0.0164448916912079 -0.141697466373444 0.0505494959652424 0.12479442358017 -0.0181818902492523 -0.038968700915575 0.0972835049033165 0.0142220444977283 0.0179350282996893 -0.0969482213258743 0.0602498650550842 -0.051532369107008 0.0680652260780334
-0.0355561375617981 0.0648457854986191 0.11600149422884 0.278236776590347 0.224072620272636 0.0386065728962421 -0.041995957493782 0.0196772031486034 -0.0306244157254696 0.0791056081652641 -0.0352471768856049 0.227610796689987 -0.0658501237630844 0.0409426689147949 0.0560463070869446 -0.154979318380356 0.0628413408994675 0.206076428294182 0.08602175116539 -0.0980606898665428 0.0436687730252743 0.0731030106544495 0.126129969954491 -0.0510462187230587 -0.21454830467701 -0.134652882814407 -0.093791551887989 -0.284631848335266 0.00908053107559681 0.0944288447499275 0.0246447827666998 -0.0742534399032593 -0.0907739400863647 -0.0626624822616577 0.0463182330131531 -0.0156741086393595 0.143006354570389 -0.00888415426015854 0.0986474975943565 -0.0300700459629297 -0.0289947763085365 -0.0469584986567497 0.0255748089402914
0.0687152072787285 -0.082049086689949 -0.0566516816616058 -0.141009256243706 0.0232506264001131 0.097868874669075 0.027737645432353 -0.0778215527534485 0.0846908092498779 -0.104520499706268 -0.0302035063505173 0.0486588664352894 0.0345236174762249 0.0739151388406754 -0.270995080471039 -999 0.0904236510396004 0.226777568459511 0.252393305301666 0.0991518050432205 0.0542800575494766 0.0771022289991379 -0.0588530302047729 -0.0533996410667896 0.0212962627410889 -0.0619775280356407 -0.108373239636421 -0.0799182131886482 0.0157614387571812 -0.00248694163747132 -0.0021512508392334 -0.146731376647949 0.0808426514267921 -0.0144821321591735 -0.0417646206915379 0.097286269068718 -0.0648664608597755 0.134849160909653 0.139030754566193 0.0561640858650208 0.0255795530974865 -0.0496630929410458 0.0780798196792603
0.0616539269685745 0.0263520795851946 0.0652046576142311 0.0581450723111629 0.088872417807579 0.0459918603301048 0.0129112089052796 -0.0188852623105049 0.0214938577264547 0.0319596715271473 0.00333812087774277 -0.0772344917058945 -0.0182747449725866 -0.150466531515121 0.105988547205925 -999 -999 0.00813303422182798 0.0367502309381962 0.0689301043748856 0.132004231214523 0.0334029980003834 -0.116437390446663 -0.0529248416423798 0.059230599552393 -0.0267240442335606 -0.121317826211452 0.205267250537872 -0.0621160343289375 -0.0132791353389621 0.0423008278012276 -0.0322443321347237 0.0461085923016071 0.0709300115704536 -0.0409570410847664 -0.00172867497894913 -0.0577275529503822 -0.0549519546329975 -0.0550109297037125 -999 -0.142534881830215 -0.0148734766989946 0.0989694520831108
-0.0249861516058445 0.138625204563141 0.0122698489576578 0.00396204739809036 0.124401248991489 0.185523435473442 0.055726945400238 -0.00560985505580902 0.0201002173125744 0.0562587231397629 -0.0867409333586693 0.00716228922829032 0.00415327912196517 -0.0623223520815372 0.233940094709396 0.0533461421728134 -0.114554822444916 0.0804110020399094 0.00754364440217614 0.122088618576527 0.0245854556560516 0.119658477604389 -0.0315852388739586 -0.0337436757981777 0.0201825387775898 0.00752461701631546 0.133116990327835 -0.200841829180717 -0.0240804571658373 -0.0666143223643303 0.000275661557679996 -0.000293267890810966 -0.158006891608238 0.00473649520426989 -0.117737770080566 -0.0217143204063177 0.0704282373189926 0.0733432173728943 0.186141565442085 -0.0225388258695602 0.25825172662735 0.0945065319538116 0.0316229499876499
0.00829286500811577 -0.093722827732563 -0.0309108141809702 0.0619076900184155 0.0680985376238823 0.0450322031974792 0.0242216922342777 0.0709824487566948 0.0338257253170013 0.211960136890411 0.0470094159245491 0.0738898813724518 0.248704195022583 0.0808000564575195 0.105415597558022 0.0561654381453991 0.00889852177351713 0.0588922612369061 0.00246129767037928 0.0325535200536251 0.00431785732507706 0.145240917801857 -0.0161994621157646 0.0104166772216558 0.0675704106688499 -0.0448882170021534 -0.0326253771781921 -0.00347408931702375 0.0128033831715584 0.100276753306389 -0.0336882956326008 -0.00102613307535648 0.0433494225144386 -0.154053226113319 0.0243257489055395 -0.139420166611671 0.0668501779437065 -0.0884567052125931 -0.181931301951408 0.0883768424391747 -0.0429039672017097 -999 -0.0815747603774071
-0.0110981045290828 0.15165188908577 0.0142723238095641 0.113630995154381 -0.00287584634497762 0.0342188663780689 0.12615130841732 0.112522721290588 0.124990165233612 0.131014615297318 0.0910774096846581 0.0937635451555252 0.214260652661324 -0.0209884755313396 -0.0173550415784121 0.0794751271605492 0.0417485795915127 0.0706893280148506 0.0744089335203171 0.192740350961685 -0.00542065175250173 0.104153491556644 0.0699698477983475 0.051543828099966 0.0739015638828278 0.0161340124905109 -0.0185430105775595 -0.0808646529912949 -0.102736011147499 0.211609736084938 -0.00432732189074159 0.0554700419306755 -0.0641277730464935 -0.117933757603168 -0.0181358400732279 -0.0152770848944783 -0.0373111702501774 -0.135835126042366 -999 -0.0490697845816612 -999 -0.122883513569832 -0.0745920762419701
0.119916811585426 0.12960559129715 0.107689656317234 0.136927217245102 0.279765546321869 0.0350613258779049 0.140043035149574 0.0678516328334808 0.0450354479253292 0.0257331263273954 0.0200725700706244 0.157294780015945 0.144775941967964 0.217273503541946 0.156486034393311 0.0224527269601822 0.115674123167992 0.0651251673698425 0.0125012379139662 0.0973417609930038 0.0325039140880108 0.0779633224010468 0.0666483715176582 0.026430893689394 -0.018976241350174 0.117438808083534 0.0305974408984184 0.0567281171679497 -0.106386750936508 -0.0631427392363548 0.0717244520783424 -0.108807153999805 0.0663003697991371 0.0407248251140118 -0.0019317144760862 0.110621027648449 -0.024104431271553 -0.187768325209618 -0.0309856534004211 -0.0928386747837067 0.0992835909128189 0.0556342639029026 0.0470803678035736
0.111051440238953 0.09884874522686 0.0792404934763908 0.122965507209301 0.0557816326618195 0.043252095580101 0.0730064064264297 0.11421862244606 -0.0291286427527666 0.0675242096185684 0.0869339108467102 0.123831406235695 0.170094922184944 0.0711077302694321 0.00496698962524533 0.193320631980896 0.141186535358429 0.0224413592368364 0.0518253408372402 0.178615435957909 0.0688103437423706 0.026328282430768 0.0965456664562225 -0.0834543034434319 0.0148457186296582 0.0409848801791668 -0.00598595011979342 0.0221372507512569 -0.110629111528397 -0.0316105671226978 -0.0875212997198105 -0.101360276341438 -0.0665930584073067 -0.0339128598570824 -0.0588891617953777 -0.0386309996247292 -0.0579629428684711 -0.0813375785946846 -0.0672588050365448 0.200699642300606 -0.0297993887215853 0.0858147963881493 -0.164500862360001
0.115341007709503 0.0836366415023804 0.104073897004128 0.15167373418808 0.112368121743202 0.0961160138249397 0.14949195086956 0.138827636837959 0.115718878805637 0.107230789959431 0.048329908400774 0.0716254562139511 0.0882426053285599 0.0311050619930029 0.16743329167366 0.0845300182700157 0.0181860029697418 0.0767982676625252 0.0381231270730495 0.118602134287357 0.218462154269218 0.0544502660632133 -0.0160009190440178 0.00431812601163983 0.0615161024034023 0.0776172801852226 -0.0318810641765594 -0.030298262834549 0.00273680360987782 -0.0406208448112011 -0.0557198114693165 -0.11581090092659 -0.0954745933413506 -0.0469448901712894 -0.178662642836571 0.0794407203793526 -0.315685540437698 0.02222247608006 -0.043132871389389 -0.0301224254071712 0.0356888137757778 0.00628539640456438 0.0471171662211418
0.053588792681694 0.0648680329322815 0.229228779673576 0.0901719853281975 0.0455329157412052 0.10279980301857 0.0413434542715549 0.0948327705264091 0.106109172105789 0.00629860162734985 0.218269631266594 0.0880588293075562 0.104767791926861 -0.00619649793952703 -0.0145047036930919 0.0741680786013603 0.0604058541357517 0.118118435144424 0.262681245803833 0.149008005857468 0.206176042556763 0.231904193758965 0.216559961438179 0.129934743046761 0.013733739964664 -0.0170413292944431 -0.00769674219191074 0.000807656499091536 -0.0525669008493423 -0.013537161052227 0.0301878899335861 0.0159060582518578 -0.0923258885741234 -0.061223279684782 -0.0512660443782806 -0.152543529868126 0.0832948908209801 0.040068581700325 -0.0415648221969604 0.0835505500435829 -0.0705946609377861 -0.112488582730293 -0.0579980723559856
0.0543952099978924 0.0850524678826332 0.0832424536347389 0.104957811534405 0.077060267329216 0.170165300369263 0.0940286815166473 0.146548256278038 0.127269446849823 0.0847082734107971 0.213980317115784 0.0370805785059929 0.049503106623888 0.0761287584900856 0.194080799818039 0.0612470284104347 0.110633812844753 -0.010812864638865 0.0962740778923035 0.0479838438332081 0.0771817266941071 0.14117057621479 0.0659413039684296 0.0311927199363708 0.0877962186932564 0.117868855595589 0.181480601429939 0.089255653321743 -0.0302225723862648 0.0262291338294744 -0.00362943741492927 -0.0556555949151516 0.0144437551498413 0.0459766909480095 0.0296639874577522 0.0258869417011738 0.00325103849172592 -0.119486406445503 0.140209123492241 -0.0397103913128376 -0.10947547107935 -0.0638238042593002 -0.0516247861087322
0.107534810900688 0.0818416625261307 0.11014749109745 0.0434770956635475 0.107816256582737 0.0975170433521271 0.0988824516534805 0.0809868425130844 0.145322576165199 -0.000918038189411163 0.144974127411842 0.116241589188576 0.187412977218628 0.0609285235404968 0.14945125579834 0.205654338002205 0.209363654255867 0.106420531868935 0.0711313933134079 0.133917242288589 0.0995788350701332 0.0715498104691505 0.157478019595146 0.0380615927278996 0.166126430034637 0.191923350095749 0.0189639963209629 0.0372164994478226 0.112828463315964 -0.01499202568084 -0.0101701263338327 -0.0214359518140554 0.151990860700607 -0.0764298439025879 -0.0611641407012939 0.0110552115365863 0.0749075785279274 0.0512710809707642 -0.022037310525775 -0.0131808388978243 -0.218041807413101 -0.0663978382945061 0.066813200712204
0.0728844851255417 0.0778614208102226 0.162602916359901 0.0514062754809856 0.198490887880325 -0.0264257472008467 0.0669961720705032 0.142873406410217 0.0531518198549747 0.0183860845863819 0.0173974838107824 -0.0213060416281223 0.0371400937438011 -0.0354466997087002 0.0595437437295914 0.0625403970479965 0.150875002145767 0.0365758202970028 0.11227909475565 0.150844439864159 0.123628936707973 0.119148410856724 0.125197798013687 0.00849464815109968 0.125122845172882 0.0709364041686058 0.160831570625305 0.072502002120018 0.114095069468021 0.130611285567284 0.0854075103998184 0.0997684299945831 0.0217138547450304 -0.024060333147645 0.0169862639158964 -0.00666820537298918 0.0254869014024734 0.154413819313049 0.130368202924728 -0.0083333645015955 -0.0222728587687016 -0.0272577647119761 0.0534033253788948
0.0108470059931278 0.076664887368679 0.0967579260468483 0.129211232066154 0.0416961945593357 0.0701341181993484 0.0895557105541229 -0.0198466032743454 0.0814973339438438 0.169545084238052 0.237377256155014 0.175591439008713 0.000215857158764265 0.14675061404705 0.172903776168823 -0.0878378078341484 0.0306570064276457 0.0877460986375809 0.105999991297722 0.18241648375988 0.050194825977087 0.149291664361954 0.139312639832497 0.18091593682766 0.179299056529999 0.10538212954998 -0.0913498997688293 0.27191948890686 0.186644420027733 0.155489295721054 0.0652527138590813 0.147077366709709 0.0534978732466698 0.181017190217972 -0.100853428244591 -0.081764817237854 0.0293871853500605 0.167752861976624 0.125848397612572 -0.00302899884991348 0.00760274147614837 -0.0186114925891161 -0.0361917167901993
0.12358283251524 0.0755887851119041 0.155748575925827 0.0328151062130928 0.151507556438446 0.113037966191769 0.0360805131494999 0.0617361254990101 0.075206384062767 0.117930889129639 0.0877565667033195 0.228815853595734 0.0163261070847511 0.0832706317305565 0.0642981678247452 0.0827716588973999 0.00955722946673632 0.0488381236791611 0.149513810873032 -0.0126646282151341 0.101754069328308 0.0605280324816704 0.152559340000153 0.112847872078419 0.0773309841752052 0.154402658343315 0.00555741367861629 0.161641448736191 0.123070918023586 0.202748402953148 0.0913917496800423 0.340683490037918 0.27019789814949 0.0358089692890644 0.0133390380069613 -0.0123844742774963 -0.174686849117279 -0.137154370546341 -0.00481122033670545 0.0473181270062923 0.0907120481133461 0.0503539033234119 0.00687939347699285
0.154596567153931 0.0809627324342728 0.135675147175789 0.136851131916046 0.0994828566908836 0.0573136508464813 0.0527782440185547 0.040351178497076 -0.0126963080838323 0.0821636244654655 0.0993025079369545 0.0849428847432137 0.0395013689994812 0.0859737619757652 0.162626400589943 0.0371472835540771 0.0643137842416763 0.0862529426813126 0.0832320228219032 0.113962404429913 0.0310456994920969 0.0312008559703827 0.0762256905436516 0.17388391494751 0.177096754312515 0.136574953794479 0.000996733899228275 0.12337676435709 0.175607100129128 0.0890844091773033 0.0666234493255615 0.157919123768806 0.136381670832634 0.107621528208256 0.0184727851301432 -0.013757910579443 0.0562860816717148 0.0203605536371469 -0.0623827017843723 0.0122916977852583 0.0195070914924145 0.0921682193875313 0.133123621344566
0.0966477766633034 0.0951797515153885 0.00398927088826895 0.114261902868748 0.280554175376892 0.0290966834872961 0.138135388493538 0.110729523003101 0.0655980110168457 0.104149490594864 0.0754563435912132 0.134395003318787 0.0424746870994568 0.0900016874074936 0.073813684284687 0.0194300599396229 -0.0394078120589256 0.0970426797866821 0.149910286068916 -0.0349381789565086 0.174281969666481 0.0654253736138344 0.157273814082146 0.166618674993515 0.032023910433054 0.203802898526192 0.125586658716202 0.101991012692451 0.0972644463181496 0.17609503865242 0.126016050577164 0.124456942081451 0.0870439186692238 0.11940947920084 0.157283827662468 -0.0385386794805527 -0.0925965681672096 0.140873238444328 0.0214619841426611 -0.0532922521233559 0.00236738170497119 0.120853126049042 0.0061008557677269
