assets/gome_f/processed/ascii/world/gome_sif_world_20130301.asc
NCOLS 720 
NROWS 360 
XLLCORNER -180 
YLLCORNER -90 
CELLSIZE 0.5 
NODATA_value -3.4e+38 
[rows 266 to 284 of 360, columns 172 to 214 of 720]
0.0407609790563583 0.144830301403999 0.0248761139810085 0.138994872570038 -0.0307410210371017 0.0788919925689697 -0.00683242827653885 -0.249676406383514 0.0267176553606987 0.06416866928339 -0.118775099515915 0.0590780414640903 0.0503508821129799 -0.161995068192482 0.0850489437580109 0.183302447199821 0.124396465718746 0.170865550637245 -0.22806079685688 -0.0648269727826118 0.0054266070947051 -0.107843533158302 -0.107307195663452 -0.137294963002205 0.109218679368496 -0.0206329170614481 0.174668520689011 0.141616493463516 -0.029665669426322 -0.00474114157259464 0.314532339572906 -0.0369979478418827 0.0616653002798557 0.0549763888120651 0.011590045876801 0.120710536837578 -0.140015855431557 0.044102493673563 0.093228206038475 0.0381989404559135 0.151209369301796 0.0790480971336365 0.223470583558083
-0.0181499868631363 0.00574302300810814 -0.0150136174634099 -0.0452215857803822 0.0238301325589418 0.188198328018188 0.0718592777848244 -0.0141569077968597 0.192680865526199 -0.101715475320816 0.197496458888054 0.139340534806252 0.0118704941123724 -0.128487318754196 -0.540331661701202 0.048627283424139 0.0405003689229488 -0.0870448723435402 -0.0147484596818686 0.00629506772384048 -0.00677730701863766 0.101083874702454 0.0955942273139954 -999 0.134003654122353 0.0027285311371088 -0.0210333969444036 -0.0573641173541546 -0.131573528051376 0.160832718014717 0.131623312830925 0.0908805504441261 0.0858513042330742 0.0493467412889004 0.0679510980844498 0.00188865675590932 -0.0217092279344797 0.00952068716287613 -0.0241437200456858 0.116698622703552 0.101156033575535 -0.0528984069824219 0.134521916508675
-0.0639683082699776 -0.110988758504391 0.0323452241718769 -0.117308497428894 -0.0112158851698041 0.173076450824738 0.0739322006702423 0.0499046519398689 0.0511041581630707 -0.230406180024147 0.0137372054159641 -0.128592267632484 -0.16130918264389 0.13523268699646 -0.290681391954422 0.185184434056282 -0.142196461558342 0.11569832265377 0.118725940585136 -0.0210383683443069 0.0504084415733814 -0.105281032621861 -0.0486335158348083 -0.0596487298607826 -0.0552836731076241 0.049874372780323 -0.0356064066290855 -0.151611804962158 0.311011523008347 -0.252944648265839 0.0654406249523163 0.0994079187512398 -0.166140526533127 0.0492268018424511 0.0729491710662842 -0.072233073413372 0.0199458934366703 0.0784207955002785 -0.149720668792725 0.279296666383743 0.118290893733501 0.12347000092268 0.189875796437263
-0.0646051242947578 -999 0.129135683178902 0.280036836862564 -0.0365123599767685 0.216628849506378 -0.496818214654922 -0.119331479072571 -0.0766753628849983 -0.155974060297012 -0.229770734906197 -0.0484673790633678 0.309021562337875 -0.183659717440605 0.172934249043465 -0.114615440368652 0.00273222732357681 -0.0692315995693207 -0.138075843453407 -0.187707334756851 -0.0197987444698811 0.0379729121923447 0.154142618179321 0.0497292019426823 -0.145831003785133 -0.0334065295755863 -0.209624052047729 -0.0572455637156963 -0.173831954598427 0.00568301975727081 0.0253922939300537 0.0413850024342537 0.213388159871101 -0.055458702147007 0.171747893095016 -0.107061341404915 0.0595876276493073 -0.0357026532292366 -0.0480930209159851 0.113954409956932 0.231097534298897 0.1445472240448 0.0572976917028427
-0.0831093639135361 -0.113904595375061 -0.224089935421944 -0.0536967106163502 -0.0563086830079556 0.21401572227478 0.037533562630415 0.10363731533289 0.230245277285576 0.0802263990044594 -0.0423265695571899 0.408223539590836 0.118884243071079 -0.163635700941086 0.00646123290061951 0.184275791049004 -0.221639662981033 0.0915168151259422 0.071896955370903 0.0711738914251328 0.214553311467171 -0.0540877766907215 0.113557286560535 -0.11719087511301 0.248289495706558 -0.131658926606178 0.213482439517975 -0.0764005854725838 -999 -0.0110282488167286 -999 -0.0480852127075195 0.0481301657855511 -0.0130744585767388 0.164732128381729 0.0024244817905128 -0.122729167342186 0.0133030097931623 0.124275118112564 0.0255390945822001 0.248840466141701 0.321508586406708 0.210993781685829
-0.203595876693726 -0.0564477369189262 -0.139780580997467 -0.0636376217007637 -0.161351189017296 -0.100599654018879 0.0922327414155006 0.108016945421696 -0.051510114222765 0.0416715405881405 -0.182440117001534 0.0718831419944763 -0.136439889669418 0.237959027290344 0.0926069393754005 -0.209973737597466 -0.0838747248053551 -0.144267305731773 -0.0540749505162239 0.07011978328228 0.0251774936914444 -0.0363950878381729 -0.0419009327888489 0.00540806213393807 -0.017151802778244 -0.431580752134323 0.20974962413311 -0.455291926860809 -0.377014338970184 -0.09393110871315 -0.00043293833732605 -0.0260313954204321 0.220116257667542 -0.118200063705444 0.0453630983829498 0.109232343733311 0.238627746701241 0.091266393661499 -0.017516054213047 0.142118155956268 0.382290780544281 0.325139969587326 0.16734491288662
-0.346856534481049 0.0667650923132896 0.185763508081436 -0.0737014189362526 0.00289759039878845 0.0457627475261688 0.237305477261543 -0.118518978357315 0.174560591578484 -0.0193019658327103 0.118010140955448 -0.0378291308879852 -0.149286821484566 -999 0.0362726673483849 -0.121639870107174 0.135927006602287 0.0250626634806395 -0.0354360491037369 0.0405653566122055 0.122712470591068 -0.0542024560272694 -0.016012504696846 0.0227370169013739 -0.0784723460674286 -0.223607897758484 -0.102014027535915 -0.0350884199142456 -0.0761526525020599 0.0243948362767696 -0.0402395129203796 0.0522063747048378 0.0388135649263859 -0.196050688624382 0.0938364416360855 0.0164126753807068 0.0192983001470566 0.0142054408788681 0.14787720143795 0.209275439381599 0.156662628054619 0.211362540721893 0.239121332764626
-0.0900551080703735 0.0342189930379391 0.203758955001831 -0.0800838246941566 0.0677111148834229 -0.125358819961548 -0.413636207580566 0.108767561614513 -0.00613640993833542 -0.124705910682678 -999 -0.275587350130081 0.359280228614807 -999 0.271966248750687 -0.0867229476571083 0.2199417501688 -0.0674662515521049 0.100395619869232 -0.110134348273277 0.0872056484222412 0.0808568969368935 -0.0116461459547281 -0.0903119444847107 0.198803961277008 0.269112706184387 -0.174100309610367 0.0329725965857506 0.0366294272243977 0.0189502630382776 -0.156330853700638 0.0762313827872276 -0.0996928438544273 -0.0354256331920624 -0.0772139653563499 -0.186365813016891 0.0348601676523685 -0.0571393296122551 -0.0866294205188751 0.147803261876106 -0.146489590406418 0.107274249196053 0.244490623474121
-0.0825715810060501 -0.0244302712380886 0.0124561749398708 0.0526872277259827 0.0682336986064911 0.0528142414987087 -0.188717246055603 -0.0750139653682709 0.0271403007209301 -0.11728186160326 -0.141718089580536 -0.049631055444479 -0.0851568877696991 -0.15876592695713 0.061861913651228 0.243434220552444 -0.00138836563564837 -0.064548060297966 -0.0680997297167778 -0.0323429293930531 -0.0954377949237823 -0.0445950329303741 -0.0263277664780617 0.00740061700344086 0.096733033657074 -0.0868704244494438 0.0750480517745018 0.00300623825751245 0.156920880079269 -0.114023856818676 0.0728526934981346 0.222607731819153 0.040851142257452 0.133710488677025 -0.0359435714781284 -0.0328124947845936 -0.014908361248672 0.0843447744846344 -0.0230812914669514 -0.09097870439291 -0.0327576957643032 0.0556674525141716 0.0260793715715408
-0.192930921912193 -0.0123234987258911 0.135732635855675 0.236288622021675 0.0196023732423782 0.195874094963074 0.0216610990464687 0.00460773520171642 0.14224699139595 0.0624037347733974 -0.24982650578022 -0.0509481467306614 0.170310795307159 0.0901724919676781 0.0560166649520397 0.201496422290802 0.137671858072281 -0.123232662677765 -0.00996983703225851 0.0417746193706989 0.151563301682472 0.07799082249403 -0.0341768488287926 -0.0363564863801003 0.0990002527832985 0.106366343796253 0.146427616477013 -0.0864912196993828 0.0246401820331812 0.0237567834556103 0.000981764635071158 0.0238858181983232 0.0152946580201387 -0.00330852367915213 0.0887730494141579 0.179930672049522 0.0189309250563383 0.0177614800632 0.0738605856895447 0.170152887701988 -0.0415094755589962 0.0563453063368797 0.190367862582207
0.112984701991081 -0.189226120710373 0.048395399004221 0.0200089756399393 0.0245671570301056 -0.025537196546793 -0.0934608951210976 0.0864071920514107 0.139369785785675 -0.205998539924622 -0.235688328742981 -0.30706050992012 -0.195493698120117 0.0940140932798386 0.304663330316544 -0.0628905147314072 -0.00558645138517022 -0.0601100064814091 0.0190842412412167 -0.0692712292075157 -0.0794547200202942 -0.0357452407479286 -0.100710079073906 0.0851459354162216 0.0200819373130798 -0.134851187467575 0.075275830924511 0.0576639249920845 -0.058810755610466 0.158847078680992 -0.0928028598427773 0.0703454837203026 0.0273924432694912 0.099347710609436 -0.110936284065247 0.116248406469822 -0.0559346452355385 0.148929789662361 -0.159355536103249 0.14021047949791 0.113205380737782 0.293004304170609 0.0986377745866776
-0.0749140456318855 -0.147045895457268 0.202494859695435 -0.116852104663849 0.107106350362301 -0.128058880567551 -0.0265296902507544 -0.133425936102867 0.10884640365839 0.090318039059639 0.118405729532242 0.302943736314774 0.3783198595047 -0.120011307299137 0.183764517307281 0.021550452336669 -0.00112631323281676 -0.0884727165102959 0.0985484272241592 -0.0610295459628105 0.133151590824127 -0.12999352812767 -0.203309059143066 -0.0937273278832436 0.152108415961266 -0.0964562520384789 -0.0134181678295135 0.0375825650990009 0.128619641065598 0.0876580849289894 -0.0818388089537621 0.0771784782409668 -0.0906372368335724 0.166350603103638 -0.196540877223015 -0.0926648154854774 0.128207564353943 0.0671663209795952 0.166891813278198 0.0725520998239517 0.103295877575874 -0.0138020003214478 0.125423148274422
0.058150839060545 0.0580669268965721 0.265181243419647 -0.307086884975433 -0.0429558604955673 0.0331132896244526 0.284159630537033 -0.0672354623675346 0.0895213335752487 0.112562797963619 -0.0165014863014221 0.0838788747787476 -0.155948519706726 0.125610083341599 -0.229890629649162 -0.0489969253540039 0.0152292521670461 -0.0657536312937737 -0.0343616157770157 0.0883556753396988 -0.0508413016796112 0.211308658123016 -0.119001813232899 -0.086870364844799 0.160862296819687 -0.0669997856020927 -0.0405173040926456 0.0221202559769154 0.00965217221528292 -0.114107847213745 -0.146718323230743 0.0237597022205591 -0.0701748132705688 0.0619043037295341 0.0724998638033867 -0.0808133184909821 0.0162176936864853 0.0807855427265167 0.108449585735798 0.0651345774531364 0.184189707040787 0.202564924955368 0.0355194620788097
-0.000356048345565796 -0.0470917671918869 -0.20527096092701 -0.140264317393303 -0.277379125356674 -0.087130531668663 0.0334657020866871 -0.0494563579559326 -0.0256435070186853 -0.161533400416374 0.237589135766029 0.017327344045043 0.073583260178566 0.0343301109969616 -0.343915969133377 -0.0233829692006111 -0.0555927865207195 0.127405181527138 0.04983089864254 -0.0460300929844379 0.173396289348602 0.205739259719849 0.143103808164597 0.0966096073389053 0.12593936920166 0.0400890000164509 0.0794332474470139 -0.077448807656765 0.024031724780798 0.0509886257350445 -0.0773345679044724 -0.085590235888958 0.0717976912856102 0.041176576167345 -0.148146823048592 -0.0841149017214775 0.119836039841175 0.0878686606884003 0.28038102388382 -0.0433278158307076 0.0767316520214081 0.0764298439025879 0.106514871120453
0.113992094993591 -0.0470547191798687 0.00860181450843811 -0.0532606430351734 -0.0258662775158882 0.0644952431321144 0.0885335355997086 0.0949130281805992 -0.0899177268147469 -0.108456149697304 -0.0607733018696308 -0.00114396400749683 0.0541844144463539 -0.0187358744442463 -0.016073901206255 0.0370469763875008 -0.178117021918297 -0.0518945343792439 -0.0521827377378941 -0.183935448527336 0.0761702433228493 -0.0733245983719826 0.015629481524229 0.050974115729332 -0.14426089823246 -0.224949792027473 0.00607946747913957 0.0401482544839382 -0.044382818043232 0.0222794711589813 -0.152499839663506 -0.168626517057419 0.0115454895421863 -0.0465611889958382 -0.0329015105962753 -0.0100147817283869 0.261954963207245 0.1098972260952 0.511262655258179 0.0947342962026596 0.0960760340094566 0.151274740695953 0.193943411111832
0.0922565162181854 -0.0279505178332329 -0.0594668127596378 -0.0160340908914804 0.134832724928856 0.00975082069635391 -0.000109367902041413 -0.111693508923054 -0.0513804070651531 -0.0824998095631599 0.0525468476116657 -0.142474636435509 0.222674250602722 -0.0508604533970356 -0.048179741948843 0.101651653647423 -0.0350296273827553 0.0527189411222935 0.123999692499638 0.0158474612981081 0.25167328119278 -0.0333792716264725 -0.0644984394311905 -0.0187240522354841 -0.0417132750153542 0.106636554002762 -0.0236730575561523 0.0979400724172592 0.0315614193677902 -0.0455298125743866 -0.211196482181549 -0.040218960493803 -0.143263876438141 -0.0500639826059341 0.212503477931023 0.158856779336929 -0.0807274281978607 -0.0502224713563919 0.142367959022522 -0.22996760904789 0.0757125467061996 0.180998370051384 0.00239692931063473
0.116078451275826 -0.0819983258843422 -0.033562108874321 0.0134149016812444 0.0915142297744751 -0.0210242904722691 0.00923650804907084 -0.0353007353842258 -0.00394501630216837 0.00879895966500044 -0.268788367509842 -0.202112093567848 0.0506035536527634 0.0178114678710699 -0.167317420244217 -0.0645254030823708 -0.0843963921070099 -0.126003846526146 0.0159406904131174 -0.0604372061789036 -0.147042796015739 0.0551599375903606 0.110031023621559 -0.0397179201245308 0.0806921869516373 0.0240286290645599 0.115028291940689 -0.0400131456553936 0.0979212448000908 -0.0594857521355152 -0.0522561930119991 -0.0535639114677906 0.0448957495391369 0.10132160037756 -0.293763965368271 0.137975811958313 0.145131051540375 0.296241670846939 0.00585648417472839 0.261343717575073 0.388632416725159 0.25425460934639 0.0397620350122452
-0.0870746597647667 -0.0772565752267838 -0.244939059019089 0.0813564956188202 0.108723737299442 -0.00119511410593987 -0.02298279479146 -0.0938379094004631 0.00262765237130225 0.13716396689415 0.146157413721085 0.0848362073302269 0.171617195010185 -0.205772668123245 0.1372090280056 -0.0174124110490084 0.0454228669404984 0.0190636850893497 -0.321603566408157 0.0291005373001099 -0.112098135054111 0.131664589047432 0.0324149951338768 -0.158006012439728 0.063275083899498 0.160608038306236 -0.194221451878548 -0.016749445348978 0.0819206833839417 0.0221254639327526 -0.137654706835747 0.056097786873579 -0.0841912254691124 0.119104206562042 -0.0715870186686516 -0.30858901143074 0.0784399211406708 -0.355407804250717 -0.111767701804638 0.0608009360730648 0.0642758905887604 -0.0766071453690529 0.251057177782059
-0.149368017911911 -0.160088688135147 0.270219892263412 -0.0366472192108631 0.0319811031222343 -0.0958087891340256 -0.0174398794770241 -0.00619687931612134 -0.0733486115932465 -0.164508491754532 -0.000443843280663714 -0.0821848586201668 -0.0657896101474762 0.037847276777029 -0.11883158236742 0.197944194078445 -0.14138101041317 -0.102485440671444 -0.0474488958716393 0.0203750375658274 -0.168447852134705 -0.0672624111175537 -0.00190143159125 -0.022338604554534 0.0900103822350502 -0.0220269132405519 -0.00389545294456184 0.0408152528107166 0.0680195689201355 0.0285336878150702 -0.149081826210022 -0.0280615352094173 -0.0938452035188675 -0.10676771402359 -0.12476971000433 -0.0491922795772552 -0.154583021998405 0.0557947792112827 -0.019569581374526 0.535246431827545 -0.0665757358074188 0.425982266664505 0.28352627158165
