assets/gome_f/processed/ascii/world/gome_sif_world_20110501.asc
NCOLS 720 
NROWS 360 
XLLCORNER -180 
YLLCORNER -90 
CELLSIZE 0.5 
NODATA_value -3.4e+38 
[rows 247 to 265 of 360, columns 215 to 257 of 720]
-0.0848910138010979 -0.0550256036221981 0.149643525481224 -0.00939345825463533 0.032343290746212 0.00801695510745049 -0.0567255839705467 0.186703756451607 0.208236321806908 0.0185137521475554 0.0819754898548126 -0.0484321527183056 0.175209805369377 0.0625311881303787 0.0341200083494186 -0.147752448916435 0.0145131992176175 0.101763620972633 0.169195994734764 0.0825280845165253 0.102747812867165 0.188936203718185 0.211347907781601 -0.0709201768040657 -0.0726772323250771 0.185899958014488 0.145502090454102 0.298033714294434 0.135316759347916 0.130466818809509 0.322403877973557 0.309728771448135 0.284532845020294 0.179863125085831 0.0489609688520432 0.245687067508698 0.14038023352623 0.13576877117157 0.262977004051208 0.024242727085948 -0.0249645207077265 -0.00274638459086418 -0.0737204998731613
0.0604762993752956 -0.133125826716423 0.181331440806389 0.170072585344315 -0.013679807074368 0.0627899914979935 0.26352196931839 -0.0919080674648285 0.114948339760303 -0.00134987116325647 -0.00901440065354109 0.201169580221176 0.107291758060455 0.234600380063057 0.103234685957432 0.00577478669583797 0.0756023526191711 0.200332164764404 0.0877809673547745 0.161605477333069 0.142377033829689 0.0414534620940685 0.122231557965279 -0.0197043232619762 0.205441638827324 0.109580315649509 0.187593370676041 0.130221962928772 0.118256665766239 0.0389731042087078 0.0969163328409195 0.146598488092422 0.130902543663979 0.125663250684738 0.236338272690773 0.228232741355896 0.110411584377289 0.132269829511642 -0.13674321770668 0.348139643669128 0.0402071960270405 -0.347977548837662 -0.0320690758526325
0.0302648060023785 0.252805113792419 0.0631898865103722 -0.00272300466895103 0.131225317716599 0.0728626921772957 -0.121376641094685 0.0361686050891876 0.0455250926315784 0.0861794799566269 0.0556509904563427 0.252914875745773 0.0505843870341778 0.155920684337616 0.0615807361900806 0.0534271970391273 0.0165470466017723 -0.0173990745097399 0.0936213806271553 0.141810208559036 0.10763056576252 0.212403804063797 0.152554675936699 -0.0394707098603249 0.104532726109028 0.135623097419739 -0.0460766516625881 0.276493281126022 -0.0214066281914711 0.0950029194355011 0.0964609757065773 0.00310394540429115 0.16081827878952 0.162959262728691 0.168647184967995 0.0199995823204517 0.0938632115721703 -0.0343884043395519 0.0150723634287715 0.0314811356365681 0.0127551481127739 -0.0648913979530334 0.049669723957777
0.207852393388748 0.237415358424187 0.0101549858227372 0.0525856427848339 0.0116403345018625 0.0336397103965282 0.125001728534698 -0.00414650980383158 0.154181644320488 -0.00719015300273895 -0.00423302734270692 0.265934675931931 0.122721023857594 0.28175562620163 0.0450403839349747 -0.089486725628376 -0.121787928044796 -0.0622982494533062 0.0117056630551815 0.142758339643478 0.0412055887281895 0.154199376702309 0.0671761110424995 0.00350426533259451 0.0675048977136612 0.12685027718544 0.102939270436764 0.0799874514341354 0.2563696205616 0.183809578418732 0.122094035148621 0.0562772005796432 0.275780826807022 0.231367483735085 -0.0754874125123024 0.181984186172485 0.0715119242668152 0.162742227315903 0.00957648083567619 -0.109611228108406 -0.0755470916628838 0.0756466090679169 -0.0691857188940048
0.207297176122665 0.139963269233704 0.202397048473358 0.0565939582884312 -0.0083940839394927 0.00927774794399738 0.0899708941578865 0.0706312730908394 0.117383949458599 0.0566942133009434 0.0950866043567657 0.0248320866376162 0.0721097514033318 -0.106329172849655 0.0991295948624611 0.1630499958992 0.0365845821797848 0.12707045674324 0.196540251374245 0.109780713915825 -0.042854655534029 0.0598789863288403 0.111597053706646 0.0408414788544178 0.328934073448181 0.0207231231033802 0.153582721948624 -0.00188561773393303 0.237765103578568 0.112547270953655 0.17880029976368 0.037533313035965 -0.00597478682175279 -0.148035511374474 -0.0572741962969303 0.285126388072968 -0.00666056107729673 0.028574837371707 -0.26288890838623 0.286900877952576 -0.0359040312469006 0.0911164209246635 0.016735328361392
0.128944680094719 0.252319365739822 -0.0581340454518795 0.0703125521540642 0.0382407754659653 0.0464897528290749 -0.0033687655813992 0.0469248294830322 0.0490206182003021 -0.0498528406023979 0.143444448709488 0.016632404178381 0.0173054859042168 -0.039058543741703 0.105521693825722 0.127332910895348 0.0641603395342827 0.148296490311623 0.0296525564044714 0.185223996639252 0.106376312673092 0.0161325745284557 0.0537805184721947 0.257197231054306 0.178612843155861 0.170528292655945 0.08172956854105 0.212504312396049 0.155001133680344 0.251527190208435 -0.092551127076149 0.0363013409078121 -0.0636728554964066 0.066303163766861 -0.108126811683178 0.142665356397629 -0.181341573596001 0.105448380112648 0.0136644337326288 -0.226004257798195 0.109744727611542 0.0678253248333931 0.0318601168692112
0.119643561542034 0.0481227226555347 0.122111603617668 0.0707914605736732 0.0703552290797234 0.126748487353325 0.0350124053657055 -0.0371387265622616 -0.00577992433682084 0.0216600839048624 0.0943395867943764 0.137753307819366 -0.0201403442770243 0.18385899066925 -0.00727033987641335 0.133571177721024 -0.0876022279262543 0.0425964146852493 0.202105388045311 0.0340366065502167 0.126225829124451 -0.0640407130122185 -0.077009953558445 0.0128782317042351 -0.00738821923732758 0.276667833328247 0.132641345262527 0.217412918806076 0.128005847334862 0.25984725356102 0.196419581770897 -0.00665101036429405 -0.132964432239532 -0.222458362579346 0.123000428080559 -0.00995633285492659 0.00797294825315475 -0.0679350197315216 0.0959655717015266 -0.148137927055359 -0.0557702444493771 0.0429515205323696 0.07023074477911
0.217734932899475 0.0218953527510166 0.0495125688612461 0.054653711616993 -0.0790839940309525 -0.139512404799461 0.0956850349903107 0.0956140905618668 -0.0726291462779045 0.00394813762977719 0.0115789920091629 -0.105306640267372 -0.0596848390996456 -0.116131849586964 0.0409884713590145 0.0996783226728439 0.0202517341822386 0.0989313870668411 0.165346786379814 0.222544193267822 0.184084191918373 0.0459915958344936 0.12289272993803 0.0551177598536015 0.0300583876669407 0.040118832141161 0.0222348440438509 0.0752857178449631 0.138247594237328 0.15431410074234 0.11911579221487 0.0322852618992329 -0.0681628435850143 -0.0314149707555771 0.0727725252509117 0.296860367059708 0.0435462333261967 -0.211712434887886 0.0235234908759594 0.0252917353063822 -0.00534000247716904 0.105613015592098 0.00873612333089113
0.070847176015377 0.103982500731945 -0.10862573236227 0.0185846425592899 0.0824722424149513 -0.0781030431389809 0.0210925489664078 0.042230736464262 -0.0267791990190744 -0.049578994512558 -0.0910306125879288 -0.0200264789164066 -0.0308250673115253 0.157950907945633 0.0874003767967224 0.101168617606163 0.0754431411623955 0.398301005363464 0.159814208745956 0.198799848556519 0.173838511109352 0.199524536728859 0.2060437053442 0.175376504659653 0.115075148642063 0.0836081206798553 0.0104263527318835 0.0979091972112656 0.158938407897949 0.316935986280441 0.187777012586594 0.0825084298849106 0.0787631571292877 -0.113456539809704 0.100318692624569 -0.10016255825758 0.107116028666496 -0.077968567609787 0.0429807752370834 0.0254560653120279 -0.0671172589063644 -0.011830385774374 -0.0255410652607679
0.0514130927622318 0.0357815064489841 -0.00995968282222748 -0.0562489032745361 0.0875065699219704 0.102985017001629 -0.0159319769591093 0.0409740582108498 -0.0135752446949482 -0.0320360586047173 0.073886901140213 0.0690769553184509 0.051728080958128 0.115936286747456 0.140684455633163 0.0745333209633827 -0.0540943145751953 -0.01735576428473 0.0458976663649082 0.0764862895011902 0.175206065177917 0.180754601955414 0.171223685145378 0.117805689573288 0.24186809360981 -0.0232458189129829 0.113696075975895 0.0197834335267544 0.148481428623199 0.085984855890274 0.106140874326229 0.154917404055595 0.0601817034184933 -0.0452120192348957 -0.184872880578041 -0.0569172352552414 -0.253720432519913 0.180038720369339 0.130653694272041 0.0554339550435543 -0.0159203819930553 -0.18465767800808 0.03236423432827
0.049091599881649 0.0909258648753166 0.0180069468915462 0.109879419207573 0.0269962921738625 0.0667344480752945 0.0569853559136391 -0.0444314181804657 0.00965302158147097 0.0209917295724154 0.070511668920517 -0.0236473195254803 0.128867357969284 0.0283956155180931 0.0313758254051208 0.0531901828944683 0.0395879745483398 -0.044398620724678 0.0839750319719315 0.142109781503677 0.0392327606678009 0.093046210706234 -0.00105952541343868 0.095687597990036 0.100421667098999 0.112823791801929 0.114871390163898 -0.0208757780492306 -0.158147588372231 0.0997006371617317 -0.0160302985459566 0.0101013826206326 0.0862145647406578 0.133750081062317 -0.10966469347477 -0.109997317194939 0.0857706964015961 -0.207500666379929 -0.206792116165161 0.169350564479828 -0.165241941809654 0.0203239805996418 0.109255529940128
0.376374095678329 0.0715202987194061 0.0568134374916553 0.0596462562680244 0.0153457950800657 -0.0869917720556259 -0.0111143989488482 -0.00920492690056562 0.0565677098929882 0.000204361538635567 -0.0562952756881714 0.108936958014965 -0.0133947059512138 -0.0881165415048599 0.00878043379634619 -0.0807164534926414 -0.00486786942929029 0.294542163610458 0.0365353673696518 0.174804046750069 0.0374865606427193 -0.0509664230048656 -0.0439404062926769 -0.112699821591377 0.0922889336943626 0.0149486670270562 0.0231082439422607 -0.0170773547142744 -0.0673286616802216 0.0210587866604328 -0.0886875838041306 0.199102237820625 0.0257869381457567 0.113062873482704 -0.214343205094337 0.114002086222172 0.0999888032674789 0.139612019062042 -0.200900182127953 -0.0382812656462193 0.121504567563534 0.0715760737657547 -0.00770773319527507
0.153427973389626 -0.0217698514461517 -0.028900345787406 -0.0398738086223602 0.000921787286642939 0.00550219975411892 -0.0328042395412922 0.0687495768070221 0.033678874373436 -0.0972103476524353 0.0967199206352234 -0.0350569151341915 0.109543673694134 0.0870065242052078 0.00823426991701126 -0.0683764815330505 0.0305773597210646 0.0331969670951366 0.0116807771846652 0.179385259747505 0.0508231036365032 0.0341839380562305 -0.0887974873185158 -0.00576044479385018 -0.0825922191143036 0.0142221329733729 0.0256051141768694 0.0629254654049873 -0.0193241462111473 -0.253148913383484 0.173156842589378 0.0880613997578621 -0.194659844040871 -0.116393685340881 -0.0927236676216125 0.0430455319583416 0.0194391626864672 0.0536011718213558 -0.208887815475464 0.103207089006901 0.10514372587204 -0.219304770231247 -0.0387234762310982
0.180095165967941 0.271570444107056 0.0562241524457932 -0.0517392233014107 -0.0214005336165428 -0.038522407412529 -0.130977481603622 0.0244425591081381 0.061106164008379 0.03526346758008 -0.0409031212329865 -0.00914194528013468 0.0106592131778598 -0.0171752292662859 0.156105875968933 0.0485433377325535 0.0544815137982368 0.085607536137104 0.166965797543526 0.0778047069907188 0.115793265402317 0.0551915355026722 -0.000960291072260588 0.201625093817711 -0.0380393229424953 -0.020903691649437 0.0997643023729324 0.0861813649535179 -0.116665840148926 0.102698318660259 0.0869613662362099 0.0738386511802673 -0.179468408226967 -0.17300546169281 0.0959303975105286 -0.0290559865534306 0.0753885135054588 -0.16778539121151 0.135372281074524 -0.00566548109054565 -0.07403863966465 0.0933161824941635 0.0128822987899184
0.291293025016785 0.2098578363657 0.0765173956751823 0.0762034356594086 -0.015596772544086 -0.120099738240242 0.027687156572938 0.0785735175013542 -0.00766492681577802 -0.0282347481697798 0.068933866918087 0.0366374589502811 -0.0205374527722597 0.183817848563194 0.0532931797206402 0.0461994744837284 -0.0989328846335411 0.0707576498389244 0.021782698109746 0.0736388638615608 0.142035320401192 0.096746563911438 0.128811165690422 0.024872712790966 0.0259033311158419 -0.103666238486767 0.0909390076994896 -0.0590544939041138 0.0669239684939384 0.0951093658804893 0.0589244700968266 -0.0789251551032066 -0.060158122330904 0.0040437295101583 -0.0301856007426977 0.0263718478381634 0.0834724679589272 0.0520398020744324 0.307444751262665 0.0939894765615463 -0.00064175680745393 0.0621764324605465 -0.00345187890343368
0.219917967915535 -0.120425581932068 0.108871258795261 -0.0841946825385094 0.0913700386881828 0.0565241947770119 -0.0389604978263378 -0.209128454327583 -0.0330560691654682 -0.00436993408948183 -0.0132528627291322 0.114669017493725 0.144784688949585 -0.0691702216863632 -0.0173919666558504 0.0878279507160187 0.0442090705037117 -0.107714928686619 -0.0672200545668602 -0.0727227553725243 0.000985576072707772 0.0435907281935215 0.087510347366333 0.00278565916232765 0.207087382674217 0.00134482269641012 0.0775603577494621 0.0249593239277601 -0.0410143211483955 -0.128046229481697 0.000504703551996499 -0.0131610035896301 -0.0202194321900606 0.150233313441277 -0.0789725258946419 -0.0609139986336231 0.00447443732991815 0.148914888501167 0.108542375266552 0.199087828397751 0.0151530234143138 0.147251769900322 -0.0327342860400677
0.214325025677681 0.248376592993736 -0.0829998701810837 0.144930616021156 -0.00140776135958731 -0.017420019954443 -0.0715738013386726 -0.0216083619743586 0.0724728256464005 0.0715591758489609 0.002399095101282 0.0853692293167114 -0.114799231290817 0.0829892233014107 -0.0769387558102608 -0.0222360026091337 -0.0156414899975061 0.0439847633242607 -0.0839931517839432 -0.0245295129716396 0.250155419111252 -0.185740396380424 -0.13804729282856 -0.0125894751399755 -0.068982906639576 -0.13994987308979 0.146407082676888 -0.136236190795898 0.00788616109639406 -0.226438790559769 -0.0605537407100201 -0.0149815054610372 -0.133797168731689 0.0590157397091389 0.152163311839104 -0.107473023235798 0.285620510578156 -0.0449366420507431 0.0632247403264046 0.0623929426074028 0.00280533311888576 -0.0616333782672882 -0.0297798160463572
0.13147497177124 0.281885802745819 0.0205440409481525 0.0634279698133469 -0.164525613188744 0.027079813182354 -0.0103698950260878 0.00286101177334785 -0.0425276383757591 0.016668688505888 -0.0151774073019624 0.0066214851103723 -0.012972149066627 -0.0726945176720619 0.129753828048706 0.000181469047674909 0.00282258982770145 0.0424167178571224 0.00403568707406521 0.00606946041807532 -0.0634582340717316 -0.0579513534903526 -0.0486231371760368 0.31469053030014 0.0345071367919445 0.0113769611343741 -0.119858428835869 -0.0491217859089375 0.00316369161009789 -0.00778482109308243 0.0442858450114727 0.0872677490115166 -0.0969281643629074 -0.00120597518980503 0.159743756055832 0.118829324841499 -0.0253199394792318 0.048353623598814 -0.110085658729076 0.180977299809456 0.0243358314037323 0.0403354540467262 0.202088862657547
0.135788008570671 0.00131720490753651 0.0788481757044792 0.0115998135879636 0.120732940733433 0.0158746857196093 0.171952351927757 0.0658541917800903 0.0895808711647987 -0.0102381752803922 0.0481438115239143 -0.109882071614265 0.073658786714077 0.0325693003833294 -0.0325153879821301 -0.0620866268873215 -0.135345071554184 -0.0682348608970642 -0.0243905559182167 -0.0617485903203487 0.0779147073626518 -0.00258937478065491 0.0906978473067284 -0.104287281632423 0.0684232786297798 0.0544531680643559 0.0418351776897907 0.0395786985754967 0.02293860912323 0.340215802192688 -0.0392072759568691 0.138838082551956 -0.0387201718986034 0.0119987530633807 -0.0568826720118523 0.116642914712429 -0.0741337165236473 -0.0125418556854129 -0.0354715920984745 -0.0781911462545395 0.0155969578772783 0.0463838912546635 -0.0227080434560776
