assets/gome_f/processed/ascii/world/gome_sif_world_20110201.asc
NCOLS 720 
NROWS 360 
XLLCORNER -180 
YLLCORNER -90 
CELLSIZE 0.5 
NODATA_value -3.4e+38 
[rows 285 to 303 of 360, columns 473 to 515 of 720]
0.10503800958395 -0.332472860813141 0.0187392011284828 0.21090917289257 0.094110906124115 0.0474531278014183 0.270294606685638 0.0433596707880497 -0.0896313413977623 0.0520604103803635 -0.0028548501431942 0.102585725486279 -0.0301883928477764 -0.272452473640442 0.0382803082466125 -0.224232137203217 -0.112606734037399 -0.0733410492539406 0.18796144425869 -0.117934249341488 0.296800166368484 -0.0188986212015152 0.0833452194929123 0.0581796206533909 0.200073853135109 0.0341891422867775 0.235135138034821 0.0955940559506416 -0.119803190231323 -0.00206586229614913 -0.12403828650713 -0.0183780435472727 0.0542857795953751 0.247541844844818 0.232826292514801 0.0978637337684631 0.0352040119469166 0.13856415450573 -0.236749798059464 -0.0546251758933067 -0.0728170052170753 -0.0142200822010636 0.293718099594116
-0.0583088248968124 0.0744456946849823 -0.0607136711478233 0.134231612086296 0.177162438631058 -0.481431424617767 0.0810569003224373 0.108658589422703 0.217523738741875 -0.0383049249649048 0.344352394342422 -0.107983030378819 0.0261394828557968 -0.0413464270532131 0.459309965372086 0.0174668505787849 -0.205135896801949 0.211349755525589 0.106466889381409 0.161732539534569 -999 -0.149037435650826 0.220212578773499 0.0502929501235485 0.216756641864777 0.143237829208374 0.0847996100783348 -0.113316431641579 -0.311805307865143 -0.0216446425765753 0.121618509292603 0.0341805666685104 -0.512789130210876 0.275393217802048 0.219503879547119 -0.0997895374894142 0.225610420107841 0.0350572280585766 -0.338498383760452 -0.0969913825392723 0.102768614888191 -0.0834353789687157 -0.00713392440229654
-0.252325385808945 -0.0254440810531378 0.470801174640656 -0.0933982506394386 -0.0155350556597114 0.24213020503521 0.21015003323555 -0.0265611112117767 -0.0779049843549728 0.270528346300125 -0.0304763410240412 -0.0185931231826544 0.343132972717285 -0.153270483016968 0.290676474571228 -0.200466856360435 0.063425786793232 -0.204574853181839 0.0446383468806744 0.18764916062355 -999 -0.135440841317177 -0.256115257740021 0.0646900609135628 -0.0634299740195274 0.150367632508278 0.135905593633652 0.180091634392738 0.0725631341338158 0.114677675068378 -0.140670567750931 -0.133700430393219 0.113952219486237 0.133773624897003 -0.463616281747818 -0.046256810426712 0.179392263293266 0.346646398305893 -0.0310955382883549 0.147439613938332 -0.218718439340591 0.0998331382870674 0.180036082863808
-0.39420872926712 -0.0773422569036484 -0.0645733326673508 -0.171604812145233 -0.0684012919664383 -999 -0.269875437021255 -0.269083231687546 -0.00895891059190035 -0.120727337896824 -0.244003444910049 0.26551416516304 -0.430644631385803 0.200240820646286 0.0703569278120995 0.0230837259441614 0.0559788756072521 -0.152549788355827 0.185908079147339 0.145061463117599 0.0718329325318336 0.146544218063354 -0.09467563778162 -0.035407830029726 -0.0912505015730858 -0.00921367201954126 0.201537445187569 -0.144729614257812 0.0702047199010849 0.143787905573845 0.0594959333539009 0.0238862093538046 -0.174841165542603 0.0962458476424217 -0.183751091361046 0.0524057112634182 0.000954944640398026 0.0557386986911297 -0.00179325044155121 0.276620745658875 -0.12354239076376 -0.0818820223212242 0.00508198421448469
0.113046266138554 0.0804077610373497 0.0976125970482826 -0.0440899282693863 0.00137371325399727 0.194570317864418 -0.0521016418933868 -0.0327634140849113 -0.0851151719689369 0.0924436151981354 -0.199439942836761 0.0497389994561672 -0.143585652112961 0.149013057351112 0.0452760756015778 -0.0102049289271235 0.0651942268013954 0.180721178650856 0.113171949982643 -0.081110306084156 -0.193307146430016 0.0296641252934933 0.0859263315796852 0.046569250524044 -999 0.0546666905283928 -0.264264702796936 0.0901458486914635 -0.187314659357071 0.0648884475231171 0.100007429718971 0.0886459723114967 -0.059906505048275 0.0199727099388838 0.0993811786174774 -0.41622519493103 -0.0517605766654015 -0.0826325491070747 -0.209663391113281 0.0596333555877209 0.0973043888807297 0.0403821207582951 -0.0238935779780149
-0.443691343069077 -0.372072696685791 0.272249788045883 0.26550230383873 -999 -0.0938729792833328 0.0578544102609158 0.293249219655991 0.0572587735950947 -0.365056902170181 -0.0800172388553619 0.105972707271576 -0.102417208254337 0.173953473567963 -0.0954199582338333 -0.0247283577919006 -0.0398216582834721 0.12081765383482 0.0471074096858501 -0.037428941577673 -0.0578600689768791 -0.0694744363427162 0.121068201959133 -0.0507962703704834 0.150246426463127 -0.0494972690939903 0.0443109385669231 -0.0898060351610184 0.00802836287766695 0.0538804903626442 0.0638025626540184 0.0196383390575647 0.0670697838068008 0.0599698722362518 -0.169763788580894 -0.069667249917984 -0.175280407071114 -0.00876403599977493 -0.0915509313344955 0.0595144778490067 -0.301537543535233 -0.148026362061501 -0.122584044933319
0.285376727581024 -0.182572364807129 0.207560464739799 0.0624377876520157 0.175125434994698 -999 -0.253664314746857 -0.0286893397569656 0.125678047537804 0.0982874259352684 0.0294228699058294 -0.110046654939651 0.0126057444140315 -0.0998985469341278 0.0367798395454884 0.131201311945915 0.00694083189591765 -0.139963269233704 0.105987533926964 0.26295194029808 0.0550738871097565 -0.0355612374842167 -0.0196770932525396 0.119643270969391 0.159278869628906 -0.0217138174921274 0.00333686172962189 0.138196736574173 0.0287772715091705 -0.076338067650795 0.110465861856937 0.00273131323046982 -0.0254630334675312 -0.0442124754190445 0.0188541561365128 -0.0393498241901398 -0.201418563723564 0.153737097978592 0.216546937823296 -0.00619234796613455 0.0699888095259666 -0.113654568791389 0.170887961983681
0.0325454249978065 -0.0447542816400528 0.0645939037203789 -0.0110366540029645 -0.59893661737442 0.323689252138138 0.273021250963211 -0.0451244451105595 0.345915257930756 0.0751884281635284 0.175728872418404 0.0355875194072723 -0.0942739620804787 0.08787951618433 0.00700033456087112 0.158314675092697 -0.148863539099693 -0.246016412973404 -0.219062328338623 0.0592285953462124 -0.00234087114222348 0.155602693557739 0.0188685655593872 -0.196837365627289 -0.0892710089683533 -0.142940908670425 -0.131097510457039 0.117989800870419 0.0223773997277021 -0.00186326121911407 0.103429108858109 -0.11009006947279 -0.0577795803546906 -0.0931272059679031 -0.0227470621466637 0.0415063500404358 -0.00533689325675368 0.0732451155781746 -0.0108454525470734 0.0262930020689964 0.17230112850666 -0.332756280899048 -0.0713306292891502
0.0572550743818283 -0.217849642038345 0.0178751349449158 -0.0251866281032562 -0.0128781199455261 -0.0521191880106926 0.112306661903858 0.291114419698715 -999 -0.059943400323391 -0.315201878547668 -0.0457832217216492 0.273723244667053 -0.0583980605006218 0.0289299748837948 0.183868378400803 0.153659552335739 -0.132725447416306 -0.0154480086639524 0.0646381005644798 -0.555269002914429 0.0164873208850622 0.137936294078827 -999 -0.076028510928154 0.107284627854824 -0.0456929989159107 -0.0409122034907341 -0.0689546391367912 0.100606195628643 -0.234016299247742 0.121788628399372 0.0376231484115124 0.0617136433720589 0.177451476454735 0.10831955075264 0.145113736391068 0.237130478024483 0.23148949444294 -0.598560273647308 -0.183872506022453 0.156707540154457 0.0530493631958961
0.0408656559884548 -999 0.0172497127205133 0.289050668478012 0.181400999426842 -999 -0.347369372844696 -999 -999 -0.0564947500824928 -0.0173914507031441 0.0885175317525864 0.0907351523637772 -999 0.20045480132103 0.199874758720398 -0.0540510565042496 -0.328126698732376 -0.103820957243443 -0.108971409499645 -0.394125431776047 0.190319746732712 -0.0553810894489288 -999 0.847705245018005 -0.153729468584061 0.0248337984085083 -0.00910639483481646 0.249642327427864 0.238679647445679 0.0812001079320908 -0.0137170813977718 -0.0396950840950012 0.0738760754466057 0.188591286540031 0.117883175611496 -999 -0.0952285081148148 -0.401564389467239 0.326770156621933 -0.168083265423775 -0.369900912046432 0.0698137432336807
-0.136373728513718 0.527024984359741 0.0612287409603596 0.127783045172691 0.220454975962639 0.391704648733139 -999 0.152407348155975 0.246310383081436 -999 0.0159136932343245 0.247882783412933 0.177436485886574 0.122138194739819 0.569622159004211 0.0673153549432755 -0.0129766892641783 0.0546784102916718 -0.293098926544189 -0.125940233469009 -0.0413273014128208 0.161242708563805 -0.181101202964783 -0.153806820511818 -0.189078733325005 0.0475602149963379 0.289261609315872 0.46666032075882 -0.0542748458683491 -0.0678089708089828 -0.0871727839112282 0.255179077386856 0.2516810297966 0.0448112525045872 -0.133166432380676 -0.0299619492143393 -0.542780637741089 -0.359519332647324 0.130919247865677 0.24380025267601 -0.0180243849754333 0.145707800984383 -0.263886988162994
-999 0.153108388185501 -0.0318117402493954 -0.153471559286118 0.0841470211744308 0.57738333940506 0.492140352725983 0.0167029835283756 -999 -0.219547063112259 -0.00755524635314941 -999 -999 0.12126187235117 0.118335761129856 -0.54980993270874 -0.0330105870962143 0.0300453007221222 -0.181035786867142 -0.200796961784363 0.191702574491501 0.275038778781891 0.460530787706375 0.221839547157288 0.174803525209427 -0.181937649846077 0.712043762207031 0.0505320467054844 0.294142603874207 0.172896012663841 -0.140968278050423 -0.0403485745191574 -999 0.0806684941053391 -0.0750597044825554 0.0375642590224743 -0.491935521364212 0.359933942556381 -0.0552046597003937 -999 0.598405122756958 0.0594773963093758 0.0388737730681896
0.080915778875351 0.334632068872452 -999 0.0263368431478739 0.19182813167572 -999 0.274326801300049 -0.369767665863037 -999 -0.113003969192505 -0.335376232862473 -0.438138991594315 -0.116116233170033 -0.412595480680466 -0.0643508434295654 -0.0858915895223618 -0.0982163175940514 -0.164598166942596 -0.0872113928198814 -0.159947007894516 -0.153333067893982 0.340981066226959 0.1359783411026 0.287280023097992 -0.0372665636241436 -0.041654571890831 -999 0.00549610191956162 0.361974239349365 -999 -0.63437807559967 -0.0828097686171532 -999 -0.264852404594421 -0.222000271081924 0.0101133594289422 -0.279608339071274 0.0378402061760426 -999 0.123778641223907 0.107242546975613 -999 -0.22825513780117
-0.419564425945282 -999 0.225896686315536 -0.243424758315086 -999 -999 0.0579102523624897 -0.540001034736633 -1.03568911552429 0.00639933347702026 -999 -999 0.362568974494934 -0.391103088855743 0.585490942001343 -0.0987052470445633 -0.125212863087654 -999 0.308555096387863 -0.318905055522919 -0.224196061491966 0.587634265422821 -0.239155247807503 -1.05402851104736 -0.00292190280742943 -0.068256251513958 -999 -999 0.0402278490364552 -0.0879528224468231 -0.362921744585037 -999 -0.162765309214592 0.00391158275306225 -999 -0.354709923267365 -0.100858189165592 -999 -999 -0.24422650039196 -0.0512803792953491 0.00844811554998159 -0.349463552236557
-0.1255714148283 -0.114570319652557 -0.000118795855087228 -0.0179310142993927 -0.435501247644424 -0.0497128218412399 0.128811866044998 -999 0.0709218457341194 -0.112809896469116 -999 0.0752280279994011 -0.116749681532383 0.25726979970932 -0.058070246130228 0.142579823732376 -0.197515219449997 -0.0272058546543121 -0.0869676396250725 0.328210294246674 -0.636393427848816 0.256269007921219 -0.0389491245150566 0.164298117160797 -999 -999 -999 0.0119558554142714 -0.0362928807735443 -999 -999 -0.152847290039062 0.136075213551521 -999 -0.0214077476412058 -999 -999 -999 -0.177654355764389 0.277487635612488 -0.159338742494583 -0.0590656697750092 0.0805166065692902
-0.0864089727401733 0.171117201447487 0.317442268133163 0.245569184422493 0.00261132419109344 0.128189399838448 0.454181164503098 -0.735752940177917 -0.742406725883484 0.257629185914993 -999 0.151977717876434 -999 -0.249369919300079 0.212709099054337 0.26428559422493 -0.145870551466942 -0.0496920421719551 -0.110747933387756 0.228041887283325 0.333429366350174 -0.0370326265692711 -999 0.211242601275444 0.750206410884857 -999 -0.126527696847916 -0.0421649515628815 -0.6237633228302 0.201168641448021 0.154160782694817 -0.052001379430294 -999 -0.299934476613998 -999 0.0717218369245529 -999 0.195006936788559 0.350784152746201 -0.0550750903785229 -0.0237985327839851 -0.0165094882249832 0.142660364508629
-0.485508561134338 -999 -0.230314120650291 -0.134740322828293 -999 -999 0.228745251893997 -0.0157691482454538 -999 -0.0755196735262871 0.647822260856628 -999 -0.50407075881958 -0.0931190252304077 -999 -0.297952920198441 0.0891933664679527 0.140766933560371 0.45747697353363 0.219973757863045 0.145889520645142 -0.195975750684738 -999 -0.127264887094498 -0.448135942220688 -999 0.121463224291801 -0.174634218215942 0.505943596363068 -0.391805112361908 -0.825574159622192 -0.30414804816246 -999 -0.203785061836243 -0.0945912152528763 -999 -0.014076123945415 -0.495701044797897 -0.0202871095389128 0.0768287181854248 -0.0460728816688061 -0.00397815043106675 -0.0405180118978024
0.138404682278633 -999 -999 -999 -999 -0.296188205480576 -999 -0.0716230049729347 -999 -999 -0.135904058814049 -0.413119941949844 -0.135210588574409 -0.588068008422852 -999 -0.131348073482513 -999 -0.328424006700516 -0.255221903324127 -0.567844271659851 -999 0.0892396345734596 -0.0204844903200865 0.233096912503242 -0.34293732047081 0.192146480083466 0.0315090268850327 0.0144999669864774 -0.601108849048615 -0.293719559907913 -0.183670610189438 -999 -0.201522499322891 -0.682600498199463 -999 0.0386855974793434 0.108731925487518 -0.03874521702528 -0.13117615878582 0.0173991229385138 0.0360875800251961 -0.217398703098297 -0.254557549953461
-0.191873982548714 -0.0791484266519547 -999 0.394776195287704 0.0554511658847332 0.0646554008126259 -999 -0.195531710982323 -999 0.139773964881897 -999 -0.0432567745447159 0.179199919104576 -999 -0.207832098007202 -0.416494280099869 0.227246850728989 -999 -0.0576384328305721 -0.325673520565033 0.134984657168388 -0.42493262887001 -999 -999 -0.296968877315521 0.40198490023613 0.10393837839365 -999 0.0881868079304695 0.249103501439095 -0.0146331824362278 -0.0994216352701187 0.277846574783325 0.0971270650625229 -0.0721325278282166 0.112915366888046 -0.224117755889893 0.166132137179375 -0.227136448025703 -0.053615890443325 0.0381455160677433 -0.167007893323898 -0.457847028970718
