assets/gome_f/processed/ascii/world/gome_sif_world_20130101.asc
NCOLS 720 
NROWS 360 
XLLCORNER -180 
YLLCORNER -90 
CELLSIZE 0.5 
NODATA_value -3.4e+38 
[rows 247 to 265 of 360, columns 301 to 343 of 720]
-0.135252982378006 -0.322157174348831 0.167442187666893 -0.00397460162639618 -0.19149623811245 0.130029633641243 -0.171638384461403 -0.0108938859775662 0.059072732925415 0.0847870856523514 0.0731474086642265 -0.121386311948299 -0.0620867051184177 -0.128393486142159 -0.0422488562762737 -0.170854464173317 0.0162183325737715 0.0538829937577248 0.121654987335205 -0.0317764580249786 0.0530826337635517 -0.0261487700045109 0.0721010640263557 0.0211409628391266 -0.0980052351951599 0.0806622207164764 -0.0830869451165199 0.0473725982010365 0.0353263057768345 0.0501700453460217 0.0426058024168015 -0.0788714215159416 -0.0979521498084068 0.0145531762391329 -0.0380288697779179 0.0221894569694996 0.0686575844883919 0.0633792281150818 0.0900759696960449 0.031220743432641 0.0834226682782173 0.18662403523922 0.130122765898705
0.0284311678260565 -0.00145718152634799 -0.119266077876091 -0.118786066770554 0.11290105432272 -0.0443718135356903 0.129891067743301 0.034553986042738 -0.110065065324306 -0.0858347415924072 0.0109149878844619 0.0165704507380724 -0.00918918754905462 -0.0655564144253731 -0.0663427039980888 0.0496965013444424 0.13055382668972 0.0404726900160313 -0.0954827666282654 -0.0685941874980927 -0.00674060638993979 0.00769418058916926 0.108986124396324 -0.0606293641030788 0.0340397655963898 -0.0594716295599937 -0.00446998653933406 -0.0583158135414124 -0.149278342723846 0.122117191553116 -0.0933547839522362 -0.0468992106616497 0.0578699298202991 -0.00686450069770217 -0.0466703660786152 -0.114560998976231 -0.0404947064816952 0.161744356155396 0.0836924090981483 -0.0303951483219862 -0.0238858312368393 0.0786941200494766 -0.0183768998831511
-0.0447833463549614 -0.0355201289057732 -0.0912942141294479 0.0414450727403164 0.0725246071815491 0.017685029655695 -0.0081165162846446 0.0645543932914734 0.0535931512713432 0.0366167686879635 0.0429263412952423 0.210727155208588 -0.129839405417442 -0.13688600063324 0.0929864495992661 0.0348806157708168 0.0299386978149414 -0.057403426617384 -0.00294935936108232 -0.102248057723045 -0.0113371443003416 0.0270234029740095 -0.0429418943822384 0.106868736445904 -0.078670546412468 -0.0724572390317917 -0.0570177584886551 -0.0571006275713444 -0.150530695915222 -0.0957329049706459 -0.00281850295141339 -0.0561359971761703 0.201740622520447 -0.134275212883949 0.0980735793709755 0.0755773410201073 -0.0662801116704941 0.129136219620705 -0.0880672410130501 0.146447941660881 -0.0574812479317188 0.120846942067146 -0.0963754430413246
-0.163423895835876 0.157462358474731 -0.0434289537370205 -0.0643909275531769 0.0552964694797993 -0.0505681410431862 0.215501382946968 -0.051802534610033 0.048941433429718 0.0705481097102165 0.0350590460002422 0.0472066104412079 0.0680282339453697 -0.0642604753375053 0.156508922576904 -0.0586470626294613 -0.110122412443161 -0.0301688704639673 0.0138765219599009 0.0442771427333355 -0.0573483482003212 -0.0101111130788922 -0.00984757486730814 -0.00938291382044554 -0.0723516494035721 -0.00344531494192779 0.268563210964203 0.0209405682981014 0.0852862372994423 -0.0526224002242088 0.0487944446504116 0.0220627970993519 0.117422059178352 0.141345113515854 0.0123786153271794 -0.00996323022991419 -0.0817307233810425 -0.0718971341848373 -0.0754780396819115 0.0543415956199169 -0.0298099610954523 0.0259590912610292 0.0526196882128716
-0.0183354653418064 -0.205767720937729 0.228657826781273 0.311602056026459 0.0750116258859634 -0.123372904956341 0.116234593093395 0.232655018568039 0.273691743612289 -0.0521088652312756 0.0964762046933174 -0.0333812050521374 0.239955559372902 0.0655517131090164 0.0968999937176704 0.0390033014118671 -0.120493590831757 0.0654108971357346 0.0014941826229915 0.0662218630313873 0.0252283606678247 -0.184216484427452 0.0360786132514477 0.165351405739784 0.0123786153271794 -0.0658536404371262 -0.185203701257706 0.100131019949913 -0.0331637933850288 -0.0216333903372288 0.0956393629312515 -0.132456958293915 0.0217591263353825 0.0557693392038345 0.113253474235535 0.0614809691905975 0.138766035437584 0.0227761249989271 0.0432694628834724 -0.0097524244338274 -0.188743904232979 0.253458708524704 0.100920468568802
0.0983613058924675 0.0325421690940857 -0.0859434828162193 0.0132457716390491 0.170342549681664 -0.0844578519463539 -0.0999376848340034 0.0379005819559097 -0.0273373425006866 -0.0140477102249861 0.0139275891706347 0.0904212817549706 0.116304494440556 0.0154036087915301 0.0483796410262585 0.0292021296918392 0.00417518895119429 -0.0075636450201273 -0.0159244649112225 0.189938142895699 -0.0864229649305344 -0.0355813838541508 -0.0213077180087566 0.146840304136276 -0.0986495465040207 0.193540260195732 -0.0146215790882707 -0.0318780243396759 -0.0141205387189984 -0.0276408419013023 0.0491764061152935 -0.124754212796688 -0.0756738930940628 -0.0179602578282356 0.115576021373272 -0.0735676363110542 0.0104978010058403 0.0204861462116241 -0.10516544431448 -0.102115452289581 -0.022641783580184 0.0127729317173362 0.103311583399773
-0.0373578071594238 -0.0543794594705105 0.0981814563274384 -0.047310434281826 0.0908946469426155 0.0448717512190342 -0.123594112694263 -0.125182136893272 0.0576336644589901 0.179058715701103 0.194532126188278 0.0605872012674809 -0.103050656616688 0.0883867740631104 -0.00669675832614303 -0.0328741744160652 -0.0123907402157784 -0.0573194213211536 0.0964944511651993 0.0224737022072077 0.0858431532979012 0.101873710751534 -0.194419115781784 -0.0654926970601082 0.0705626979470253 -0.0638717859983444 -0.0687293633818626 0.0465431660413742 0.109375849366188 0.0660630837082863 0.119579702615738 -0.0214210841804743 -0.00877616368234158 0.0560616254806519 -0.0686357766389847 -0.236720383167267 0.159273475408554 -0.183639690279961 0.0692154765129089 0.0577671527862549 0.289875835180283 -0.054836168885231 0.0133238527923822
-0.0912225842475891 -0.133400648832321 -0.0217329952865839 -0.143582746386528 0.16477607190609 0.0507109314203262 -0.0785259604454041 0.101268462836742 -0.0948563367128372 -0.137312918901443 -0.0851596966385841 0.0669347643852234 -0.00780314859002829 -0.00810701120644808 -0.0480142049491405 0.06602793186903 -0.0319657325744629 0.0389685109257698 -0.145151376724243 -0.0447822734713554 0.1627396941185 0.021379828453064 -0.10572113096714 -0.123083591461182 0.0143076283857226 0.0165534783154726 0.105185016989708 -0.232912331819534 -0.0765032917261124 0.0637266263365746 -0.0586581379175186 0.0805854573845863 0.0127006322145462 0.0245175156742334 0.258718997240067 0.11080214381218 -0.108395732939243 0.172913253307343 -0.186822056770325 0.0330707058310509 -0.0242547914385796 0.15077318251133 -3.10971518047154e-05
-0.0842438936233521 -0.0904526039958 -0.114755265414715 0.0460742115974426 0.158597677946091 -0.188820749521255 0.0625100508332253 -0.202645376324654 -0.0396124944090843 0.0124396430328488 0.133905157446861 -0.0899680480360985 -0.103013694286346 -0.103229112923145 0.0159119218587875 -0.0847544744610786 0.12760666012764 0.0985140949487686 0.127328634262085 -0.0697106271982193 -0.105954349040985 -0.029966801404953 -0.168494418263435 0.0722208619117737 -0.0034150208812207 -0.0419073365628719 -0.0199251845479012 -0.0870401039719582 0.1071662530303 -0.04493647813797 0.0482869558036327 -0.0202892832458019 0.0769253149628639 0.197003215551376 0.0448617525398731 -0.00596931669861078 0.0289435293525457 -0.0437776632606983 -0.00466053048148751 0.0730980560183525 0.0294402074068785 -0.0708261653780937 0.200978070497513
0.119443565607071 0.129145130515099 -0.0492606945335865 0.108518436551094 0.141591057181358 0.0613199882209301 -0.0301107317209244 0.0768798142671585 -0.0406135581433773 -0.211244806647301 -0.0557823553681374 -0.299855887889862 -0.00199997331947088 0.128827437758446 0.128929436206818 -0.121324077248573 0.0934891775250435 0.0108812330290675 0.19043855369091 -0.0516070686280727 0.205636098980904 -0.0409880094230175 -0.0580012015998363 -0.117105476558208 0.0508783832192421 0.0219484958797693 -0.0316811054944992 0.201060727238655 0.0296001825481653 0.0352394431829453 0.0466158464550972 0.0524283163249493 0.165913090109825 0.151337563991547 0.123427748680115 0.133287817239761 0.103041052818298 0.178501456975937 0.0287237111479044 0.253964722156525 0.0722185373306274 -0.10644043982029 -0.0936739891767502
-0.205138549208641 0.0287586022168398 0.0698508024215698 0.0608218386769295 0.138133749365807 0.106195658445358 0.124135628342628 -0.142069458961487 0.128626927733421 -0.024794077500701 -0.0143077364191413 -0.170241877436638 0.143806204199791 0.0520081929862499 0.125968232750893 0.139047399163246 0.0300246924161911 0.0343834422528744 -0.0052197277545929 -0.107739709317684 -0.0140430657193065 0.10129527002573 -0.0753738880157471 0.0944110900163651 0.188660398125648 0.0637645497918129 0.120241664350033 0.0948313847184181 -0.0073106586933136 -0.151980444788933 -0.340637385845184 -0.252125144004822 0.215829074382782 0.0849178358912468 0.00217231595888734 0.0868467763066292 0.189724266529083 -0.00129040668252856 0.184459567070007 0.0644678026437759 0.0528333075344563 0.0862502381205559 -0.0522440224885941
-0.0563147738575935 0.0782692357897758 -0.0906307846307755 -0.060988649725914 -0.0241910051554441 -0.122919790446758 -0.127788335084915 -0.123507887125015 0.22654415667057 0.0860413610935211 -0.0528669692575932 0.0205717571079731 0.169466689229012 0.0727200731635094 -0.10536739975214 0.0914374738931656 0.0921892374753952 -0.00937037356197834 0.086736373603344 -0.0149025032296777 0.0747017860412598 -0.00236416864208877 -0.0349883772432804 0.072021372616291 0.0697433277964592 -0.00597395189106464 -0.0336704105138779 -0.0744077786803246 -0.0273646209388971 0.0701547712087631 -0.115344285964966 0.0760211050510406 0.0314494222402573 -0.0874732658267021 -0.0756929367780685 0.154566794633865 -0.0154794128611684 0.130793064832687 -0.0697890594601631 0.495220154523849 0.0517159588634968 -0.175973549485207 0.0380533747375011
0.0563184320926666 0.165853917598724 -0.0331458412110806 0.0126182334497571 0.0689602270722389 -0.0955913290381432 0.0799396187067032 -0.147609278559685 0.0249367188662291 -0.0250166803598404 -0.247871190309525 -0.187748774886131 0.133991718292236 -0.115069195628166 -0.0911219418048859 0.0714742541313171 -0.0888682305812836 0.114825628697872 0.0607543289661407 -3.56038399331737e-05 0.5123570561409 -0.133178099989891 0.113169021904469 -0.0648477822542191 0.182758376002312 -0.0705167204141617 0.212760284543037 -0.052991196513176 -0.0600291565060616 -0.0643115341663361 0.0651953592896461 -0.0372346714138985 0.0384034849703312 -0.0117777492851019 -0.168947786092758 0.0827822387218475 -0.0354103893041611 0.142784684896469 -0.177185893058777 -0.0973025634884834 0.184012606739998 -0.0849103108048439 0.0474500209093094
0.0250015407800674 -0.0698860809206963 0.0348284691572189 0.0329463593661785 0.294084072113037 0.00153646839316934 -0.0758380740880966 0.00354361440986395 0.186488226056099 -0.113670878112316 -0.0463817529380322 -0.0294287744909525 0.135661169886589 0.0701348334550858 -0.0414593853056431 -0.102603636682034 -0.0914983749389648 0.0511447936296463 -0.0281190648674965 0.0652913451194763 -0.0249506030231714 0.12970270216465 0.078585147857666 -0.0876319855451584 -0.0107119744643569 0.234083250164986 -0.234922647476196 0.000533018785063177 -0.0967903137207031 0.070710152387619 0.216390505433083 0.0936400666832924 0.0715797170996666 0.0767991170287132 -0.0601539015769958 -0.0931217968463898 -0.156786739826202 0.175748914480209 -0.062669150531292 0.0967774391174316 0.0142149450257421 0.103939913213253 0.12890137732029
-0.110203318297863 -0.232370719313622 -0.099524550139904 -0.0270684361457825 -0.150543764233589 -0.190392002463341 0.148175582289696 -0.102066911756992 0.100887022912502 0.0998346880078316 0.0575051829218864 0.138479426503181 0.0326210670173168 0.0833427906036377 0.018791077658534 0.17667818069458 -0.0252498295158148 0.132971540093422 0.0492559894919395 0.00792059302330017 0.0746154263615608 0.018046036362648 -0.127851411700249 0.00251076114363968 0.108357593417168 0.115657329559326 -0.130282193422318 0.146354541182518 -0.0498774908483028 -0.0529073365032673 0.212825462222099 -0.088960699737072 -0.0869786068797112 0.0710567533969879 0.0280705168843269 -0.0497176609933376 -0.142665505409241 0.00967349670827389 -0.0769429057836533 0.1015769764781 -0.0634300857782364 -0.16481626033783 0.158966183662415
0.038909375667572 0.218586087226868 -0.0744730979204178 0.108643040060997 0.0172796379774809 -0.197756722569466 -0.101248376071453 0.132873803377151 0.0778660029172897 0.152223318815231 -0.104039080440998 0.082274928689003 0.118642821907997 0.0293729659169912 0.203411802649498 0.382146835327148 0.0724476352334023 0.0954957380890846 -0.137937992811203 0.0434198491275311 -0.124706842005253 -0.0119790211319923 0.102468930184841 0.0371534526348114 -0.173277884721756 -0.0327339582145214 -0.00857153721153736 -0.0272344704717398 -0.0151250688359141 -0.0555821247398853 -0.0982837006449699 0.143677055835724 -0.151156306266785 0.101998388767242 0.114028066396713 0.142202481627464 -0.0566777735948563 -0.0371994040906429 -0.0385708287358284 0.0831153392791748 -0.096191793680191 0.150330737233162 0.309784948825836
-0.108527772128582 -0.2332663834095 0.111840441823006 -0.0503172911703587 0.121032208204269 0.201455399394035 -0.216401904821396 -0.0423388294875622 0.0424655489623547 0.13365350663662 0.129819065332413 0.043340876698494 0.0920801237225533 -0.0629037171602249 -0.0503839589655399 0.0511554852128029 -0.0889199525117874 0.177346050739288 -0.135985687375069 -0.155854672193527 -0.0915211141109467 0.0134168704971671 0.107693672180176 -0.143798381090164 0.106303207576275 0.237942829728127 0.085521474480629 0.0353283397853374 -0.0209721457213163 0.153283998370171 0.052502479404211 0.00586013495922089 0.183118119835854 0.0772609263658524 0.0306325405836105 0.0172710791230202 -0.00682453578338027 0.0378168225288391 -0.0918795093894005 0.170330002903938 -0.0845037326216698 0.085721917450428 0.203221544623375
0.0653498247265816 0.0405504889786243 0.105425387620926 0.018329530954361 -0.21386307477951 -0.0419609248638153 0.0948309972882271 0.166704133152962 -0.020834743976593 0.11637245118618 0.462261706590652 -0.0183723326772451 0.228487938642502 -0.0526681318879128 -0.0144684994593263 0.0962193161249161 -0.144538581371307 0.198752894997597 0.0131608843803406 0.00803066045045853 0.0548667423427105 -0.00208041956648231 0.0961690321564674 0.0164639186114073 -0.0163830574601889 -0.01491878926754 -0.121544688940048 -0.168147459626198 -0.106887422502041 0.05506556853652 -0.198477491736412 -0.0168949924409389 0.157535165548325 0.20369216799736 0.254808038473129 0.115244835615158 0.0361017510294914 -0.125071257352829 0.0567196011543274 -0.178302764892578 0.0133469924330711 0.0508037991821766 -0.102756507694721
0.283902585506439 0.0513167046010494 -0.197778701782227 0.154299452900887 -0.130602180957794 -0.091342993080616 -0.129379734396935 0.108631789684296 -0.00236427783966064 0.0987732410430908 -0.391835123300552 -0.061014961451292 0.0196418967097998 0.0550908260047436 0.00147234206087887 0.045593548566103 0.138446360826492 -0.0372505448758602 -0.107746034860611 0.0642641112208366 0.02757428586483 0.243894040584564 0.107288219034672 -0.0545806027948856 -0.103189334273338 0.125369384884834 -0.0880997404456139 -0.0111426282674074 0.00853830855339766 -0.00695411441847682 -0.117912590503693 -0.142494022846222 -0.0279257446527481 -0.0442396923899651 0.207012221217155 0.214787721633911 0.165443643927574 -0.185078665614128 -0.0350953228771687 0.0182691980153322 -0.0489105470478535 0.0400534756481647 0.189380750060081
