assets/gome_f/processed/ascii/world/gome_sif_world_20120701.asc
NCOLS 720 
NROWS 360 
XLLCORNER -180 
YLLCORNER -90 
CELLSIZE 0.5 
NODATA_value -3.4e+38 
[rows 209 to 227 of 360, columns 645 to 687 of 720]
0.173789620399475 0.106202840805054 0.162806019186974 0.10154215991497 0.206343203783035 0.0721307098865509 0.0024953936226666 -0.0123363872990012 -0.00833152886480093 -0.02363396063447 -0.0257120355963707 -0.0950320735573769 -0.00583231449127197 0.032826866954565 0.00302605447359383 0.0277372729033232 -0.0696874186396599 -0.0688106343150139 -0.0293394345790148 0.0379002653062344 0.00994926691055298 -0.0413638353347778 -0.118340015411377 -0.00329108652658761 0.0748636052012444 0.0966135710477829 -0.0423587188124657 -0.0628390088677406 -0.0489119589328766 0.0615712590515614 -0.00995076075196266 -0.156609624624252 -0.00765781383961439 -0.0319156721234322 -0.0822674259543419 -0.0927932485938072 -0.0497956871986389 0.0819748193025589 0.0352908074855804 -0.0336949974298477 -0.0827961936593056 0.0378580838441849 -0.0309891402721405
0.10134519636631 0.175109252333641 0.197166174650192 0.130325183272362 0.165982261300087 0.186044722795486 0.0590792298316956 -0.0359577909111977 0.00884807761758566 0.0392873212695122 0.0437282286584377 0.0275410860776901 0.031083419919014 0.0293975062668324 -0.0184961501508951 0.013027804903686 0.0471456050872803 0.0892745926976204 -0.0424394533038139 -0.0480004213750362 0.0728640705347061 -0.0258550252765417 0.00229054456576705 0.00947668962180614 -0.0350568331778049 -0.106301516294479 -0.0637963637709618 -0.0379419848322868 0.0327768810093403 0.086093083024025 0.0889270678162575 0.137677431106567 -0.0492215342819691 -0.0827575400471687 0.0277698636054993 0.0359387509524822 0.0100090093910694 -0.0461541004478931 -0.0696883127093315 0.0807194039225578 -0.169093728065491 -0.0532726161181927 -0.00864387955516577
0.0596871450543404 0.153826475143433 0.140191778540611 0.101427502930164 0.0982934236526489 0.109605319797993 0.00654222397133708 -0.000949210487306118 0.0534138418734074 -0.0451939478516579 -0.118730157613754 -0.0805780813097954 -0.0100949471816421 -0.127257153391838 0.12812077999115 -0.103752993047237 0.0253329575061798 -0.0153091978281736 0.0299789365381002 -0.034029308706522 -0.0135626224800944 0.0280143171548843 -0.000755255692638457 -0.107478991150856 0.0214726272970438 0.0760423168540001 -0.0460356287658215 -0.0637634247541428 0.0564289875328541 -0.021784283220768 0.0713229328393936 0.0957076251506805 0.0039430009201169 -0.02582305110991 -0.00885666348040104 -0.037734929472208 -0.0541579648852348 0.0895991995930672 -0.0489735826849937 0.116568826138973 -0.0223005935549736 0.0193288959562778 -0.0768973082304001
0.100314140319824 0.125824943184853 0.12905615568161 0.082719624042511 0.175048425793648 0.123607225716114 0.107782252132893 0.0163809787482023 -0.0358637794852257 -0.0754443258047104 0.0242112893611193 -0.000257691106526181 -0.0483475066721439 -0.0892900750041008 0.0173741932958364 0.0400781072676182 0.0462084375321865 -0.0555506236851215 0.0478484034538269 -0.029655771329999 0.0255427360534668 -0.054256834089756 -0.0262662749737501 -0.0504311807453632 -0.0216729789972305 0.0152006214484572 -0.0424178242683411 0.0413727983832359 0.0422985181212425 -0.00321973022073507 -0.161640852689743 -0.0159660764038563 0.00813170615583658 -0.00666716927662492 -0.177723526954651 0.038743432611227 0.0892453044652939 -0.115573905408382 -0.0666854232549667 -0.043061587959528 0.0473533049225807 0.00998192932456732 -0.038289837539196
0.134483113884926 0.127501741051674 0.0893353521823883 0.176712229847908 0.0819521322846413 0.105388410389423 0.191477298736572 0.0207167845219374 0.0166036430746317 0.0108609329909086 0.00484843552112579 -0.0178544446825981 0.0315260738134384 -0.0709301605820656 -0.044603556394577 0.0347203500568867 -0.0767286494374275 0.05072370916605 0.0246331170201302 -0.106710076332092 -0.106545269489288 -0.0365847907960415 0.11584810167551 0.0318029597401619 0.03429064899683 0.0114182829856873 0.107022486627102 -0.00603698147460818 -0.0689041092991829 -0.00993790943175554 0.0184367671608925 -0.165733769536018 -0.108337000012398 0.0507423542439938 -0.0431915745139122 -0.0577494502067566 -0.011280451901257 -0.0395652912557125 -0.0436109863221645 0.0363692790269852 0.0362232886254787 0.0936291962862015 0.0333324186503887
0.0942855998873711 0.0932096391916275 0.171671375632286 0.0694921240210533 0.183996737003326 0.118235908448696 0.183091387152672 0.119707338511944 -0.0343673788011074 -0.00779114151373506 0.0526993162930012 -0.001127042574808 0.0148070063441992 0.0164158120751381 -0.0379513576626778 0.0823905542492867 -0.000778509303927422 0.0881927236914635 -0.0538595616817474 -0.0233088787645102 -0.213569402694702 0.133118331432343 -0.089863657951355 0.095759429037571 -0.0253548882901669 -0.00870721321552992 0.00660459185019135 0.0731417164206505 -0.114107973873615 -0.0111648151651025 -0.0272964425384998 -0.012785735540092 -0.0987919718027115 -0.0850876048207283 0.0750727951526642 -0.0198196060955524 -0.0635125264525414 -0.011058097705245 -0.0544761493802071 -0.101013638079166 -0.0236356984823942 0.00238372012972832 0.0218837987631559
0.0486118569970131 0.138847336173058 0.108701631426811 0.100955873727798 0.154037460684776 0.163825333118439 0.278969556093216 0.120274946093559 -0.0286632664501667 0.0143713392317295 0.0174464974552393 -0.000451701373094693 0.0215769074857235 0.0253620985895395 -0.0431460812687874 -0.0757424086332321 0.0385368429124355 0.0107418512925506 0.0563974678516388 -0.00110758375376463 -0.0116674918681383 -0.0138562265783548 -0.0144486613571644 -0.00841066241264343 0.0177775882184505 0.034380130469799 -0.112757064402103 -0.0854278802871704 0.0832518115639687 -0.00286737456917763 -0.0239384956657887 -0.015992546454072 0.0116321248933673 0.0296762492507696 -0.0486709922552109 0.0464072898030281 0.0151297664269805 -0.0250750128179789 0.0105611886829138 0.0728233307600021 -0.0699209496378899 -0.0609194152057171 -0.0120785376057029
0.141642957925797 0.179686337709427 0.151547849178314 0.223897978663445 0.151183441281319 0.188655838370323 0.242147192358971 0.127036541700363 -0.0271670389920473 -0.0967836156487465 0.037435095757246 0.00837300252169371 0.00346037745475769 0.0204276405274868 -0.00980854872614145 0.0169470738619566 -0.00923402700573206 -0.0491172224283218 0.0579402260482311 -0.0310007520020008 -0.100934617221355 0.00383413629606366 -0.0466289632022381 -0.0683925077319145 -0.0702681690454483 -0.0454431772232056 0.0246998928487301 0.0225703101605177 -0.129539385437965 0.0529046691954136 -0.0108668627217412 0.0309200044721365 0.112475380301476 0.0215797070413828 -0.0464132614433765 -0.0149132274091244 0.0181864649057388 0.0206764172762632 -0.0317389108240604 0.00563191622495651 0.0858365446329117 0.0370586514472961 0.0522137470543385
0.145898297429085 0.172705933451653 0.107666209340096 0.138078480958939 0.0306644961237907 0.228532209992409 0.205152556300163 0.176883801817894 0.0360063314437866 0.00799907185137272 -0.0148523356765509 0.0208508688956499 -0.0179532133042812 -0.000845058413688093 -0.0478071458637714 0.0167914144694805 -0.0212108138948679 0.0684983655810356 -0.0825511142611504 -0.0360462591052055 -0.0363283343613148 0.0274031348526478 -0.0615391470491886 -0.0286904126405716 0.0394913591444492 0.0757920667529106 -0.0695033520460129 0.108796425163746 -0.0283574070781469 0.084400899708271 0.00223681726492941 -0.0431194417178631 -0.0018758192891255 0.115992777049541 -0.00630989670753479 0.0300148408859968 0.0373507253825665 -0.00308231636881828 -0.0594623908400536 -0.0300103537738323 -0.154971331357956 0.103611350059509 -0.171602636575699
0.15876966714859 0.130357280373573 0.118722327053547 0.158032074570656 0.19694159924984 0.0552999787032604 0.153094410896301 0.160511136054993 0.189214289188385 0.0845013335347176 -0.0149003760889173 -0.0569159835577011 -0.155320435762405 -0.090829499065876 0.0561357773840427 -0.0475737228989601 -0.0125280162319541 0.0747429504990578 -0.0427271127700806 0.0150930592790246 0.0189024992287159 -0.0193315763026476 -0.0193863064050674 0.0904798656702042 -0.0957811772823334 -0.0227976236492395 0.00338957621715963 -0.0170521792024374 -0.00424221670255065 -0.0178347378969193 -0.0279714241623878 -0.0448473282158375 -0.0536930672824383 -0.0570487901568413 0.0926528200507164 0.0175543297082186 -0.0814894661307335 -0.0761115700006485 -0.0690776407718658 -0.0151495970785618 -0.066583938896656 0.0526669770479202 0.140780836343765
0.166347548365593 0.176810532808304 0.113850623369217 0.0821820572018623 0.0646227300167084 0.0271188206970692 0.122745223343372 0.0856952741742134 0.21264860033989 0.292709529399872 0.188061341643333 -0.00800070632249117 0.0252328086644411 0.0843220576643944 -0.0404274314641953 0.00977863743901253 -0.0652140825986862 0.00646609254181385 -0.0319712571799755 -0.0280906818807125 -0.0240593738853931 0.0187498703598976 0.061521727591753 -0.0268692318350077 -0.0421654544770718 -0.0742346569895744 0.0667517110705376 -0.0145013798028231 -0.0514880008995533 0.065026082098484 -0.0678869113326073 0.0865475311875343 0.0796140879392624 0.00132791115902364 -0.0101712793111801 0.0346356406807899 -0.0640043541789055 0.0190804172307253 -0.000627505127340555 0.0614920146763325 -0.0301685761660337 -0.0910766124725342 -0.0321541763842106
0.110991075634956 0.0550626590847969 0.0756494998931885 0.128506138920784 0.0778240114450455 0.155392542481422 0.134375110268593 0.15464885532856 0.205808386206627 0.155475482344627 0.209403619170189 0.137592226266861 0.096856452524662 -0.0270411651581526 0.0195917189121246 0.0432589650154114 -0.0126728415489197 -0.0260246712714434 -0.0121861845254898 -0.0700567066669464 -0.070295974612236 -0.0277485176920891 -0.0379745103418827 -0.0117508536204696 -0.00510813761502504 -0.029578460380435 -0.113581128418446 0.0233111307024956 -0.0773243233561516 0.00179771869443357 0.026551503688097 -0.0830603539943695 0.0947940871119499 -0.0683044120669365 -0.108895622193813 0.0476402528584003 0.0192695688456297 0.0734008699655533 -0.059918250888586 0.0379536859691143 -0.044576782733202 -0.011081556789577 -0.0154690267518163
0.0533415377140045 0.100061245262623 0.179879903793335 0.0910452604293823 0.112778685986996 0.150850534439087 0.1083003282547 0.197778463363647 0.147314816713333 0.124644361436367 0.106630437076092 0.254412114620209 0.226915717124939 0.140242084860802 -0.00445347651839256 0.0179766230285168 -0.0057117841206491 -0.00190858147107065 0.127540424466133 -0.0667338967323303 0.00635875528678298 0.047517791390419 0.0216364096850157 -0.0183612443506718 0.00436575943604112 0.0288360025733709 0.0255695283412933 0.0020857451017946 0.0353516638278961 -0.0428909920156002 0.0458553321659565 -0.0467866286635399 -0.0986121520400047 0.102998830378056 0.084894597530365 -0.0698665454983711 -0.056735698133707 -0.0654255747795105 -0.0467125289142132 0.0234701819717884 -0.0832622796297073 -0.0673226714134216 0.0701408982276917
0.134321823716164 0.144207358360291 0.045291643589735 0.115133605897427 0.0608026646077633 0.198184877634048 0.153527677059174 0.122101910412312 0.121172919869423 0.157241880893707 0.0741674453020096 0.218048810958862 0.314577668905258 0.121687419712543 0.0666222721338272 -0.031172551214695 -0.0112067181617022 0.039055522531271 -0.0474756099283695 -0.0520584806799889 -0.0530470423400402 0.00473544979467988 -0.0142053468152881 -0.00452390918508172 0.0297129638493061 0.0682606175541878 -0.00898426119238138 0.0382225103676319 -0.00858973432332277 0.0400224290788174 -0.0109151173382998 -0.0528368316590786 -0.0156695488840342 0.032035268843174 0.0214306209236383 -0.0685889348387718 -0.0601543709635735 -0.0214449930936098 0.0598626062273979 0.032588891685009 0.0391068533062935 -0.0191241018474102 -0.0454141162335873
0.0672410279512405 0.164804205298424 0.0648655220866203 0.165092721581459 0.13099604845047 0.13716596364975 0.18232350051403 0.125412657856941 0.140029102563858 0.15774193406105 0.0843422710895538 0.101524963974953 0.190129444003105 0.0832937061786652 0.143210977315903 0.00962705072015524 -0.000298582017421722 -0.0316086821258068 -0.0575352348387241 -0.0744080618023872 0.0742176547646523 -0.000619937374722213 0.022610530257225 0.0427142642438412 -0.117472216486931 -0.0136212706565857 0.150885045528412 0.0818518474698067 0.0301813390105963 0.0156568326056004 0.0525690615177155 0.0575095787644386 -0.00433915900066495 -0.0328554883599281 -0.116958439350128 -0.12467398494482 0.0416765324771404 -0.0845621153712273 -0.044242151081562 0.0330872796475887 0.0549468882381916 -0.0715338811278343 -0.0131919654086232
0.131046891212463 0.0428230278193951 0.0666262283921242 0.0694106444716454 0.108348563313484 0.0630436614155769 0.0610429383814335 0.070154033601284 0.0883105918765068 0.143152818083763 0.078431747853756 0.198579996824265 0.0513178594410419 0.170900478959084 0.137231260538101 0.124603793025017 -0.0520256236195564 0.0165932234376669 -0.0523918829858303 0.0856545567512512 -0.0422113537788391 -0.0935141667723656 0.0279467925429344 -0.0128061771392822 -0.033041276037693 -0.0754317864775658 0.0432953275740147 0.0950680449604988 0.132515951991081 0.00498706940561533 -0.022907443344593 -0.0322151258587837 0.0805327445268631 -0.132200971245766 -0.0132603337988257 0.0557497404515743 -0.0152968596667051 -0.0825757086277008 0.00290032639168203 -0.106499247252941 0.0307837966829538 -0.0674490034580231 0.00504962122067809
-0.0317038409411907 0.0187585987150669 0.0226677935570478 0.108625642955303 0.143039554357529 0.194196626543999 0.124374493956566 0.119486272335052 0.118104584515095 0.0696001350879669 0.129741966724396 0.0522712171077728 0.0844464227557182 0.0472587645053864 0.170929923653603 0.122969195246696 0.123386859893799 -0.0298601593822241 -0.000473343650810421 0.0736101046204567 -0.097165159881115 -0.0926956310868263 0.0405166335403919 0.061446201056242 -0.0852545723319054 0.0626858174800873 -0.0668191388249397 -0.0712473690509796 -0.026747090741992 -0.00477587385103106 -0.0524548515677452 -0.0392829477787018 -0.0398119203746319 -0.0337495878338814 -0.0400339663028717 -0.0948467999696732 0.0350201204419136 -0.0262359380722046 -0.0102339386940002 -0.0158657468855381 -0.0630446150898933 0.0202332809567451 0.0517257042229176
0.116250142455101 0.0461277812719345 0.0822002291679382 0.0545758791267872 0.0566074289381504 0.0277619045227766 0.0557737648487091 0.0571603402495384 0.144618555903435 0.124166361987591 0.0392284393310547 0.179045930504799 0.123588748276234 0.152644664049149 0.196582302451134 0.179834499955177 0.186878472566605 -0.00336415367200971 0.00182508863508701 0.0101041160523891 -0.0228566005825996 -0.0909659117460251 -0.102156110107899 -0.013981738127768 0.0402401499450207 0.0349807441234589 -0.0185698382556438 -0.0522156283259392 -0.051177017390728 -0.0516245327889919 -0.0563774704933167 -0.0232956279069185 0.0404606536030769 -0.0680076107382774 0.0345215350389481 0.0614939853549004 -0.0119440881535411 -0.0101466104388237 -0.0375919975340366 -0.0675689950585365 -0.0230001714080572 0.0720976814627647 -0.065608486533165
0.0581942051649094 0.124669834971428 0.0810384228825569 0.0105421831831336 0.06744434684515 0.0267333444207907 0.059507243335247 0.0583600997924805 0.127501428127289 0.0730720683932304 0.159239441156387 0.0984587818384171 0.160754889249802 0.0822539031505585 0.0744223594665527 0.145035982131958 0.0715243443846703 0.104420632123947 0.0287419836968184 -0.0229096189141273 -0.0189590100198984 -0.0188500713557005 -0.00214199814945459 -0.0130077321082354 -0.0214392822235823 -0.0207906495779753 0.0094216400757432 0.0216073133051395 0.0335998497903347 -0.00453036790713668 -0.0637439414858818 -0.00642720749601722 -0.0265847817063332 0.0154778296127915 -0.0156444162130356 -0.0299180541187525 -0.0387552790343761 -0.0326971597969532 0.0449013933539391 0.00346441357396543 -0.0990757569670677 -0.0368612445890903 0.00720648979768157
