assets/gome_f/processed/ascii/world/gome_sif_world_20110201.asc
NCOLS 720 
NROWS 360 
XLLCORNER -180 
YLLCORNER -90 
CELLSIZE 0.5 
NODATA_value -3.4e+38 
[rows 171 to 189 of 360, columns 301 to 343 of 720]
-0.0373269505798817 -0.0822028368711472 -0.0848794355988503 -0.0434754192829132 -0.0393574014306068 -0.0666228234767914 0.0586577169597149 -0.0307268369942904 0.113564521074295 0.0115468697622418 0.0475843101739883 0.0759194865822792 -0.0381599254906178 0.0612987875938416 -0.00399823812767863 -0.0683863461017609 -0.0563450045883656 -0.00267520057968795 -0.00764442328363657 -0.0750725790858269 0.114673964679241 0.0325415879487991 0.0920354947447777 0.0164576098322868 -0.0287450514733791 -0.0820597559213638 0.021685304120183 0.0253923963755369 0.00504420464858413 -0.0771204680204391 -0.0349694415926933 -0.0574402697384357 0.0137496870011091 -0.135013177990913 0.0821239501237869 0.0161291696131229 0.0187272112816572 -0.0713989585638046 0.0451596304774284 -0.103363245725632 0.0306812934577465 -0.0386442989110947 0.00236039748415351
-0.0552440099418163 -0.0598714984953403 0.0392306819558144 0.0273105222731829 0.00674349069595337 -0.0462716668844223 0.104070216417313 0.0125181935727596 -0.0319677405059338 -0.107003688812256 -0.0835751742124557 0.0800042822957039 -0.0893125832080841 0.135391429066658 0.0456217750906944 0.134158253669739 0.0163324996829033 -0.0253775250166655 0.115853115916252 -0.0843490734696388 0.145627096295357 -0.0441487692296505 0.0163961201906204 0.0696326121687889 0.0624077953398228 0.00155021774116904 0.0619460567831993 -0.0379147827625275 0.0130517072975636 0.00214833067730069 0.0878132283687592 0.0643290802836418 0.0383753292262554 -0.00145802076440305 -0.00708010187372565 0.0721538886427879 -0.0268848687410355 -0.0943319499492645 0.0218222867697477 -0.127709403634071 0.0117244450375438 -0.0356149822473526 -0.0683799088001251
0.0123876528814435 0.0759825631976128 -0.15657976269722 -0.133721366524696 -0.0409439392387867 -0.0618072487413883 0.0636141151189804 -0.0625985413789749 -0.0115483766421676 -0.0492356941103935 0.0154167599976063 0.00702206045389175 -0.0672769099473953 0.0916452929377556 0.166714757680893 0.0950553864240646 0.127606049180031 0.0214038640260696 0.0581521540880203 -0.120087750256062 0.0792832225561142 0.0403454564511776 0.180339947342873 -0.0750558823347092 -0.0528897419571877 0.0551078878343105 -0.00321061164140701 0.0688117668032646 -0.0908316895365715 0.070458248257637 0.0698971748352051 -0.0552487410604954 -0.0398664474487305 -0.00451528979465365 0.0220926646143198 0.0223057121038437 -0.0356384515762329 -0.07769775390625 0.0101512614637613 0.0874341279268265 0.0934294611215591 -0.00319218030199409 -0.0195814166218042
0.0743568316102028 0.0176334921270609 0.0790390893816948 0.150443062186241 -0.118322759866714 -0.0481156893074512 0.0379020124673843 -0.158180341124535 0.0648984760046005 -0.0122226681560278 0.113336399197578 0.0374770648777485 0.162889271974564 0.158117175102234 -0.103356875479221 0.114002719521523 -0.108229517936707 0.122688680887222 -0.00297935935668647 0.120786495506763 0.0805224254727364 0.0145624876022339 -0.0723852962255478 0.0706660971045494 0.0226377733051777 0.0100649558007717 -0.00569309992715716 -0.0747130960226059 0.0131065798923373 -0.0363814942538738 0.017293643206358 0.0716739147901535 -0.0570010729134083 -0.0163189899176359 -0.0180648304522038 -0.00276052136905491 -0.020740082487464 -0.10155414044857 0.0618196725845337 0.0304722897708416 -0.0141928791999817 0.00433067604899406 0.0652045682072639
0.0259850062429905 -0.179048359394073 0.00559496646746993 0.0559732839465141 0.0427440777420998 0.0642527416348457 -0.0416630655527115 0.0804948881268501 0.0300711169838905 0.126139044761658 -0.142927825450897 0.331284195184708 0.0522381514310837 0.0410716123878956 0.136115983128548 0.121921546757221 0.030090419575572 -0.206412330269814 0.0326987355947495 -0.107861705124378 0.187814548611641 0.0821328982710838 -0.00567553890869021 -0.0120826559141278 0.132654741406441 0.0841664969921112 -0.0460064709186554 -0.0807496458292007 -0.0413589403033257 -0.113000996410847 -0.00825466681271791 0.0468783192336559 -0.0180672761052847 0.0408955067396164 -0.0385195016860962 -0.0590528026223183 -0.0557874701917171 -0.0677503421902657 0.0759723708033562 -0.0723550021648407 0.0557584315538406 0.00040550233097747 -0.0309666153043509
0.0199625380337238 0.0510538406670094 0.0067058983258903 -0.138762548565865 0.052257239818573 -0.0445816852152348 -0.24580942094326 0.0134037006646395 0.160529062151909 0.0718959197402 -0.176493272185326 0.0572710409760475 -0.0121575072407722 0.0362871289253235 -0.0342054031789303 -0.0519810430705547 0.0930182561278343 -0.0169273726642132 -0.0624401420354843 -0.174706518650055 -0.0203836802393198 0.0832519382238388 -0.0487399585545063 -0.0362918227910995 0.33315098285675 0.0540643818676472 -0.0742626488208771 0.0828417986631393 -0.00916077103465796 0.120440766215324 -0.0920478031039238 0.0564445629715919 0.0253466758877039 0.0061765112914145 0.0500621758401394 -0.0205913223326206 -0.00865522027015686 0.00807673204690218 0.0525060258805752 -0.0332942306995392 -0.0627847462892532 0.00363536644726992 0.126607641577721
0.124527096748352 -0.050160750746727 -0.00625445460900664 0.0123392036184669 0.00443537393584847 -0.173100337386131 0.149228855967522 0.0756619721651077 -999 0.0288370214402676 -0.0242017954587936 0.263661116361618 -0.0613260976970196 0.0596076250076294 -0.0365878827869892 0.226035431027412 -0.100751347839832 0.0385036170482635 0.102061666548252 0.060561615973711 -0.0480191260576248 0.0141540681943297 0.0413837656378746 0.0857714936137199 0.0182576887309551 0.0135664381086826 -0.0511095076799393 0.0399482622742653 -0.00933174882084131 0.0927547439932823 -0.00491693615913391 -0.0942791700363159 -0.0124483602121472 -0.0756646394729614 0.0850435197353363 -0.113357469439507 -0.0764498710632324 0.0519845634698868 -0.115335650742054 -0.0121722361072898 0.0459169112145901 0.0881964117288589 -0.0839402377605438
0.117753863334656 -0.0388498045504093 0.0900387614965439 -0.0177967417985201 0.00531463883817196 0.143599718809128 -0.0128001365810633 0.191965281963348 0.008396509103477 -0.106036253273487 -0.0392749011516571 0.0536327362060547 -0.109696961939335 0.0799690335988998 0.0283923987299204 -0.103798389434814 -0.0446138046681881 -0.0290718879550695 0.00682622427120805 -0.0453218333423138 0.178548410534859 0.10711470246315 -0.0202875025570393 -0.0124109219759703 -0.0818616673350334 -0.124930642545223 -0.0630462318658829 -0.00577341532334685 -0.0148936230689287 -0.0943808704614639 0.112435802817345 -0.0433777868747711 0.00291793374344707 -0.00184147304389626 -0.103020325303078 0.00676752394065261 0.0184063743799925 0.0548211671411991 -0.0829576924443245 0.0195413809269667 0.0114354770630598 0.0710043236613274 -0.0602308958768845
-0.0985356196761131 0.0650082528591156 0.109871752560139 -0.141729176044464 0.120693854987621 0.00803983490914106 0.00770164746791124 -0.0961515083909035 0.0225904490798712 -0.0668107122182846 0.355115562677383 0.051787693053484 -0.0568406581878662 0.0313292108476162 -0.0557145662605762 -0.131269291043282 -0.109868325293064 -0.0125780906528234 0.198768824338913 0.0407471135258675 0.00481753051280975 -0.122506819665432 0.0242202002555132 -0.115069404244423 -0.084865503013134 0.115011982619762 -0.099908709526062 -0.0609946139156818 0.0427744053304195 -0.0946634560823441 0.0102919088676572 0.0325289592146873 -0.00811601802706718 -0.11993270367384 -0.0512362122535706 0.0869583487510681 0.0696678385138512 0.031032420694828 -0.053786713629961 0.0480307936668396 0.0118968673050404 0.0486808344721794 -0.000147766870213673
0.00937517732381821 0.107539273798466 0.0247556157410145 0.0728518813848495 0.0762185156345367 -0.0440669544041157 -0.0713907331228256 0.134338051080704 -0.0148545233532786 9.91070482996292e-05 0.237243488430977 0.0549410209059715 -0.0696399211883545 0.042547807097435 0.109454154968262 -0.033385656774044 -0.0584611929953098 -0.02233543433249 0.0778937116265297 0.0940352156758308 0.0929902419447899 0.0551930293440819 -0.0823037177324295 0.0564167201519012 -0.0654666274785995 0.0173352956771851 -0.0559860467910767 0.0587284900248051 0.0692434683442116 0.0613838396966457 -0.0264978241175413 -0.0351473204791546 0.0424273125827312 -0.187576144933701 -0.0106579400599003 0.0153297483921051 0.0152638740837574 -0.066821001470089 -0.00828405190259218 -0.050439640879631 -0.0618324838578701 -0.0693350732326508 0.0421466790139675
0.0249125733971596 0.0239242389798164 -0.057321559637785 0.112958490848541 -0.00587746454402804 -0.0129048069939017 0.0893814563751221 0.163599103689194 0.245562538504601 -0.0458433888852596 0.0189382787793875 0.135457068681717 0.021853594109416 0.0773713141679764 0.0592657364904881 -0.0822789743542671 0.0611630715429783 -0.0428991578519344 -0.0433010570704937 0.060997411608696 -0.0679304450750351 0.0228940080851316 -0.124202847480774 -0.0579065270721912 -0.0108618643134832 -0.014601806178689 -0.0950599908828735 -0.123079091310501 0.0078402440994978 0.0556347034871578 0.0716694369912148 0.0235224887728691 -0.0354548059403896 0.0110524399206042 0.00907057151198387 0.0429846756160259 0.0562617778778076 -0.140306770801544 0.0487567894160748 -0.0186398271471262 -0.101480469107628 0.0118822325021029 0.0830011367797852
0.159317672252655 0.0264929961413145 -0.13506144285202 -0.0185378156602383 0.135934710502625 0.0717207863926888 -0.0325153172016144 -0.0427168048918247 0.0592620819807053 0.0256794970482588 0.059931181371212 -0.024347186088562 0.00318054761737585 0.0663434267044067 -0.0471219047904015 0.0544372275471687 0.0435066595673561 -0.0717896446585655 -0.02771907299757 0.068679004907608 0.0278567168861628 -0.0841502323746681 -0.0373703986406326 -0.0310466419905424 -0.0240563675761223 0.079033188521862 -0.00170772918500006 -0.0316360220313072 -0.0536121688783169 -0.00812030769884586 -0.0885223150253296 -0.0610267370939255 -0.0455096438527107 0.0150652825832367 -0.0786207318305969 -0.0484446287155151 0.122018828988075 -0.00638860743492842 -0.178860485553741 0.0406717956066132 -0.0633838772773743 -0.0119824893772602 0.0149482842534781
-0.0855076983571053 -0.0332279950380325 -0.0906325802206993 -0.017834547907114 0.0775983780622482 0.131373137235641 0.0725719481706619 -0.0235721971839666 0.040231566876173 -0.0377474837005138 -0.0578114911913872 -0.0419457592070103 0.0707846134901047 0.0195781849324703 -0.0186017174273729 0.0232738871127367 0.0325591042637825 -0.122153341770172 0.0588789768517017 0.0225885435938835 -0.0219896826893091 -0.126596376299858 -0.0629576295614243 -0.0152790490537882 -0.10605788230896 -0.0405193604528904 -0.0823940709233284 0.0348949730396271 -0.0793085545301437 -0.00991616118699312 -0.0420251935720444 0.0210221875458956 -0.0270660761743784 -0.0146113680675626 -0.0408859886229038 -0.0562459416687489 0.0294404458254576 0.0525944642722607 0.00290886661969125 0.130811184644699 -0.0416641421616077 0.0370365269482136 0.0156950540840626
-0.122725039720535 -0.0288729593157768 -0.0970642492175102 0.0290924143046141 0.0630812421441078 -0.0274348668754101 0.0281568113714457 0.0319826118648052 0.12569634616375 -0.0639088526368141 -0.0795246586203575 -0.096867248415947 0.0312608517706394 -0.00625040754675865 -0.124957367777824 0.072465643286705 0.0649431645870209 -0.100585423409939 -0.0457355789840221 -0.105594381690025 0.025803891941905 -0.0361074954271317 0.043667409569025 0.0311458595097065 -0.0458806790411472 -0.164380103349686 -0.0912212356925011 0.0417720153927803 -0.0332482755184174 -0.0280193462967873 -0.0071086180396378 -0.0100250970572233 -0.0996784120798111 -0.0605653636157513 -0.0523416884243488 -0.0930840894579887 -0.0373682677745819 -0.0517312251031399 -0.130103811621666 -0.0244803186506033 -0.00629668077453971 -0.0371921211481094 -0.0335715711116791
-0.180697470903397 0.012339717708528 0.0773367136716843 0.14777959883213 -0.0464217998087406 -0.0077383266761899 -0.0499925762414932 -0.0280784144997597 -0.0606207549571991 -0.102632939815521 -0.00275265541858971 0.0942122936248779 0.0543617270886898 -0.0673378333449364 0.0102996323257685 0.0990618616342545 -0.0603275485336781 -0.00222404161468148 0.00211096717976034 0.0378117635846138 -0.00218236306682229 -0.00957735441625118 -0.0673985332250595 -0.0388101972639561 -0.0190633777529001 0.03742516040802 0.0352381579577923 -0.0218251161277294 0.0384769290685654 0.0302857514470816 -0.0030344664119184 -0.0188299156725407 -0.0609354600310326 0.00268425396643579 -0.034581147134304 -0.0214448031038046 -0.0789225623011589 -0.056670781224966 -0.0168520174920559 0.00369403627701104 0.0571601800620556 0.0283685568720102 -0.0501337684690952
0.00531915156170726 0.238906562328339 -0.0747809633612633 0.0481183156371117 -0.108795084059238 -0.0298064574599266 -0.046278465539217 -0.0337093099951744 0.0223666001111269 0.0624871626496315 0.00479131238535047 0.0591549053788185 0.0884540230035782 0.0524323843419552 -0.097621314227581 -0.0549727007746696 -0.0652571842074394 -0.00997650157660246 -0.0255751255899668 -0.0613728985190392 -0.00579105829820037 -0.0232227575033903 0.0435796864330769 0.00579805159941316 0.00613966211676598 -0.00714132841676474 -0.0621014907956123 0.0250442959368229 -0.0845525488257408 -0.019452890381217 0.0375245474278927 0.0561127923429012 -0.107812039554119 0.0207350719720125 -0.0471688769757748 -0.0347021967172623 -0.0485686250030994 -0.0219634491950274 -0.0220315866172314 -0.0778372958302498 0.0133111719042063 0.02735810354352 0.0170821826905012
0.053199402987957 0.0439302027225494 -0.0396017208695412 0.00147664407268167 -0.022312831133604 -0.0655012354254723 -0.038062572479248 -0.0368515998125076 -0.143172085285187 -0.0478690899908543 -0.0126757165417075 -0.0480651296675205 -0.118184708058834 0.00234440411441028 -0.0902031883597374 0.0481523051857948 0.0330879241228104 -0.021635327488184 0.0312560088932514 0.0342633053660393 -0.0486728213727474 0.0214723292738199 -0.0628915801644325 -0.0165833979845047 -0.000417110830312595 -0.0306580793112516 0.073292538523674 0.0674993768334389 -0.0172124188393354 0.039624847471714 1.79509315785253e-05 -0.0791322439908981 -0.11376591026783 -0.0690355077385902 -0.0439004488289356 -0.0931992754340172 -0.0019491397542879 -0.00520835677161813 0.00132598995696753 -0.0678464770317078 0.123480416834354 -0.0512748248875141 -0.038411695510149
-0.0397640578448772 -0.0877272933721542 -0.0162799414247274 -0.161979496479034 -0.0716334357857704 0.111315056681633 -0.0886072888970375 0.141934543848038 -0.0883820056915283 -0.0521608963608742 -0.0884572044014931 0.0945766791701317 -0.00759807927533984 0.121690452098846 -0.00127339933533221 -0.0784468874335289 -0.0558635704219341 -0.0569695606827736 -0.00963160954415798 0.0132056092843413 -0.0331389456987381 -0.0273931529372931 0.0424283482134342 -0.00381752592511475 -0.052985917776823 -0.0544717125594616 -0.0211770869791508 -0.060652531683445 0.0129548804834485 -0.036974485963583 -0.0391488745808601 -0.0344286896288395 -0.126856073737144 0.0555364936590195 -0.0884099006652832 -0.034717358648777 -0.0774848088622093 0.0167338028550148 0.128935605287552 -0.0902775824069977 -0.00790423341095448 -0.056287556886673 0.100442446768284
-0.0667991116642952 0.000729925930500031 0.0316571556031704 0.044978890568018 -0.0924239456653595 -0.146628841757774 -0.0256095472723246 -0.0340563207864761 -0.0895638689398766 -0.0904062315821648 0.0312893129885197 -0.068054661154747 -0.117446854710579 -0.0230158139020205 -0.0517148822546005 0.0110222743824124 -0.0097052613273263 -0.0580702908337116 -0.125310003757477 -0.0624530427157879 0.0409671999514103 -0.0864634066820145 -0.109924338757992 0.0563285984098911 -0.0632750391960144 -0.0993466824293137 0.0617488063871861 0.0439560525119305 -0.0351337529718876 0.0330417118966579 -0.117946699261665 0.106106735765934 -0.103869467973709 -0.00509646954014897 -0.0322471968829632 0.020369878038764 -0.173499345779419 -0.00161943153943866 0.0756666883826256 0.0421679727733135 -0.0258293393999338 -0.0376039557158947 -0.074859194457531
