assets/gome_f/processed/ascii/world/gome_sif_world_20130201.asc
NCOLS 720 
NROWS 360 
XLLCORNER -180 
YLLCORNER -90 
CELLSIZE 0.5 
NODATA_value -3.4e+38 
[rows 133 to 151 of 360, columns 129 to 171 of 720]
0.00754163926467299 -0.118792645633221 -0.0077344817109406 -0.0545574091374874 -0.0184124931693077 0.101604223251343 -0.021251218393445 0.089385062456131 -0.0852346941828728 0.0243366081267595 -0.0503850989043713 0.0551677457988262 0.0281423088163137 0.00500333635136485 0.0240319427102804 -0.0232374593615532 -0.00550884706899524 -0.0920727252960205 -0.0238597635179758 0.187347382307053 0.229344964027405 0.112475231289864 0.0762217566370964 0.0895770490169525 0.0175007078796625 -0.0641884580254555 -0.0217224098742008 0.035000167787075 0.0780833810567856 0.0697015896439552 0.106388479471207 0.0917545706033707 0.165503278374672 0.0316304750740528 0.145306572318077 0.0438437648117542 -0.0787893310189247 -0.0229040961712599 -0.0564103238284588 0.100407920777798 0.009320386685431 0.00807521492242813 0.0300859417766333
0.11012364178896 0.00779433455318213 -0.0351666063070297 -0.0628019869327545 -0.0242039132863283 0.0315010249614716 0.0885559991002083 0.039237204939127 0.0890524089336395 -0.0849082842469215 -0.0180643107742071 0.00780690275132656 0.0214339643716812 0.0527575947344303 -0.0566153936088085 -0.038248348981142 0.00636148592457175 0.0488725379109383 -0.0371060520410538 0.0783652439713478 0.201720431447029 0.082192100584507 0.0951350703835487 0.110340058803558 0.0168370809406042 0.0159662403166294 0.0213227085769176 0.0676047205924988 0.00204243091866374 0.0203710291534662 0.0903323367238045 0.0610579699277878 0.194430977106094 0.0567889884114265 0.137944608926773 0.202710077166557 -0.0530530400574207 0.0404026731848717 0.00274265860207379 0.0791743323206902 -0.0399864614009857 -0.0906282216310501 -0.0798907652497292
0.0509316585958004 -0.0758116841316223 0.0669311285018921 -0.0135982036590576 0.0585607588291168 0.0420509018003941 0.016651839017868 -0.00765591487288475 0.115379571914673 0.00859978515654802 -0.0176372714340687 -0.00375846796669066 0.0109718656167388 -0.0287981163710356 0.009751389734447 -0.00632169796153903 -0.0326196029782295 -0.0130303017795086 0.0828111469745636 0.0223870631307364 0.253337770700455 0.222677066922188 0.164408668875694 0.00193604652304202 0.119460515677929 0.109954334795475 -0.0362408235669136 0.0475391075015068 -0.00805209018290043 0.00873356405645609 -0.0429742038249969 0.0906089693307877 0.0933581292629242 0.152343273162842 0.304653495550156 0.0545335523784161 0.12363251298666 -0.0638328567147255 -0.0298183802515268 -0.0822910740971565 -0.0443951040506363 -0.0217776242643595 -0.0275847874581814
0.0118057578802109 0.0683354213833809 -0.0376724563539028 0.0362341478466988 0.0696346536278725 0.101413853466511 0.0127615612000227 -0.0419161580502987 0.0235280245542526 -0.0354138612747192 0.0284566469490528 -0.0420054271817207 -0.0600894168019295 0.077017217874527 -0.0241874903440475 0.0600986480712891 -0.0649618580937386 0.0222239103168249 0.0277956854552031 0.0532445572316647 0.0497667007148266 0.0822697356343269 0.0945140421390533 0.0657158270478249 0.0781872645020485 0.113746240735054 0.062873549759388 0.0697458684444427 0.0678982809185982 0.112158827483654 0.0515980124473572 0.0687127038836479 0.0589233711361885 0.10588550567627 0.271099507808685 0.307316243648529 0.26473480463028 -0.058119885623455 -0.0287404954433441 0.0132252518087626 -0.0199989676475525 -0.0156199457123876 0.0133982300758362
-0.065525658428669 -0.021676791831851 0.00863103102892637 0.0104954987764359 0.0192050915211439 0.0497866906225681 -0.0644669905304909 0.0157181173563004 -0.0310830306261778 0.0281168557703495 0.051863431930542 0.0563200786709785 -0.00734996749088168 0.0247622337192297 -0.0547079294919968 0.0447431541979313 -0.0487750135362148 0.0413839071989059 -0.0177176780998707 0.0697298869490623 0.00480842590332031 0.176831871271133 0.187379524111748 0.158858850598335 0.126604840159416 0.0338273979723454 0.10172538459301 0.0435324162244797 0.0492108426988125 0.00291615421883762 0.0317740477621555 0.0770915374159813 0.103514291346073 0.177697241306305 0.230848699808121 0.193679928779602 0.133725076913834 0.0944112315773964 0.0751367285847664 -0.0292418003082275 -0.0126398429274559 0.0579348765313625 -0.0364119224250317
0.0824273079633713 0.0615931637585163 -0.0743700787425041 -0.0016878352034837 0.00110477313864976 -0.0341652072966099 -0.0203513503074646 -0.0115127693861723 0.0606525577604771 -0.0228080004453659 0.0169255640357733 0.0729129016399384 0.0304215773940086 0.0269446652382612 -0.0804670825600624 0.0612163171172142 -0.0374185629189014 0.00459408760070801 0.0379275232553482 0.0623442344367504 0.126008719205856 0.194815248250961 0.170909643173218 0.119866766035557 0.126237377524376 0.102376013994217 0.0768801718950272 0.0772631615400314 0.0576770715415478 0.190677553415298 0.112731337547302 0.0804030522704124 0.150060161948204 0.101941980421543 0.106305524706841 0.341354966163635 0.281966686248779 0.130082741379738 0.0765354782342911 -0.00332891708239913 -0.00777889369055629 -0.0175951775163412 0.0144636435434222
-0.0569134503602982 0.147254809737206 -0.0193852465599775 -0.0349586941301823 0.0572757236659527 -0.0640502348542213 0.0703418254852295 0.0563965514302254 -0.0371018424630165 -0.035109780728817 0.0520416647195816 0.0638530030846596 -0.024040475487709 0.0136113055050373 -0.0122947581112385 -0.0371745936572552 0.0547441020607948 0.0128154288977385 -0.00298360688611865 0.0314535684883595 0.266480892896652 0.230816274881363 0.213481768965721 0.166568249464035 0.0919452458620071 0.128115952014923 0.208182454109192 0.167539015412331 0.11227223277092 0.0694286227226257 0.0817356333136559 0.0255764350295067 0.148265734314919 0.182129740715027 0.129710018634796 0.234794691205025 0.294327676296234 0.312821060419083 -0.0628108531236649 0.0061009475030005 0.0281985029578209 0.0784568414092064 -0.00684118457138538
-0.0739206224679947 0.0238933674991131 -0.0769158080220222 -0.00605256576091051 0.0491895079612732 -0.0130062326788902 -0.137703254818916 -0.0706443935632706 -0.0597784668207169 0.0657394453883171 0.0633567050099373 -0.0279522817581892 -0.0733582451939583 0.0256031006574631 -0.0360874347388744 0.0213495939970016 0.0246372502297163 -0.0231562349945307 0.0610186047852039 -0.0122729772701859 0.0805089548230171 0.350794613361359 0.336495727300644 0.16678974032402 0.197097390890121 0.166429236531258 0.114715464413166 0.201445937156677 0.140284344553947 0.107720516622066 0.184972509741783 0.0338388383388519 0.0431147962808609 0.0686998814344406 0.126375570893288 0.136064231395721 0.272181481122971 0.229885786771774 0.115549579262733 0.0118344314396381 -0.086518220603466 0.051905445754528 0.0122938379645348
0.0414032340049744 -0.0419119596481323 -0.0537781119346619 0.00295636686496437 0.0287953242659569 0.00109467306174338 -0.0175177529454231 0.0373711101710796 -0.017154585570097 0.0515400543808937 -0.0171733573079109 0.00901333428919315 0.0962669774889946 -0.0739482864737511 -0.0348742678761482 0.11530751734972 -0.00928059872239828 0.0601173005998135 0.0186971984803677 0.00686922483146191 0.023053627461195 0.0471051819622517 0.187624663114548 0.236681342124939 0.187070712447166 0.104811772704124 0.164412438869476 0.204402312636375 0.0555256716907024 -0.0354015305638313 0.147128388285637 0.0983194783329964 0.167748779058456 0.0623403266072273 0.0384835377335548 0.0856637880206108 0.118472091853619 0.264372825622559 0.194026529788971 0.118308037519455 0.0665205717086792 -0.00621644873172045 0.0176775492727757
0.0136642558500171 -0.0321979150176048 -0.0579497441649437 -0.0108724981546402 0.0600901767611504 0.000208702680538408 0.0459136292338371 0.0215373728424311 -0.0614045150578022 -0.0500415898859501 0.00877472013235092 0.0146683910861611 0.0395200327038765 0.0197701938450336 -0.0764315202832222 0.05931705981493 0.0400296971201897 0.0245053712278605 0.0471243485808372 -0.0319778844714165 0.0157892853021622 -0.0313491262495518 0.0131037076935172 -0.0159004777669907 0.137313291430473 0.192000910639763 0.0840856209397316 0.0787579268217087 0.0457434877753258 0.109352961182594 0.167450442910194 0.251467704772949 0.105833292007446 0.0649465098977089 0.0486429668962955 0.0861615613102913 0.136894941329956 0.279645711183548 0.287807166576385 0.266564697027206 0.268609046936035 0.135717317461967 0.102761305868626
-0.0727665796875954 -0.0833891555666924 -0.0406337007880211 0.00901721511036158 0.113323643803596 -0.0479134358465672 0.0611415766179562 -0.0655392780900002 -0.0585859566926956 -0.00323607190512121 -0.0193291362375021 0.00828827824443579 0.0294412896037102 0.0117682442069054 0.0520364716649055 0.0259664002805948 -0.00376589316874743 -0.0589636117219925 -0.0403082892298698 -0.050833273679018 -0.0210721865296364 -0.101581171154976 0.00345363235101104 0.0336044318974018 0.0584314912557602 0.0559359565377235 0.166773617267609 0.138138249516487 0.120607137680054 0.0740536227822304 0.0904840305447578 0.0982677713036537 0.142600506544113 0.135491654276848 0.110584385693073 0.0835885033011436 0.128124833106995 0.125838920474052 0.331840634346008 0.386349081993103 0.495043218135834 0.504269361495972 0.268550634384155
-0.036670807749033 -0.0719888284802437 -0.0727251097559929 0.0149751417338848 -0.00132707401644439 -0.00314665352925658 0.0570854544639587 0.0113139031454921 -0.0230090022087097 0.099969781935215 0.00502633210271597 0.100754119455814 0.0414533130824566 -0.02446617372334 0.0696491524577141 -0.018159307539463 0.108082100749016 -0.0306075979024172 -0.0239349156618118 -0.0694664269685745 -0.0251289829611778 0.0633070915937424 -0.0430775210261345 0.00514857657253742 0.0168787036091089 0.00677054608240724 -8.12641592347063e-05 0.00865377020090818 0.151456639170647 0.292140424251556 0.211008325219154 0.23685097694397 0.0831968039274216 0.0248129423707724 0.052654180675745 0.116849489510059 0.130827739834785 0.170221120119095 0.40089339017868 0.471461802721024 0.559590280056 0.360051482915878 0.451500505208969
0.0598081797361374 0.037111658602953 0.00436902558431029 0.00810825638473034 0.0112643064931035 -0.107676051557064 0.042600505053997 0.117252588272095 -0.0464894622564316 -0.0173228718340397 0.11010330915451 0.00242162216454744 -0.00889892224222422 0.0545615330338478 0.0912238359451294 0.0209500938653946 0.0160545986145735 -0.032679095864296 -0.00993724260479212 0.0153068210929632 -0.0618874318897724 -0.0669616162776947 0.0549319982528687 -0.0654898509383202 0.00511386524885893 0.0381954312324524 -0.0173100456595421 -0.106627821922302 -0.0830993130803108 0.0788555145263672 0.240025877952576 0.380377143621445 0.269031852483749 0.169441640377045 0.313563257455826 0.23015196621418 0.0949272960424423 0.238069206476212 0.204092398285866 0.36998251080513 0.429503053426743 0.513480246067047 0.642020761966705
0.00340559659525752 0.012959660962224 -0.0766634717583656 -0.0383336208760738 0.0290165171027184 -0.0430231653153896 0.0211186911910772 -0.0219065509736538 0.0424533113837242 -0.0350006446242332 0.00746862031519413 -0.00991411972790956 0.006393410731107 -0.016668314114213 0.00828476715832949 -0.00869768299162388 -0.0589417330920696 0.0382789112627506 0.0253693014383316 0.0112791890278459 0.00677774613723159 0.0171592943370342 0.0129678435623646 -0.00121038919314742 0.096721425652504 0.0372444503009319 0.0715569257736206 0.0169090405106544 0.0768657848238945 -0.000104886137705762 -0.0435134805738926 -0.014463041909039 0.0565359219908714 0.136766538023949 0.272890329360962 0.219182506203651 0.149777457118034 0.178816631436348 0.068280853331089 0.075249120593071 0.22233359515667 0.215027511119843 0.273046970367432
0.00984059739857912 -0.117583088576794 -0.0319141894578934 -0.0534619577229023 0.0308504533022642 0.0457910783588886 -0.015682939440012 0.0605863407254219 0.0933994874358177 -0.0556688830256462 -0.00273724761791527 0.117775328457355 -0.0215312018990517 0.0387504175305367 0.0138296438381076 0.0117763699963689 -0.0376035943627357 -0.048900417983532 -0.0366205982863903 0.00166332896333188 0.0199748072773218 -0.0526419132947922 -0.0500679425895214 -0.0612658113241196 -0.0293851047754288 0.0395543985068798 -0.00993167702108622 0.0207247864454985 0.0412436500191689 -0.0212661493569613 -0.0659706816077232 -0.0501620844006538 -0.0151433888822794 0.0341752432286739 -0.121267043054104 0.089269794523716 0.214725002646446 0.210157111287117 0.2181436419487 0.113896124064922 0.0402706824243069 -0.0101142451167107 0.0789287090301514
-0.0145468944683671 0.051885649561882 -0.0592023767530918 0.0791123583912849 0.0284459143877029 0.0462716035544872 0.0383746474981308 0.00657110754400492 0.0610599964857101 -0.0263809654861689 0.0290792547166348 0.0139930751174688 0.0566758438944817 0.0772389769554138 0.00398447876796126 0.024253498762846 0.010610593482852 -0.0487742982804775 0.0692558065056801 0.0442382656037807 -0.0197731088846922 0.0249546002596617 0.0719065591692924 -0.0510773435235023 0.022153452038765 -0.0625303387641907 0.0012741694226861 -0.0114790173247457 0.0566720366477966 0.00495188497006893 -0.0182189587503672 -0.0740825831890106 0.0425800979137421 0.0670952275395393 -0.023477453738451 0.0467317551374435 0.0428515076637268 0.101943768560886 0.0929316505789757 0.0140281533822417 0.000976074952632189 0.0725725963711739 -0.0348185487091541
0.0196907259523869 -0.028923699632287 -0.0158065911382437 0.0313211120665073 0.00638220459222794 0.0691587254405022 -0.0229171942919493 0.0422152392566204 0.0424227826297283 -0.0329041220247746 -0.0333170481026173 -0.0154468296095729 -0.0518209226429462 0.0122902132570744 0.000178032976691611 0.0360546447336674 0.0187590699642897 0.0290930531919003 -0.0393600054085255 -0.0103440396487713 -0.00673809414729476 0.0533902756869793 -0.0301370453089476 0.000220975154661573 0.0548439510166645 0.0932333692908287 0.0163313951343298 0.00766985025256872 0.0204473044723272 -0.0170169677585363 0.0268612168729305 0.0652061700820923 0.0140790631994605 -0.0779023244976997 0.0586456097662449 0.000480355200124905 0.0153150586411357 0.0287163499742746 -0.00813689734786749 -0.00507831387221813 -0.0444388762116432 -0.0209323223680258 -0.00967989396303892
-0.0215172320604324 0.0507605634629726 -0.052790179848671 -0.0488557294011116 0.0288428626954556 -0.0497687608003616 0.0394873134791851 0.0208003427833319 0.0109728425741196 0.0180255249142647 0.0222406350076199 -0.0132436109706759 -0.0275663938373327 -0.0305253323167562 0.058457475155592 -0.0709006786346436 -0.0111764958128333 -0.0732273235917091 0.0651330798864365 -0.01037866063416 0.00667057791724801 -0.0118803903460503 -0.0253253225237131 -0.0725882351398468 0.0369721166789532 -0.00274800043553114 0.0224785264581442 -0.0249261632561684 -0.0314855016767979 -0.0150041813030839 0.0270967092365026 0.0744872018694878 -0.0593104101717472 0.0108205266296864 -0.0423605814576149 0.00604734430089593 0.0986689627170563 -0.00591271510347724 0.01979960501194 0.0206668842583895 -0.000667619460728019 0.0447418391704559 0.0381992049515247
-0.0776527896523476 0.0519968122243881 0.0526678785681725 -0.0394844338297844 -0.0517748892307281 -0.00987569987773895 -0.0249218139797449 0.0786406546831131 -0.0176782105118036 0.0166098959743977 0.00592734618112445 0.0333633981645107 0.0249878037720919 -0.00250046653673053 0.0277223866432905 -0.0163251273334026 0.0326077789068222 -0.0411503575742245 0.0184101909399033 -0.0499205999076366 0.0204854365438223 0.0137642361223698 0.023851940408349 -0.0303449463099241 0.0101913521066308 0.0274529960006475 -0.0149968164041638 -0.00326571939513087 -0.00306388805620372 0.0213974472135305 0.00613697478547692 -0.0240703281015158 0.0375905744731426 -0.0565303787589073 0.0330692641437054 0.0266803205013275 0.00107867771293968 0.0412202849984169 0.0289276540279388 -0.0271908361464739 0.0296265836805105 -0.00369733711704612 -0.000953356560785323
