assets/gome_f/processed/ascii/world/gome_sif_world_20120401.asc
NCOLS 720 
NROWS 360 
XLLCORNER -180 
YLLCORNER -90 
CELLSIZE 0.5 
NODATA_value -3.4e+38 
[rows 247 to 265 of 360, columns 430 to 472 of 720]
0.0657488107681274 -999 0.0440773591399193 0.0406969301402569 0.0433141067624092 -0.126717150211334 0.116338968276978 0.0912707820534706 -0.211682751774788 -0.0120071992278099 0.00036788935540244 -0.0533787496387959 -0.0203538425266743 -0.077995203435421 -0.0555577576160431 -0.149248108267784 -0.102219924330711 -0.035684410482645 -0.0145852277055383 -0.139375105500221 0.00784264970570803 -0.00790058076381683 -0.177723079919815 -0.00564703345298767 -0.290975689888 0.0231872480362654 0.0188786722719669 0.0973399579524994 -0.0169964525848627 -0.0507152378559113 0.0287089850753546 -0.0199192874133587 -0.0249056741595268 0.0916580110788345 -0.153059855103493 0.0664453357458115 0.18750673532486 -0.0938738137483597 -0.0295915883034468 -0.00106325629167259 0.0671093165874481 -0.0748186632990837 -0.00422205729410052
-0.0390607006847858 -0.145307242870331 4.41849224444013e-05 -0.0127427177503705 -0.0223650839179754 -0.021939504891634 0.277359932661057 -0.0608669966459274 0.0749934315681458 -0.0883979201316833 -0.0214204583317041 -0.120291359722614 0.0115711027756333 -0.0958431512117386 -0.0322447754442692 0.0230463910847902 -0.0434686355292797 0.0127272754907608 0.135186225175858 0.000951605383306742 0.0258794315159321 -0.0589322932064533 -0.275795757770538 -0.0927904844284058 -0.0897272676229477 -0.155667096376419 0.126695409417152 -0.128389239311218 -0.043014120310545 -0.0471083782613277 -0.0305193550884724 0.00293571501970291 -0.0489849410951138 -0.0388093777000904 0.0291493069380522 -0.0663761720061302 -0.110166512429714 0.0166934989392757 -0.0127788558602333 0.00712600583210588 0.00372172729112208 -0.169605121016502 -0.0183801837265491
-0.0439969375729561 0.0479003489017487 -0.0621537044644356 -0.0308271329849958 0.118491485714912 -0.0655029341578484 -0.175772696733475 0.0526399351656437 -0.0525676608085632 0.0123814968392253 -0.131224691867828 0.0333168432116508 -0.0613766834139824 -0.102253049612045 -0.00973188597708941 -9.31824324652553e-05 -0.00142250023782253 -0.0310608260333538 -0.18352897465229 0.0258438531309366 -0.0767452195286751 0.0680089071393013 0.0582470633089542 -0.037777878344059 0.0459452383220196 0.0146556943655014 -0.0174215976148844 -0.122211575508118 -0.0784471929073334 -0.0544406585395336 0.00889525469392538 0.0499098375439644 0.0425526089966297 -0.0375298410654068 0.0482041239738464 0.0688270404934883 0.103953614830971 0.00593424029648304 -0.0394891537725925 -0.0665507465600967 0.034991130232811 0.0102622676640749 -0.0223487839102745
0.105031542479992 -0.0570389702916145 0.0336189344525337 0.0043977121822536 -0.0741782039403915 -0.0201416015625 0.0133974505588412 0.187022402882576 0.0358507595956326 0.102497860789299 -0.0212696865200996 0.0250133909285069 -0.00129347248002887 -0.0680346116423607 0.0414523035287857 0.0174112971872091 -0.0906512513756752 0.00607310142368078 -0.00160609593149275 -0.111202545464039 0.089515320956707 -0.188863664865494 -0.0632355958223343 -0.14839793741703 -0.0869444161653519 0.0769974514842033 -0.116514682769775 -0.00357049703598022 0.010068035684526 0.0298840124160051 0.0886794552206993 -0.0145744765177369 0.0497317872941494 -0.0853129625320435 -0.0155883822590113 -0.0693467780947685 0.116513170301914 -0.199924737215042 -0.0118633210659027 0.0713172778487206 0.00961150880903006 -0.148343294858932 0.0115513382479548
-0.0306517910212278 -0.0324730202555656 -0.104398399591446 -0.141835495829582 -0.00704450393095613 0.0189420692622662 -0.0535484328866005 -0.0828929767012596 0.0264516957104206 -0.014478494413197 0.0742870047688484 0.0119794644415379 0.000316708290483803 -0.0189315527677536 -0.155498757958412 -0.0326738879084587 0.040032334625721 0.0390820354223251 0.010849105194211 -0.136255487799644 -0.110458023846149 0.0945806577801704 -0.107234850525856 -0.0899136066436768 0.0216233711689711 -0.12465675920248 -0.0734675526618958 0.0119507601484656 0.059810571372509 0.107791014015675 0.0221342574805021 -0.119712591171265 0.00574144767597318 0.114037685096264 0.00543583743274212 -0.000868153583724052 0.0236720554530621 0.0559258721768856 0.00422356463968754 -0.0165802370756865 0.0256632622331381 -0.034775473177433 -0.0759854763746262
-0.110376700758934 -0.175975754857063 -0.113751202821732 -0.13243642449379 -0.0483582615852356 -0.195392936468124 -0.0423579886555672 -0.0238547399640083 -0.0832207575440407 -0.0615503080189228 -0.021176815032959 -0.0585974641144276 -0.137588143348694 -0.0203585810959339 0.0598667077720165 -0.0681859403848648 -0.0311384834349155 -0.039488673210144 -0.0461954511702061 0.0205882079899311 -0.0565846189856529 0.0760247334837914 -0.0315811559557915 0.00678205443546176 0.0680932328104973 -0.0312490146607161 -0.0280461963266134 -0.0018871269421652 -0.000994555652141571 0.0180459171533585 -0.0536134093999863 -0.0719962418079376 0.0224465448409319 0.0382484011352062 -0.0209776144474745 0.0411938689649105 0.0674159303307533 -0.0155216846615076 0.0296236518770456 0.0737074986100197 0.0294829811900854 -0.00703697418794036 -0.0638943687081337
-0.0260011199861765 0.00992042291909456 -0.0130392909049988 0.00606459053233266 -0.0385568290948868 -0.211005359888077 0.0472837351262569 -0.076563872396946 -0.103913709521294 0.0261775925755501 -0.0400204956531525 -0.0490290224552155 -0.0729688704013824 0.0378533005714417 0.161074176430702 0.0508909523487091 -0.0350663773715496 -0.0451040454208851 -0.0129389930516481 0.0466003902256489 -0.0652454420924187 -0.0572561733424664 -0.0106234708800912 -0.0909615233540535 -0.117172360420227 -0.057117011398077 -0.0722940117120743 0.0495145432651043 -0.0328848622739315 -0.0633296594023705 0.0444904193282127 -0.13422304391861 -0.159908443689346 0.0426757708191872 -0.0580857060849667 0.0106637133285403 0.0433280244469643 0.107467845082283 0.0873675122857094 -0.027503278106451 -0.0724351704120636 -0.0291567966341972 -0.0184246711432934
0.0355265848338604 0.00499219773337245 -0.01253816857934 -0.00968483276665211 -0.0201230049133301 -0.0216793864965439 -0.082168348133564 -0.126662150025368 -0.132246494293213 0.0535772368311882 0.0504431612789631 -0.190438508987427 -0.106404423713684 0.0151356654241681 0.104435011744499 0.154826074838638 -0.0439070463180542 -0.0328905619680882 -0.0662212893366814 0.0426918379962444 0.043352983891964 0.0585530139505863 0.0124789951369166 -0.0977602601051331 0.158954635262489 -0.0762575194239616 0.102491095662117 -0.0755301937460899 0.0100604118779302 -0.147939249873161 0.104354031383991 -0.0157046336680651 0.118874415755272 -0.1291334182024 0.0874534100294113 -0.0285008028149605 -0.0101538663730025 0.0578404553234577 -0.0344115979969501 -0.0761583894491196 -0.0805301368236542 0.0863414853811264 0.00861296989023685
0.0685672983527184 0.0601642020046711 0.00880658533424139 -0.0329092815518379 0.0240641012787819 -0.0637451261281967 0.00840012636035681 0.0699454769492149 0.0691246911883354 -0.0847780704498291 0.0555699467658997 -0.231964886188507 -0.000862532935570925 -0.0761685520410538 -0.120549477636814 -0.0933307409286499 -0.0656196177005768 -0.0707111805677414 -0.0331026688218117 0.0636789351701736 -0.057500846683979 0.0299749989062548 -0.0897879004478455 0.121162436902523 -0.000223288167035207 0.0292202420532703 0.0250140149146318 0.0596258044242859 0.0311372727155685 -0.00312583451159298 -0.0631959363818169 0.14089760184288 -0.0533013828098774 -0.0500568822026253 0.035531297326088 0.117585211992264 -0.163120657205582 -0.0974455252289772 -0.00276331440545619 0.0193562116473913 0.00173782557249069 -0.171160236001015 -0.0632207319140434
0.046217255294323 0.0312084946781397 -0.141003578901291 0.0517509132623672 -0.0510564930737019 0.0282492972910404 -0.0383073203265667 -0.0866910144686699 -0.0701869204640388 0.0336096584796906 -0.0158789157867432 -0.00248244684189558 -0.025775782763958 0.00589270377531648 0.00677207112312317 -0.063216932117939 0.0514470636844635 -0.093175932765007 0.0591004379093647 -0.0648189857602119 0.0407469570636749 -0.0700876042246819 0.0437745973467827 -0.0726527720689774 0.00495293410494924 0.0289572961628437 -0.0591924525797367 0.0153469312936068 -0.0415810160338879 -0.176880910992622 -0.0870028883218765 0.0303044449537992 -0.192538633942604 -0.0670576021075249 0.0703970938920975 0.0260671880096197 -0.0857996791601181 0.00143900618422776 -0.0332413353025913 -0.0212996155023575 -0.100037477910519 0.0551407933235168 -0.0309092923998833
-0.178724005818367 -0.00454232795163989 -0.00450894562527537 -0.0119626373052597 -0.0133821200579405 0.0499464273452759 0.124686568975449 0.0351557359099388 0.162126794457436 -0.0141552584245801 0.156556367874146 0.0187276396900415 -0.0202590990811586 0.171628192067146 -0.0812888741493225 0.00661144871264696 0.0129973674193025 0.114559531211853 0.125583902001381 -0.0623138286173344 0.108008995652199 -0.0272254794836044 -0.0952602028846741 -0.0828473046422005 -0.0892462804913521 -0.0028051077388227 0.130755126476288 0.145995751023293 0.0834959372878075 0.0674065798521042 0.0611959435045719 -0.0416418090462685 -0.0825993344187737 -0.0143173635005951 0.0166776813566685 -0.092926561832428 -0.0629198029637337 -0.0718286707997322 -0.0465871840715408 -0.00275198509916663 -0.0174705348908901 0.243219614028931 0.0520203709602356
0.00588680990040302 -0.0482466481626034 0.0023601830471307 -0.0632750913500786 -0.0594085194170475 0.0971215143799782 -0.0814451202750206 0.0805530920624733 0.125286087393761 0.0720278024673462 -0.102799780666828 -0.00819960795342922 -0.0967181175947189 -0.145817473530769 0.0199386980384588 0.0200322326272726 -0.0897791609168053 -0.246346175670624 -0.0295285545289516 -0.0472394935786724 0.062635138630867 0.0236359611153603 0.206713184714317 0.0413836799561977 -0.303721159696579 -0.107108674943447 -0.00116766488645226 0.179420679807663 0.24774543941021 0.149504706263542 0.0835864841938019 -0.115022674202919 -0.0595135539770126 0.0419021546840668 0.0346152484416962 -0.0764486119151115 -0.00434746686369181 0.0761468708515167 0.113420628011227 0.0495295897126198 -0.0304869990795851 -0.0649916604161263 -0.00706613063812256
-0.118801191449165 -0.00710508972406387 -0.247764065861702 0.100056305527687 0.0806640014052391 -0.00477014016360044 0.0912777706980705 0.0606912150979042 -0.0802031233906746 0.0426217876374722 -0.120793782174587 -0.0959200337529182 0.11054951697588 -0.0473635457456112 0.100179135799408 -0.0606854744255543 -0.00319087645038962 -0.0091455327346921 -0.217665329575539 0.027080962434411 -0.19701099395752 0.0525528341531754 -0.0295944511890411 -0.139219775795937 -0.139193743467331 -0.127970203757286 -0.0511527843773365 -0.00707742944359779 0.0226258561015129 -0.0552340038120747 -0.0590335950255394 -0.0195394903421402 0.00184912385884672 0.180810377001762 -0.118836544454098 -0.159822180867195 -0.178467079997063 -0.0471555069088936 -0.0681945160031319 0.185496121644974 0.0187590476125479 0.0970498919487 0.161136537790298
-0.025314474478364 -0.00513743609189987 -0.079726479947567 -0.035147525370121 0.00480849063023925 0.164016664028168 0.109153136610985 0.102803170681 -0.0482619218528271 -0.038197286427021 -0.302123755216599 -0.248159766197205 0.104910112917423 -0.00341997900977731 0.0336994379758835 0.0462652519345284 -0.0409133806824684 0.0397363007068634 -0.00301954639144242 -0.0116026615723968 -0.196835473179817 0.0132806627079844 0.190711572766304 -0.111070990562439 -0.111907415091991 -0.0895095765590668 0.04167215898633 0.104506321251392 0.343482226133347 -0.0470669530332088 -0.00109470321331173 -0.00918069295585155 0.367540776729584 -0.0816599205136299 -0.0433538481593132 -0.00715604890137911 -0.106659695506096 -0.110939092934132 0.0775105133652687 -0.0871690213680267 -0.27963525056839 -0.0540547259151936 0.0559793934226036
0.0422132797539234 0.00483363261446357 0.102129802107811 0.0928002074360847 0.0629532262682915 0.0610099881887436 0.149766221642494 -0.00308463489636779 -0.00476976064965129 0.0859508886933327 0.0875772386789322 -0.0419605933129787 0.0839675515890121 0.0433995947241783 -0.217983052134514 -0.0180131532251835 -0.0651985928416252 -0.00531695922836661 0.038501862436533 -0.0619896724820137 0.154916226863861 -0.110282056033611 -0.101796835660934 -0.0391888320446014 0.0491219013929367 0.13171249628067 -0.0113995717838407 -0.0762593522667885 0.155696868896484 -0.0608458481729031 -0.0874054804444313 -0.1289032548666 0.013971877284348 0.0279498025774956 -0.16278874874115 -0.0141619639471173 0.0246605686843395 0.0920940190553665 -0.054203599691391 -0.0267899874597788 0.08725306391716 -0.176132127642632 0.0564992651343346
-0.0246663130819798 -0.124941810965538 0.00370354065671563 0.00889388285577297 0.101608671247959 -0.031062051653862 0.090375617146492 -0.24583013355732 0.0575774423778057 0.160874590277672 -0.148252636194229 -0.0241160336881876 -0.0919018015265465 -0.152050033211708 0.0956704467535019 0.00571392104029655 0.1041194871068 -0.0330761447548866 -0.0540388599038124 0.0635045692324638 -0.109862312674522 -0.0621123276650906 0.00589007139205933 -0.168738797307014 -0.111786298453808 0.0213172882795334 -0.0826313197612762 0.0340992882847786 -0.0758222192525864 -0.0545375347137451 -0.0763691887259483 0.0860001966357231 -0.0804144293069839 -0.0815437063574791 -0.0415599457919598 0.0545314475893974 -0.000875866040587425 0.112464010715485 0.0795302093029022 -0.0659114569425583 -0.130605801939964 0.0248588696122169 -0.29032963514328
0.150792598724365 -0.0281544253230095 -0.0965063720941544 0.0348852872848511 0.047375276684761 0.0932334810495377 0.0943924635648727 -0.0169293098151684 -0.11635298281908 0.332744091749191 0.0115422289818525 0.0291555114090443 0.023570554330945 -0.0707511231303215 -0.0603813342750072 0.0397008545696735 -0.241988256573677 -0.151073709130287 0.0976464971899986 0.147238582372665 -0.018399678170681 0.0901314690709114 0.044214241206646 0.0157139897346497 -0.0695463940501213 0.0790607705712318 0.0574560910463333 0.0469495616853237 -0.0481811799108982 -0.242236822843552 0.0445390343666077 -0.153834819793701 -0.07911416888237 0.0805107653141022 -0.134245797991753 -0.0320463664829731 0.0252725668251514 -0.0986685454845428 -0.00757935456931591 -0.121626682579517 -0.0290827322751284 -0.106093652546406 0.014072990976274
-0.108222387731075 -0.0924471914768219 0.110327765345573 0.0428301095962524 -0.0193283427506685 0.0046195313334465 -0.0104382615536451 0.00350875989533961 -0.0253882650285959 -0.143668651580811 -0.0389428809285164 0.0139744570478797 -0.0829462632536888 0.0407286882400513 0.132491767406464 -0.00958510581403971 0.0988184958696365 0.0163896381855011 -0.178660005331039 0.0822078213095665 0.0778494626283646 0.0636359974741936 0.00177215342409909 -0.15507210791111 0.0511796474456787 -0.00629208981990814 -0.0451764054596424 0.175296247005463 0.0104757603257895 -0.100243717432022 0.0643972009420395 0.233833208680153 -0.201031804084778 -0.0353811979293823 0.0134406620636582 0.00824742205440998 0.0212117750197649 -0.164997979998589 -0.0303277559578419 0.0784093588590622 -0.019244221970439 -0.18915718793869 0.194613337516785
-0.114736936986446 0.0843333005905151 0.133446365594864 -0.0148046435788274 0.00707444315776229 -0.0618936419487 -0.140619963407516 -0.0871976763010025 0.0231444612145424 -0.0767737776041031 -0.0338129736483097 -0.0846346244215965 -0.161716312170029 -0.154711991548538 0.154915854334831 0.044075645506382 0.129650115966797 -0.118342995643616 0.283181995153427 0.0346225500106812 -0.00760184228420258 -0.0804334282875061 -0.193328246474266 0.0366060100495815 0.138864561915398 0.0265858620405197 -0.273175776004791 -0.171651303768158 0.208460614085197 0.101743474602699 0.0378667302429676 0.121793031692505 0.200933277606964 -0.0823992714285851 -0.106773108243942 0.0910317599773407 -0.0452891923487186 0.0465425923466682 0.172709614038467 0.0481301173567772 -0.0988090559840202 0.0664018616080284 0.0716957375407219
