assets/gome_f/processed/ascii/world/gome_sif_world_20130601.asc
NCOLS 720 
NROWS 360 
XLLCORNER -180 
YLLCORNER -90 
CELLSIZE 0.5 
NODATA_value -3.4e+38 
[rows 114 to 132 of 360, columns 516 to 558 of 720]
0.00240271282382309 -0.0131118092685938 0.214187696576118 -0.0245743319392204 -0.0076154456473887 -0.0166295170783997 -0.0268417317420244 0.0496629476547241 0.00948224775493145 -0.0435490906238556 0.078191764652729 0.0608905553817749 0.0209951363503933 -0.020366333425045 0.0668264999985695 0.0167634505778551 0.199960172176361 0.00340503617189825 0.0289591364562511 0.0279622972011566 0.108225546777248 0.0127878831699491 0.0851490646600723 -0.0514506138861179 0.0284560155123472 -0.0103066237643361 0.110919520258904 -0.0113373771309853 -0.00658179307356477 0.17022916674614 0.105539530515671 0.183166518807411 0.130917489528656 0.127893105149269 0.340321004390717 0.080622561275959 0.280616015195847 0.148519471287727 0.376787036657333 0.313783824443817 0.34990069270134 0.371506929397583 0.392885744571686
-0.066491112112999 -0.0838148891925812 0.119529761373997 0.0393029861152172 -0.0548066943883896 -0.000501683622132987 0.0276655666530132 0.0551969520747662 -0.000649966124910861 0.0229525249451399 0.163673579692841 0.04708381742239 -0.0387496910989285 0.0130980890244246 0.122685231268406 0.033228050917387 -0.00171074131503701 0.00179906806442887 -0.0351324416697025 0.0307787712663412 -0.0327773615717888 -0.0121010085567832 -0.0217512119561434 0.074314072728157 0.124057613313198 -0.0452523119747639 0.0884197130799294 0.120838537812233 0.0548642873764038 0.120441526174545 0.0990633741021156 0.224169507622719 0.0638960599899292 -0.0124394558370113 0.0995601192116737 0.099028542637825 0.296103984117508 0.192202135920525 0.343492895364761 0.277036190032959 0.233384028077126 0.336051404476166 0.244375437498093
0.150940731167793 0.145637914538383 -0.058379877358675 -0.0511927455663681 -0.0701038390398026 0.0156342182308435 -0.0852475166320801 -0.0101868370547891 0.0605031251907349 -0.0326216742396355 -0.0379368625581264 -0.00761947920545936 0.0566608719527721 0.10970488935709 0.060513187199831 0.123319268226624 0.102690897881985 -0.00319221615791321 0.0769441947340965 0.0266020651906729 0.0392055846750736 0.00257948902435601 0.112640917301178 -0.0645420625805855 -0.0144168548285961 0.0160725098103285 -0.0294343959540129 0.238227531313896 -0.0369037054479122 0.368020564317703 0.198927402496338 0.143202096223831 0.191155254840851 0.175770968198776 0.169195681810379 0.0698552057147026 0.319154053926468 0.358463644981384 0.197365835309029 0.308564752340317 0.266432583332062 0.360647737979889 0.357898533344269
0.0688355937600136 0.308175384998322 -0.00339242443442345 0.175673604011536 0.0927439406514168 0.0395876877009869 -0.155013501644135 0.113425552845001 0.0674593970179558 0.047683484852314 0.00423277821391821 0.0301437061280012 -0.0357048362493515 -0.0331845358014107 0.00560377445071936 -0.0580335780978203 0.0210144836455584 -0.207481071352959 0.0122217433527112 0.0118104731664062 -0.0488270074129105 -0.000255047139944509 0.0197320766746998 0.0372428223490715 0.0265941098332405 0.174153387546539 0.0255638472735882 0.195263713598251 0.122800551354885 0.0771085768938065 0.138829380273819 0.0824035033583641 0.144075021147728 0.19532273709774 0.253894150257111 0.0997439101338387 0.325576186180115 0.199576422572136 0.197387769818306 0.319141328334808 0.281324952840805 0.372914791107178 0.338097959756851
0.196195974946022 0.221460059285164 -0.00949412863701582 -0.0144934840500355 0.0223829094320536 0.174669176340103 -0.0244722086936235 0.0296870302408934 -0.0053048855625093 0.0161090288311243 0.133266106247902 0.205777898430824 0.0156921446323395 0.0200637001544237 0.0730366855859756 0.0204777512699366 -0.0795004665851593 0.0351319685578346 0.0402122139930725 0.0774746462702751 0.0802983939647675 0.0663319602608681 0.030437920242548 0.168413296341896 0.0850807949900627 0.0924760773777962 0.171987220644951 0.118792854249477 -0.0817030370235443 -0.0986630991101265 0.14041006565094 0.0936239287257195 0.087795190513134 0.18236617743969 0.223059013485909 0.190871521830559 0.168636128306389 0.146538659930229 0.121331691741943 0.296791434288025 0.259564965963364 0.211444884538651 0.246550038456917
0.176845863461494 0.158614382147789 0.386027038097382 0.100218497216702 0.225907564163208 -0.0608117431402206 0.390654802322388 0.145515993237495 0.0085598723962903 0.112166099250317 -0.0307041611522436 -0.0523054376244545 0.0280703399330378 0.00894953962415457 0.0377101935446262 0.0515988282859325 -0.000427082180976868 -0.0311379544436932 0.0157308634370565 -0.0542042776942253 0.0424632355570793 0.0978979393839836 0.0577332526445389 0.0450716987252235 0.0465322583913803 0.0145985838025808 0.121200405061245 0.0207075551152229 0.22546498477459 0.0777397975325584 -0.346893697977066 -0.0744303092360497 -0.0549391694366932 0.195275634527206 0.149493277072906 -0.182066380977631 0.170707643032074 0.184734016656876 0.0323813073337078 0.0926544815301895 0.299065947532654 0.211916208267212 0.245680451393127
0.298875540494919 0.168320089578629 0.51367574930191 0.219961926341057 0.210818186402321 0.213950514793396 -0.0247650146484375 0.266607344150543 0.430492401123047 -0.0936025455594063 0.071180060505867 0.00631038937717676 -0.0738674700260162 0.0127598205581307 -0.106902219355106 0.00674904091283679 0.0284351948648691 0.0602742917835712 -0.0391795448958874 -0.0744127482175827 -0.0494439750909805 0.0200864747166634 0.0741142854094505 0.123532675206661 0.0043768840841949 0.0696667432785034 0.126783207058907 0.13852022588253 0.0120364064350724 0.106658935546875 0.152641803026199 0.289076417684555 0.203355252742767 0.0217907857149839 0.48059543967247 0.273345351219177 0.0580227561295033 0.145324066281319 0.0586096905171871 0.0769765302538872 0.109080716967583 0.177856683731079 0.413828641176224
0.324021309614182 0.428811579942703 0.338007926940918 0.297393351793289 0.248374611139297 -0.0469616279006004 0.347505986690521 0.253271877765656 0.208891481161118 0.237351015210152 0.0799889340996742 0.161225438117981 0.0808347687125206 0.0171698145568371 0.0133378179743886 -0.0367995984852314 0.053974874317646 -0.0296271797269583 0.0121567845344543 -0.0360743440687656 -0.06605564057827 -0.0334602668881416 0.169410035014153 0.0466065257787704 0.0599680952727795 0.142248451709747 0.0547154396772385 0.241350099444389 -0.0217537302523851 0.137926802039146 0.0665098205208778 0.161631301045418 0.140583246946335 0.3155677318573 0.203863620758057 0.086923860013485 0.177447214722633 0.086780846118927 0.284938424825668 0.00233240216039121 0.103754058480263 0.0952137187123299 0.276018500328064
0.360152989625931 0.404848992824554 0.408703088760376 0.51813280582428 0.393122375011444 0.341629892587662 0.0932069048285484 0.202065467834473 0.16144223511219 0.136451259255409 0.0683427527546883 -0.16586846113205 0.0266835652291775 0.281933635473251 0.172376573085785 0.155986770987511 0.0310269203037024 0.104786932468414 0.162809446454048 0.113942556083202 0.0090249739587307 0.0519483275711536 0.0871388912200928 0.106485396623611 0.0491091571748257 0.0729643404483795 0.0157779399305582 0.0205864794552326 0.0614585801959038 -0.00669234339147806 0.0109002040699124 0.322983652353287 0.742284774780273 0.537051439285278 0.508564174175262 0.65045154094696 0.571669220924377 0.0929747745394707 0.263279378414154 0.242755904793739 0.178605318069458 0.104210540652275 0.258794903755188
0.235199734568596 0.330880880355835 0.301561027765274 0.368579596281052 0.42648833990097 0.434714198112488 0.152204141020775 0.370016753673553 0.245103657245636 0.37802067399025 0.212432190775871 0.399883270263672 0.220177441835403 0.294966697692871 0.197483539581299 0.120165556669235 -0.0866459235548973 0.0507490709424019 0.0391163788735867 0.0239904262125492 -0.0483001507818699 0.184437200427055 0.0323795527219772 0.170857205986977 0.134496673941612 0.217155888676643 0.165196776390076 0.17661315202713 0.182049870491028 -0.0196353811770678 0.394818395376205 0.452914357185364 0.63259881734848 0.805512845516205 0.615021646022797 0.465936809778214 0.795354187488556 0.315654218196869 0.191719114780426 0.125907480716705 0.314630329608917 0.138601541519165 0.394876211881638
0.34448230266571 0.171393409371376 0.295422524213791 0.22661928832531 0.341029167175293 0.317899107933044 0.334333896636963 0.409809738397598 0.276007682085037 0.196730896830559 0.308627218008041 0.505568146705627 0.449980616569519 0.444791942834854 0.328434258699417 0.37751716375351 0.365736216306686 0.172008991241455 0.36538764834404 0.144308552145958 0.431658327579498 0.322465568780899 0.211301311850548 0.171147495508194 0.283958673477173 0.233896628022194 0.360713630914688 0.242419391870499 0.0994929894804955 0.312402039766312 0.649831175804138 0.71021956205368 0.668852090835571 0.624151527881622 0.402382284402847 0.45614492893219 0.614034056663513 0.630010426044464 0.32550260424614 0.150336518883705 0.438766658306122 0.496878117322922 0.684468567371368
0.251306384801865 0.261348783969879 0.232126638293266 0.240854665637016 0.215979024767876 0.296915590763092 0.371996879577637 0.332290768623352 0.239457249641418 0.165082558989525 -0.0217129290103912 0.368405818939209 0.477985292673111 0.386288583278656 0.31392228603363 0.51548445224762 0.301414668560028 0.283289402723312 0.372996151447296 0.285186588764191 0.397720187902451 0.0590186379849911 0.444251418113708 0.593399465084076 0.523440599441528 0.511166512966156 0.640086829662323 0.429739087820053 0.376108258962631 0.534211039543152 0.562250733375549 0.826736152172089 0.760887145996094 0.598614275455475 0.438201278448105 0.414511144161224 0.579677224159241 0.480802685022354 0.342805147171021 0.496275097131729 0.647266328334808 0.658357799053192 0.845576107501984
0.117331348359585 -0.0519810132682323 0.124085076153278 0.187903374433517 0.139298945665359 0.274270802736282 0.296923696994781 0.390262842178345 0.122494727373123 0.173927962779999 0.0489196851849556 0.113891087472439 0.312195003032684 0.289778888225555 0.396056741476059 0.48074659705162 0.425182551145554 0.386587291955948 0.316148638725281 0.29141229391098 0.611218154430389 0.440001994371414 0.661428689956665 0.462341070175171 0.382148534059525 0.621977210044861 0.518904507160187 0.573021233081818 0.488404482603073 0.792104005813599 0.451852887868881 0.61694061756134 0.582196712493896 0.637519001960754 0.895265161991119 0.558693826198578 0.620759785175323 0.666516423225403 0.613984704017639 0.463347136974335 0.68276572227478 0.586102902889252 0.586643993854523
0.221697255969048 0.0872107446193695 0.263352930545807 0.204196989536285 0.177595734596252 0.290371209383011 0.279420405626297 0.244452282786369 0.234857752919197 0.176129624247551 0.330306977033615 0.280580848455429 0.150305792689323 0.347283542156219 0.515225827693939 0.4498690366745 0.468698173761368 0.577987611293793 0.341351896524429 0.508265674114227 0.36913537979126 0.650542140007019 0.713001191616058 0.59170526266098 0.777675867080688 0.682466149330139 0.63555783033371 0.454796642065048 0.634645223617554 0.514935076236725 0.676744341850281 0.495267033576965 0.622374713420868 0.611449599266052 0.997430384159088 0.665496468544006 0.551546037197113 0.627467691898346 0.674417614936829 0.523801624774933 0.673881947994232 0.620512425899506 0.620491623878479
0.0588166788220406 0.131611809134483 0.118490643799305 0.134455800056458 0.142255827784538 0.1223389133811 0.111108630895615 0.147140681743622 0.177092418074608 0.13286580145359 0.0855984762310982 0.146395146846771 0.0742698982357979 0.187063172459602 0.439560204744339 0.442831546068192 0.365640103816986 0.388965934514999 0.206089705228806 0.468767017126083 0.548262536525726 0.485759913921356 0.62976199388504 0.780076682567596 0.633018672466278 0.720080494880676 0.660337626934052 0.617199957370758 0.556218445301056 0.569628357887268 0.676165223121643 0.636955201625824 0.8138627409935 0.63144838809967 0.609148800373077 0.641782760620117 0.520852267742157 0.659727990627289 0.675396263599396 0.677312016487122 0.730356097221375 0.653836369514465 0.364454925060272
0.0887119919061661 0.0219245497137308 0.205784201622009 0.174514397978783 0.160415887832642 0.171930581331253 -0.00228708097711205 0.158940985798836 0.18780343234539 0.0620309188961983 0.132457852363586 0.154374912381172 -0.029532553628087 0.0912879556417465 0.13277904689312 0.343184292316437 0.29964092373848 0.333992421627045 0.46938756108284 0.491064310073853 0.266570955514908 0.342376321554184 0.432594925165176 0.44546976685524 0.579269587993622 0.527207314968109 0.568506479263306 0.459597557783127 0.441538035869598 0.600378334522247 0.721431076526642 0.680373191833496 0.754181504249573 0.496680110692978 0.719059884548187 0.753949999809265 0.671084046363831 0.717311680316925 0.612617790699005 0.708359479904175 0.797971248626709 0.531786859035492 0.505416631698608
0.098466269671917 0.0513108000159264 0.258878529071808 0.0364318937063217 0.0385244712233543 0.165458604693413 -0.0508266687393188 0.064086988568306 0.240302428603172 0.119030132889748 0.159768551588058 0.113751709461212 0.0952526852488518 0.280043095350266 0.326468050479889 0.548686265945435 0.470229387283325 0.387586861848831 0.526999771595001 0.369360893964767 0.355668246746063 0.368602901697159 0.51394647359848 0.393561959266663 0.383863031864166 0.346984297037125 0.331310272216797 0.219954088330269 0.396869331598282 0.490759670734406 0.556707203388214 0.671021521091461 0.563438594341278 0.598985135555267 0.614454090595245 0.786812484264374 0.738760352134705 0.61090475320816 0.618675649166107 0.452830731868744 0.759249985218048 0.734830498695374 0.511144638061523
0.0109241949394345 0.0404590703547001 0.0857979729771614 0.0435942001640797 0.130662634968758 0.240569829940796 0.0308507680892944 0.0439671874046326 0.204306676983833 0.183829084038734 0.177813112735748 0.194684818387032 0.213346064090729 0.250336796045303 0.36178907752037 0.513167321681976 0.315680295228958 0.387402653694153 0.38097956776619 0.513249456882477 0.405411422252655 0.642866551876068 0.630575239658356 0.42945185303688 0.416837573051453 0.511576592922211 0.450503051280975 0.493399769067764 0.535199761390686 0.573166728019714 0.620072424411774 0.523026168346405 0.768270075321198 0.868145823478699 0.702042579650879 0.962520897388458 0.665636718273163 0.691862344741821 0.549198031425476 0.548087954521179 0.602988839149475 0.58721250295639 0.377920597791672
-0.0125030130147934 -0.0372119322419167 -0.0410029515624046 0.0650026127696037 0.116111427545547 0.0489042550325394 0.208633899688721 0.187284573912621 0.330756336450577 0.316009014844894 0.387611120939255 0.23803536593914 0.311461299657822 0.316717773675919 0.40595930814743 0.389803886413574 0.511600375175476 0.447692006826401 0.490302354097366 0.539527177810669 0.50169962644577 0.694431722164154 0.549790561199188 0.516265332698822 0.525569975376129 0.308855056762695 0.615553259849548 0.510682761669159 0.578615367412567 0.675990223884583 0.709892272949219 0.536814033985138 0.594449400901794 0.527702331542969 0.510984122753143 0.545906603336334 0.689949333667755 0.569127798080444 0.361604154109955 0.738643109798431 0.635577321052551 0.721279323101044 0.616605818271637
