assets/gome_f/processed/ascii/world/gome_sif_world_20130701.asc
NCOLS 720 
NROWS 360 
XLLCORNER -180 
YLLCORNER -90 
CELLSIZE 0.5 
NODATA_value -3.4e+38 
[rows 190 to 208 of 360, columns 344 to 386 of 720]
0.0195533204823732 0.0412676297128201 0.104394026100636 0.00446040229871869 0.00745157664641738 0.0339488387107849 -0.0979241281747818 0.0610083229839802 0.0131048811599612 0.0310080964118242 -0.0894854590296745 0.0276044197380543 -0.119709186255932 -0.0332411006093025 0.0109576126560569 -0.0213289111852646 0.0757578462362289 -0.0211298391222954 0.0819230973720551 -0.000933351286221296 0.0183413550257683 -0.0678687617182732 -0.00883266143500805 -0.040717326104641 -0.119046486914158 -0.068321131169796 -0.0609287917613983 0.107506655156612 0.0519526302814484 -0.0584690570831299 0.0365099646151066 0.0922383144497871 -0.00464197620749474 -0.0958056300878525 -0.0605682693421841 0.100069031119347 -0.176259532570839 0.0859956741333008 -0.0158702041953802 -0.0518423840403557 0.087384432554245 0.379405975341797 0.339303612709045
0.0766599997878075 0.0271870531141758 0.0607027262449265 -0.094063326716423 0.0613767579197884 0.0358370803296566 -0.0682243853807449 0.0211374592036009 0.0421551764011383 -0.0878342241048813 -0.0770848318934441 0.00998786836862564 0.031878761947155 0.0384485945105553 0.0778096616268158 0.0615866556763649 -0.0716251209378242 0.0447291396558285 0.0442420057952404 -0.0457351766526699 0.0551862046122551 0.042590044438839 0.0107323564589024 0.0611236095428467 -0.0693288221955299 -0.00305467727594078 0.0773544386029243 -0.0678516030311584 -0.0135119911283255 -0.0962953120470047 0.00531246932223439 -0.0658595636487007 -0.00714817037805915 -0.00896917935460806 0.00442732870578766 -0.0201826971024275 -0.105302311480045 -0.0534002482891083 -0.0137228313833475 -0.130837619304657 -0.0273977220058441 0.368471086025238 0.388649761676788
0.0113326655700803 0.00729935429990292 0.058942548930645 0.165659189224243 0.0348350815474987 0.10917928814888 0.121789894998074 0.0179278515279293 -0.0424234680831432 -0.08088568598032 -0.0270535387098789 0.0979955568909645 0.135413184762001 -0.0261983405798674 -0.0540371686220169 0.0655273944139481 0.0209301877766848 -0.0229793358594179 0.065409891307354 -0.134661242365837 8.03656876087189e-05 0.0821651369333267 0.140583470463753 -0.096736878156662 -0.0819679871201515 -0.200777679681778 0.0509037710726261 0.00988081376999617 -0.0379802621901035 -0.0988106057047844 0.0182872042059898 0.0709945112466812 0.0920666605234146 -0.0496890246868134 -0.0768791288137436 0.0174838695675135 -0.0220873709768057 0.0394052602350712 0.0131851714104414 -0.123945571482182 -0.0663360953330994 0.077949047088623 0.030506569892168
-0.00938977487385273 -0.158826857805252 -0.0327117778360844 0.0684653967618942 0.0073469877243042 0.0502162091434002 0.0962519645690918 -0.0288687217980623 0.124430768191814 0.106577761471272 0.0145509755238891 -0.0223006866872311 -0.0262800604104996 -0.0287801716476679 -0.0303817689418793 -0.0369508266448975 0.0269972681999207 -0.0534309968352318 0.000154067369294353 0.031507957726717 0.0076532824896276 0.0706976652145386 0.0421311035752296 0.0815437361598015 -0.0758662670850754 -0.138551771640778 0.0121666146442294 0.00215305178426206 -0.11629356443882 -0.188122898340225 -0.000963607162702829 0.211390241980553 -0.120343871414661 0.11831159889698 -0.0721790567040443 0.00157551351003349 0.0632079690694809 -0.0623675808310509 -0.025634178891778 0.117407456040382 -0.0537726879119873 -0.02225661277771 0.0251700114458799
0.0225373785942793 -0.140513196587563 -0.0489316061139107 -0.0481276847422123 0.0439488627016544 -0.177636533975601 0.0349805429577827 -0.169042617082596 0.0274847019463778 -0.0155539885163307 -0.0736915245652199 0.00581446336582303 -0.0187228806316853 0.0716623663902283 -0.0569853484630585 0.0450809858739376 0.201363801956177 0.0596473440527916 -0.129398286342621 0.187221482396126 0.0609117969870567 -0.0290353521704674 0.0491522550582886 -0.0372616052627563 -0.120423123240471 0.116100519895554 0.00327336043119431 -0.0700674504041672 0.0166494492441416 -0.12653537094593 -0.180323570966721 -999 0.00559729197993875 -0.215153336524963 0.0686005726456642 0.0268296096473932 0.039841428399086 0.000735402922146022 -0.140415191650391 -0.0160051919519901 0.0404971987009048 -0.0102120889350772 0.0111772110685706
-0.0249536260962486 0.151349037885666 0.01738958992064 -0.0250240229070187 -0.0715202316641808 0.00192113569937646 -0.071133092045784 0.0398939922451973 -0.156424716114998 -0.0539139024913311 0.0281692538410425 -0.0806380435824394 0.0917133614420891 -0.0221245307475328 0.0128577351570129 0.0401368923485279 0.0494761914014816 0.0111675709486008 -0.0718948766589165 0.0916487872600555 -0.0419296510517597 -0.0314664505422115 -0.115444123744965 0.0537030696868896 0.00708564696833491 0.129153162240982 -0.00973852723836899 0.0200523436069489 -0.260069727897644 -0.0184842478483915 -0.113083079457283 0.0180425830185413 -0.0245651248842478 -0.202265933156013 -0.0707055106759071 0.0365192480385303 -0.0987181067466736 -0.0651106014847755 -0.117988973855972 0.142082184553146 0.167359188199043 -0.1065559014678 -0.0616379082202911
-0.0279717240482569 0.0189508069306612 -0.0605046078562737 -0.0441814586520195 0.079928994178772 0.132787927985191 0.0727870762348175 0.127944439649582 0.0470349527895451 0.101893045008183 0.0841809958219528 -0.0618195980787277 -0.0319361090660095 0.0902596935629845 0.0958365723490715 0.00668205972760916 0.0601214431226254 0.117698095738888 0.00626313360407948 -0.112754188477993 -0.130913853645325 -0.00712711829692125 -0.0591544210910797 -0.0195656642317772 -0.0492396801710129 0.13972969353199 -0.0900447517633438 -0.0441716387867928 0.0351300351321697 -0.0770049691200256 0.0984761342406273 -0.040621854364872 0.185458123683929 -0.0370797365903854 0.00565899908542633 0.00590831600129604 -0.0845251679420471 0.0541205629706383 0.159470438957214 0.030257411301136 -0.0121613247320056 0.0167376548051834 -0.014766157604754
-0.000782555318437517 -0.0170522052794695 0.0923999175429344 0.154275164008141 -0.101269282400608 0.0686363354325294 -0.0829419046640396 -0.151537626981735 0.17150217294693 0.195419207215309 0.0169036611914635 0.135094478726387 -0.0492159128189087 -0.0592810213565826 0.0124033791944385 0.0179085712879896 0.112281076610088 -0.0430524460971355 0.0075692324899137 0.0277665853500366 0.0877920612692833 0.0900691226124763 0.0158698614686728 -0.00806523393839598 -0.0437202677130699 0.094260074198246 -0.0922518968582153 -0.262636214494705 0.113078698515892 0.0472138859331608 -0.192605197429657 -0.157456994056702 0.0627962723374367 -0.252676427364349 0.0832178890705109 -0.0619373917579651 0.0110588371753693 0.000587845861446112 -0.0672800168395042 -0.0467107333242893 -0.0283646788448095 -0.0745756402611732 -0.0272349752485752
-0.126687556505203 0.0474572405219078 0.0610431618988514 0.113134518265724 -0.0209014751017094 -0.0253956541419029 0.0852900743484497 -0.0790271088480949 0.0329816192388535 -0.0561453886330128 0.219120070338249 -0.0834641754627228 0.103514648973942 0.105129212141037 0.0938809663057327 -0.0395178608596325 0.0268533863127232 -0.110681407153606 0.0482664816081524 0.0504378862679005 0.0422439277172089 -0.0597438327968121 0.100342340767384 0.251770555973053 0.010555500164628 0.108599901199341 -0.0284885261207819 -999 0.0578592605888844 -0.148808792233467 -0.108200490474701 -0.0629210025072098 0.311051249504089 -0.0246456284075975 0.203579783439636 -0.0496218577027321 0.00897220149636269 0.226625189185143 0.154280990362167 0.101995699107647 -0.0543085671961308 -0.0277157425880432 0.119391649961472
0.0709861591458321 0.0505120195448399 0.0286133885383606 -0.0193515978753567 0.0110000809654593 -0.00381037243641913 -0.0388897135853767 0.0242167040705681 -0.0142082124948502 0.161805674433708 0.0543766729533672 0.0702389106154442 0.0613944306969643 0.211630657315254 0.0316655859351158 0.0541782826185226 -0.0559438318014145 0.128945425152779 -0.0916415080428123 0.171875223517418 0.0458336547017097 0.134269386529922 -0.129021972417831 0.0904789641499519 -0.0288290344178677 0.256485164165497 0.135691255331039 0.343164414167404 -999 -999 0.0152945779263973 0.229428052902222 0.0466543212532997 0.0347351543605328 0.22024230659008 0.0343414507806301 0.191126272082329 -0.268149137496948 0.0562948808073997 -0.043263241648674 -0.00470334710553288 0.00959010608494282 0.107188418507576
0.117408365011215 0.0279434751719236 0.084711991250515 -0.0111036533489823 0.0376646965742111 0.016496866941452 0.0578410774469376 -0.256247609853745 0.0456878244876862 0.0183556322008371 -0.0689955651760101 -0.0612154752016068 0.134354338049889 0.132665812969208 -0.194379881024361 0.0216143876314163 0.0435951463878155 0.062951534986496 0.10265488922596 0.0145190954208374 0.126165255904198 0.0792547091841698 -0.070697084069252 -0.0470816977322102 -0.0590520910918713 -0.0300356317311525 -0.0555096752941608 -0.111482672393322 -0.209379255771637 -999 -999 0.212953999638557 -0.438080906867981 0.132616728544235 -0.0304380916059017 0.0167382247745991 0.040596216917038 0.0208705738186836 -999 -0.0162264592945576 -0.0636841505765915 -0.0122174918651581 -0.00683498661965132
-0.0635853186249733 0.106160327792168 -0.00607225438579917 -0.135038167238235 0.0889038369059563 -0.0494280867278576 0.000152238644659519 0.013728765770793 0.0247854851186275 0.194596707820892 0.0713809281587601 0.0435989201068878 -0.122068822383881 -0.0296350345015526 0.144478172063828 0.106084160506725 -0.0102796610444784 0.0709920823574066 -0.0534678623080254 -0.145918786525726 0.0708411484956741 0.094796784222126 -0.0309310350567102 0.00358278909698129 -0.102488122880459 -0.0222243499010801 -0.0127658285200596 -0.14030559360981 0.0883840620517731 -0.0538871958851814 -0.120883733034134 -0.0560948140919209 -0.271706372499466 0.392775177955627 -0.0711969062685966 -0.052635483443737 0.0870179757475853 -0.139143645763397 0.456233471632004 -0.127260401844978 -0.0208208281546831 -0.249059781432152 0.0814384967088699
0.0689481124281883 0.0332063995301723 0.109585762023926 -0.187532335519791 0.0444005057215691 0.170344367623329 0.00654727872461081 0.0485981479287148 -0.188428670167923 -0.0865749269723892 0.0213864631950855 -0.0557928159832954 0.156703904271126 -0.0445803999900818 0.339800000190735 0.170869708061218 -0.00587101839482784 -0.349766671657562 -0.0328327938914299 -0.303536593914032 -999 0.282705307006836 -0.0529120191931725 0.0354541093111038 0.150282174348831 0.0411371700465679 -0.145309820771217 0.00721479067578912 -0.218150854110718 -0.0237145032733679 0.244254663586617 -0.118089407682419 -999 0.223829686641693 -0.0118575757369399 -0.143186271190643 -0.141006141901016 0.0773900970816612 0.00186250230763108 -0.109297432005405 -0.0950331166386604 -999 -0.00965598225593567
0.0526949651539326 -0.105528697371483 0.169930398464203 0.130958333611488 0.0403234995901585 0.0541449598968029 0.0566543228924274 0.0478082820773125 0.09214898198843 -0.132731959223747 0.0210153013467789 0.0715778470039368 -0.0922817438840866 0.00437514064833522 0.106339626014233 -0.271364510059357 0.166978761553764 -0.014127959497273 0.293847352266312 0.233589380979538 -0.249447926878929 0.0209079943597317 -0.0935342088341713 -0.0490052327513695 0.13974317908287 -0.0628403723239899 -0.0927967876195908 -0.0174602754414082 0.222368910908699 -0.0938287749886513 0.210374355316162 -0.030487896874547 -999 -0.00465171784162521 0.00911058858036995 0.0150897316634655 0.188395440578461 0.0616795867681503 -0.0798899829387665 -0.121036633849144 -0.157179415225983 0.0546424649655819 0.0754926726222038
-0.100854210555553 -0.0208894480019808 -0.109387755393982 -0.203653603792191 0.141100749373436 0.177181765437126 -0.151963412761688 0.308389067649841 -0.0786444097757339 0.0467935614287853 0.0708797797560692 0.0483580455183983 0.174728140234947 0.0116220563650131 -0.110535010695457 0.121491432189941 0.0313187092542648 0.0778813362121582 0.19430735707283 -0.235693946480751 -0.271547377109528 -0.424189120531082 0.0699916854500771 0.221102118492126 0.165920242667198 0.026689562946558 -0.0762337818741798 0.0597622729837894 -0.335508495569229 0.467230200767517 -0.761970162391663 -0.102006085216999 -999 -0.207426428794861 0.025253102183342 0.00757302343845367 -999 -999 -0.0624375939369202 0.096806637942791 0.0966648161411285 0.0184957087039948 0.00319374678656459
0.0449925474822521 0.00105201452970505 0.127992793917656 -0.128550142049789 -0.0113200349733233 0.0110083790495992 0.0329005979001522 -0.0102199539542198 -0.251191586256027 0.0134266139939427 -0.054752554744482 0.159290432929993 0.0101225487887859 0.137884810566902 -0.0825933665037155 0.113099433481693 0.062234353274107 -0.107567250728607 -0.237270355224609 -999 0.318970918655396 0.0920820981264114 -999 -0.103022143244743 0.0399915613234043 -0.100263893604279 -0.0910305678844452 -0.0871744006872177 -0.165742248296738 -0.0585734657943249 -999 -999 0.16726142168045 -0.0347955003380775 0.136594235897064 -0.0239576064050198 0.0502629950642586 -999 -0.223053157329559 -0.0244944244623184 0.0856982097029686 0.0580106824636459 -0.0714103579521179
0.0644205957651138 0.0572204440832138 0.00574207305908203 -0.0153729021549225 -0.0840315222740173 0.0814129784703255 0.0546378307044506 -0.0263432692736387 0.0218466576188803 -0.0399495922029018 -0.0767670720815659 0.0507703348994255 0.137302219867706 -0.0415850952267647 0.150868847966194 -0.0790354982018471 0.0897510945796967 0.0304447207599878 -0.0762644335627556 -0.172854974865913 -0.0597280152142048 0.0468002110719681 -0.086995467543602 0.146190136671066 0.0614147484302521 -0.148907974362373 -0.0818115919828415 0.130079805850983 0.110992781817913 0.233099609613419 0.106192022562027 -0.14437273144722 -0.2326979637146 -0.232381224632263 0.0932472199201584 -0.144943431019783 0.108167737722397 -0.124957136809826 -0.172205150127411 -0.0951836258172989 -0.0215293616056442 0.0174529943615198 -0.027157835662365
-0.0333660803735256 0.114462211728096 0.128132477402687 -0.0886440947651863 0.0263023246079683 0.0576004385948181 -0.00660951714962721 -0.00924170669168234 0.067462220788002 -0.0208411682397127 0.166436374187469 0.166779324412346 0.00776832038536668 -0.0148558169603348 -0.22429820895195 -0.0852644443511963 0.145774722099304 0.0564457960426807 0.0707598626613617 0.0619185566902161 -0.0309706479310989 0.116286925971508 -0.20629508793354 0.450196772813797 -0.07111956179142 -0.054461132735014 -0.101820178329945 -0.0781968012452126 0.210422441363335 -0.258852571249008 -0.00697925454005599 0.024423548951745 -0.0536051765084267 0.00719318818300962 -0.0833149775862694 -999 -0.107440210878849 -0.173443287611008 -0.166686877608299 -0.0471614524722099 0.0376202426850796 -0.0113187311217189 0.010585468262434
0.120586648583412 0.102386832237244 -0.124646887183189 0.0973724871873856 0.110920712351799 -0.0289713181555271 0.0112333279103041 0.0552738457918167 0.0523432977497578 -0.0131841693073511 0.14299164712429 -0.20888377726078 0.0664045438170433 0.123327560722828 -0.0428783297538757 -0.120955355465412 0.00615951791405678 -0.127619341015816 -0.111586645245552 -0.182749420404434 -0.0270963106304407 0.210542246699333 0.0905164554715157 0.103793367743492 0.0855647549033165 0.102060757577419 -999 0.106949292123318 -0.234074339270592 0.231303602457047 -0.0680926665663719 0.016033373773098 -0.0397268757224083 0.0316242016851902 -0.0147582916542888 -999 0.0431280434131622 -0.158769875764847 -0.0368347838521004 0.0673753172159195 -0.0108232572674751 0.012871390208602 -0.0329683758318424
