assets/gome_f/processed/ascii/world/gome_sif_world_20120301.asc
NCOLS 720 
NROWS 360 
XLLCORNER -180 
YLLCORNER -90 
CELLSIZE 0.5 
NODATA_value -3.4e+38 
[rows 209 to 227 of 360, columns 43 to 85 of 720]
-0.0332261994481087 0.0210902318358421 0.0269281286746264 0.0521002374589443 -0.0944956615567207 0.00224605295807123 -0.0590613707900047 -0.0427285060286522 0.0349590480327606 0.0327511467039585 0.0436379984021187 0.0617137290537357 -0.044958621263504 -0.0993830934166908 -0.0335279293358326 0.0395535342395306 -0.0151189817115664 -0.0496578924357891 -0.0547862388193607 -0.0119537487626076 0.0373357385396957 0.0746106281876564 0.00451650703325868 -0.0489075370132923 0.0690579041838646 -0.030998419970274 0.080061174929142 0.0158227775245905 0.0583072938024998 -0.0619458854198456 0.119342617690563 0.0222142897546291 -0.00148620386607945 -0.109079495072365 0.0257997699081898 -0.0225927513092756 -0.0276381615549326 0.0462762005627155 0.0272251386195421 0.0322568230330944 -0.00368238147348166 0.0361026227474213 0.0377279408276081
-0.120949901640415 -0.0345727615058422 0.0364367738366127 -0.074073538184166 -0.00136219628620893 0.101642943918705 -0.0728359073400497 -0.0191919337958097 -0.0202432591468096 0.0309014637023211 0.128177210688591 0.143814787268639 0.0194286536425352 0.041815709322691 -0.044714942574501 -0.0312383137643337 -0.012794615700841 -0.0840614289045334 -0.0597257651388645 -0.0627570897340775 -0.0506223551928997 -0.122265785932541 -0.0292011052370071 -0.0130070969462395 -0.0291894786059856 0.121493093669415 0.0732787549495697 0.049860455095768 0.0781431943178177 -0.122318431735039 0.0765632912516594 -0.0303280111402273 0.07366893440485 0.0159605611115694 -0.0437701418995857 0.0770263075828552 0.0458442345261574 0.0197272207587957 0.0694312304258347 0.0366581864655018 0.0587226375937462 -0.06773691624403 0.00552851660177112
-0.119571529328823 0.0726735293865204 0.123228937387466 0.0655714720487595 -0.0402651093900204 -0.0200353600084782 -0.0723938792943954 0.120514780282974 0.0713231116533279 0.0403637960553169 -0.0736214816570282 -0.036848109215498 -0.021184803918004 0.0479626059532166 0.053280171006918 -0.00920857768505812 -0.112767301499844 -0.108290299773216 0.00703141186386347 0.158024773001671 -0.0117566706612706 0.0236650891602039 0.0561688952147961 0.0555468574166298 -0.0457256101071835 0.0760571286082268 0.0972167328000069 0.0295956563204527 0.0678378567099571 0.0217687785625458 -0.0559540167450905 -0.0548868142068386 0.0340571142733097 -0.0378816835582256 0.0178593620657921 0.0195583775639534 -0.000518901506438851 -0.0525681897997856 0.0674533098936081 -0.00743292970582843 -0.0106651009991765 0.0494305528700352 0.00980840530246496
0.0031437324360013 -0.0221342127770185 -0.0363938473165035 0.0076908259652555 -0.0417642742395401 -0.0500573627650738 -0.0891358554363251 -0.10147301107645 -0.0872219651937485 0.122345633804798 -0.0413555093109608 0.00294920429587364 0.0368896573781967 -0.0128756873309612 0.148780092597008 -0.105300739407539 0.0971218124032021 -0.0380008667707443 0.0457549542188644 0.0362407192587852 0.114023387432098 0.104106307029724 0.0250080842524767 -0.14323028922081 -0.0167643465101719 -0.0135731529444456 0.0035795031581074 0.0539782755076885 -0.089837059378624 0.0417036190629005 0.0770997926592827 0.0511555001139641 0.0887556374073029 -0.022505609318614 0.0435577258467674 0.0751954317092896 0.000129910447867587 0.021464429795742 -0.0347372964024544 -0.0147556243464351 -0.011857551522553 0.0759035870432854 -0.0950630828738213
0.00484391767531633 0.0278066620230675 0.00450533628463745 -0.0199915617704391 0.0182425007224083 -0.0288320537656546 -0.156868934631348 0.0323937237262726 0.000590047100558877 -0.028577821329236 -0.00310928816907108 0.0454776585102081 0.0319487191736698 0.0287051033228636 -0.0969223529100418 0.0392417088150978 -0.0285227037966251 0.0542322471737862 0.0187640711665154 0.00565087888389826 -0.0963877588510513 -0.013070716522634 0.0309724099934101 -0.09242894500494 -0.0780479609966278 -0.00979835167527199 -0.0135476235300303 0.0564305745065212 -0.042882677167654 -0.068258598446846 0.0787516906857491 0.0353867337107658 -0.0132757527753711 0.0598122477531433 -0.022652780637145 0.0465243384242058 0.0108430609107018 0.0755407959222794 0.0807523876428604 -0.0485598668456078 0.0178845189511776 -0.0639394074678421 0.0438324958086014
-0.0388808138668537 0.0302924457937479 0.022507643327117 -0.0147757017984986 0.0872327834367752 -0.00269375811330974 -0.0415250025689602 0.0376164764165878 -0.0457753017544746 -0.00625491142272949 0.0635485947132111 -0.0367740243673325 0.0263079684227705 0.0281023047864437 0.0452972464263439 -0.0417485348880291 -0.0162673555314541 0.0424921475350857 0.0606743209064007 0.044781506061554 0.00149177387356758 -0.0761800706386566 0.00923257227987051 0.00927518215030432 -0.0523523315787315 0.120062537491322 -0.00606514001265168 -0.0712098255753517 -0.00249056285247207 -0.0453199073672295 0.0499862134456635 -0.0299164298921824 0.0700726583600044 0.0614861771464348 0.0450544767081738 -0.017830315977335 0.017378706485033 -0.0398879870772362 0.062054917216301 0.0583914145827293 0.00384899252094328 0.0162518005818129 -0.0421936996281147
0.0310884546488523 0.0495256632566452 0.111209996044636 -0.0494856834411621 0.100070640444756 -0.0534863844513893 0.047473207116127 0.0244155284017324 0.0278983861207962 0.0488859675824642 -0.0279006529599428 -0.0472082234919071 -0.0128385741263628 0.101305179297924 -0.0975364744663239 0.00808696541935205 -0.0563881024718285 -0.0826955586671829 0.144592002034187 0.0752760618925095 0.114908076822758 -0.0502722263336182 -0.105758361518383 -0.000189010053873062 0.0268063321709633 0.0481605380773544 0.0767513364553452 0.0429487191140652 -0.0728131681680679 -0.0314338579773903 0.0865286439657211 0.0861202254891396 -0.0742310136556625 0.116081587970257 0.0560252778232098 0.0735076367855072 0.0323052518069744 0.0742066204547882 -0.0269014146178961 0.0438676550984383 -0.034113310277462 -0.093620240688324 -0.0270794909447432
-0.0112218977883458 0.0711020678281784 0.0781264752149582 -0.0208244379609823 0.040180366486311 -0.114882841706276 -0.0323416478931904 0.00905426219105721 0.0133380219340324 -0.0321319550275803 0.0927083119750023 0.00952810607850552 -0.0340587459504604 0.0574491880834103 0.00756219448521733 0.0941739082336426 0.0129466224461794 -0.117243930697441 -0.0183326937258244 -0.0760601907968521 0.107914090156555 0.0559547804296017 -0.0542203821241856 0.102665089070797 -0.010254287160933 0.00710951630026102 0.0328896939754486 -0.0440164022147655 0.0766078531742096 0.0202892813831568 -0.0397748462855816 -0.0636007785797119 0.0150510249659419 0.121976241469383 0.0340532809495926 -0.0116382595151663 -0.0176744628697634 0.0706396028399467 -0.0553338676691055 -0.0877759680151939 0.0131766851991415 0.145181521773338 -0.0612940266728401
0.0518470071256161 -0.00761485518887639 0.0385333225131035 0.0913956165313721 0.0894767194986343 0.0368529930710793 -0.0789240077137947 -0.0168985966593027 -0.0738165676593781 0.0450675152242184 0.00958617962896824 0.0681118294596672 0.00679601449519396 0.031300563365221 0.0795024037361145 -0.052291251718998 0.109307892620564 -0.0895905569195747 0.0410772040486336 0.0398774147033691 0.0198875684291124 -0.0288447253406048 -0.127792447805405 -0.00124892685562372 -0.00296982121653855 -0.0169476252049208 0.0746264532208443 -0.0173438414931297 -0.0816623419523239 -0.0164590869098902 -0.0436687432229519 -0.0963943302631378 0.0207275208085775 -0.018053887411952 0.0616998188197613 -0.028050197288394 0.0899233892560005 -0.0467911176383495 -0.0733965411782265 0.0133108999580145 0.112840950489044 -0.00653207302093506 0.108171440660954
0.0103469835594296 -0.0389857813715935 -0.0341207645833492 -0.0211101677268744 0.0203912556171417 0.0260247886180878 -0.0740792900323868 0.0869102776050568 0.0595893114805222 -0.096917986869812 0.0228002034127712 0.0520615987479687 0.0339452847838402 0.0200731959193945 0.0710985660552979 0.00800479855388403 -0.0986049100756645 -0.0352429412305355 -0.0879810228943825 -0.00445701507851481 0.0575479865074158 0.11247368901968 0.0720347017049789 0.0198514219373465 0.0407477430999279 0.0160630531609058 0.0218023732304573 0.0440301895141602 -0.0483184717595577 -0.0661512315273285 0.0805939882993698 -0.0236058440059423 -0.00623022764921188 0.00214878399856389 0.054115142673254 -0.00731346430256963 -0.0879617109894753 0.102513164281845 0.0165548752993345 -0.0307052880525589 -0.0640702545642853 0.0542658641934395 -0.0367570407688618
-0.118306204676628 -0.0431802049279213 0.00335955782793462 -0.118347734212875 0.00292620272375643 -0.147747740149498 0.0471456982195377 -0.0553326979279518 -0.0655039399862289 -0.0562149174511433 0.00207600696012378 0.0103687988594174 -0.0877185240387917 -0.00745445257052779 0.20974662899971 0.0120637388899922 -0.0632657408714294 0.0144473472610116 -0.0115356119349599 -0.00256689777597785 0.0125992652028799 0.0787617936730385 -0.0385437682271004 -0.0174536518752575 -0.0813344866037369 -0.00503760064020753 0.0664576292037964 0.0470922403037548 0.0745575577020645 0.0467736311256886 -0.0371404364705086 0.0853961482644081 -0.0801595896482468 -0.139283120632172 0.000571396492887288 -0.086701475083828 -0.0622732639312744 0.0282593443989754 0.144329518079758 0.0507864654064178 0.102426454424858 -0.00114713609218597 0.0787593871355057
-0.00824241619557142 0.0117181409150362 -0.101168245077133 -0.0377111472189426 -0.0334288813173771 0.0254399683326483 -0.0535301603376865 0.0481044054031372 0.109851114451885 0.0408756881952286 -0.0436782985925674 0.0282277334481478 0.0340056791901588 0.0163004510104656 -0.119207382202148 0.0816269591450691 0.0373639836907387 0.0155233535915613 0.0284661054611206 -0.0558229237794876 0.0206998493522406 -0.00649372301995754 0.0620666742324829 0.196777313947678 -0.0478714928030968 0.0392571985721588 0.015953479334712 -0.0311260838061571 0.00354206073097885 -0.0495322868227959 0.15370400249958 0.00814354699105024 0.0279756020754576 -0.0582020282745361 -0.129703849554062 -0.120372295379639 -0.100809343159199 0.118837311863899 -0.116995677351952 0.104606822133064 0.0842457413673401 0.00668871402740479 0.0539729036390781
0.075397901237011 -0.041077870875597 0.0327723920345306 0.0741447135806084 0.0470153726637363 0.0109742265194654 -0.0246091559529305 -0.0305530559271574 -0.0148737812414765 -0.179668575525284 0.0638066157698631 -0.0626428723335266 -0.0507785342633724 0.0163868814706802 0.0260642003268003 -0.0720833986997604 -0.0238777659833431 0.0482220873236656 0.0272654816508293 -0.0157281309366226 -0.00735079403966665 0.110231414437294 0.0354887880384922 0.0607381574809551 -0.0210923254489899 0.0193718932569027 0.0136816995218396 -0.116519913077354 -0.0751161053776741 0.0383611209690571 0.0879373103380203 0.0580677799880505 -0.0100449323654175 -0.110341511666775 -0.0689506903290749 -0.119426876306534 -0.0193141959607601 0.104324519634247 -0.00938285607844591 0.00936000421643257 -0.138780981302261 -0.14051815867424 0.108774930238724
-0.0436757914721966 0.0745343044400215 0.0580747351050377 -0.111328333616257 -0.0623766742646694 0.0132630113512278 0.00613953545689583 0.0631643682718277 -0.0739078000187874 0.0352533310651779 0.0479916073381901 -0.018935352563858 -0.0356056205928326 0.0294997002929449 0.00551674142479897 -0.0743902325630188 0.0929547399282455 0.00234048068523407 -0.0604784302413464 -0.0194839276373386 0.00933345686644316 0.102741837501526 -0.084329292178154 0.0116487881168723 -0.00694681704044342 0.0121418461203575 0.0262574981898069 -0.0292612537741661 -0.0271075870841742 0.0307224094867706 -0.00515751447528601 -0.0271453335881233 -0.0658507868647575 -0.0784232690930367 0.042955469340086 0.079683780670166 -0.0317093133926392 -0.0716445818543434 -0.0487826243042946 -0.110929101705551 0.0721087977290154 0.0897826105356216 0.017761655151844
0.0855954363942146 -0.0189454965293407 -0.0166224520653486 0.0608625188469887 0.0570543296635151 0.0198896564543247 -0.100979298353195 -0.171023726463318 0.221585094928741 -0.0725842341780663 -0.00469654100015759 -0.110024645924568 -0.0278178714215755 -0.0183646511286497 -0.00104219280183315 0.0592038407921791 0.119496397674084 -0.0938440784811974 -0.0583490505814552 -0.0366334393620491 0.142420530319214 -0.0584615729749203 -0.0445832498371601 -0.0357884764671326 0.0294566322118044 -0.0785032287240028 0.00528684025630355 0.023479413241148 -0.0938495174050331 -0.0112145897001028 -0.0990134030580521 0.0309770815074444 0.0122959399595857 -0.0397529453039169 -0.0864695981144905 -0.00690457969903946 0.102792829275131 0.108637370169163 0.0413996428251266 -0.102452464401722 -0.0124731129035354 -0.0486504584550858 0.0664531886577606
-0.0371155068278313 -0.106848068535328 -0.0198491495102644 0.0679300427436829 0.0327893644571304 -0.023697767406702 -0.0553883537650108 0.00530099077150226 0.0123651754111052 0.0910620763897896 -0.0852500200271606 -0.0190479643642902 -0.061987116932869 0.0637127459049225 0.0456017814576626 -0.0315610021352768 -0.0131369745358825 0.089372031390667 -0.0201578568667173 0.0784257873892784 -0.0490384176373482 -0.00815868563950062 -0.00935544725507498 0.0314392521977425 -0.0434524901211262 -0.10166884958744 0.0847873464226723 0.0758851021528244 0.0112975109368563 -0.0321790724992752 -0.0157564803957939 -0.105965554714203 0.0639300271868706 -0.0239466540515423 0.176844730973244 0.0671306997537613 -0.0931242927908897 0.0199279300868511 -0.0753065869212151 0.0744292289018631 0.0350023582577705 0.143457800149918 -0.0288069620728493
-0.0589893721044064 0.0149561185389757 0.0458533093333244 0.0523903630673885 0.00803553406149149 0.0540686920285225 -0.0545736514031887 0.0195375978946686 -0.0134159289300442 0.0896313190460205 -0.00163986894767731 -0.0165164805948734 -0.047550767660141 -0.106447488069534 0.0829946622252464 0.0342056602239609 0.029717992991209 0.101114720106125 -0.0259611662477255 -0.0758123621344566 0.0897351577877998 -0.0143612017855048 -0.0021289917640388 0.0307863093912601 0.0876543745398521 -0.12950836122036 0.0330716371536255 0.0361596010625362 0.00738685159012675 -0.0180462896823883 0.0900877416133881 0.0328037589788437 -0.107841052114964 -0.00384602649137378 -0.0337308794260025 -0.0391022227704525 -0.00982275791466236 -0.0665460228919983 0.00881190598011017 0.126406416296959 -0.0229527447372675 -0.073039785027504 0.0642090663313866
-0.0834650918841362 0.120932959020138 -0.110133975744247 0.045278150588274 -0.0816234648227692 0.049333818256855 -0.00328489532694221 -0.00328794773668051 -0.0490986928343773 0.103916428983212 0.0793349668383598 -0.0488356202840805 0.0324591994285583 0.00542544526979327 -0.0180225465446711 0.0448207184672356 -0.100180670619011 -0.043522123247385 0.0742267295718193 -0.00954348500818014 0.12247284501791 -0.00393259525299072 -0.0372839272022247 -0.0210010129958391 -0.0515755638480186 -0.0361787155270576 0.00858129933476448 0.198423400521278 0.0796517431735992 0.134483441710472 0.0029497689101845 -0.00346160819754004 -0.0209368821233511 0.0577934049069881 -0.078795537352562 0.0436480790376663 0.0687145292758942 -0.110693797469139 -0.0585321672260761 -0.0260560978204012 0.0895226150751114 0.0497167967259884 -0.0669617801904678
0.0319992937147617 0.0038197198882699 0.127469480037689 0.0321197286248207 -0.0386568568646908 0.00282794237136841 -0.0137108713388443 0.0806283503770828 0.0934110134840012 -0.0783363729715347 -0.0320831164717674 0.00953434500843287 -0.0101483101025224 0.0611095577478409 0.123188495635986 -0.00731749273836613 -0.128020748496056 0.140418976545334 0.00790402293205261 -0.057227186858654 -0.015008581802249 0.0409406200051308 -0.0751770511269569 0.100782983005047 -0.0584510900080204 -0.111735351383686 -0.119408197700977 -0.0366734936833382 0.0854891911149025 -0.0691664591431618 0.125017330050468 -0.0789876058697701 -0.040714543312788 -0.071155957877636 0.0454776883125305 -0.0243166610598564 0.0241126716136932 -0.00148620898835361 0.0346447080373764 -0.13462370634079 0.0947775170207024 0.0150171490386128 -0.032588392496109
