assets/gome_f/processed/ascii/world/gome_sif_world_20131001.asc
NCOLS 720 
NROWS 360 
XLLCORNER -180 
YLLCORNER -90 
CELLSIZE 0.5 
NODATA_value -3.4e+38 
[rows 285 to 303 of 360, columns 430 to 472 of 720]
-999 0.0745767131447792 -0.00881283730268478 0.0256991945207119 0.242472693324089 -0.142227277159691 -0.286167025566101 -999 -0.291114956140518 0.0502531118690968 -0.214734077453613 -999 0.108644932508469 0.176690921187401 0.00930021516978741 0.219931796193123 -0.0596432164311409 -0.0328083410859108 0.05548095703125 0.340133428573608 -0.233420848846436 -0.0451688580214977 0.310456097126007 -0.158648177981377 0.0266446769237518 -0.0638271346688271 0.282439917325974 -0.252185881137848 -0.215259373188019 0.117688670754433 0.134877875447273 0.0751439556479454 -0.190682396292686 -0.12526348233223 -999 0.11135446280241 -0.268964022397995 0.0441235043108463 -0.217811480164528 0.109505370259285 -0.0169836655259132 -999 0.0338803082704544
0.00949761923402548 -0.0264411419630051 0.242184028029442 -0.0593051463365555 -0.195612102746964 0.0572453737258911 0.133794844150543 0.232572585344315 0.086334191262722 0.0060020349919796 -0.120376065373421 -0.0622008517384529 -0.215018913149834 0.0243167597800493 -0.330913156270981 0.266169875860214 -0.232213169336319 -0.00178446376230568 0.0162501484155655 -0.113979279994965 -0.170629739761353 -0.147309005260468 0.0481515899300575 -0.154388338327408 0.0868147760629654 0.106504879891872 -0.00306942500174046 0.184875994920731 -0.156335905194283 0.184528231620789 -0.0867564380168915 -0.114454224705696 0.0627250596880913 -0.0596859268844128 0.0147146238014102 0.0835142955183983 -0.0179175343364477 0.0461361259222031 -0.264254301786423 -0.166879743337631 0.00417529558762908 0.0188049171119928 -0.0800830945372581
-0.272029548883438 0.0564979612827301 -0.0428059808909893 0.135868236422539 -0.091870442032814 0.415308475494385 -0.0141819026321173 -999 -999 -0.101014338433743 0.170993462204933 0.0626727491617203 -0.232839271426201 0.043616097420454 -0.012302964925766 -0.120938636362553 0.0793843567371368 -0.148197636008263 -0.0447074398398399 -0.0174462702125311 -0.033588070422411 -0.854075908660889 -0.14700049161911 -0.228198051452637 0.0229948759078979 -0.300716608762741 -0.0750243663787842 0.0169318914413452 0.289568513631821 -0.282849162817001 0.178374573588371 0.196764662861824 -0.161417677998543 0.0451289117336273 -0.223944991827011 -0.059741236269474 -0.019647603854537 -0.100960448384285 0.154091119766235 -0.148419305682182 0.0507707893848419 -0.176576852798462 0.186130821704865
-999 0.0037752368953079 -0.24411977827549 0.00683408975601196 -0.148649647831917 0.0502937585115433 0.0348333045840263 -0.0351442657411098 0.0314532518386841 -0.000727277365513146 -999 0.0333258993923664 -0.242559000849724 -0.306932836771011 -0.123295977711678 0.070805549621582 -0.0810212641954422 -0.00864078104496002 -0.0323392450809479 0.0844877734780312 -0.074269063770771 -0.0972291901707649 0.183061480522156 -999 0.0730873495340347 -0.205300897359848 -0.250458508729935 0.173962250351906 -0.188741877675056 0.0819347053766251 0.28207391500473 -0.306307196617126 0.151632130146027 0.13152888417244 -0.29390624165535 0.119907416403294 0.12817557156086 -0.04250792786479 0.0746816098690033 -0.067811630666256 -0.0227981358766556 -0.0357419773936272 -0.417636841535568
0.155718386173248 -999 0.00351359369233251 0.104243904352188 0.000554417551029474 0.152024105191231 -0.0936809629201889 0.0356385372579098 0.104864992201328 -999 0.0843967944383621 -0.0386169366538525 0.614461243152618 -0.634249567985535 -0.108206175267696 0.201285243034363 0.0236177798360586 0.224041104316711 -0.322600990533829 0.0187228471040726 -0.289227813482285 0.347113609313965 -0.441541194915771 0.208112522959709 -0.0193720776587725 0.0487989708781242 -0.130343616008759 0.15091747045517 0.0074586309492588 0.0370529480278492 0.00778850400820374 -0.204118311405182 0.0410293638706207 0.290566086769104 -0.0820757895708084 0.0308566484600306 0.137482270598412 0.117901638150215 0.106414154171944 0.145686909556389 -0.151912987232208 -0.19552181661129 0.130283072590828
-0.0492246225476265 0.338732600212097 0.0355236977338791 -0.487380802631378 0.0307446252554655 -0.100199393928051 0.297506749629974 -0.36683589220047 0.221154481172562 -0.0166339837014675 -999 0.376179277896881 0.0732966512441635 -0.351129204034805 0.175265684723854 0.061385627835989 0.190674245357513 -0.00995395053178072 0.157691851258278 -0.0281046871095896 -0.0357023738324642 -0.0511953011155128 0.00283960578963161 -0.0153925670310855 -0.0277677830308676 -0.0241049025207758 -0.0801896974444389 0.0861923694610596 0.0710986033082008 0.0676083564758301 0.19113552570343 -0.0792486891150475 -0.216259315609932 -0.00507360696792603 0.195234313607216 0.0676689147949219 0.0069021456874907 -0.0501557178795338 0.0912303477525711 -0.0127841103821993 -0.0156927052885294 -0.0760639011859894 0.0667924210429192
-999 0.0713897794485092 -0.622512578964233 -0.0491294749081135 -0.0562268644571304 0.21474876999855 0.0697949379682541 -999 0.102736689150333 0.21495446562767 0.0153464395552874 -999 -999 0.0768700540065765 0.127872884273529 -0.319833189249039 0.152196168899536 0.12265982478857 -0.0413290150463581 0.134966284036636 -0.0414366833865643 0.0220166817307472 0.169351503252983 0.103858083486557 -0.254209816455841 -0.124305158853531 -0.167460486292839 -0.140097573399544 0.071824848651886 0.23653869330883 0.0820908024907112 -0.102549709379673 -0.235673308372498 0.296407729387283 -0.129644304513931 -0.0318709537386894 -0.0581162758171558 0.0297852493822575 -0.00389622594229877 -0.0112678594887257 -0.0530983507633209 0.362359911203384 -0.12047204375267
-999 -0.301343441009521 0.00394751131534576 -0.178233861923218 -999 0.316701591014862 0.333035290241241 0.203227430582047 0.0755422487854958 -999 -0.384281873703003 -0.0603671260178089 -999 -0.0316044017672539 -0.105552695691586 0.246312886476517 0.140865325927734 -0.297687172889709 -0.183366298675537 0.171495199203491 -0.159541398286819 -0.0486244075000286 -0.276321858167648 0.0620565414428711 0.196161717176437 -0.224416375160217 -0.0563510581851006 0.0110885230824351 -0.276974022388458 0.0695074498653412 -0.0446671731770039 -0.319885790348053 0.186446845531464 0.15719236433506 0.226457834243774 0.146635785698891 -0.143338307738304 0.0283401664346457 0.00824760645627975 0.144234001636505 0.175553128123283 -0.0391789078712463 0.262164145708084
0.08493971824646 -999 0.192663222551346 -0.157977774739265 -0.0694937631487846 0.313689738512039 -0.0571791455149651 0.453328847885132 0.205842718482018 -999 0.137775719165802 -999 -999 -0.00602050870656967 -0.0580378919839859 -0.0855623558163643 0.153827086091042 -0.162541508674622 0.0269832480698824 -0.103864654898643 0.0321057550609112 -0.115819469094276 -0.14752034842968 -0.28085333108902 0.0845950245857239 0.0930682420730591 -0.045645147562027 0.0817262455821037 0.00477985758334398 0.0627852156758308 0.0707628503441811 -0.172040551900864 -0.0095071978867054 0.0725242048501968 -0.235092222690582 -0.151667073369026 -0.148993507027626 -0.027677446603775 0.0632555708289146 -0.194410413503647 0.211450338363647 -0.0880495309829712 -0.025929793715477
-0.55324786901474 0.049165241420269 -0.0614640638232231 0.138466566801071 -0.00919202622026205 -999 0.0796389058232307 -999 -999 -999 0.13947656750679 -999 0.586385190486908 -0.404372572898865 0.103223137557507 -0.0661501660943031 0.145289808511734 0.159215733408928 0.106204815208912 -0.0687591060996056 -0.079880103468895 -0.121327012777328 -0.0379003882408142 0.0318612158298492 -0.100867040455341 0.0468600504100323 0.0282170232385397 -0.0177545640617609 0.153326988220215 -0.0697889402508736 0.02701804228127 0.00362954544834793 0.137841671705246 -0.181605294346809 -0.220877215266228 -0.0972439870238304 -0.157232373952866 0.317090570926666 0.0923335999250412 -0.229911953210831 -0.0109908618032932 0.0500436462461948 -0.0988309681415558
0.00434825802221894 -0.0697417110204697 0.177516862750053 -999 0.0636347234249115 -0.136814162135124 -0.0750913992524147 -999 0.210216984152794 -999 0.0949539467692375 -0.196054667234421 -999 -0.153518617153168 -999 -0.00742586003616452 0.38772714138031 0.000671761750709265 -999 -0.210231959819794 -0.0959264561533928 -0.0297354571521282 0.342873156070709 -0.219318583607674 -0.0889848247170448 -0.0872238278388977 0.194024741649628 -0.134981840848923 0.0196251478046179 -0.0566226989030838 -0.0619151778519154 -0.00849859043955803 0.276721656322479 0.121738694608212 -0.0315921008586884 0.0297417491674423 -0.154090911149979 0.0984180420637131 0.153977826237679 -0.065654456615448 -0.0349213443696499 -0.0105299297720194 0.052719458937645
-0.0776155441999435 0.226895838975906 0.0315460525453091 -0.203669637441635 0.00370015949010849 -0.322730600833893 -0.103657066822052 0.345372825860977 0.01200957223773 -999 -999 -999 -999 -999 -999 -999 -999 -999 0.046135202050209 -0.191586628556252 0.168575420975685 -999 -0.0330690480768681 0.128796607255936 0.0752772986888885 0.297322660684586 0.034468948841095 0.185772955417633 -0.00119422376155853 0.060174535959959 -0.112928122282028 -0.0786405056715012 0.13971221446991 0.0156102133914828 -0.143115699291229 -0.0664606243371964 0.0615838095545769 -0.122502006590366 0.00100484862923622 0.0324505008757114 -0.180921420454979 -0.132469594478607 0.0537182986736298
-999 -999 -999 -0.106796257197857 -999 -999 -999 -999 -999 -999 -999 -999 -999 -999 -999 -999 -999 -999 -999 0.226117298007011 -0.255915910005569 -0.123721912503242 -0.467422187328339 0.255374878644943 0.0478153936564922 -0.250190615653992 0.0801216661930084 -0.098117783665657 -0.184027671813965 0.0834963396191597 0.113135889172554 -0.140650033950806 -0.111959338188171 -0.0869022607803345 -0.117631405591965 -0.105822741985321 0.273545175790787 -0.068615660071373 -0.0850972086191177 -0.213427543640137 -0.0906948074698448 0.072141170501709 0.0760268792510033
-999 -999 -999 -999 -999 -999 -999 -999 -999 -999 -999 -999 -999 -999 -999 -999 -999 -999 -999 0.284820705652237 -999 -999 0.128665238618851 -0.0686459019780159 -0.0351363718509674 0.320579826831818 -0.523503422737122 -0.300301611423492 0.00715790688991547 0.226867362856865 -0.0945858284831047 0.0546484589576721 -0.0204477794468403 0.261188507080078 -0.168193280696869 0.340011358261108 -0.139817431569099 -0.246419087052345 -0.11555228382349 -0.270100951194763 0.237039610743523 -999 -0.0937117710709572
-999 -999 -999 -999 -999 -999 -999 -999 -999 -999 -999 -999 -999 -999 -999 -999 -999 -999 -999 -999 -999 -999 -0.41246423125267 -0.0642370209097862 -0.146215528249741 0.0696094185113907 0.0362930633127689 0.129063114523888 0.00266081094741821 -0.214718669652939 -999 -0.35984268784523 -0.143742278218269 -0.444166421890259 -999 -999 -999 -999 -999 -0.341945111751556 0.224365159869194 -999 -999
-999 -999 -999 -999 -999 -999 -999 -999 -999 -999 -999 -999 -999 -999 -999 -999 -999 -999 -999 -999 -999 -999 -999 -999 -999 -999 -999 -999 -0.317229479551315 -999 -999 -999 -999 -999 -999 -999 -999 -999 -999 -999 -999 -999 -999
-999 -999 -999 -999 -999 -999 -999 -999 -999 -999 -999 -999 -999 -999 -999 -999 -999 -999 -999 -999 -999 -999 -999 -999 -999 -999 -999 -999 -999 -999 -999 -999 -999 -999 -999 -999 -999 -999 -999 -999 -999 -999 -999
-999 -999 -999 -999 -999 -999 -999 -999 -999 -999 -999 -999 -999 -999 -999 -999 -999 -999 -999 -999 -999 -999 -999 -999 -999 -999 -999 -999 -999 -999 -999 -999 -999 -999 -999 -999 -999 -999 -999 -999 -999 -999 -999
-999 -999 -999 -999 -999 -999 -999 -999 -999 -999 -999 -999 -999 -999 -999 -999 -999 -999 -999 -999 -999 -999 -999 -999 -999 -999 -999 -999 -999 -999 -999 -999 -999 -999 -999 -999 -999 -999 -999 -999 -999 -999 -999
