assets/gome_f/processed/ascii/world/gome_sif_world_20111101.asc
NCOLS 720 
NROWS 360 
XLLCORNER -180 
YLLCORNER -90 
CELLSIZE 0.5 
NODATA_value -3.4e+38 
[rows 152 to 170 of 360, columns 172 to 214 of 720]
0.0346920192241669 0.0505635850131512 0.0136111229658127 -0.0672895759344101 0.0551888756453991 0.0401509068906307 0.115728251636028 0.0553680546581745 0.328617542982101 0.411588281393051 0.531525611877441 0.474284619092941 0.405151039361954 0.400457680225372 0.402668833732605 0.329242616891861 0.449997246265411 0.609573185443878 0.47373703122139 0.53007185459137 0.301371872425079 0.163310915231705 -0.0216357447206974 0.105198428034782 0.031880147755146 0.024542236700654 0.0341986529529095 -0.00435621291399002 0.00499853352084756 -0.0105881933122873 0.011134815402329 0.0654783770442009 0.000481365335872397 -0.014611354097724 0.064582347869873 0.0114567559212446 0.0878536552190781 0.0393019393086433 -0.0322366133332253 -0.0731167271733284 0.0767457112669945 0.000500146299600601 -0.0292441304773092
0.0151553777977824 0.00637856125831604 0.0689278915524483 0.0641824007034302 0.0540011785924435 -0.0200514122843742 0.0358697213232517 -0.063876286149025 -0.0286048296838999 0.0293790604919195 0.145152062177658 0.336284279823303 0.208618566393852 0.363312184810638 0.378557443618774 0.414427071809769 0.528474092483521 0.392209947109222 0.572728931903839 0.403657227754593 0.262447983026505 0.102599687874317 -0.0918687134981155 0.0757192745804787 0.029347712174058 -0.0725980848073959 -0.0106544950976968 -0.0340910293161869 0.00233950116671622 0.0544024109840393 -0.072607733309269 -0.00746505614370108 0.0165994763374329 -0.0284964591264725 -0.0918938294053078 0.0179127603769302 -0.0869814455509186 0.0559248924255371 -0.0398566760122776 -0.0601486451923847 -0.0204428117722273 -0.00122670666314662 0.048537652939558
-0.0154279982671142 0.0163122788071632 -0.00115630438085645 -0.0602569803595543 -0.00579662388190627 -0.0237270854413509 0.0141625087708235 0.02737089805305 -0.0723089575767517 -0.0547639131546021 -0.0464130267500877 -0.0340235345065594 0.073956124484539 0.254007339477539 0.497463971376419 0.464119434356689 0.576617419719696 0.623471140861511 0.49547266960144 0.383985877037048 0.426288068294525 0.0748288333415985 0.0207555908709764 0.0202916786074638 -0.0637171417474747 0.0699373632669449 -0.0284520220011473 -0.0290263369679451 -0.0252242479473352 0.0937357470393181 -0.00842101592570543 -0.00489703891798854 0.0787425488233566 -0.0769238024950027 -0.0580131597816944 -0.026372829452157 0.0786361917853355 -0.0227129217237234 0.0246556792408228 0.0115066766738892 -0.0367559753358364 0.0906703919172287 0.0250039547681808
0.00345617416314781 0.0714562013745308 0.00337900151498616 0.0614495687186718 0.0498359799385071 9.43756094784476e-05 -0.0718588083982468 0.0614334270358086 -0.0206807255744934 0.0146181788295507 0.0417083837091923 -0.0717349052429199 0.0666255056858063 0.0326603874564171 0.224433466792107 0.366036146879196 0.397877752780914 0.498557955026627 0.597294449806213 0.444162338972092 0.431285858154297 0.0909346491098404 -0.00146359950304031 -0.0647654682397842 -0.0520861186087132 -0.0229786559939384 -0.0418552830815315 0.00129785283934325 -0.0571872219443321 0.0273315813392401 0.0827689617872238 0.0181559901684523 -0.0270894151180983 0.0433442182838917 0.0168772581964731 -0.0318446010351181 0.00733352126553655 -0.0602147094905376 -0.0255369003862143 -0.11303298920393 0.0278579071164131 -0.0277334526181221 0.0161347985267639
-0.0448598861694336 0.0305277481675148 -0.0508921779692173 0.0701679661870003 0.0980190858244896 -0.0593263953924179 -0.0306819304823875 -0.0186722371727228 0.0112739391624928 0.00178044382482767 -0.0221995115280151 -0.0903558954596519 0.00965799856930971 0.0197594314813614 -0.0155134694650769 0.282408446073532 0.248459815979004 0.250582724809647 0.456059962511063 0.482214897871017 0.408263921737671 0.0449878349900246 0.081719346344471 0.0293409749865532 -0.0199984069913626 0.0235919039696455 0.0709612891077995 0.11745598167181 -0.0203101634979248 0.0844214037060738 -0.0487490259110928 0.0125898532569408 0.0784005001187325 -0.012230190448463 0.0357409715652466 -0.145101919770241 -0.0268824715167284 0.0132234217599034 -0.0315466746687889 0.0865974202752113 0.0713391527533531 0.0492720529437065 0.0820606574416161
0.102463975548744 0.0563299953937531 -0.00886174570769072 0.0347042046487331 -0.0177884306758642 -0.0103418426588178 -0.0261871349066496 0.021232858300209 0.0606971681118011 -0.0615319535136223 0.0103545775637031 0.0437488034367561 0.0221634823828936 0.042326096445322 -0.00765987997874618 0.0548487678170204 0.184685736894608 0.306204080581665 0.28684538602829 0.486641973257065 0.28757831454277 0.0541892275214195 0.0285249091684818 0.162141531705856 0.1177012398839 0.0923202857375145 0.142224624752998 -0.0720322802662849 -0.076768159866333 0.030258484184742 0.0433705486357212 -0.0111779989674687 0.02861487865448 -0.063674084842205 0.0743012949824333 0.0337521806359291 -0.0127166667953134 0.029071070253849 0.157648399472237 0.0731790736317635 0.423110514879227 0.326966464519501 0.429106593132019
-0.0209728311747313 0.0209054350852966 -0.00773075735196471 0.0152591010555625 0.0488355085253716 0.0477571971714497 0.0367950238287449 0.0088579123839736 -0.0447704009711742 -0.0666072219610214 -0.00743303634226322 0.04385606944561 0.101900205016136 -0.00275113550014794 -0.0106937820091844 -0.0057950783520937 0.147061541676521 0.248279720544815 0.666932165622711 0.498891800642014 0.282806873321533 0.186939716339111 0.0305052045732737 0.00227739219553769 -0.0704187750816345 -0.118813633918762 0.0874409079551697 0.084355354309082 0.107505299150944 0.0283509902656078 0.027468791231513 -0.060832716524601 0.00554758124053478 0.0555590651929379 0.0321167185902596 0.0792541205883026 -0.00309696048498154 0.256419062614441 0.272038727998734 0.350015789270401 0.310866683721542 0.349999219179153 0.485656172037125
0.0277211703360081 -0.0225851349532604 -0.0746060833334923 0.00238567660562694 0.0457702651619911 0.0338598638772964 0.103380352258682 -0.000461226532934234 -0.081769734621048 0.0726595744490623 0.0214057955890894 0.00590818282216787 0.00992107391357422 0.00870339572429657 0.041883111000061 -0.0477639995515347 0.121060483157635 0.410973638296127 0.27928763628006 0.736279964447021 0.539060592651367 0.426675796508789 -0.210990518331528 -0.0658558160066605 0.00937497988343239 -0.0117152165621519 0.0409201420843601 0.0840140655636787 0.00928390026092529 0.031986303627491 -0.0441625714302063 -0.0144488578662276 0.0178189054131508 0.0947078242897987 0.0810331925749779 0.0527929551899433 0.0403915755450726 0.397434830665588 0.404806345701218 0.475557953119278 0.446652114391327 0.599836409091949 0.433514833450317
-0.0216401480138302 -0.0461635664105415 -0.0490477457642555 -0.00171427731402218 -0.0576462186872959 -0.107579335570335 -0.0257665403187275 -0.110833846032619 -0.0521568916738033 0.0696375519037247 0.0631493255496025 0.0536094158887863 -0.00892018526792526 0.0524928830564022 -0.0046606850810349 0.0250495076179504 0.0660514235496521 0.146257981657982 0.28949648141861 0.375548541545868 0.305347710847855 0.354943126440048 0.440077632665634 0.11061767488718 0.0245535671710968 -0.0917316004633904 0.0703773200511932 0.131137073040009 -0.0260713528841734 0.203209921717644 -0.00365724833682179 0.0131217325106263 0.0434934236109257 -0.0252889338880777 -0.0436676479876041 -0.0344984084367752 0.0443345382809639 0.546431064605713 0.46343982219696 0.422047942876816 0.481224000453949 0.352991372346878 0.551994979381561
0.0151770478114486 -0.0373973287642002 -0.112859204411507 -0.0850764289498329 0.0111690843477845 -0.0912693217396736 -0.0249355435371399 0.00943196006119251 -0.0249034818261862 0.0780891552567482 0.0467047467827797 -0.0731570348143578 0.0428804941475391 0.056650273501873 0.0356900207698345 0.0828832685947418 0.00513248378410935 -0.114266745746136 0.0196312144398689 0.0342759899795055 0.268496721982956 0.330298066139221 0.472424030303955 0.183863505721092 0.277459800243378 0.134273126721382 0.174593105912209 0.156170010566711 0.267421394586563 0.368578284978867 0.329461276531219 0.3381307721138 0.0882515162229538 -0.105476908385754 0.0815859586000443 0.12865637242794 0.330214828252792 0.538699746131897 0.362448453903198 0.390941858291626 0.306173622608185 0.463442206382751 0.4523805975914
-0.017565656453371 0.0451653897762299 0.0315411947667599 0.0198607034981251 -0.0441114120185375 -0.0968337059020996 0.0272905323654413 0.138151854276657 -0.030603276565671 0.0741823092103004 0.0471462309360504 0.0667620822787285 0.00327982869930565 -0.00787123572081327 0.0557180233299732 0.00812898762524128 -0.0547405406832695 -0.248782530426979 -0.0938296839594841 0.022267384454608 0.191830113530159 0.284696221351624 0.24420353770256 0.428847134113312 0.593816936016083 0.373263955116272 0.439112216234207 0.47169703245163 0.290153920650482 0.101285956799984 0.094561368227005 0.216850087046623 0.467748194932938 0.266315490007401 0.242432996630669 0.35517230629921 0.313309967517853 0.446089386940002 0.401625066995621 0.325574725866318 0.454383939504623 -999 0.487507820129395
0.0389955826103687 0.0405243523418903 -0.026780990883708 -0.00412126304581761 0.0435013808310032 0.0983398035168648 -0.0221664737910032 0.132055848836899 -0.000568901479709893 -0.0827367752790451 0.0383662283420563 0.0184808950871229 0.00912163220345974 0.215156972408295 -0.0668528452515602 0.0110913580283523 0.0171842966228724 -0.123944163322449 0.0125507563352585 0.0520358979701996 0.0390627086162567 0.0428749695420265 0.126491263508797 0.161627441644669 0.268106460571289 0.449578464031219 0.4310083091259 0.391550928354263 0.0779159739613533 0.0175237320363522 0.0053015467710793 0.191475182771683 0.327704608440399 0.393637239933014 0.263804346323013 0.315875262022018 0.621339738368988 0.428596973419189 0.613842129707336 0.447981208562851 0.465957283973694 0.346607774496078 0.373186081647873
0.0510241836309433 0.0409377589821815 0.0862176418304443 0.0182996764779091 -0.0576099753379822 -0.0850094929337502 -0.116781033575535 0.078778401017189 -0.131385713815689 -0.0578078515827656 0.0720661208033562 0.0528425946831703 -0.0126304645091295 0.168241873383522 -0.0780891999602318 -0.0402432568371296 0.070635586977005 0.0753859430551529 0.0439511276781559 -0.166205495595932 -0.333838075399399 -0.0147240683436394 -0.0768157541751862 0.0240982286632061 0.0985543876886368 0.235796764492989 0.366068631410599 0.418762415647507 0.161480203270912 0.0444629676640034 0.0686691701412201 -0.0684442073106766 0.499547779560089 0.436280786991119 0.546760499477386 0.45930740237236 0.355866670608521 0.327268958091736 0.617696523666382 0.265212684869766 0.474228650331497 0.251422584056854 0.321308255195618
-0.00343978591263294 0.193155199289322 0.0897143855690956 0.0325811430811882 0.111786603927612 0.0782857239246368 -0.0100147798657417 0.0650453791022301 0.0691162869334221 -0.0965560376644135 0.161327049136162 0.0487157106399536 0.246437907218933 -0.0171006303280592 0.0694247186183929 0.00198729452677071 -0.104251220822334 0.094115786254406 0.0358229503035545 0.0411111749708652 -0.0549398921430111 -0.00119833345524967 -0.0601344779133797 -0.0515381023287773 -0.0533693097531796 0.0138361416757107 0.114231191575527 0.192709252238274 0.0275119338184595 0.228234246373177 0.0841358602046967 0.0467997044324875 0.103594720363617 0.588102698326111 0.433169573545456 0.382926672697067 0.409950166940689 0.538792610168457 0.542667627334595 0.400909781455994 0.295044362545013 0.35818812251091 0.223722487688065
-0.0520974583923817 0.0961891785264015 0.0552285723388195 -0.00748163647949696 0.137266561388969 -0.107423529028893 -0.0271863583475351 -0.0748065039515495 -0.33890500664711 0.0167271122336388 0.130035012960434 -0.0292188879102468 0.106313019990921 -0.00131928373593837 0.0392765700817108 -0.0246120318770409 0.0104095293208957 -0.0710518732666969 0.0492301620543003 -0.129014536738396 -0.0182118788361549 -0.0024122130125761 0.191589742898941 0.160479947924614 0.0679097548127174 -0.151848822832108 0.197030991315842 -0.034337691962719 -0.00558086670935154 0.140314400196075 0.108420982956886 -0.108316905796528 0.0560193359851837 0.256699055433273 0.453058660030365 0.382025957107544 0.213812842965126 0.205065503716469 0.450991213321686 0.525176763534546 0.509719908237457 0.432910144329071 0.181523323059082
-0.270814031362534 0.0439749024808407 -0.10281628370285 0.089492991566658 0.0177589152008295 -0.0682464316487312 -0.0105415089055896 0.0464306585490704 0.0750136971473694 0.0825999677181244 -0.0819828882813454 0.0226213485002518 0.108324430882931 0.146738514304161 0.137077435851097 0.0792163088917732 -0.0246862340718508 -0.0423245131969452 -0.0507828556001186 0.0579509697854519 0.0889203026890755 0.203818395733833 0.103302553296089 -0.024144422262907 -0.0703149661421776 0.289311856031418 -0.214291736483574 -0.0275347828865051 -0.102545782923698 -0.0697575062513351 0.00719895632937551 0.0649276077747345 0.088443711400032 0.0559593923389912 0.344731479883194 0.489092975854874 0.149962171912193 0.119120396673679 0.479013800621033 0.39283150434494 0.412215709686279 0.41966438293457 0.341560035943985
-0.079784095287323 0.00840373523533344 0.0218970756977797 -0.0267313867807388 0.183241069316864 0.0435016825795174 0.0654377266764641 0.0698909014463425 0.00602283840999007 0.353456974029541 -0.097470834851265 -0.0403162576258183 -0.150342985987663 -0.0044716140255332 -0.0459427870810032 0.134414151310921 -0.0911402255296707 -0.0854272171854973 -0.0142511259764433 0.0879818350076675 -0.0140722692012787 0.0537735484540462 -0.0316136851906776 -0.0282282251864672 -0.0532016940414906 -0.102954342961311 0.0316435024142265 0.0739931762218475 0.147855207324028 -0.11341043561697 -0.00919699389487505 0.0646112337708473 0.04458874091506 0.00916292611509562 0.179928824305534 0.34217968583107 0.454717427492142 0.28010031580925 0.52407705783844 0.468082040548325 0.322710394859314 0.448239177465439 0.449602633714676
-0.0651470273733139 -0.0459555126726627 -0.125079497694969 -0.028988391160965 0.0946794450283051 0.086295522749424 -0.0267683025449514 0.0498045384883881 -0.181299045681953 -0.032503467053175 0.0210660211741924 -0.0308047141879797 0.0101099256426096 -0.0879512578248978 0.121615678071976 -0.0395792797207832 -0.157969489693642 -0.124563358724117 0.0885849893093109 0.199173763394356 -0.0413928367197514 -0.0726276487112045 -0.0561473965644836 -0.15093170106411 0.0658629015088081 -0.0656110793352127 0.384098887443542 0.0941653922200203 -0.00696336105465889 -0.0429388806223869 -0.0751289501786232 0.0162848588079214 0.0525523275136948 0.561789155006409 0.395588576793671 0.270002990961075 0.361414939165115 0.337139874696732 0.47965270280838 0.524343013763428 0.318287372589111 0.434880524873734 0.417672663927078
-0.0300073493272066 0.124367520213127 0.0173054318875074 -0.0847618505358696 -0.0123555958271027 -0.201443642377853 0.0243638679385185 0.0812250450253487 -0.021138109266758 0.118122898042202 -0.252800703048706 0.0422600284218788 -0.0994454845786095 -0.175687029957771 -0.0715159103274345 0.0825229585170746 -0.377519488334656 0.00984448473900557 0.164966598153114 -0.0488031320273876 -0.175127178430557 -0.0460942536592484 0.0635343939065933 0.0208091903477907 -0.10763081163168 -0.00713304523378611 0.034675657749176 0.275921255350113 0.151671156287193 0.142447307705879 -0.0656297206878662 0.0829139053821564 -999 0.376539349555969 0.643462300300598 0.468190431594849 0.410918354988098 0.279103338718414 0.419067859649658 0.384967029094696 0.257357895374298 0.44919428229332 0.488259583711624
