assets/gome_f/processed/ascii/world/gome_sif_world_20110701.asc
NCOLS 720 
NROWS 360 
XLLCORNER -180 
YLLCORNER -90 
CELLSIZE 0.5 
NODATA_value -3.4e+38 
[rows 114 to 132 of 360, columns 430 to 472 of 720]
0.12399435043335 0.168878242373466 0.135654583573341 0.124571293592453 0.0473280027508736 -0.067828968167305 0.084050640463829 0.0852116420865059 0.0649463534355164 0.152627348899841 0.081591472029686 0.0932351872324944 0.214951485395432 0.119016170501709 0.17303255200386 0.236974358558655 0.012521461583674 0.139854714274406 0.0160452798008919 0.189741507172585 0.000661613943520933 0.0012993001146242 0.121445529162884 0.0322576388716698 0.112788267433643 0.163723036646843 0.0975766554474831 0.136670038104057 0.148044630885124 0.0717524439096451 0.076954610645771 0.0754194185137749 0.07186159491539 0.0266945883631706 0.109853006899357 -0.00869790464639664 0.0404809042811394 -0.00934016704559326 0.0700949728488922 -0.0865014120936394 -0.0319628566503525 0.0109252845868468 0.0138036170974374
0.157068774104118 0.208835884928703 0.15672367811203 0.165326073765755 0.0510586388409138 -0.0103091569617391 0.0677840486168861 0.0217704921960831 0.134728163480759 -0.00104899902362376 0.0826488956809044 0.00305813597515225 0.143818780779839 0.148199081420898 0.182593166828156 0.157440215349197 0.0835467651486397 0.216555938124657 0.20780810713768 0.303528547286987 0.1611248254776 -0.0165064465254545 0.00979333743453026 -0.0546443872153759 0.130910277366638 0.100786723196507 0.195904925465584 0.164179429411888 0.194701388478279 0.0905197188258171 0.0510566644370556 0.240387693047523 0.0863560065627098 0.0351366326212883 0.0249861441552639 0.0998646169900894 -0.00484025292098522 0.101984746754169 0.0415082238614559 0.0636144801974297 0.0858485326170921 0.058954980224371 -0.0534761697053909
0.0219866372644901 0.0605191439390182 0.0750756487250328 0.209124162793159 0.14205214381218 0.12296112626791 0.137314915657043 0.165676712989807 0.0553946867585182 0.105430781841278 0.149095773696899 0.183602795004845 0.126881748437881 0.0846246033906937 0.0397065877914429 0.154523372650146 0.221618637442589 0.21403044462204 0.229844480752945 0.182518988847733 0.168575420975685 0.16216416656971 0.075372189283371 0.111749455332756 0.139314740896225 0.0680245161056519 0.073305256664753 0.128423124551773 0.154060199856758 0.112637162208557 0.214483991265297 0.13667668402195 0.112554259598255 0.148477777838707 0.0732429400086403 0.00429598288610578 0.0207036975771189 0.0843335166573524 0.14431519806385 0.0588439106941223 -0.000806000316515565 0.0586266331374645 -0.0197940673679113
0.0693180859088898 0.189331665635109 0.066127136349678 0.0856034085154533 0.0552062951028347 0.112445913255215 0.095680333673954 -0.0588337928056717 0.0499703027307987 0.0899230688810349 0.126497209072113 -0.0258826930075884 0.239144891500473 0.0680584609508514 0.103915624320507 0.169159799814224 0.144770368933678 0.143640697002411 0.264602839946747 0.160722747445107 0.127692371606827 0.0961076617240906 0.0832435339689255 0.126859560608864 0.103199280798435 0.156572848558426 0.0547692514955997 0.0667462646961212 0.0941588878631592 0.0545229129493237 0.164297834038734 0.246881321072578 0.181749522686005 0.0551298893988132 0.0839028730988503 0.0158839151263237 -0.0301635041832924 0.00931655615568161 0.11242213845253 0.00456164171919227 -0.0321941412985325 -0.0112520223483443 0.0360370762646198
0.074105829000473 0.047169990837574 0.135695099830627 0.197342410683632 0.0870236530900002 0.139460846781731 0.106327846646309 0.029312102124095 0.140452668070793 0.116985164582729 0.21244752407074 0.161809355020523 0.207536473870277 0.181353092193604 0.158904179930687 0.0344508290290833 0.0381791777908802 0.0138366902247071 0.18816177546978 0.0936728715896606 0.145483985543251 0.0709138065576553 0.15494030714035 0.132610604166985 0.170259848237038 0.159522756934166 0.14944951236248 0.110394224524498 -0.0102465553209186 0.203390553593636 0.124276094138622 0.0738172084093094 0.276333957910538 0.131299957633018 0.20732769370079 0.124702073633671 0.0457475520670414 0.0192752238363028 0.106807217001915 0.072613961994648 -0.000568468996789306 0.0529961884021759 0.0750321000814438
0.0993468090891838 0.171193480491638 0.0787271112203598 0.100358404219151 0.142963826656342 0.120430983603001 0.208233922719955 0.260837227106094 0.0449238009750843 0.112267002463341 0.0472095757722855 0.146668583154678 0.23013362288475 0.0230578631162643 0.202563315629959 0.0737171098589897 0.0952710956335068 0.0644423440098763 0.0884659737348557 0.173649623990059 0.123845934867859 0.12987856566906 0.0908611193299294 0.180037975311279 0.0272866431623697 0.0224849246442318 -0.0135079557076097 0.0110102565959096 0.00129476736765355 0.0134924231097102 0.0554498061537743 0.118505485355854 0.0726719051599503 0.119685642421246 0.183642819523811 0.147821620106697 0.0990122631192207 0.0551122426986694 -0.00809487327933311 0.0826044082641602 0.0818025320768356 0.0571632273495197 -0.0313347764313221
0.0977126136422157 0.0910516008734703 0.0837797150015831 0.011942557990551 0.143911570310593 0.0572005249559879 0.182248905301094 0.0878135338425636 0.211819067597389 0.100363411009312 0.0111558772623539 0.107793100178242 0.0641245990991592 0.0199393220245838 0.185551807284355 0.133300125598907 0.0438645929098129 0.0606871135532856 0.112925417721272 0.0574434548616409 0.134626656770706 0.142299354076385 0.0498583056032658 0.182182356715202 0.0802861377596855 0.0700661316514015 0.0302813891321421 0.0926061421632767 -0.00141782441642135 -0.027895163744688 -0.14678156375885 -0.108414717018604 0.0182126555591822 0.127090409398079 0.127231746912003 0.152234181761742 0.19851653277874 0.107709594070911 0.0333047732710838 0.0083243902772665 0.137106448411942 0.106936544179916 0.0121686607599258
0.0561018288135529 0.172247648239136 -0.00521612307056785 0.0607309602200985 0.0756794735789299 0.0425440035760403 0.0471089966595173 0.0500881001353264 -0.0250490661710501 0.0630974248051643 -0.0179011281579733 0.13314314186573 0.133019998669624 0.0959748551249504 0.0599369816482067 0.0384663119912148 0.0718611925840378 0.122608080506325 0.126618295907974 0.189030423760414 0.0659052133560181 0.140776768326759 -0.00779468286782503 0.0882433354854584 0.149359717965126 0.190040603280067 0.14148360490799 -0.0319400131702423 -0.0106317000463605 -0.028111144900322 -0.020022202283144 -0.1612409055233 0.0968562737107277 0.0538842119276524 0.138526305556297 0.0499098300933838 0.0965191125869751 0.122864551842213 0.151016309857368 0.00535203656181693 0.0553594827651978 0.0452460013329983 0.0854601785540581
-0.00790911260992289 0.00318804942071438 0.00489311991259456 0.0992570593953133 0.0467870980501175 -0.0169830657541752 -0.0273750349879265 0.00488412799313664 0.132607951760292 0.0316182300448418 0.094958208501339 -0.0291594974696636 0.0628795623779297 0.0280933436006308 0.0464651212096214 0.10672989487648 0.197695821523666 0.0234923493117094 -0.0677817240357399 0.0901499390602112 0.114242866635323 0.171592131257057 0.105123370885849 0.10814218968153 0.0677377805113792 0.0830051153898239 0.199977457523346 0.113086685538292 0.046581108123064 0.0859098061919212 -0.0599982999265194 -0.0302488282322884 -0.0212673991918564 0.0182279162108898 0.0544513948261738 0.13152003288269 0.188363552093506 0.150741770863533 0.258305609226227 0.127047881484032 0.109641812741756 0.115928940474987 0.0490527376532555
-0.0618100166320801 0.0287913177162409 0.0780648812651634 0.124298453330994 0.157087177038193 0.0415772870182991 0.14698214828968 0.0671654641628265 0.119557358324528 -0.0356056392192841 0.0716213881969452 -0.0425558686256409 0.117639735341072 0.0474765263497829 0.09464942663908 0.0273471083492041 0.0427298508584499 0.0311965774744749 0.0823593884706497 0.0832361951470375 0.16359606385231 0.0651347264647484 0.0552156344056129 0.132892146706581 0.151296436786652 0.0760424733161926 0.22320644557476 0.123329609632492 -0.014904803596437 0.0154341068118811 0.0137348240241408 -0.0961966663599014 -0.0442858375608921 0.0379904545843601 0.0725949555635452 0.0276645608246326 0.101508185267448 0.0550020970404148 0.0397826917469501 0.192055478692055 0.155267894268036 0.136593639850616 0.04058638215065
-0.0456211641430855 -0.0963619202375412 0.0362163856625557 -0.0346682630479336 -0.0446895882487297 -0.0496171899139881 0.0171252153813839 0.0616612136363983 0.120195865631104 0.132307082414627 0.0688206478953362 0.126138016581535 -0.0626851543784142 0.100340858101845 0.0639637410640717 -0.0157772563397884 -0.0636490285396576 0.106483936309814 0.0787139609456062 0.0830072835087776 0.0863237082958221 -0.0182451922446489 0.037863414734602 0.0853420272469521 0.0837903767824173 -0.00177965476177633 0.0626447051763535 0.190628036856651 0.0993565917015076 0.0072734379209578 -0.0170731823891401 0.0411782823503017 0.0494742467999458 -0.0541849359869957 -0.09984190762043 0.0186351407319307 0.0389388427138329 0.0517431609332561 0.0198259111493826 0.148418322205544 0.0396756939589977 0.0987253189086914 0.00402185041457415
-0.0243144333362579 -0.0587849207222462 -0.0344326943159103 0.0533531866967678 0.00672787614166737 -0.0436214506626129 -0.0349659956991673 0.112020447850227 0.049982525408268 0.0939338281750679 0.055486474186182 0.00628462294116616 0.0741358324885368 0.005542968865484 -0.0995201095938683 0.0511547476053238 0.024717666208744 0.0177284311503172 0.030205424875021 0.0861943736672401 0.141239032149315 0.112714238464832 0.0932212918996811 0.0127709778025746 0.176520109176636 0.096612848341465 0.142274662852287 0.211207658052444 0.167529821395874 0.138384401798248 0.0858080759644508 0.0356742925941944 -0.0329762771725655 0.0137649532407522 -0.0489130355417728 -0.02459273673594 -0.0778195038437843 0.0505678653717041 0.128307774662971 0.160682186484337 0.252592027187347 0.0844036713242531 -0.00628522410988808
0.0439345166087151 -0.0613033287227154 -0.109198644757271 -0.0466356799006462 0.0308801177889109 -0.0772309303283691 -0.136923313140869 -0.0662943571805954 0.0474466904997826 -0.0237424578517675 -0.0505616441369057 -0.0151811996474862 0.0438725501298904 0.0876182243227959 -0.00430392194539309 -0.0340782254934311 0.104504011571407 0.0468384437263012 -0.027312433347106 -0.043318148702383 0.0288157761096954 0.184422329068184 0.0881196781992912 0.165617913007736 0.047972347587347 0.157577306032181 0.106943279504776 0.184518605470657 0.16320663690567 0.147666946053505 0.163111686706543 0.0639145076274872 0.0174253713339567 -0.0291758328676224 -0.0917786955833435 0.00900491327047348 -0.0722775012254715 -0.0263794884085655 -0.0841570347547531 0.0287883821874857 -0.0389646291732788 0.100307926535606 0.0208908077329397
0.102510690689087 0.0112955002114177 -0.0407592095434666 -0.00850630085915327 0.070474199950695 -0.0445787198841572 -0.00149397412315011 -0.0223544966429472 -0.0492879301309586 -0.0225199591368437 0.0159634929150343 0.035310048609972 -0.0256498456001282 -0.0166529603302479 0.05422667786479 0.157041445374489 0.0628069937229156 0.205348134040833 0.0270172618329525 -0.0293547976762056 0.0753426104784012 0.0482013411819935 0.107306472957134 0.00875390600413084 0.0307642742991447 0.0248781908303499 0.14862248301506 0.191844061017036 0.0345093049108982 0.217268943786621 0.19824355840683 0.0737989768385887 0.0315732546150684 0.0863004103302956 -0.0115466210991144 0.0306274276226759 0.0184867270290852 -0.0360731370747089 -0.00144167081452906 0.0531806945800781 0.0577579140663147 0.048840407282114 0.0433373041450977
0.0487868934869766 0.0136220548301935 -0.0808622762560844 -0.113678276538849 -0.0420917682349682 0.0788620263338089 -0.0356498397886753 0.0611247681081295 -0.0209938250482082 -0.0534522905945778 0.00283385999500751 -0.0416433848440647 -0.0111202485859394 -0.0491476096212864 -0.11009605973959 -0.0586368404328823 0.125986590981483 0.0929345414042473 0.208806961774826 0.186677739024162 0.0895454585552216 0.144679099321365 0.0307242963463068 0.120816566050053 0.0831793174147606 0.0594719313085079 0.144110932946205 0.0780297592282295 0.0556612350046635 0.133864969015121 0.240767017006874 -0.0478374622762203 0.0311002731323242 0.121776178479195 0.0292147751897573 0.0116956252604723 -0.00320558017119765 0.00335005391389132 -0.0417548306286335 0.0384788028895855 0.0177416168153286 0.0370752103626728 0.142923548817635
0.000767872261349112 0.0305599290877581 -0.0125945135951042 -0.085608072578907 -0.0423278957605362 0.00327707245014608 0.0248584970831871 0.0615137107670307 0.0599265098571777 0.151033103466034 0.00180064304731786 -0.0451300479471684 0.020951459184289 0.0553096868097782 -0.0634105876088142 0.159704521298409 0.0516379177570343 0.0716779157519341 0.112674623727798 0.00152606843039393 -0.0357865132391453 0.0510184317827225 0.0140246022492647 0.115072749555111 0.0646737515926361 0.0257804561406374 0.0801080167293549 0.112502314150333 0.232123702764511 0.0485876202583313 0.2257179915905 0.178029924631119 0.22110503911972 0.101159609854221 -0.00931740924715996 0.0313343144953251 0.0299868136644363 -0.00978538766503334 0.0218278374522924 0.018325375393033 0.141316071152687 0.0921033620834351 0.132081046700478
0.0670607089996338 0.0664807930588722 0.0289740525186062 -0.0482739172875881 0.0236539021134377 0.0778769180178642 -0.0120202852413058 0.0446020402014256 0.117606610059738 0.0993261337280273 -0.0301957223564386 0.0370615050196648 0.0142923155799508 0.101113587617874 0.141130715608597 -0.0696262791752815 0.0383971035480499 0.0457869358360767 -0.000353013223502785 0.116818659007549 -0.049321424216032 -0.00188687664922327 0.169156610965729 0.0823064222931862 -0.0299562588334084 0.0555979385972023 0.0450576841831207 0.0270403269678354 0.175270780920982 0.147219553589821 0.19317701458931 0.0839673429727554 0.214382112026215 0.13555996119976 -0.0213119480758905 0.0735573917627335 -0.0234671123325825 -0.0164014175534248 -0.0130885280668736 0.0053002992644906 0.258386045694351 0.165847077965736 -0.000870723917614669
0.0750848278403282 0.0893734470009804 0.103720664978027 -0.0575987100601196 -0.0313397720456123 -0.0137913366779685 -0.118079751729965 0.0466968603432178 0.038398202508688 -0.0521419569849968 -0.0140826944261789 0.0613566562533379 -0.111583240330219 -0.0627769380807877 -0.0149454865604639 -0.0359297096729279 0.0271764434874058 -0.0763610824942589 -0.0718907341361046 -0.0492566041648388 0.0346571393311024 0.0661630630493164 0.0332452617585659 0.0655943676829338 0.0764518827199936 0.0831997320055962 0.182136312127113 0.0174062885344028 0.0697423070669174 -0.0283913612365723 0.170425891876221 0.148319289088249 0.215327739715576 0.151774242520332 0.0607722103595734 0.125687003135681 0.0790741518139839 0.167694553732872 0.0363991223275661 0.153570488095284 0.203649193048477 0.210138708353043 0.18106746673584
0.0741686299443245 0.0572124160826206 0.0172963328659534 0.0419547744095325 0.0566845275461674 -0.00352756516076624 -0.0634007006883621 -0.0392476953566074 0.016199292615056 0.0843478739261627 -0.00641030445694923 0.0364027321338654 0.0540270730853081 0.0369691699743271 -0.0282050557434559 -0.0119506297633052 0.0620095245540142 -0.037047665566206 0.00571781629696488 -0.0285432189702988 0.0374034680426121 0.100042924284935 0.069415882229805 0.124461337924004 0.119565717875957 -0.0366183631122112 0.0106482990086079 0.117257416248322 0.161891460418701 -0.0381790399551392 0.0295417159795761 0.191374823451042 0.108764007687569 0.0936172306537628 0.213294133543968 0.0190659686923027 0.102213598787785 0.113893941044807 0.104948870837688 0.148134648799896 0.257646232843399 0.205353081226349 0.145040482282639
