assets/gome_f/processed/ascii/world/gome_sif_world_20130201.asc
NCOLS 720 
NROWS 360 
XLLCORNER -180 
YLLCORNER -90 
CELLSIZE 0.5 
NODATA_value -3.4e+38 
[rows 209 to 227 of 360, columns 473 to 515 of 720]
0.0126260351389647 0.0238390192389488 -0.073642298579216 -0.057706031948328 0.0238115657120943 -0.0223988965153694 -0.0484501980245113 -0.0991876721382141 0.0513147488236427 -0.106103122234344 0.0997399985790253 -0.026572372764349 -0.0350462086498737 0.0481623522937298 -0.0218374133110046 -0.044592022895813 -0.110283359885216 -0.0247252956032753 -0.216156601905823 0.0716057196259499 -0.0742890983819962 0.0194409172981977 -0.0319610871374607 -0.0168467480689287 0.0416360609233379 -0.155244156718254 -0.0701261535286903 -0.107981219887733 0.012148056179285 0.00337291462346911 0.00718122720718384 -0.0488529652357101 -0.105705231428146 -0.120827786624432 -0.057523675262928 -0.0642924457788467 0.0535281896591187 0.0104301981627941 -0.0185348019003868 0.0809070467948914 0.0558328703045845 -0.0241489913314581 -0.0650984272360802
0.0769537836313248 0.0258830022066832 -0.0504962950944901 0.0490662828087807 -0.129761263728142 0.104768134653568 0.122616924345493 -0.0132616870105267 0.0132790869101882 -0.0847680270671844 -0.016669012606144 0.0692065358161926 0.0388268642127514 -0.0931649208068848 -0.148743584752083 0.0623226277530193 0.0193868204951286 -0.103496678173542 0.018495099619031 0.0323443152010441 -0.0892041176557541 -0.0932047367095947 -0.0873857215046883 -0.083772137761116 -0.0430577099323273 0.0603574514389038 -0.0613478943705559 -0.164033442735672 -0.0359104759991169 -0.0661899372935295 0.0299676470458508 0.0627097263932228 -0.0574434027075768 -0.00532139046117663 -0.0653774812817574 -0.117010653018951 0.0130328927189112 -0.0668564289808273 -0.0790517553687096 0.0155160361900926 -0.0118969799950719 -0.132914274930954 -0.195088177919388
0.182243719696999 -0.0526986159384251 -0.0153782488778234 -0.0335244350135326 0.0139911202713847 -0.0183208640664816 0.0337111055850983 -0.00296695344150066 -0.0430575832724571 0.0332511328160763 -0.0823954641819 -0.107977189123631 0.104156911373138 -0.0422775261104107 -0.0811079069972038 -0.0278432797640562 -0.0304716676473618 0.00898214429616928 -0.0280865896493196 0.0183845050632954 0.00555140106007457 0.00242501543834805 -0.00476700300350785 -0.150238230824471 -0.0316079333424568 -0.0866478979587555 -0.125962123274803 0.00594333466142416 -0.0353605039417744 0.0173768363893032 -0.020343204960227 0.0242781862616539 0.0196766890585423 -0.00639383401721716 0.0194261018186808 0.0140170659869909 -0.0879192501306534 -0.0485533177852631 -0.00682613998651505 -0.0273081753402948 -0.052228607237339 -0.0399321354925632 0.00370677257888019
0.0271644424647093 -0.0176277384161949 -0.0565028563141823 -0.157396420836449 -0.0776446387171745 -0.0871151611208916 -0.157928720116615 0.119915872812271 -0.126837909221649 0.0676840022206306 0.175912156701088 0.0284452326595783 0.0382929481565952 -0.00156438967678696 0.0583600252866745 0.0474605225026608 -0.138178318738937 -0.039130724966526 -0.108934514224529 0.155296817421913 0.0458506681025028 -0.0521278455853462 -0.0946471095085144 0.0623854175209999 -0.0345730148255825 -0.102771453559399 -0.0213464088737965 -0.0541484802961349 -0.0445591546595097 -0.162265196442604 0.119035683572292 -0.0377499498426914 -0.0481352768838406 -0.112471267580986 0.0150038450956345 -0.0233132392168045 -0.0559182427823544 0.0722524672746658 -0.0185222662985325 -0.0581486821174622 -0.12701627612114 -0.0766050145030022 -0.117507867515087
-0.0385437272489071 0.0709221884608269 -0.0778631716966629 0.0230774618685246 -0.00896218977868557 -0.0365192554891109 -0.0339646078646183 -0.0423566438257694 -0.00384627631865442 0.0934129282832146 -0.13360807299614 -0.0645677596330643 0.0509230345487595 -0.037307370454073 -0.0916674137115479 -0.0153536107391119 0.0424338392913342 -0.0555214248597622 -0.0131950257346034 0.00392430368810892 0.0280194692313671 -0.00556395296007395 0.0163534842431545 0.0101996641606092 -0.0426511019468307 0.0344398841261864 0.00874906405806541 0.0227954871952534 0.0169556606560946 -0.00287253595888615 -0.0407661274075508 0.0608010739088058 0.0283368900418282 0.0248807221651077 -0.0357325449585915 -0.0238409880548716 0.0750778689980507 -0.0821624398231506 -0.0253100004047155 0.0627564787864685 0.078922338783741 -0.074787326157093 -0.0423980541527271
0.00355307012796402 -0.00968609470874071 -0.0663440525531769 -0.137299120426178 -0.0687200725078583 -0.023406321182847 -0.101219572126865 -0.0704052448272705 -0.130051732063293 0.0950215011835098 -0.125629395246506 0.0856371000409126 0.00514092249795794 0.0292702838778496 -0.00535143213346601 -0.0961254313588142 0.0701128765940666 -0.11158761382103 0.0282582361251116 -0.0783907100558281 0.13043013215065 0.0848937779664993 -0.0690759792923927 -0.0736198574304581 -0.0668698772788048 -0.0879715755581856 -0.0160018019378185 -0.0312444418668747 -0.0097211105749011 0.0136157274246216 -0.0693608000874519 -0.0487868636846542 0.0408190935850143 0.0289425533264875 0.0266629494726658 -0.0419580228626728 0.00340583850629628 -0.120306380093098 0.0108372960239649 -0.054257407784462 -0.0423092357814312 -0.0815250352025032 0.00218434142880142
0.0577256232500076 0.0662737414240837 0.0997172817587852 0.0205315724015236 0.0111479004845023 0.0340741574764252 -0.0517584905028343 0.0516175404191017 0.115175388753414 0.00239273416809738 0.0477528423070908 0.122148923575878 -0.00949337054044008 -0.0552829317748547 -0.0287519786506891 0.0931624621152878 0.157833471894264 0.0201698392629623 -0.0435168147087097 -0.0721723958849907 0.0181310325860977 0.0727037712931633 0.0164033863693476 -0.00491531379520893 -0.0329176746308804 -0.12819766998291 0.041505504399538 -0.0497460924088955 -0.00329568097367883 -0.0484597831964493 -0.0987666919827461 0.0599830970168114 -0.0573696866631508 -0.0236956141889095 -0.0837533548474312 0.0147734191268682 0.0602307729423046 -0.0855903401970863 0.034312479197979 -0.0952616184949875 0.0885750353336334 -0.0549029409885406 0.00371971563436091
0.0519622787833214 0.115613915026188 -0.0126729514449835 -0.0629573985934258 -0.0431016162037849 -0.0999303087592125 -0.0921637490391731 -0.109246477484703 0.0256705339998007 0.0867237821221352 0.0373209938406944 -0.00263089081272483 0.0556994639337063 -0.0508434809744358 0.00801997538655996 -0.0822615548968315 -0.0424970760941505 0.0992303043603897 0.135198324918747 0.0308979470282793 -0.0973108410835266 -0.0268630664795637 0.0165301170200109 -0.0358277633786201 -0.0722797587513924 -0.0789254382252693 -0.0461993031203747 0.059408325701952 -0.0766090005636215 -0.020350219681859 -0.0327971465885639 0.0906978398561478 0.0624933131039143 0.0770711228251457 0.0733230262994766 0.00926514901220798 -0.00238146586343646 -0.049164067953825 8.44914466142654e-05 -0.0489191003143787 0.0202567037194967 -0.0822202190756798 0.0498217716813087
0.0286375414580107 -0.107489466667175 -0.0390865057706833 0.0378355048596859 -0.147847846150398 -0.0846453234553337 -0.0324393026530743 -0.155284285545349 -0.0550532080233097 -0.0694792121648788 -0.115163743495941 -0.0928483009338379 -0.0154407313093543 -0.0640740171074867 -0.0757473930716515 0.0275486297905445 0.000336334109306335 -0.0456399992108345 0.0790696069598198 -0.0489332042634487 -0.0530307292938232 -0.026459937915206 -0.0918670520186424 0.0726534500718117 -0.073245145380497 -0.024064302444458 0.0729607045650482 0.0759173929691315 -0.0527618378400803 -0.0300738364458084 -0.0610811710357666 -0.0346683785319328 -0.0567749924957752 0.0545308105647564 -0.0103159276768565 -0.0368233770132065 -0.0382991582155228 0.0569830574095249 -0.130891129374504 -0.0320210531353951 0.0836911126971245 0.0127477366477251 0.00749792903661728
-0.0556689836084843 0.110785886645317 -0.103295534849167 0.0206328108906746 -0.0746020376682281 0.0263787619769573 0.0240048114210367 -0.0192954670637846 0.00215023243799806 -0.00140212732367218 -0.034710917621851 -0.0925872325897217 0.00807076040655375 -0.0753360167145729 0.019309788942337 -0.0256103370338678 -0.0424573756754398 0.060506422072649 0.0545539744198322 0.111416928470135 -0.0270537193864584 0.0317164734005928 0.0259073786437511 0.0462333410978317 0.0314729698002338 -0.0717911273241043 0.00585360359400511 0.0465681627392769 -0.0886203497648239 -0.0418398454785347 -0.00434399349614978 0.0625924170017242 -0.0833092927932739 -0.112192407250404 -0.0261640548706055 -0.0680215582251549 -0.0244220662862062 0.0702538043260574 0.0162109062075615 -0.0747988522052765 0.056166585534811 -0.0369850061833858 -0.0271239746361971
-0.0323337316513062 0.0896346047520638 -0.0619507618248463 -0.0187841523438692 0.0435904525220394 -0.00506045389920473 -0.11150798201561 -0.080951489508152 0.0982850939035416 -0.139536038041115 0.0235016141086817 0.0834498777985573 -0.0593608543276787 -0.109161302447319 0.00380347762256861 0.0329441428184509 0.079376682639122 -0.0478524975478649 0.0949055403470993 0.0340673439204693 -0.0297493413090706 0.0188179258257151 -0.0123621253296733 -0.123156115412712 0.0439517423510551 -0.136774957180023 -0.0872875228524208 0.138560727238655 -0.017099728807807 0.0469508916139603 -0.0852165222167969 -0.0397533252835274 0.0693889707326889 -0.0322436802089214 -0.00612986320629716 -0.0492465831339359 -0.0108404085040092 -0.0506054759025574 -0.089873731136322 0.0123159028589725 0.0548390001058578 -0.00210335315205157 -0.011469173245132
0.0638941302895546 0.00468677375465631 0.128168001770973 0.0807438343763351 -0.0403436496853828 -0.0119971139356494 0.0332645438611507 -0.136103421449661 -0.00627230852842331 0.0115649420768023 0.00197705673053861 -0.0427422523498535 -0.0922220498323441 -0.03744151070714 -0.0173851549625397 -0.0545576959848404 0.0248369257897139 -0.0145131209865212 -0.0495347566902637 0.0260047893971205 0.0588097050786018 -0.0707969963550568 -0.0153861036524177 -0.0406433828175068 -0.078018918633461 0.087150938808918 0.0183968115597963 -0.0113936252892017 0.0455370806157589 0.0256515871733427 -0.0290683321654797 -0.0098348967730999 0.00561530515551567 -0.0116257015615702 0.0186074376106262 -0.115699343383312 -0.0576353706419468 0.057459432631731 -0.00536469789221883 -0.0448559075593948 0.0139652099460363 0.0778079256415367 -0.0303657446056604
0.0380873382091522 0.000145745550980791 -0.098013773560524 -0.0235995724797249 -0.00918643083423376 -0.0726403370499611 0.123126350343227 -0.0435179732739925 -0.0323866493999958 -0.00656318757683039 0.00107573438435793 -0.00862402003258467 0.0415038280189037 0.00818904023617506 -0.0349059328436852 -0.00643944600597024 -0.0220992378890514 -0.0769520252943039 -0.0590741895139217 0.0127784349024296 0.0386587306857109 -0.0260198321193457 -0.030391875654459 0.0274773128330708 0.0764941722154617 0.0251636262983084 -0.0555776208639145 -0.0350510813295841 0.00931132771074772 -0.0203166492283344 0.0663330107927322 -0.0944002717733383 0.0433959886431694 -0.122206926345825 0.038780752569437 -0.0722625926136971 -0.143900632858276 0.0525005012750626 -0.0310911759734154 -0.0267574787139893 -0.0187293831259012 -0.00915099866688251 0.0178044997155666
0.0702008157968521 -0.000749662634916604 0.0597431845963001 -0.0113293714821339 0.00410927645862103 -0.0508445017039776 -0.029502471908927 -0.0973499268293381 0.0263033751398325 0.0341130197048187 0.0490798428654671 -0.0313643701374531 0.021541565656662 0.0388346016407013 0.0675703436136246 -0.022994726896286 0.00142396008595824 0.0262672994285822 -0.102259904146194 0.0923604071140289 -0.0421980395913124 -0.0696303769946098 0.00808304082602262 -0.0503960438072681 -0.0774910002946854 -0.00454944185912609 -0.0206516087055206 -0.0394071936607361 -0.0889794304966927 0.0433494560420513 -0.0600715577602386 -0.0353314764797688 -0.0548302493989468 0.0419543571770191 0.0646006613969803 -0.113320522010326 -0.063891664147377 -0.131235137581825 -0.108460143208504 -0.0383539013564587 -0.04356399923563 -0.0440180785953999 0.019372470676899
-0.0467483215034008 0.0532427094876766 0.0212520305067301 0.0278510712087154 -0.0054386043921113 0.0272435136139393 -0.0819221362471581 -0.0208835154771805 -0.00114024849608541 -0.0327883064746857 -0.0566907450556755 0.0837441459298134 -0.0404522083699703 0.0879417806863785 -0.00977086555212736 0.0770979225635529 0.021977448835969 -0.0270688645541668 -0.06593157351017 -0.0458848811686039 0.0430536903440952 -0.00866583082824945 0.05428471788764 -0.0763392597436905 -0.0173223800957203 -0.0530197992920876 0.007895328104496 0.0689571499824524 -0.0118514578789473 -0.0520338825881481 0.00841470900923014 0.00621431320905685 -0.091175951063633 0.0734027177095413 -0.0382284671068192 -0.0484914183616638 -0.0291809793561697 -0.104405917227268 -0.0191744640469551 0.0170254837721586 -0.0721412003040314 0.0968783870339394 -0.067562498152256
-0.0153248878195882 -0.144483223557472 0.00095474487170577 0.0894979685544968 -0.0461123213171959 0.0480298288166523 -0.0154468538239598 0.0904172509908676 0.0872239172458649 0.0570293702185154 -0.0190804619342089 0.0419562645256519 0.101773284375668 0.0217067617923021 -0.0349192470312119 -0.0828254073858261 -0.0521095283329487 -0.0718753337860107 0.0457597561180592 -0.0174626801162958 0.000458486872958019 -0.0882621705532074 0.077227495610714 -0.079443171620369 0.0480012111365795 -0.0413967855274677 0.103286080062389 -0.0185750219970942 -0.0173647589981556 -0.00197503203526139 -0.0593459233641624 0.0229805950075388 -0.0650571286678314 0.00693837599828839 -0.0319327600300312 -0.0582451410591602 -0.0627240911126137 -0.0715870708227158 -0.0318681485950947 0.0166026186197996 0.0029627219773829 -0.0786592364311218 -0.0288416147232056
-0.0594757683575153 0.0281513184309006 0.0193085111677647 0.0297600515186787 0.0108990827575326 0.0525522343814373 0.0184083711355925 0.0617852844297886 0.15524622797966 -0.0421917624771595 0.136800959706306 0.0562622435390949 0.0242784451693296 -0.0101940967142582 -0.0290869455784559 0.00708525208756328 0.025811018422246 0.00765889324247837 0.041241031140089 -0.0315976291894913 -0.0780993178486824 0.0162643454968929 -0.0540859326720238 -0.123333133757114 -0.0973523929715157 -0.00351157900877297 -0.0180903673171997 -0.0728616341948509 -0.00471520749852061 -0.0502430386841297 0.00686425715684891 -0.0918403938412666 0.0708901807665825 0.00120031158439815 -0.0669305771589279 -0.13890939950943 -0.0196484364569187 0.0843852385878563 -0.002213379368186 -0.156852692365646 0.149946331977844 -0.101096853613853 -0.114138305187225
0.036953542381525 0.0120593253523111 -0.0629828944802284 -0.0600125640630722 -0.0627042651176453 -0.024338835850358 0.0486609116196632 0.0524125546216965 0.0803779885172844 -0.0334983021020889 -0.0130827724933624 -0.131798297166824 0.0258619133383036 -0.0810090452432632 -0.0188381765037775 -0.018144054338336 -0.0646771341562271 -0.0167486369609833 -0.0211937967687845 0.106852419674397 -0.163709104061127 -0.00205755233764648 0.00677723251283169 -0.0379172079265118 0.033947765827179 0.0264637526124716 0.0146739650517702 -0.11075284332037 -0.0481024794280529 0.00908209476619959 -0.109859548509121 0.0452297329902649 -0.0847019031643867 0.00115576479583979 -0.0608061477541924 -0.000437328213592991 0.0482552275061607 -0.0317133590579033 0.00574034638702869 -0.0166176445782185 0.0415746830403805 0.00464251916855574 -0.0291569754481316
0.000957931799348444 -0.00042754368041642 -0.0845859125256538 0.0377097688615322 -0.0715598911046982 0.0238929111510515 0.0139794843271375 -0.0390585698187351 0.0556210875511169 -0.0117194140329957 -0.0326835252344608 0.0783206298947334 -0.0583336278796196 -0.0498193353414536 -0.0266965255141258 -0.112027272582054 -0.13659405708313 -0.0751635879278183 0.119572192430496 0.0201492495834827 -0.0585673190653324 -0.046796765178442 -0.0468949303030968 -0.0272747352719307 0.123567581176758 -0.0275728646665812 -0.0701085180044174 -0.0636406987905502 0.0339806266129017 0.0363703444600105 -0.0103326458483934 -0.131877720355988 -0.00791832059621811 -0.051399827003479 -0.0337282493710518 0.116226315498352 -0.064820796251297 -0.177459061145782 -0.0171407274901867 -0.0545547753572464 -0.0111662233248353 -0.0743240863084793 -0.0303895957767963
