assets/gome_f/processed/ascii/world/gome_sif_world_20110201.asc
NCOLS 720 
NROWS 360 
XLLCORNER -180 
YLLCORNER -90 
CELLSIZE 0.5 
NODATA_value -3.4e+38 
[rows 190 to 208 of 360, columns 559 to 601 of 720]
0.0259377229958773 0.029664434492588 -0.0903708338737488 0.0987119227647781 -0.0478720664978027 0.0703925341367722 0.0129638286307454 -0.0256810132414103 0.0372865460813046 0.252507984638214 0.412640661001205 0.656816959381104 0.123698569834232 0.261765688657761 0.0265959296375513 0.0600402168929577 0.0672239810228348 0.0553003512322903 -0.0963797196745872 0.129720747470856 0.0370984226465225 -0.098265215754509 0.0795660391449928 -0.0919106975197792 0.129233434796333 0.167890697717667 -0.145515024662018 0.259317219257355 0.0321429260075092 -0.107765503227711 0.00184440612792969 -0.0296762771904469 -0.00285061565227807 -0.00626783212646842 -0.197865068912506 0.0267799701541662 -0.0232064668089151 -0.101650610566139 0.0608810670673847 0.111684165894985 0.332325637340546 0.434072405099869 0.0167875327169895
0.110361605882645 -0.00973223894834518 -0.00640331720933318 0.0393051914870739 0.0235597062855959 -0.0251636039465666 -0.0274175517261028 0.118264175951481 -0.000191099941730499 0.271326035261154 0.244138136506081 0.394923388957977 0.321378409862518 -0.0729268416762352 0.110565528273582 -0.00946726091206074 0.291209876537323 0.0199335869401693 0.218702629208565 -0.0532272085547447 -0.0378466099500656 -0.0610273294150829 0.0651226118206978 -0.0358034633100033 -0.00362345669418573 -0.107552908360958 0.0608643591403961 -0.0854445397853851 0.138815090060234 -0.0305018499493599 0.112763457000256 -0.00667970487847924 0.0608136542141438 0.0621812157332897 0.153711229562759 0.310977518558502 -0.039734773337841 0.12109998613596 -0.0225653368979692 0.123315095901489 0.085248164832592 0.235097631812096 -0.043928001075983
0.144286379218102 -0.0989318042993546 -0.00449147820472717 0.0664278641343117 -0.0310399401932955 0.0838592424988747 -0.0431504510343075 -0.0823619589209557 0.107483886182308 -0.184673622250557 0.0214810632169247 -0.0285228416323662 0.158992275595665 0.354923009872437 0.385598599910736 0.435440957546234 0.356285363435745 0.335121482610703 0.00158529356122017 0.0807845816016197 -0.0595609247684479 0.148871421813965 0.127672806382179 0.0225624572485685 -0.02032913826406 -0.176887199282646 -0.0478701442480087 -0.187323093414307 -0.0264752190560102 0.105828881263733 0.128887549042702 0.139880031347275 0.0125193381682038 0.091993547976017 0.0469954945147038 0.110975526273251 0.0381746031343937 0.0311584528535604 0.15298992395401 0.1122105717659 -0.0118867959827185 0.175913825631142 0.109181016683578
0.0638981014490128 0.0389758609235287 0.0330479666590691 0.0363925956189632 -0.0199292954057455 -0.0820945426821709 -0.0555062629282475 0.0437959022819996 0.000426563958171755 -0.0336971022188663 0.0459374189376831 0.12129358202219 0.148470416665077 0.646661460399628 0.695527911186218 0.664671540260315 0.656857550144196 0.527538478374481 0.4803207218647 0.275255352258682 0.541175663471222 0.403149217367172 0.344983577728271 0.2909035384655 0.296861439943314 0.161648735404015 0.0182083174586296 0.174204885959625 0.165837988257408 -0.0544081144034863 0.0362597778439522 0.0417752116918564 0.0819421261548996 -0.047200083732605 0.0492911040782928 0.0615156032145023 0.0356959216296673 0.131689816713333 -0.0869221389293671 -0.0733142718672752 -0.0941730886697769 0.0448740869760513 0.122063048183918
0.0944637358188629 0.0271032974123955 0.094831570982933 -0.121637180447578 -0.00393126346170902 -0.0652269870042801 -0.00918397773057222 0.00148827442899346 0.0754954591393471 0.0519422143697739 0.0371359065175056 -0.122890315949917 0.204174041748047 0.18108569085598 0.308238208293915 0.573177456855774 0.662474632263184 0.593774020671844 0.74261349439621 0.576884984970093 0.47769969701767 0.45995706319809 0.538615584373474 0.510087430477142 0.668317496776581 0.362650752067566 0.154200091958046 0.239749163389206 0.17687463760376 0.0981960594654083 0.336676776409149 0.0815672054886818 0.11605304479599 0.108451463282108 -0.0507555492222309 0.0735613331198692 0.0555476546287537 0.0138895092532039 -0.00694578047841787 -0.0200717691332102 -0.0351745933294296 -0.103497505187988 0.0263464190065861
-0.103568755090237 0.00919680204242468 0.117630533874035 -0.0401605889201164 0.166670978069305 0.0331625826656818 0.149071425199509 0.025388028472662 -0.0821678340435028 0.114040344953537 -0.0363952293992043 0.0261250361800194 -0.00853231362998486 0.252850413322449 0.0995194390416145 0.068044550716877 0.0441697314381599 0.191526278853416 0.252341479063034 0.203303173184395 0.250860184431076 0.31476092338562 0.588895976543427 0.459894150495529 0.6327765583992 0.54641193151474 0.498239755630493 0.357873529195786 0.285430282354355 0.45799931883812 0.00523703033104539 0.123847767710686 -0.0375028550624847 0.014441748149693 -0.135922819375992 0.01446224283427 -0.0170140154659748 0.0719447508454323 0.02482870221138 -0.0152226453647017 -0.0372942052781582 -0.068202942609787 0.0472171865403652
-0.0429257154464722 0.131393358111382 0.105630412697792 0.0331671163439751 0.0639954209327698 0.030809884890914 0.0693937093019485 0.0674800202250481 0.119964145123959 0.0520802401006222 0.00306602451018989 -0.0442642644047737 -0.0034589059650898 -0.0261868536472321 -0.103418327867985 -0.00981312617659569 -0.161362007260323 0.0418442040681839 0.00700201978906989 -0.0711172372102737 0.0858518704771996 0.0443918593227863 0.0943900644779205 0.215425372123718 0.375546872615814 0.476137489080429 0.424948990345001 0.334961146116257 0.373043149709702 0.557578146457672 0.28644186258316 0.345129638910294 0.254651069641113 0.305546790361404 0.382634460926056 0.344704151153564 0.229076102375984 0.261798888444901 0.315892338752747 0.238981887698174 0.0802165940403938 0.201657608151436 0.356195390224457
-0.0297849997878075 -0.03255545347929 0.00738075142726302 0.158342391252518 0.0969203636050224 -0.0251023769378662 0.0759667679667473 -0.056364543735981 -0.0954496189951897 0.119390249252319 0.0469732135534286 0.0938427150249481 0.0480314716696739 -0.042731661349535 0.0102470926940441 0.069194570183754 -0.0586280450224876 0.0168335810303688 -0.0148766506463289 0.119582027196884 -0.088982954621315 0.139357969164848 -0.159262254834175 0.0715532675385475 -0.00330914813093841 -0.0144228721037507 0.0428086556494236 0.0803375914692879 -0.0182413198053837 0.147308751940727 0.109757244586945 0.0818374529480934 0.200570538640022 0.189185038208961 0.372890025377274 0.32169571518898 0.356025159358978 0.253671169281006 0.369672566652298 0.116941571235657 0.148501560091972 0.278654247522354 0.417231649160385
0.0444185994565487 0.0735531002283096 -0.0303420778363943 -0.0733219906687737 0.00285477912984788 -0.119709320366383 0.112133026123047 0.104982450604439 -0.00859943404793739 0.107427209615707 -0.00917978119105101 0.166527524590492 -0.0613625161349773 -0.0658988133072853 0.00804122257977724 -0.0729915425181389 0.0354099795222282 -0.0900353267788887 0.00163557939231396 -0.075844444334507 0.0596941560506821 -0.0105033535510302 -0.146489799022675 -0.0524768605828285 -0.0554663203656673 -0.0396432280540466 0.00124673789832741 -0.0254033580422401 -0.048147764056921 0.0163288116455078 0.0213745385408401 0.120018683373928 -0.201984211802483 0.146073430776596 0.0751736089587212 -0.0114357806742191 0.0737803876399994 0.0877616256475449 0.128195002675056 0.00531131355091929 0.272955030202866 0.19581039249897 0.047846607863903
0.0911389142274857 -0.0314607843756676 0.00304962322115898 0.106478467583656 -0.00962978973984718 -0.0123211238533258 0.0230733528733253 -0.021347152069211 0.0532764419913292 0.104460224509239 0.0410373322665691 0.104676902294159 0.0870741382241249 0.0435023866593838 0.00780695164576173 -0.0494989268481731 0.125447660684586 -0.0408061966300011 0.037165030837059 -0.0501099824905396 0.0481912791728973 0.00971199199557304 -0.108713068068027 0.0542845353484154 0.0831605717539787 0.0397766791284084 0.01483513135463 -0.0164124630391598 0.0995551198720932 -0.0410019047558308 -0.206988647580147 -0.0654474124312401 0.0905818492174149 0.201932162046432 0.0449040420353413 0.0531007871031761 0.107912749052048 0.146329820156097 -0.0247794669121504 0.145979136228561 0.274252116680145 0.467086762189865 0.205462574958801
0.12931901216507 0.0268830303102732 0.000444366771262139 0.0665794312953949 0.0309069361537695 0.0728296786546707 0.0427363850176334 -0.0348984412848949 -0.136374145746231 -0.037335030734539 -0.0786567404866219 0.0567070096731186 -0.0638539120554924 0.0248986780643463 0.0300184190273285 0.0422723926603794 0.0311944931745529 -0.0059429076500237 0.0676198750734329 0.0261535029858351 0.0554510839283466 -0.043671615421772 0.0705671235918999 -0.0442450195550919 0.078261137008667 0.0265483856201172 0.0299007967114449 -0.00698688393458724 -0.0205165203660727 -0.0429999232292175 0.000885413726791739 -0.0119708823040128 -0.104746378958225 0.0139267314225435 0.00252033513970673 0.0824893489480019 0.0825072228908539 -0.0217892453074455 0.0036535959225148 0.0217520855367184 0.0549344345927238 0.181157290935516 0.238365739583969
0.0203532390296459 0.105955623090267 -0.0412383638322353 -0.00489402189850807 -0.0425654388964176 0.108592048287392 -0.187491491436958 0.0551277138292789 -0.0948032438755035 0.110840693116188 -0.0164152290672064 0.0189508683979511 0.02766995690763 -0.19275164604187 0.0916319787502289 -0.0920253023505211 -0.0124900117516518 0.0478376969695091 0.161927863955498 -0.0517844967544079 0.0634459108114243 -0.0387128852307796 -0.0821279436349869 -0.0218322388827801 -0.0102034769952297 -0.0367520526051521 0.0358124971389771 -0.145321473479271 0.00293172290548682 -0.0675049424171448 -0.0723473876714706 0.0310062896460295 0.170458033680916 -0.0650669112801552 0.119922287762165 -0.0516293235123158 -0.0610288418829441 0.0145136946812272 0.161813154816628 -0.0757151320576668 0.030391788110137 0.0888642594218254 0.0430516600608826
0.0864003524184227 -0.0221655368804932 0.0211065206676722 -0.0109766768291593 0.0301856435835361 0.147860154509544 -0.0700143501162529 0.11222717165947 0.0756102725863457 0.00315189990215003 0.166320964694023 0.00350512727163732 -0.0279668625444174 -0.119164511561394 -0.095236673951149 -0.0425497107207775 0.00841685757040977 -0.152430385351181 -0.104922659695148 -0.00264625600539148 0.0593933388590813 0.0452358014881611 -0.077674388885498 0.0401700176298618 -0.0309519525617361 -0.0258112512528896 0.086211085319519 -0.140419632196426 -0.0336506739258766 -0.00183360546361655 -0.0440126769244671 0.134872481226921 -0.0065586194396019 0.00460622506216168 -0.01196498144418 0.0847825929522514 0.0169868972152472 -0.0243051890283823 0.247483417391777 -0.0975680351257324 0.0739177167415619 0.00830958411097527 0.136981308460236
-0.113889329135418 -0.225529372692108 0.0313038416206837 -0.0196109116077423 -0.0122974961996078 -0.151564374566078 0.0011014249175787 -0.0417678356170654 -0.054984237998724 -0.0525552481412888 -0.0319021008908749 0.0429783500730991 0.1514732837677 0.00315004936419427 -0.0966697111725807 -0.0386002995073795 0.042655736207962 -0.0111555615440011 0.0646974071860313 -0.0114670870825648 -0.0805746018886566 0.0378161631524563 -0.0939695239067078 0.0786634311079979 0.0322650410234928 -0.0254574734717607 0.0240457896143198 -0.0108032487332821 -0.0242848098278046 0.0702351704239845 0.0348349846899509 0.0187302064150572 -0.0572521016001701 -0.0340767540037632 0.0320062823593616 0.0109333135187626 0.033204447478056 0.0647202581167221 0.0243237856775522 -0.047368947416544 -0.00525102764368057 0.177618071436882 -0.000492711027618498
-0.0343666635453701 -0.040302250534296 -0.00388966035097837 0.125573575496674 0.0374861434102058 -0.0658426880836487 -0.0240943692624569 0.121771536767483 -0.0980519130825996 -0.0518770851194859 0.135140046477318 -0.0579377636313438 0.141216352581978 -0.0308512337505817 0.0337858758866787 -0.0506027862429619 0.00536319194361567 -0.00195066165179014 0.12597531080246 -0.00545406341552734 -0.0141998557373881 -0.14189201593399 -0.00897540617734194 0.0754834339022636 0.0715390741825104 -0.0228324383497238 -0.0513236857950687 -0.0428971461951733 -0.00564761273562908 0.0351548455655575 0.0515370555222034 0.0730633661150932 -0.0345832295715809 -0.0294286515563726 0.0223655216395855 -0.0151691837236285 0.0539910197257996 0.0105746341869235 0.182733848690987 -0.0519963689148426 -0.0628212317824364 0.140784472227097 0.00248431041836739
-0.0701373144984245 0.106111221015453 -0.106228142976761 0.0761134698987007 0.0515798889100552 -0.0846767649054527 -0.0323139019310474 0.0894461423158646 -0.0665020793676376 -0.124128758907318 0.0692199096083641 -0.00369581440463662 0.0763545855879784 0.0246925819665194 0.00277334358543158 0.0277606565505266 -0.00871620513498783 0.030006842687726 -0.0129440119490027 -0.035569816827774 0.171480044722557 -0.0674188062548637 -0.0639089569449425 0.0170266274362803 0.0323889777064323 0.0832402929663658 -0.00756596587598324 -0.15975134074688 0.0700481608510017 0.00438666623085737 0.0621466189622879 0.000818287313450128 0.0986608788371086 0.0225251689553261 -0.0806775242090225 -0.0455559827387333 -0.00298456475138664 -0.111497767269611 -0.0311238393187523 0.0956203863024712 -0.0221691429615021 0.0196721814572811 0.124850444495678
-0.0227738562971354 -0.0227336604148149 -0.0733460262417793 -0.0752904117107391 0.0660545006394386 0.0582419335842133 0.0783578902482986 0.0897370800375938 -0.0759038776159286 0.0312267486006021 0.113266117870808 0.0574303083121777 -0.0119151500985026 0.108931310474873 0.0604859367012978 0.00606764946132898 -0.057653222233057 -0.109092190861702 0.00137521477881819 0.0290795061737299 0.0133222788572311 -0.0489858202636242 -0.0972502008080482 -0.010326836258173 0.00470872409641743 0.00462757376953959 0.0226156301796436 0.0978248938918114 -0.118908666074276 -0.0165288858115673 0.0318217724561691 0.00613294541835785 -0.0752141252160072 0.165425717830658 0.0129978992044926 0.105562716722488 -0.0312308426946402 -0.0281559973955154 0.00884010922163725 -0.0934197306632996 0.0151199596002698 0.0582001209259033 -0.0490651614964008
0.0110811367630959 0.0295895226299763 -0.0729049444198608 0.121884666383266 -0.0937625989317894 -0.0624660141766071 -0.0520337000489235 0.00239777332171798 0.0199441164731979 0.0522067584097385 -0.154604211449623 -0.024212209507823 -0.0905110239982605 0.0396303944289684 0.12449236959219 0.0179751701653004 -0.0592415370047092 -0.0867827460169792 -0.00932066515088081 0.138830125331879 0.13023716211319 -0.0562005341053009 -0.0166246443986893 0.0967693403363228 0.0333060547709465 -0.00267203571274877 0.00964726228266954 -0.085454136133194 0.0711367130279541 -0.0216077920049429 -0.0686407536268234 0.0209129601716995 -0.054083526134491 -0.0935424268245697 0.0741193145513535 0.0542203560471535 0.047785896807909 0.055721078068018 0.0887847915291786 -0.0429836139082909 -0.104838341474533 0.0163480266928673 -0.063109390437603
0.0932739078998566 -0.0425554290413857 0.0204355213791132 -0.0910461619496346 0.0776468589901924 -0.0560575351119041 0.0534070357680321 -0.094388984143734 -0.0487733334302902 -0.00740723311901093 -0.0242952518165112 -0.204681918025017 -0.0570016838610172 0.000886380381416529 0.177959084510803 0.0528712347149849 0.0337155573070049 -0.0435684956610203 0.0166049096733332 -0.0125129288062453 -0.0963865146040916 0.0814432203769684 -0.0384918376803398 0.0408028960227966 -0.03111825697124 0.105063118040562 0.0681330636143684 0.0174463465809822 -0.0973356366157532 -0.00271035847254097 0.04672010242939 0.0464650951325893 -0.000623154977802187 0.0478709526360035 -0.026273125782609 0.12421390414238 -0.10902912914753 0.119347296655178 0.193206533789635 0.0502242296934128 0.00362667627632618 -0.122281655669212 -0.0826039165258408
