assets/gome_f/processed/ascii/world/gome_sif_world_20120201.asc
NCOLS 720 
NROWS 360 
XLLCORNER -180 
YLLCORNER -90 
CELLSIZE 0.5 
NODATA_value -3.4e+38 
[rows 95 to 113 of 360, columns 86 to 128 of 720]
0.0272913035005331 -0.0922790765762329 -0.0988879725337029 0.0740518271923065 0.00986733846366405 0.129769057035446 0.0122855203226209 0.0514450147747993 0.0435998030006886 0.0494457222521305 -0.0138123063370585 0.0703570619225502 -0.035536166280508 0.0309422761201859 -0.0668130591511726 0.0090321684256196 -0.0193728413432837 0.0643785446882248 -0.113241761922836 -0.094899982213974 -0.0286274235695601 0.0628988593816757 0.128954038023949 0.00404782593250275 0.0787819474935532 -0.0542819015681744 0.0848916918039322 0.136777564883232 0.0972351059317589 0.133333966135979 0.0602312237024307 -0.041735265403986 0.0804333835840225 -0.0061726993881166 -0.0165158938616514 0.0463799126446247 0.107051327824593 0.0334485471248627 0.0167552754282951 0.0668341815471649 -0.140368163585663 0.0661657676100731 0.122378766536713
0.0340558364987373 -0.0433282926678658 0.0910790339112282 -0.0339633263647556 0.061290193349123 -0.0401704572141171 0.0486322045326233 -0.100666083395481 0.00717751448974013 -0.0660106018185616 0.105606637895107 0.00564169557765126 -0.0635536164045334 -0.155427247285843 -0.0573315396904945 0.0657465383410454 -0.0125979287549853 0.0320103242993355 -0.124489545822144 -0.0649347528815269 -0.033160038292408 -0.0242655146867037 0.0257454104721546 0.0139213157817721 0.0831085443496704 -0.125854164361954 0.0589397177100182 0.124197259545326 0.107683271169662 0.0781626626849174 0.131129994988441 0.025534501299262 -0.0577890872955322 0.0254283230751753 0.0455263070762157 -0.0166321657598019 0.0395248867571354 -0.0271169673651457 0.0498583316802979 -0.0319227278232574 -0.0582021176815033 -0.0158803220838308 -999
-0.0116902086883783 -0.0987569689750671 -0.131579637527466 0.294631808996201 0.0746739208698273 0.0358039624989033 -0.0178410522639751 -0.000779037654865533 0.0402173399925232 -0.140078023076057 0.000448231177870184 0.0511340424418449 0.0731046050786972 -0.000309962022583932 0.00802696961909533 0.0690674409270287 -0.0451766289770603 0.014324089512229 -0.0629519373178482 -0.0901869088411331 -0.0430043935775757 -0.0281690247356892 -0.00954870879650116 -0.0344724953174591 -0.0449266247451305 0.123627156019211 0.139642968773842 0.164232954382896 0.0963032692670822 0.10853111743927 0.0251847729086876 0.1552514731884 -0.00676550483331084 -0.0285501033067703 -0.110836066305637 0.0172569118440151 -0.000304527580738068 0.0487911030650139 0.049647331237793 -0.0361012332141399 -0.0330242291092873 -0.0254485215991735 0.0543017908930779
-0.0401974655687809 0.0513813383877277 -0.171870872378349 -0.2344990670681 0.00943576917052269 0.132999926805496 -0.0215917490422726 -0.00704415887594223 -0.0777496099472046 0.0369152948260307 0.0233245156705379 0.00663772411644459 -0.0795361697673798 -0.0568959936499596 0.0430198609828949 -0.0646405518054962 -0.00267331465147436 0.0341613404452801 -0.134223848581314 0.0458615608513355 0.0129057792946696 -0.0124802142381668 -0.0627188980579376 0.0235797241330147 -0.0478249415755272 0.00777360145002604 0.0779764503240585 0.039666585624218 0.131796970963478 0.0926086902618408 0.016505079343915 0.0499545745551586 0.0690101906657219 0.045447051525116 0.0319328345358372 0.00325748953036964 -0.0161810610443354 -0.00218589091673493 0.0681633129715919 0.00491539156064391 0.0206179916858673 -0.0849601253867149 -0.0745596513152122
0.077301025390625 -0.114083148539066 0.0108242696151137 -0.0398346036672592 -0.0343253202736378 -0.0248739793896675 -0.0315821841359138 0.118079520761967 -0.100566819310188 -0.0236739404499531 0.0500062964856625 -0.0113396318629384 0.00520552694797516 -0.0455571822822094 0.0135885765776038 0.0246957242488861 -0.0235903561115265 -0.0246120151132345 -0.0677541494369507 -0.0750695317983627 -0.00670481566339731 0.0585215575993061 0.00501132709905505 0.0492887496948242 0.0232552550733089 -0.013348494656384 0.124958768486977 0.124308623373508 0.0804513841867447 0.0986847206950188 0.0969718545675278 0.0266777891665697 0.0612945780158043 0.0700935572385788 -0.0706503614783287 -0.0576465576887131 -0.00249378336593509 -0.0245274156332016 -0.0336277261376381 -0.0547483190894127 -0.0313681587576866 0.00362089974805713 0.0134561164304614
0.00439995527267456 -0.016290882602334 -0.0218973401933908 -0.147761359810829 0.234614506363869 0.0697464942932129 -0.0450777597725391 0.0146687086671591 -0.0375546142458916 0.101054489612579 0.0718631744384766 -0.0445260554552078 -0.0812280997633934 0.0557668581604958 -0.0146168498322368 0.0397683866322041 -0.0996743813157082 -0.00684489589184523 -0.0842010825872421 0.00190189178101718 0.031288206577301 -0.127646178007126 0.0604548454284668 -0.0530147477984428 -0.00512542622163892 0.0714120864868164 0.0877467468380928 0.0432208254933357 0.186721846461296 0.0934400632977486 0.163851052522659 0.0303885228931904 0.123425707221031 0.0820395946502686 0.0104905795305967 0.0359726510941982 -0.00182395079173148 -0.0634310320019722 0.0578750222921371 -0.0664693936705589 0.0386332236230373 -0.092977799475193 0.0102180754765868
-0.0531132556498051 -0.1204454600811 0.148387461900711 -0.158403724431992 0.131148874759674 -0.0937920138239861 -0.129152223467827 -0.00624220818281174 0.115433260798454 0.0652206540107727 -0.00456184567883611 0.00355378165841103 -0.117582559585571 0.146228104829788 0.133787572383881 0.0816108956933022 0.0838493332266808 0.10292112827301 -0.107475802302361 -0.104484364390373 0.0401324555277824 -0.0118236104026437 -0.00904972292482853 0.0421400628983974 -0.0850454345345497 -0.0505057461559772 0.0679171234369278 0.123255826532841 0.152378469705582 0.0833939835429192 0.107093296945095 0.227467924356461 0.095581628382206 0.155715778470039 0.0761474072933197 0.0434709377586842 -0.0867746248841286 -0.0382673889398575 0.0902081802487373 -0.010817501693964 0.0460428521037102 -0.00943470653146505 -0.0298255104571581
0.062258817255497 -0.108159825205803 0.0147443041205406 -0.00922845210880041 0.197372689843178 -0.0710468888282776 -0.179293930530548 0.0710764527320862 -0.0366800203919411 -0.0910546779632568 0.107273399829865 -0.0069883675314486 -0.0572418980300426 0.0910001620650291 0.0656076371669769 -0.0614761412143707 0.214182406663895 -0.00688733346760273 0.00597699638456106 -0.111128814518452 0.0150288315489888 -0.0255446638911963 0.0289076250046492 0.0305741969496012 0.0322471708059311 0.0816502124071121 0.061352800577879 0.0863277390599251 0.0768538936972618 0.121369704604149 0.125499233603477 0.10920025408268 0.0627822428941727 0.0907788351178169 0.0790589228272438 0.0513731725513935 0.0171998161822557 -0.0105398828163743 0.00311656389385462 -0.0436670295894146 0.00332939624786377 0.073679655790329 -0.00985779892653227
-0.00301307183690369 -0.140664860606194 0.106818631291389 -0.0252541024237871 0.0476000271737576 -0.0924402177333832 0.0716124475002289 -0.0252500921487808 -0.0419631525874138 0.000517010688781738 0.0460111498832703 -0.067650631070137 -0.0308225341141224 -0.119808614253998 0.00496166292577982 0.14410799741745 -0.0177572276443243 0.00244403630495071 -0.0626403912901878 0.0608424544334412 -0.129415199160576 -0.0804081112146378 -0.0426301658153534 -0.00126706960145384 -0.0212490297853947 -0.083987221121788 -0.0542990975081921 0.0478623360395432 0.0759435668587685 0.112185552716255 0.182782009243965 0.162037134170532 0.105918303132057 0.128045260906219 0.00774542987346649 0.0246574878692627 0.0886629819869995 -0.0424228236079216 -0.00262094172649086 -0.0783867090940475 -0.0188494082540274 0.0357460044324398 -0.00558069674298167
0.00866355188190937 -0.0485246926546097 0.0695365369319916 -0.0484117642045021 0.0141230076551437 -0.0313064008951187 -0.00620711594820023 -0.0383121147751808 -0.0822736844420433 0.0805805772542953 -0.246881544589996 0.0395329371094704 -0.0290798489004374 -0.0861491709947586 0.166944399476051 0.0309615004807711 0.0727357193827629 0.0136727970093489 0.0381394512951374 0.0493479371070862 -0.00726967304944992 -0.0185114480555058 -0.0906767770648003 -0.019655704498291 0.141481891274452 -0.0364419296383858 0.0383622907102108 -0.00567044783383608 0.0319261997938156 0.0406583808362484 0.0757304355502129 0.101948417723179 0.0874171480536461 0.178844481706619 0.00729618733748794 0.00331642548553646 0.052372645586729 0.0960373654961586 -0.00527225527912378 0.00123130530118942 -0.0742542296648026 0.0140837347134948 0.117015980184078
-0.156993702054024 0.0663324967026711 -0.157962277531624 0.106232792139053 -0.112655378878117 -0.106319949030876 -0.00438807345926762 0.0452245213091373 -0.00579725205898285 0.110047966241837 -0.0393045358359814 -0.157361045479774 -0.0803609862923622 0.019895127043128 -0.0594565272331238 -0.000826969742774963 -0.12959723174572 -0.0277935098856688 -0.0669004693627357 -0.00971105415374041 -0.119352988898754 -0.0775483027100563 0.0593130998313427 -0.0171991717070341 -0.0140503812581301 -0.0604777000844479 -0.0690556094050407 0.0708763152360916 0.0510409846901894 0.0693538561463356 0.112450733780861 0.161870464682579 0.141457706689835 0.134498924016953 0.151637002825737 0.0342625230550766 -0.0341449491679668 0.267987340688705 0.0605200827121735 -0.0442094206809998 -0.0516515523195267 0.082361526787281 0.0703962668776512
-0.0111662996932864 0.112766422331333 0.158070221543312 -0.0287328101694584 -0.103040128946304 0.141359344124794 -0.0466472283005714 -0.0559320561587811 -0.0205212347209454 -0.206674933433533 0.101822093129158 -0.039503276348114 -0.119558788836002 0.0202141981571913 -0.0619292892515659 0.0764059498906136 -0.0536114051938057 0.00166683085262775 0.0937507748603821 0.0294374190270901 0.0342451184988022 0.0072481008246541 -0.0802367627620697 -0.0282302424311638 -0.00341198802925646 0.0230209454894066 -0.0550971180200577 0.124228775501251 -0.0101736346259713 0.0857468396425247 0.0956737250089645 0.00118921068497002 0.0270804557949305 0.113111808896065 0.283001929521561 0.169159755110741 0.0456423684954643 0.0765106827020645 0.00609850976616144 0.0370889119803905 0.0362478382885456 -0.0119312889873981 -0.10810475051403
0.152147889137268 0.0201862007379532 -0.0811971426010132 0.167670130729675 0.00832463800907135 -0.00920397043228149 0.0709807425737381 0.117657668888569 0.031714640557766 0.0128948967903852 -0.0126176867634058 0.0331839919090271 -0.00199655257165432 0.0245949570089579 -0.137912064790726 -0.0810659527778625 -0.078459270298481 0.0735852867364883 -0.0114851733669639 0.00456621218472719 -0.110525920987129 0.0372217819094658 0.0540211573243141 -0.0450070835649967 -0.0255483128130436 0.0158055499196053 0.0669132098555565 -0.0693707764148712 0.0431004501879215 0.0513780638575554 0.0407949835062027 0.00479172682389617 0.0959687530994415 0.0613711699843407 0.105325199663639 0.168881669640541 0.117777317762375 0.0134689826518297 -0.0048069329932332 -0.0391088500618935 0.102968357503414 0.051672488451004 -0.0229184292256832
-0.138105362653732 -0.0795252099633217 0.0846908465027809 0.129132881760597 -0.0121217025443912 0.0684483349323273 0.0977104902267456 -0.058219563215971 -0.096503734588623 0.042840052396059 -0.0489245317876339 0.0286503359675407 -0.0127156851813197 0.015050689689815 -0.0470490604639053 0.103556886315346 0.0307860989123583 -0.0448075719177723 0.0314760878682137 -0.0277374237775803 0.0344167202711105 0.156962066888809 0.0096531929448247 -0.00747727602720261 0.0133667550981045 -0.0191184394061565 -0.00026238412829116 0.00342234340496361 -0.0424795858561993 -0.0356155410408974 0.0881793648004532 -0.0384235121309757 0.0577328316867352 0.0267648566514254 0.106064938008785 0.181471213698387 0.209720283746719 0.021001448854804 0.0157618448138237 -0.00248990161344409 -0.0527876056730747 0.0933600962162018 0.0271927621215582
0.0557296089828014 0.144655615091324 0.0726841986179352 -0.0500539392232895 0.137142837047577 0.0565956197679043 -0.0240957532078028 -0.0296597946435213 0.0240063685923815 -0.0937609821557999 -0.0730857476592064 -0.0114696929231286 0.119109645485878 0.0191373471170664 -0.000295021309284493 -0.0927198305726051 0.0876447707414627 -0.0593913793563843 0.002565813716501 -0.183459997177124 -0.0491052493453026 0.000392693618778139 0.0527438074350357 -0.0319668762385845 0.015028141438961 -0.00443777674809098 0.0270082727074623 0.0825835019350052 -0.00580059271305799 0.0467939935624599 0.0814617276191711 0.094882145524025 0.0269480366259813 0.108784534037113 0.083283893764019 0.00934136472642422 0.141179293394089 0.125168025493622 0.0246473252773285 0.0369844362139702 0.067422591149807 0.186178877949715 0.0915270894765854
0.0249877236783504 0.00749176414683461 0.0346581526100636 -0.182731032371521 0.0291972309350967 -0.0406864881515503 0.0231387689709663 -0.0709933936595917 -0.0203707609325647 0.073444090783596 -0.0734324678778648 -0.0211168006062508 0.0317609719932079 0.0220490805804729 0.0117274271324277 0.0202876962721348 -0.0363874062895775 -0.0406657643616199 -0.0454516895115376 0.0917951613664627 -0.00428627477958798 -0.0439208373427391 0.11077269166708 -0.0767883211374283 0.042994562536478 -0.123780190944672 0.0294089820235968 -0.067156970500946 -0.0157402120530605 -0.0916849002242088 -0.00435391394421458 -0.0253391154110432 -0.0262517221271992 0.158689871430397 0.0545953251421452 0.0929860100150108 -0.0598074719309807 0.0733808726072311 -0.00442035729065537 -0.0387385301291943 0.101089723408222 0.102049499750137 0.065622515976429
-0.00606291461735964 0.00606545247137547 0.0524901747703552 0.0348235592246056 0.0537286177277565 -0.0360243357717991 0.0780337601900101 0.0694115981459618 -0.151680111885071 0.0645749717950821 0.0770380347967148 0.0942515656352043 -0.0538499727845192 -0.134868741035461 0.0655700638890266 0.0277234427630901 -0.0818103775382042 -0.0204216372221708 0.0193771068006754 -0.0169812384992838 0.0952332019805908 -0.0154811274260283 -0.0676157474517822 0.0316123068332672 -0.0531286261975765 0.0281587783247232 -0.00926451105624437 0.0149344727396965 0.069097101688385 -0.0692877024412155 0.0395561009645462 0.0251029841601849 -0.0152368871495128 0.00220873160287738 -0.000597284291870892 0.0150322504341602 0.0919519141316414 0.122499369084835 0.103272914886475 0.128775477409363 0.0350621789693832 -0.0221006367355585 0.0501424819231033
-0.0436271615326405 0.0121275968849659 0.0388178303837776 -0.0370187312364578 -0.0126208867877722 -0.0337958373129368 0.110970593988895 0.00455143582075834 0.015606302767992 0.112838447093964 -0.0594762563705444 0.185281425714493 -0.0424549952149391 -0.0204657074064016 -0.0522680953145027 -0.0350823476910591 -0.0540156364440918 -0.00512830633670092 0.024528693407774 0.0501321107149124 0.0916638374328613 0.0348275154829025 -0.00839480478316545 0.0321691073477268 -0.00151410978287458 0.0761781930923462 -0.0219525378197432 0.118905156850815 -0.0600632913410664 0.00995926279574633 -0.117793411016464 -0.0146391270682216 0.00891276635229588 0.0836770981550217 -0.0686006769537926 0.00435123266652226 -0.0303440932184458 0.0737098902463913 0.0271039456129074 0.308416217565536 0.0625612437725067 -0.018595477566123 -0.00664709182456136
-0.0858889743685722 0.0344394408166409 -0.133790716528893 -0.0349938832223415 -0.0569902621209621 0.0594231598079205 0.0133979804813862 0.195221230387688 0.121058136224747 0.0497903749346733 0.0211989022791386 -0.0177253149449825 -0.0419835783541203 0.049288846552372 -0.025264224037528 0.00687926076352596 -0.184901610016823 0.0398435667157173 0.0416479371488094 0.0303641632199287 -0.0119278179481626 0.101455681025982 -0.00782271008938551 -0.039807740598917 0.0214647781103849 0.00865631736814976 -0.000494391715619713 -0.00220108986832201 -0.015926618129015 0.111427403986454 0.144775614142418 -0.043462872505188 -0.00502365874126554 0.0107624158263206 -0.00305815087631345 0.120013855397701 0.00258753937669098 0.00325085013173521 -0.0403759106993675 0.140434011816978 -0.169169887900352 0.0030914640519768 0.0459908209741116
