assets/gome_f/processed/ascii/world/gome_sif_world_20131001.asc
NCOLS 720 
NROWS 360 
XLLCORNER -180 
YLLCORNER -90 
CELLSIZE 0.5 
NODATA_value -3.4e+38 
[rows 76 to 94 of 360, columns 258 to 300 of 720]
0.00351873901672661 -0.000855451158713549 -0.0840747803449631 -0.0203615427017212 -0.0521609894931316 0.0286126974970102 0.0208125561475754 0.215400785207748 0.0261465534567833 0.0439480133354664 -0.106193348765373 -0.0416356399655342 -0.0355899669229984 -0.038502611219883 0.107468821108341 -0.0152867259457707 0.0123458802700043 -0.0456348061561584 0.00199009850621223 -999 0.0421135537326336 0.0384668856859207 0.0232762955129147 0.0911618173122406 -0.0342761129140854 0.0446638688445091 -0.0926311984658241 0.00403611687943339 0.0126074953004718 0.107892096042633 -0.0649900510907173 0.00382100045681 0.0603129826486111 0.0103154331445694 -0.0479199662804604 -0.141395643353462 0.0492873601615429 -0.0115480478852987 -0.030069662258029 0.0323170013725758 0.0665939971804619 -0.020741967484355 -0.0182173252105713
0.0164512284100056 -0.0482726059854031 -0.107937917113304 -0.0878933519124985 0.0610091686248779 0.103159584105015 0.0561642199754715 -0.0690695196390152 0.106098480522633 -0.0786477401852608 0.0210816897451878 -0.110763527452946 -0.192833036184311 0.0514686889946461 0.0696558430790901 0.0160894468426704 -0.0643452107906342 0.183598160743713 -0.0934906825423241 -0.185354799032211 -0.114336088299751 -0.00958952307701111 0.00536396587267518 0.0351170301437378 0.0644111707806587 -0.0616567619144917 -0.276129215955734 0.0519895739853382 0.00237464159727097 -0.0613413080573082 -0.012447071261704 0.0261529181152582 -0.0255691856145859 -0.0138922110199928 -0.0468991175293922 -0.0114370975643396 0.027420848608017 -0.0558072589337826 0.0359008833765984 -0.0346613004803658 -0.00152872665785253 -0.0800676345825195 0.0758811607956886
-0.0286015775054693 0.0706268101930618 0.0322749949991703 -0.0559241510927677 0.0329631641507149 0.0163980443030596 0.0236129891127348 -0.0304564293473959 0.0325466133654118 0.0273765716701746 -0.256869375705719 -0.0767427384853363 -0.045919444411993 -0.0811596214771271 -0.0222999900579453 0.0532034635543823 0.0324126556515694 -0.0712872892618179 0.0116880908608437 0.118976444005966 -0.0494137145578861 0.132174238562584 -0.0292133688926697 0.0349494703114033 -0.0897392332553864 0.0932918787002563 0.0181067399680614 0.0617786645889282 -0.0753123015165329 0.00575689226388931 -0.0070213982835412 -0.0125291431322694 0.12310129404068 0.0324672237038612 -0.0754562169313431 0.036276038736105 0.0586400106549263 -0.0606748275458813 0.0717164054512978 -0.0199243184179068 0.0277281105518341 0.131706744432449 -0.0473330728709698
0.186578586697578 0.0153624964877963 0.0454213693737984 -0.0551383495330811 0.0085956733673811 -0.11158163100481 0.0635194480419159 -0.0468112900853157 -0.0545659810304642 -0.104736693203449 -0.158572643995285 -0.0362571068108082 0.0104730874300003 -0.0687252357602119 -0.110690034925938 -0.0724309012293816 0.0550543665885925 -0.0555416569113731 -0.0524823665618896 0.0427518747746944 -0.0354996509850025 0.0580409020185471 -0.0170878916978836 -0.255991876125336 0.0679139792919159 0.0727710351347923 -0.0363788045942783 0.108493775129318 0.0381184555590153 0.00568021973595023 0.0612180419266224 -0.0453551188111305 -0.0179044604301453 -0.00083138863556087 0.0784016326069832 0.0574860572814941 -0.0182801056653261 -0.00897488463670015 0.0222713276743889 -0.00673921452835202 -0.0231603290885687 -0.0261572357267141 0.0630000159144402
-0.0961399301886559 -0.0699746459722519 -0.022259134799242 0.016460532322526 -0.0224683191627264 -0.06271892786026 0.0755796134471893 -0.00117571174632758 -0.0597825199365616 0.00682341074571013 -0.0466804392635822 0.0128481155261397 -0.0711257234215736 -0.0502518564462662 -0.0247950740158558 -0.0142106842249632 0.000872397446073592 -0.0459586344659328 -0.101050399243832 0.0820130556821823 0.0270626451820135 0.0507859773933887 -0.0866820886731148 0.195802673697472 0.0667387172579765 0.0530721805989742 -0.0814726799726486 0.0344544127583504 -0.0423445142805576 0.072935089468956 0.0405517295002937 0.00753109669312835 0.00749906525015831 -0.00765511160716414 -0.049130517989397 0.031266562640667 0.0575591847300529 -0.0286308526992798 0.0206535663455725 -0.0409025959670544 -0.0534363724291325 0.0635890364646912 -0.0312946066260338
0.199395135045052 0.0111556118354201 0.00677147321403027 0.0139692900702357 0.0131497774273157 -0.0312262810766697 0.0530440658330917 0.0069438167847693 0.0521111786365509 -0.000439290364738554 0.00584123004227877 -0.0528254173696041 0.0818550959229469 0.0195966623723507 0.0390620417892933 -0.0307517275214195 0.0109352264553308 -0.0630900636315346 0.0209230482578278 0.0586792826652527 -0.0544788464903831 -0.0608921051025391 -0.0832874700427055 0.0239445213228464 0.107245042920113 -0.0120747489854693 0.000306754489429295 0.0834825858473778 -0.0119275208562613 0.00197680573910475 -0.0175222158432007 -0.0154843153432012 0.0172085929661989 -0.0796306803822517 0.0195676777511835 0.014726584777236 -0.0257568527013063 0.0119496379047632 0.0385775342583656 -0.041880264878273 -0.0728668197989464 0.0713227912783623 -0.0382515713572502
-0.0338485613465309 -0.0321131087839603 -0.0233645793050528 -0.106766670942307 -0.0209862403571606 0.0096338028088212 0.0482132732868195 0.0126710897311568 -0.0561453104019165 -0.0335856899619102 -0.00612519169226289 0.0143170896917582 -0.0525079146027565 -0.042540181428194 -0.00619709677994251 0.0118816075846553 -0.0307340435683727 -0.00893582589924335 0.00352179422043264 0.0281342435628176 -0.00599333364516497 0.00899456534534693 0.0540439113974571 -0.0454435087740421 0.0147128868848085 -0.00632618740200996 0.112024590373039 -0.108902171254158 0.0200262535363436 0.00716723129153252 -0.0548410378396511 -0.0755340903997421 0.0628867298364639 0.0161660462617874 -0.0174485631287098 0.00991262029856443 0.0082069281488657 -0.0157431624829769 0.00934491585940123 -0.0863845199346542 0.00807258486747742 -0.047340665012598 0.0208189208060503
0.0942231938242912 0.0130287557840347 -0.0198957454413176 0.0478341765701771 0.0362676866352558 -0.0155402664095163 0.129710629582405 -0.00777558004483581 -0.0200490765273571 0.0171942543238401 -0.0139261595904827 -0.0477363206446171 0.123913578689098 -0.0126339737325907 0.0103146471083164 0.00273143360391259 -0.0120873730629683 -0.0141102997586131 -0.0677215754985809 0.00285202567465603 -0.0139103159308434 0.0206490159034729 0.231486618518829 -0.0653328597545624 0.0292558521032333 -0.0765747725963593 0.0414412617683411 -0.0651809722185135 -0.00619235541671515 0.0174798611551523 -0.0578013248741627 -0.0499515533447266 -0.0532638020813465 0.0182660613209009 -0.072490282356739 0.0125732449814677 0.0687919929623604 0.159646302461624 -0.0265547893941402 -0.0113194976001978 -0.0426606275141239 -0.04084837064147 0.0791549757122993
0.031769435852766 0.00600925227627158 0.025326618924737 0.0377639196813107 -0.0174033157527447 0.0180959403514862 -0.0122618656605482 -0.0812546089291573 -0.011166931129992 -0.0398325212299824 0.0271861720830202 0.0332700051367283 0.0119409281760454 0.0119909849017859 -0.000532221689354628 0.0497312694787979 -0.0246605239808559 -0.0971324741840363 0.145140275359154 0.1201376542449 -0.11626473814249 -0.0267318040132523 -0.00227504223585129 0.0144407572224736 -0.0661246925592422 0.0324858091771603 -0.0577692873775959 -0.0418358966708183 -0.0266731511801481 -0.0361967124044895 0.0857440382242203 -0.01485032774508 0.0692458972334862 -0.0618791170418262 0.0521401464939117 0.0101349521428347 -0.025818383321166 0.0603817701339722 -0.0705729573965073 -0.0172587838023901 0.0812690183520317 0.0166607927531004 -0.119015693664551
-0.00851535610854626 -0.178468465805054 -0.0625007599592209 -0.0210769511759281 0.0273161474615335 -0.0219888631254435 0.0245495941489935 0.0620493963360786 -0.00306355557404459 -0.00796234142035246 0.0290406811982393 -0.00461438437923789 0.0861697569489479 0.0179379750043154 -0.0256886389106512 -0.0226120837032795 0.0271366480737925 -0.110496640205383 -0.0358769111335278 0.0501737706363201 0.0469677336513996 -0.101245529949665 0.0894704684615135 -0.0864768624305725 -0.065824531018734 -0.0679082274436951 -0.0450125969946384 -0.0097718732431531 0.0411110334098339 -0.00509699853137136 0.0478732585906982 -0.0303671360015869 -0.0484961234033108 0.0745834112167358 -0.0448752418160439 0.025361442938447 0.0249525774270296 0.0639307945966721 0.0236596036702394 -0.055257361382246 -0.0983655825257301 -0.0143273826688528 0.0830327048897743
0.057952843606472 0.0776249170303345 0.0874785110354424 -0.0524005107581615 0.0188891012221575 -0.000621892046183348 -0.048133734613657 -0.0271376147866249 0.0582022108137608 0.0436903983354568 0.0643808394670486 -0.0305784214287996 -0.0248842723667622 0.00455506471917033 0.0686968341469765 -0.0564143657684326 0.0132599482312799 0.0918148383498192 -0.00667649693787098 -0.00647329306229949 0.111080288887024 0.0194453857839108 -0.0358555167913437 -0.0576731823384762 0.0399151593446732 0.0549674406647682 -0.00178944075014442 0.0360725373029709 -0.0180475227534771 0.0436025485396385 -0.0551607236266136 0.0133685208857059 0.0220675300806761 0.0781510174274445 0.0144265377894044 0.0261745899915695 -0.0326861143112183 -0.0240263715386391 0.0724341422319412 -0.00928252469748259 -0.0579956695437431 -0.0580374412238598 0.00794807635247707
-0.161118566989899 -0.0762580260634422 0.138276740908623 -0.0332115441560745 0.0636220052838326 0.0688181146979332 0.0202706754207611 -0.0484872348606586 0.00342091615311801 0.0573043301701546 -0.0220806133002043 0.0660310238599777 0.0155345313251019 0.134511679410934 0.0482656136155128 0.011878153309226 0.0608959682285786 0.0529127605259418 -0.0414163880050182 -0.0292286090552807 -0.0439842604100704 -0.0670806989073753 0.0829695984721184 0.0460304580628872 -0.0510245971381664 0.0435830503702164 -0.0810340121388435 -0.0273513123393059 0.00463283341377974 0.167974457144737 -0.00795203354209661 -0.0148684298619628 -0.0168213937431574 0.0636048316955566 0.0144347818568349 0.0640261396765709 -0.0525360479950905 -0.0682474821805954 -0.00951153784990311 0.00351952016353607 -0.0587332099676132 0.00936262961477041 -0.0276116617023945
-0.0774176865816116 0.0800715237855911 -0.00308955507352948 0.00691143190488219 -0.0371882580220699 0.119256623089314 -0.0410615503787994 -0.00805667601525784 -0.0635843351483345 -0.0803784728050232 0.00585849396884441 -0.090259462594986 0.00144121050834656 -0.085602194070816 0.00724981492385268 -0.00228666630573571 0.0940863713622093 -0.0779158174991608 0.0901458635926247 -0.0238127093762159 0.117213681340218 -0.0484497398138046 0.0811296552419662 0.00112738215830177 0.0502659156918526 0.00866534188389778 0.0785475745797157 0.0142659908160567 -0.0493707023561001 0.106467418372631 -0.0390268340706825 -0.0238727796822786 -0.00320553034543991 0.0718455761671066 -0.00466402666643262 -0.132848247885704 -0.0635431632399559 0.0512240715324879 -0.0439049154520035 0.00115320319309831 -0.0933290794491768 -0.029393931850791 -0.0794139429926872
0.0185896027833223 -0.00797625537961721 -0.0249458514153957 0.09041578322649 -0.0092021906748414 0.0117316376417875 0.0353333540260792 -0.0229049734771252 0.0569146350026131 -0.0524144545197487 0.0353644676506519 0.0684148073196411 0.029665894806385 -0.0427319817245007 0.0484835095703602 0.0860854834318161 -0.00701328739523888 0.0404485426843166 0.0455244779586792 -0.0372944809496403 -0.0397657305002213 0.0239864401519299 0.0601977445185184 -0.00282547483220696 0.062836542725563 0.123376324772835 0.0367608219385147 0.0557719878852367 -0.0720641016960144 -0.0497975200414658 -0.0210870150476694 0.0322040878236294 0.0163887199014425 0.0665751025080681 -0.0115410517901182 -0.0136175779625773 -0.0944716930389404 -0.0123755605891347 0.0146382441744208 -0.00782536715269089 -0.0206779260188341 0.0186717268079519 0.0623203963041306
-0.0511366426944733 -0.0773016363382339 0.00222739740274847 -0.0603425987064838 -0.09969412535429 0.0402255393564701 -0.0584072954952717 0.0198067016899586 -0.033359631896019 -0.0114135947078466 0.0370860323309898 -0.0795977860689163 0.0356723144650459 -0.0204903930425644 -0.00792263634502888 0.0607526488602161 -0.0518404766917229 -0.0580996870994568 -0.0397362783551216 -0.0280746445059776 0.0432969518005848 0.0707627013325691 0.0554917566478252 -0.017160365357995 -0.0407326817512512 -0.0244653765112162 0.0893153175711632 -0.0885759890079498 0.0262567885220051 0.00751753151416779 -0.0120746251195669 0.0880257934331894 -0.074669249355793 -0.0528427362442017 0.00347240781411529 0.0579205043613911 -0.0547915287315845 0.0351401828229427 -0.0602853372693062 -0.067843571305275 -0.00586676225066185 0.0509400442242622 0.0852340534329414
0.03216153383255 0.0135005554184318 0.0818311795592308 0.042754702270031 0.0748289152979851 -0.0384676605463028 -0.00742966122925282 -0.0406492426991463 0.0417858138680458 -0.0734489634633064 0.0706235095858574 -0.0521440841257572 0.0858461037278175 -0.0934071689844131 -0.108248986303806 -0.087758757174015 -0.0193183626979589 -0.0700079649686813 -0.0756766498088837 0.00637111254036427 0.0243252161890268 0.0339400954544544 -0.0334940813481808 -0.133001714944839 -0.101149514317513 0.00899631343781948 0.000168788319570012 0.0127947656437755 0.133630618453026 0.0230866447091103 -0.023999810218811 -0.0967414677143097 -0.0899956226348877 -0.0106188105419278 0.000108421132608783 -0.0605974495410919 0.0251815486699343 -0.0571382232010365 -0.0386672504246235 0.0367447473108768 -0.0338149778544903 0.0130925811827183 -0.0282661318778992
-0.0288807097822428 -0.0184839572757483 0.0371746867895126 -0.0116446949541569 0.00199317629449069 0.0346973426640034 -0.0730013027787209 -0.0195127334445715 0.112003907561302 0.00131990760564804 0.100829005241394 -0.00340033578686416 0.0869380384683609 -0.0217438973486423 -0.0608556009829044 0.10513299703598 -0.190185412764549 0.107624769210815 0.0687483921647072 -0.0163256525993347 0.110164046287537 0.0843074023723602 -0.0618315748870373 -0.0301427096128464 0.0960301831364632 -0.0390206538140774 -0.0287525188177824 -0.0742624178528786 0.00573918083682656 0.0502372570335865 -0.015220183879137 -0.105064943432808 0.088233582675457 -0.0607970170676708 0.0510310381650925 -0.0373409986495972 0.0337011963129044 -0.0106834070757031 0.0547472275793552 -0.097789391875267 0.0644219592213631 -0.0153091819956899 -0.00521172862499952
-0.0722921565175056 0.0490804426372051 0.0138298142701387 -0.0275996569544077 -0.0626966059207916 -0.0439388230443001 -0.0168585684150457 -0.0148392608389258 -0.0202869512140751 0.0641418546438217 -0.075911208987236 0.0645238533616066 0.0918682217597961 0.108543686568737 0.0433390215039253 0.131206139922142 -0.0896314829587936 -0.0867122486233711 0.0467354357242584 -0.0709450095891953 -0.057056725025177 0.00646227225661278 -0.0234326124191284 0.0775361061096191 -0.06118019297719 0.0392163880169392 -0.0548244714736938 -0.0122303310781717 -0.0224024150520563 -0.0328069217503071 -0.0111164608970284 -0.112934589385986 0.0961297899484634 0.0123343877494335 -0.033764086663723 -0.0398840941488743 -0.00499533722177148 -0.0157896671444178 -0.011096179485321 0.0506103374063969 -0.0970326662063599 0.0486548729240894 0.0472882017493248
-0.0458368770778179 0.0751183703541756 -0.0170587878674269 -0.0309163797646761 0.00630505615845323 -0.0632182508707047 -0.0113697489723563 -0.0299445446580648 0.0735829174518585 -0.0563691221177578 -0.0759154409170151 -0.051735807210207 -0.00694275740534067 -0.16808894276619 0.0280293505638838 -0.0410298891365528 -0.0429349280893803 0.00553154526278377 0.0124473217874765 0.00751507049426436 -0.0497135743498802 0.00489448755979538 0.0307819787412882 -0.0633014962077141 -0.0181500446051359 -0.120646044611931 -0.0368801467120647 -0.0377570949494839 -0.00432903552427888 -0.0210013389587402 0.00725814886391163 -0.0144409984350204 -0.0769265219569206 -0.0847910046577454 -0.0497244000434875 -0.0682514980435371 -0.0199596304446459 -0.0268781948834658 0.0648104101419449 -0.0139626422896981 0.0251152496784925 0.054469857364893 -0.0359302014112473
