assets/gome_f/processed/ascii/world/gome_sif_world_20110801.asc
NCOLS 720 
NROWS 360 
XLLCORNER -180 
YLLCORNER -90 
CELLSIZE 0.5 
NODATA_value -3.4e+38 
[rows 133 to 151 of 360, columns 0 to 42 of 720]
0.0411325953900814 0.0766537487506866 0.00142924941610545 0.0232185479253531 0.000314327684463933 0.0518858805298805 -0.00954967364668846 -0.0435549840331078 0.062704011797905 -0.0643358752131462 0.0707560628652573 -0.0338919833302498 -0.00334791094064713 -0.00265672942623496 0.0160399302840233 -0.0556352399289608 -0.0809388607740402 0.0258257891982794 -0.0475465953350067 -0.000947766238823533 0.0103699564933777 0.00936910323798656 -0.0374263785779476 0.00681257480755448 -0.0467940643429756 0.0240939520299435 0.045289296656847 0.00367011455819011 -0.0719528272747993 -0.00862442329525948 0.0125785795971751 -0.0582379996776581 0.0165249649435282 0.0149610498920083 -0.019425205886364 0.0333963222801685 0.00929402559995651 0.0102999405935407 0.0378514006733894 -0.0250663496553898 0.0309821311384439 -0.0164888426661491 -0.0222380738705397
0.00879187323153019 0.0279493238776922 0.0394976399838924 -0.110991440713406 -0.0393545068800449 -0.029916375875473 0.00908467266708612 0.00549325719475746 -0.0244199149310589 -0.0465841256082058 -0.0243709161877632 -0.0181289166212082 -0.0573458634316921 -0.0431368984282017 -0.0510138720273972 0.0071403319016099 0.017982354387641 0.0556423664093018 -0.0205554906278849 -0.0217780750244856 -0.0498106777667999 -0.0112806977704167 -0.00186513888183981 -0.00140758231282234 0.0708031430840492 -0.00593821564689279 -0.00203865556977689 0.00401303777471185 -0.0183725226670504 0.0225209090858698 0.0378294475376606 0.0758116468787193 -0.055325023829937 0.022141894325614 -0.0153296962380409 0.0286071244627237 -0.123153246939182 0.0895044058561325 0.0756230354309082 -0.0137670217081904 0.0941792279481888 0.00154608057346195 -0.0665400698781013
-0.0720765814185143 0.0118095567449927 0.0180660225450993 0.0237100422382355 0.0895842611789703 0.104638479650021 0.00373220164328814 -0.0325752943754196 0.0532164499163628 -0.0224513076245785 0.0220737345516682 0.00710585853084922 0.00764376344159245 -0.0658515393733978 -0.0151580926030874 0.0593473874032497 -0.00293438811786473 -0.0341914631426334 -0.0394318848848343 -0.0045976834371686 0.00901140458881855 -0.00752921961247921 0.0146110272035003 0.0154832983389497 0.0399231165647507 -0.0683833435177803 -0.00648867292329669 0.0231933277100325 0.053495716303587 -0.0491997711360455 0.0263309832662344 0.0243401061743498 0.0365243181586266 -0.037349957972765 0.0506468527019024 0.0312835238873959 -0.0913701876997948 0.00689372792840004 -0.0149759706109762 0.0117286769673228 -0.0119761116802692 0.162204101681709 0.0296928379684687
0.029896330088377 -0.0802837014198303 0.0212239883840084 -0.0710939913988113 0.0808442533016205 -0.0427704639732838 0.0496390536427498 -0.0407681949436665 0.0448746792972088 0.0132351228967309 -0.0518582090735435 -0.0353235714137554 -0.0108926286920905 -0.00150410423520952 -0.013649613596499 0.0375580079853535 -0.0318555161356926 0.0754873678088188 0.0202409643679857 0.00442194612696767 0.00391876185312867 0.0503966510295868 -0.0152983367443085 -0.0136174988001585 -0.00792802032083273 0.0420695245265961 -0.0378316268324852 -0.0335207916796207 0.0147472424432635 0.0570902042090893 -0.0819282680749893 -0.00500278640538454 0.0572882667183876 -0.00666786590591073 0.0283090490847826 -0.0129496259614825 0.00751014146953821 -0.0205030404031277 -0.0448096878826618 0.0785815268754959 0.00624827248975635 0.00999748054891825 0.014492223970592
0.0209823958575726 -0.0412890799343586 0.0179122667759657 0.0745937898755074 -0.00662906561046839 0.0456086210906506 -0.00898493267595768 0.021569250151515 0.0257033631205559 0.0642358809709549 -0.081560879945755 -0.0289070121943951 -0.0218604113906622 0.0432910025119781 -0.0323634184896946 0.0525084286928177 -0.057818315923214 -0.081245593726635 0.0101239774376154 -0.0134449768811464 0.0422823764383793 -0.0829663053154945 -0.0680839344859123 -0.0327323861420155 0.0183720607310534 -0.0876731649041176 0.0547944009304047 -0.0206723902374506 0.0361644513905048 -0.103596806526184 -0.0360824540257454 -0.0555207841098309 0.00227984390221536 0.0267798956483603 0.0709986090660095 0.00433801347389817 0.0311955641955137 0.0146964360028505 -0.00468000071123242 -0.0104897944256663 0.0561469309031963 0.0538834519684315 -0.0533598884940147
-0.00599709898233414 0.00664755702018738 0.0142243271693587 -0.0168465878814459 0.0302703287452459 -0.0793347284197807 -0.05107456818223 0.0179022308439016 0.0134972333908081 0.0118353134021163 0.032961830496788 -0.020163806155324 -0.0226189009845257 -0.0170114524662495 -0.00381631939671934 -0.0976176857948303 -0.00165763823315501 -0.0495183207094669 -0.0338883996009827 0.0664138421416283 -0.00955765880644321 0.00485526956617832 -0.0432849563658237 0.00289016496390104 0.0558964461088181 -0.0675436854362488 0.00209081615321338 0.0118323462083936 0.0146319139748812 -0.0394843854010105 -0.087090015411377 -0.0173370484262705 -0.0471277832984924 0.0234524235129356 -0.0146893328055739 0.00752289593219757 -0.0692670792341232 -0.0146866617724299 -0.00821254123002291 -0.0378500111401081 0.0459594950079918 0.0938643589615822 -0.0554913021624088
0.0146874478086829 0.043551966547966 -0.00736568309366703 -0.0601707883179188 -0.0334239862859249 0.0118392324075103 -0.0336652398109436 -0.0129767758771777 0.0421896763145924 -0.0211872197687626 -0.0191141217947006 -0.0727396383881569 -0.0782262086868286 0.0024722006637603 0.0325503200292587 -0.0656701773405075 -0.0423750132322311 -0.0723752602934837 0.0350429266691208 -0.0573464520275593 0.0292243082076311 -0.0173865985125303 0.0305580422282219 0.0596807785332203 -0.0246733836829662 -0.00129752943757921 -0.0329084433615208 -0.0231037233024836 0.0107495011761785 -0.0378448441624641 0.0229366216808558 0.0576550178229809 -0.00729512935504317 0.0468957610428333 -0.0248225629329681 0.0501260682940483 0.00917679071426392 -0.0576624348759651 -0.0961251109838486 -0.00434983568266034 0.0216609518975019 0.000115832554001827 -0.0196776445955038
0.0168013535439968 -0.00198862794786692 0.00115368224214762 -0.0473630614578724 -0.0291765183210373 0.0287826675921679 -0.0212703254073858 0.109931319952011 0.0428637266159058 -0.0353595390915871 -0.0993902459740639 0.0894842818379402 -0.0111504774540663 0.0114790396764874 -0.0272825751453638 -0.0326999202370644 0.0460831299424171 0.0177577715367079 0.0316739045083523 0.00539030227810144 0.00394038669764996 0.0130599467083812 0.00451239151880145 0.0409898273646832 -0.0712099820375443 -0.112154245376587 0.0473795160651207 -0.00313365762121975 0.0154813295230269 0.0612331330776215 0.0511658862233162 0.0228275787085295 -0.00102931936271489 -0.0397109091281891 -0.0429453961551189 -0.019762335345149 0.0193261858075857 -0.00281199812889099 0.0320726074278355 0.0337430983781815 0.0153347477316856 -0.0758909732103348 -0.0433150455355644
-0.103546597063541 -0.0690352022647858 -0.133386805653572 0.0785939916968346 0.0845622941851616 0.0318612158298492 -0.0737907811999321 0.00176028290297836 -0.0607893206179142 -0.0521120876073837 -0.070391833782196 0.0465945191681385 0.0215066447854042 -0.0816645175218582 0.0507013462483883 -0.0327283181250095 -0.0663884431123734 -0.0318914242088795 -0.0498032942414284 -0.0219050124287605 0.108411461114883 -0.0186580754816532 0.0368239544332027 0.00689685763791203 -0.0497892387211323 -0.0210118498653173 0.0774028301239014 0.00613548886030912 0.0492546260356903 -0.0520460419356823 0.0321576967835426 0.0288633108139038 0.0116594638675451 -0.0122470092028379 -0.0535458214581013 0.000628284586127847 -0.050062008202076 -0.0616816319525242 0.0353939980268478 -0.0328148491680622 0.0839474573731422 -0.0311408434063196 -0.00648105656728148
-0.0419832170009613 -0.0158064588904381 -0.0111020943149924 -0.0224302895367146 0.00353902298957109 -0.0298021249473095 0.062597967684269 -0.025226317346096 -0.019466245546937 -0.00809008721262217 -0.0442122779786587 -0.0240372326225042 0.0637691095471382 -0.0261891540139914 -0.0318817123770714 -0.0718298107385635 0.0404335483908653 0.00772670703008771 -0.0309595037251711 0.00900756381452084 -0.109118774533272 0.0067074759863317 -0.0155710354447365 -0.0101523101329803 -0.0631829425692558 -0.0446021780371666 -0.00949927978217602 0.0296948496252298 -0.0565162636339664 -0.0223223231732845 0.044746819883585 -0.0216023381799459 -0.0522086434066296 -0.119337350130081 0.056843351572752 -0.00307887163944542 -0.00907433591783047 -0.00415345700457692 -0.0264882687479258 0.0543073639273643 -0.0427377335727215 0.0282858144491911 -0.073906734585762
-0.00636809319257736 -0.00828858371824026 -0.0371844619512558 -0.0111811831593513 -0.0196295026689768 -0.0412300527095795 -0.0718836635351181 -0.0429198779165745 0.0197989158332348 -0.0492627173662186 -0.0698744133114815 -0.0282327625900507 0.0281356163322926 -0.000283701258013025 -0.0173182133585215 -0.0194133799523115 0.0529228560626507 -0.0786337479948997 0.0733311250805855 -0.0171991772949696 -0.0594227835536003 -0.00148064678069204 -0.00418914249166846 0.00271896901540458 0.00812148954719305 0.055586751550436 -0.0423697009682655 -0.045930091291666 -0.0954766646027565 0.13017550110817 -0.0769699737429619 -0.0265839640051126 -0.118229873478413 0.00386362941935658 -0.0340841971337795 0.0189145747572184 -0.0254630725830793 -0.00963419210165739 -0.0210648160427809 0.0416390188038349 -0.0904018357396126 0.00131389661692083 -0.0401601381599903
0.0047312187962234 0.0439760684967041 -0.0181494690477848 -0.0707472860813141 -0.104796588420868 0.070399783551693 -0.0279819443821907 -0.0388797260820866 0.00619066646322608 -0.0286092255264521 -0.0745740830898285 0.00174510211218148 -0.0273935291916132 -0.0160906352102757 -0.0815113931894302 -0.107190974056721 -0.0228883717209101 -0.0305642038583755 -0.0497600175440311 0.00476420717313886 -0.0352631397545338 -0.0774963870644569 -0.112367212772369 -0.0662025883793831 -0.0525771677494049 -0.0106726074591279 -0.0638701245188713 -0.00745223695412278 -0.0208653323352337 -0.025677815079689 0.0665551796555519 -0.0205253269523382 -0.0989012569189072 -0.0644555166363716 -0.0286993645131588 -0.013078885152936 -0.0727318972349167 -0.0331626422703266 0.0892993286252022 0.0453562997281551 -0.0381939746439457 0.043265275657177 0.0328569039702415
0.0703951269388199 0.0568425692617893 -0.0555318593978882 -0.0910459384322166 -0.00165437371470034 0.00752935232594609 -0.0168733764439821 -0.0201353225857019 -0.0282230339944363 -0.00918320380151272 0.0466857366263866 0.0193441733717918 0.0232824478298426 0.000611560186371207 -0.0362449139356613 -0.0196545943617821 0.0083807585760951 0.0173070151358843 -0.0104125924408436 -0.0112111708149314 -0.011886733584106 -0.0329010933637619 -0.0228984728455544 0.0234024412930012 0.00689692981541157 -0.000258171028690413 0.0192271042615175 -0.0680966600775719 0.0354060046374798 -0.00158403511159122 0.0127230882644653 0.0374557487666607 0.0318638458848 0.01872194185853 -0.077560655772686 -0.0466966070234776 -0.020646721124649 0.0447947718203068 -0.0688705518841743 0.0297954753041267 0.0627440065145493 0.0413632020354271 0.0144487479701638
0.023868054151535 -0.1129140406847 -0.0331500470638275 -0.0151444170624018 0.0505455285310745 -0.0199941955506802 -0.0391430482268333 -0.0223474595695734 -0.00407645711675286 -0.0134617993608117 -0.0376187302172184 -0.0707636922597885 -0.0379172265529633 0.0118440194055438 -0.0762149840593338 0.00673106405884027 -0.0511921495199203 -0.0274006426334381 -0.0382018499076366 0.0255456641316414 -0.0355885587632656 0.029081579297781 -0.0365448221564293 -0.0383506044745445 0.0144495191052556 -0.00889956578612328 0.0787835642695427 0.0580293238162994 -0.0183893050998449 0.0043162633664906 0.0381488390266895 0.0141100632026792 -0.0452903024852276 -0.00030239493935369 -0.0071602244861424 0.00240394938737154 -0.0272417571395636 0.0319528505206108 -0.049423523247242 0.024405587464571 0.0671048536896706 0.000611430732533336 -0.0477900020778179
0.00338463112711906 -0.0336410850286484 -0.0128115937113762 -0.0436654128134251 -0.0633743405342102 -0.0382821224629879 -0.00179078185465187 0.0190170798450708 -0.057802215218544 -0.0212448500096798 -0.0746632143855095 -0.0757525414228439 -0.0738291218876839 -0.013039599172771 0.0318628437817097 0.0314534567296505 0.0312228389084339 -0.0212517064064741 -0.0569772608578205 -0.0175291858613491 -0.0151163609698415 -0.0194703880697489 0.0262524448335171 -0.0312606319785118 0.0558090433478355 0.00915280357003212 0.00425022514536977 -0.102252759039402 -0.0456597544252872 -0.0283174309879541 0.0333164483308792 0.0451434887945652 -0.0384278856217861 -0.118416167795658 0.0631898567080498 -0.00407312298193574 0.0146946972236037 -0.0200843531638384 0.00581720098853111 -0.00389749999158084 -0.0984437987208366 0.00932039599865675 0.0233675166964531
0.00723610399290919 -0.0641891434788704 0.0453112125396729 -0.0525464601814747 0.0275530815124512 0.00361942639574409 -0.0140862669795752 0.00070192338898778 -0.0217304062098265 0.0164465811103582 -0.0163291655480862 0.0375068187713623 0.056774377822876 -0.0466582290828228 -0.00725950673222542 -0.0797965675592422 -0.0612528547644615 0.0688447430729866 -0.0110559463500977 -0.0363693349063396 -0.014661081135273 0.00496690580621362 0.0692399367690086 0.0584105998277664 -0.0639803186058998 -0.0619355291128159 0.00417412677779794 0.0240550301969051 0.0148653481155634 -0.0307850558310747 -0.0331391878426075 -0.0156550332903862 -0.0112900538370013 -0.0422914773225784 -0.0441865772008896 0.0176122840493917 0.0879546105861664 0.0392716564238071 -0.00158886355347931 0.0286409724503756 0.0331025347113609 0.0361210182309151 0.00446638884022832
-0.0118359569460154 -0.0287950187921524 0.0182781852781773 -0.0248354934155941 -0.0468196719884872 0.044670645147562 -0.0612603947520256 0.091227762401104 -0.00386791420169175 -0.0581393092870712 0.0566048100590706 -0.0519165322184563 -0.0239337142556906 -0.00903149321675301 0.0294853895902634 0.0197197142988443 0.0913390293717384 -0.0110421245917678 -0.0753861367702484 0.00296954088844359 -0.00145074829924852 -0.0320268832147121 -0.0262534841895103 -0.040649626404047 0.0203853268176317 -0.013477629981935 0.0211011450737715 0.0458362437784672 -0.0169426519423723 -0.0481391474604607 0.00474417209625244 -0.006726642139256 0.0484678223729134 -0.00454598153010011 0.0198799688369036 -0.0328162983059883 -0.00856253691017628 0.034737478941679 0.0824346989393234 0.0048310630954802 0.0137554863467813 0.00138380110729486 -0.0193442702293396
-0.0200409796088934 -0.0451978892087936 0.0450774952769279 -0.0350817069411278 0.0229856111109257 0.0167434103786945 -0.0328554883599281 -0.100828543305397 -0.0302643664181232 -0.0334108918905258 -0.0580296516418457 -0.0112287672236562 0.0393560901284218 0.0482582859694958 -0.0485678501427174 -0.0603148564696312 0.0358618088066578 0.0382445640861988 -0.0823972374200821 -0.0605334118008614 0.00460792891681194 -0.0278584156185389 -0.0438078232109547 -0.0124313859269023 -0.0406092032790184 0.0408692918717861 0.0201803129166365 0.0406401492655277 0.0293419416993856 -0.0244763270020485 -0.0199831649661064 -0.050870168954134 -0.0318432040512562 -0.0579872913658619 0.00353054166771472 0.0896086022257805 -0.0620826743543148 -0.0728590488433838 -0.0245312098413706 -0.0357596576213837 0.110535927116871 -0.0223630517721176 -0.0220513716340065
-0.00607695570215583 0.0514172874391079 -0.0298820938915014 0.0124892555177212 -0.0159889329224825 -0.0140692088752985 -0.0119807431474328 0.0865181237459183 0.00239051575772464 -0.0164992660284042 -0.00748659577220678 -0.0237207021564245 0.0520738326013088 -0.00273859570734203 -0.0637674182653427 -0.0286031719297171 0.0318189859390259 -0.00239795888774097 -0.0361075066030025 0.0893571004271507 0.0563028939068317 -0.0300962179899216 -0.0577133521437645 -0.0541357211768627 0.0100519619882107 -0.0337551608681679 0.0316274911165237 -0.0029487784486264 -0.0502279661595821 -0.0563453733921051 -0.0568530708551407 0.0252561029046774 -0.0142733259126544 -0.0729967877268791 0.0314686521887779 -0.0274958033114672 0.0405989810824394 -0.00605305330827832 -0.00183545670006424 0.04265121743083 -0.0390192940831184 -0.0037605743855238 0.0209887493401766
