assets/gome_f/processed/ascii/world/gome_sif_world_20130401.asc
NCOLS 720 
NROWS 360 
XLLCORNER -180 
YLLCORNER -90 
CELLSIZE 0.5 
NODATA_value -3.4e+38 
[rows 133 to 151 of 360, columns 258 to 300 of 720]
0.0571168474853039 0.0141585431993008 -0.0632557570934296 0.0560629554092884 0.0367842093110085 -0.00258864741772413 0.0782530829310417 -0.018144516274333 -0.0118724973872304 -0.118344761431217 -0.0741367116570473 0.0630480945110321 0.0080778356641531 -0.0329926759004593 0.109484814107418 -0.101885661482811 0.0249084252864122 0.0183184314519167 0.0637390911579132 -0.0312578156590462 0.117605902254581 -0.010326492600143 -0.111753314733505 0.0199129283428192 0.0785099938511848 0.00836136378347874 -0.058205783367157 -0.0483103767037392 0.0384667627513409 -0.056205078959465 0.0319797918200493 0.0189874973148108 -0.0291673187166452 0.00338297802954912 -0.0544360354542732 -0.0551341027021408 0.0472702048718929 -0.00102624308783561 0.00603013532236218 0.120741836726665 0.00469546858221292 0.0523701533675194 -0.0162021797150373
-0.00495725637301803 0.0535844005644321 0.0360342115163803 0.106028713285923 0.0623463056981564 -0.00379229127429426 -0.00358198676258326 -0.0456018410623074 -0.00197100988589227 -0.030080359429121 -0.116627708077431 -0.0608379989862442 -0.0330869071185589 -0.0488764271140099 0.128687262535095 -0.0227416846901178 0.0177561175078154 0.00874180439859629 0.0448488406836987 -0.0212007071822882 -0.181654140353203 0.00982218142598867 0.086389571428299 -0.0812766849994659 -0.015830660238862 0.0227527189999819 0.0763161703944206 0.0621737726032734 0.0200504418462515 0.0179670546203852 -0.039470236748457 0.13152103126049 0.0243364553898573 0.089039571583271 0.205942213535309 0.0184421241283417 0.00452336668968201 -0.119260713458061 -0.00672094244509935 0.0516900792717934 0.0414837002754211 -0.052102267742157 -0.0164556764066219
-0.0513663701713085 0.0642206370830536 0.121352426707745 0.00512193189933896 0.058701615780592 0.0131027856841683 0.0785885453224182 0.032020591199398 -0.021416861563921 0.0514753870666027 -0.0391934551298618 0.05882528424263 -0.025617741048336 0.049234826117754 0.0759898796677589 -0.0434760004281998 0.026582658290863 0.0277604330331087 -0.0659439265727997 -0.00991299748420715 -0.0768298134207726 -0.0690193101763725 -0.0676690340042114 -0.0511945784091949 -0.027372021228075 -0.0151388226076961 -0.0541177093982697 0.0420589670538902 0.090567335486412 0.163254588842392 0.0733769983053207 -0.0754735767841339 -0.00450287293642759 0.06251310557127 0.0825721994042397 0.0234625749289989 0.00878534279763699 -0.0343757756054401 -0.167812988162041 0.104131288826466 -0.0642024576663971 0.0350085161626339 -0.0312818549573421
-0.060646079480648 0.0507810488343239 -0.00692322198301554 -0.0200510807335377 0.0131520507857203 0.048878226429224 -0.0405486188828945 0.00922312121838331 0.000716582639142871 -0.111106403172016 0.0859726220369339 -0.0265253186225891 0.117958344519138 -0.0680381953716278 0.0249762870371342 0.0541719235479832 0.105321198701859 -0.00661100866273046 0.0344924069941044 -0.0151700926944613 0.089467816054821 0.040179755538702 -0.0328936688601971 -0.100557081401348 0.128545805811882 0.0364620052278042 0.0768770426511765 0.102173611521721 -0.0589738413691521 0.0016885056393221 -0.130307614803314 0.0502023696899414 -0.00353320525027812 -0.051704540848732 0.042030893266201 -0.0970467552542686 -0.0525022856891155 -0.0448637679219246 -0.0339840315282345 0.124250672757626 0.00533857196569443 0.104981601238251 -0.0262164622545242
0.0269179604947567 0.0235711615532637 0.029317544773221 0.0130568221211433 0.0397057496011257 -0.0529726818203926 0.00392960524186492 -0.00794339738786221 0.0131749222055078 -0.0264392495155334 0.142522558569908 -0.0204261671751738 -0.00307697057723999 -0.0712595283985138 -0.0380798019468784 -0.0245443824678659 0.0493252314627171 -0.0703302621841431 -0.0115926815196872 -0.0291823744773865 -0.0298019908368587 -0.0513843558728695 0.0138815175741911 -0.0216027051210403 -0.0383254364132881 0.0613600611686707 0.168098732829094 0.0914724469184875 0.0620416551828384 -0.00604327209293842 0.00128575705457479 -0.111544735729694 -0.0257234778255224 0.0193806272000074 -0.109012439846992 -0.0063427509739995 -0.0192231591790915 0.00778431817889214 0.0885704681277275 0.035778421908617 -0.0907085463404655 0.0790072754025459 0.0752746015787125
-0.054058525711298 -0.0300630740821362 0.0798965245485306 0.0349096059799194 0.0311877988278866 0.063980869948864 0.083116240799427 -0.0068907025270164 0.0815788581967354 0.0247705932706594 -0.0320474691689014 -0.0918564647436142 -0.0167155805975199 -0.0533948168158531 0.0293363183736801 -0.0165810361504555 0.0245799794793129 -0.0412186235189438 0.0173578020185232 -0.0613179840147495 -0.0746973156929016 0.0428837053477764 0.0322163589298725 0.0177726577967405 -0.0319234617054462 0.0382578819990158 0.0619989410042763 -0.0628451034426689 -0.0187376625835896 0.00411096028983593 0.0672860741615295 -0.0168504025787115 0.0187209732830524 -0.0206820052117109 0.040447611361742 0.0311247557401657 0.0834331288933754 -0.0805617347359657 0.120792582631111 -0.0292767584323883 0.132759749889374 0.0282491352409124 -0.186678290367126
0.0515127070248127 0.057859756052494 -0.0585626736283302 -0.0367803275585175 -0.0614558272063732 0.0650447160005569 0.0474178679287434 0.0873341485857964 0.0415057577192783 -0.0418343283236027 0.0126256728544831 -0.0376481115818024 0.0179418995976448 0.0232842806726694 0.0300664752721786 -0.0227351635694504 0.0712089315056801 0.0489275120198727 -0.0513297617435455 0.0629337653517723 -0.000954834977164865 -0.0238690543919802 -0.00781852193176746 0.00137454469222575 0.0588290095329285 -0.0149714015424252 -0.00919268187135458 0.069454126060009 0.0602993108332157 0.046889279037714 0.0124157974496484 -0.0558556132018566 0.055292259901762 0.00637799268588424 0.0282517392188311 0.0291924905031919 0.015848133713007 0.132072299718857 -0.0512600429356098 0.0384853072464466 -0.00998995266854763 -0.025401808321476 -0.0384418554604053
-0.0442574806511402 -0.0214419830590487 -0.0100373486056924 -0.00170838867779821 -0.0776199325919151 0.0775501504540443 0.0923066809773445 -0.0397255457937717 0.0365802869200706 0.0697572752833366 0.074200838804245 0.00937282666563988 0.124869167804718 0.0857652202248573 0.0358302518725395 -0.0361616685986519 0.0120147950947285 0.0346606597304344 0.0134359812363982 -0.0483187027275562 0.016124065965414 -0.0536669716238976 -0.0530510731041431 0.0942163690924644 -0.0244114845991135 0.0904063954949379 -0.0156614724546671 -0.0454186126589775 0.0588746443390846 0.110668681561947 -0.0101886419579387 0.0562881231307983 0.0446084663271904 0.0290892794728279 0.0191843472421169 -0.0241301860660315 -0.0667030960321426 -0.0582277663052082 0.00851532723754644 -0.000691036984790117 0.137705072760582 0.00115656421985477 0.0558597929775715
0.0430684983730316 -0.049839723855257 -0.0717510357499123 -0.0140688437968493 0.0361775085330009 0.065593346953392 0.0313230529427528 0.0352853052318096 0.00381800532341003 -0.0524275340139866 0.0728791803121567 -0.0414628684520721 0.0408365614712238 0.104309521615505 -0.0412407219409943 -0.033332385122776 -0.0576098971068859 0.00141040678136051 -0.0286049488931894 -0.0406264923512936 0.0798010304570198 0.0540058352053165 0.0784333273768425 0.0424373596906662 0.00884740892797709 -0.0580282472074032 0.0114145511761308 0.0375781916081905 -0.0394358038902283 -0.0940069705247879 -0.0382947251200676 0.0306319333612919 0.00427088886499405 0.0461178086698055 0.0474151559174061 0.049457598477602 0.026569202542305 -0.00264592096209526 -0.0278546437621117 -0.0064604333601892 0.0294625591486692 0.0675048157572746 -0.0277761202305555
-0.045538954436779 -0.0484389737248421 0.0622648783028126 0.0723985284566879 -0.104250654578209 0.114226512610912 -0.0539358668029308 0.0409572906792164 0.0206232722848654 0.00442708469927311 -0.0372274033725262 0.0623190961778164 -0.0255576130002737 0.0716445222496986 -0.0149095701053739 -0.014319833368063 -0.0182207506150007 -0.0570314228534698 0.097705714404583 0.0474200285971165 -0.0985203236341476 0.0217633415013552 0.0532831512391567 0.00804302282631397 0.020616190508008 -0.0106663592159748 0.0140281906351447 0.0657138004899025 -0.0123799098655581 -0.0317053385078907 0.0276074707508087 -0.0437596626579762 -0.0168078429996967 0.0295505151152611 -0.0606366880238056 -0.0203244611620903 -0.0725202932953835 -0.0476259514689445 0.0326440036296844 0.0370050594210625 0.0746721476316452 0.0409050509333611 -0.0554859824478626
-0.00935819279402494 0.0335469655692577 -0.000788402685429901 0.0305904429405928 0.165053337812424 -0.0539461262524128 0.0655608251690865 -0.0436907261610031 -0.0556066073477268 0.00506412331014872 -0.066801019012928 0.0427306033670902 -0.0180527437478304 -0.034382738173008 -0.0613307394087315 0.05207434669137 -0.0591225996613503 0.00236237538047135 -0.134404450654984 -0.0482450090348721 -0.00396772241219878 -0.0583251565694809 -0.0946955680847168 -0.109566986560822 0.112015523016453 -0.012654616497457 -0.00817329436540604 0.00532317161560059 -0.0624610185623169 -0.0514658577740192 0.0165371615439653 -0.0267425253987312 0.0476512685418129 -0.0658216178417206 -0.0295637249946594 -0.10148524492979 -0.133211061358452 0.094526968896389 -0.0123346978798509 0.0725738927721977 -0.047408189624548 0.0523533821105957 0.0736880898475647
0.0481467582285404 0.0821559727191925 -0.0958282947540283 0.0126688554883003 0.0279504731297493 -0.0380800478160381 -0.013496495783329 -0.0795455053448677 -0.0264441817998886 -0.0866868123412132 0.00520875118672848 -0.037261888384819 -0.077937126159668 0.0173711236566305 0.0347550995647907 0.0535217896103859 -0.0799648463726044 0.0161610916256905 0.0252075511962175 0.0568609088659286 0.028822110965848 0.0751640200614929 0.0119687570258975 -0.0388989895582199 -0.000186915785889141 0.0854848995804787 0.0291264858096838 0.00637090811505914 -0.11219023168087 -0.0247082598507404 0.00569361448287964 0.0806831642985344 -0.0402241833508015 0.0096086747944355 -0.00320119131356478 -0.084894634783268 -0.143166616559029 -0.0345315039157867 0.0397603437304497 0.00683753890916705 0.0961563959717751 -0.0158863328397274 0.0623330324888229
-0.00216853036545217 0.0879332944750786 0.0322838723659515 -0.01916060782969 -0.0259424112737179 -0.0155009441077709 0.027615612372756 0.0225013811141253 0.0861694812774658 -0.0423009544610977 -0.113126561045647 -0.0127310026437044 -0.0195137765258551 -0.0794309973716736 0.027547599747777 0.0371125116944313 -0.0361016392707825 -0.0849656239151955 0.0869131162762642 -0.0332448221743107 -0.0390259474515915 0.016563817858696 0.0166579727083445 -0.00966830737888813 -0.0190098453313112 0.0878953710198402 0.0499968193471432 -0.0136404559016228 0.0083475885912776 -0.0213648360222578 0.0833363458514214 -0.00253722071647644 -0.0456965677440166 0.0285430364310741 -0.0741959288716316 -0.019635159522295 -0.0377011597156525 0.128144934773445 -0.0338652692735195 -0.0559955574572086 0.0052330126054585 -0.0921842679381371 -0.00448096543550491
-0.0866365134716034 0.0262110121548176 -0.0266629680991173 0.0516374856233597 -0.0276659298688173 -0.0727910622954369 0.013042101636529 -0.0428542569279671 0.0316881127655506 -0.112083941698074 0.0376972481608391 -0.0118817128241062 -0.0246109236031771 0.0954150259494781 -0.0180188082158566 0.0149314040318131 0.0282137524336576 0.0698182135820389 0.063263937830925 0.028374657034874 0.0109100639820099 -0.0374183468520641 -0.075588271021843 -0.0189930815249681 -0.0224258825182915 -0.000405838101869449 0.0111011387780309 -0.0222585704177618 0.0442870818078518 0.0476493649184704 -0.0471760854125023 0.0915810167789459 -0.0107314679771662 0.00337573769502342 0.0157553758472204 -0.0199772007763386 0.0562602393329144 -0.0405355580151081 0.083907350897789 -0.053301028907299 0.00141960324253887 -0.0282712150365114 -0.053515836596489
0.029700605198741 0.0247260052710772 0.0166715923696756 -0.0823855027556419 0.0316754393279552 -0.03248680382967 -0.0673888400197029 0.0715291947126389 0.0605282299220562 0.0520687773823738 -0.00410531042143703 -0.0354143232107162 0.0565953887999058 -0.0293524116277695 0.022342637181282 -0.0981565937399864 0.093274787068367 0.0301938336342573 -0.0728056654334068 -0.0485469214618206 0.0464886426925659 -0.0201086457818747 -0.0510414242744446 0.00698135700076818 -0.0116641819477081 -0.0098114525899291 0.00839735381305218 -0.0411862879991531 0.0128875048831105 0.0817695483565331 -0.0555371455848217 0.0174357481300831 0.0793206319212914 0.0688773319125175 0.0191352684050798 0.0770109668374062 -0.0416645929217339 0.0970512852072716 -0.0238865222781897 0.00327037018723786 -0.0846299827098846 -0.0243382379412651 -0.100450202822685
0.0226856619119644 0.0160832945257425 -0.0515051372349262 0.0221572034060955 -0.121341422200203 -0.106586799025536 0.103940218687057 0.133617341518402 -0.079564742743969 -0.0755719467997551 0.00279530952684581 0.0509754531085491 -0.0218468960374594 0.0684466734528542 0.00415757764130831 -0.00285136327147484 -0.073349729180336 -0.0554806627333164 -0.136407107114792 -0.0136168813332915 0.00357128237374127 0.00484513863921165 0.0699779465794563 -0.0630645155906677 0.0212017614394426 -0.0963466390967369 0.0069980937987566 -0.0455774068832397 -0.0695878267288208 0.105695821344852 0.0418020896613598 -0.089317187666893 -0.0853389799594879 0.00535702891647816 0.0995576828718185 0.117271311581135 -0.0272146966308355 -0.0766812711954117 -0.0306572318077087 -0.0448539480566978 -0.0151479626074433 -0.01880800165236 -0.0126285348087549
-0.00753204990178347 -0.10709660500288 0.0553605742752552 -0.0303002446889877 0.03696658462286 -0.0234291572123766 -0.0441122017800808 -0.0520337112247944 -0.0422887876629829 -0.00340558774769306 0.0946781635284424 -0.031375877559185 0.0208200514316559 -0.00315353740006685 0.0189456846565008 0.0246854890137911 -0.0295078456401825 0.0293904934078455 0.0437753424048424 -0.0208308175206184 0.0313597060739994 -0.12719164788723 -0.0389743633568287 0.0631589144468307 -0.0109058246016502 0.0220283269882202 0.116045273840427 -0.0756944566965103 0.0446393005549908 0.191721707582474 -0.134017407894135 -0.00204898766241968 0.00469941552728415 -0.0108851082623005 -0.118928574025631 0.124206356704235 0.00683483481407166 0.0626602917909622 -0.00700285937637091 -0.122991882264614 -0.0175759047269821 0.0534238889813423 0.0962738022208214
-0.0221704393625259 0.0273594371974468 0.0493024997413158 -0.0133901471272111 -0.0290750190615654 -0.0429256036877632 -0.00983663834631443 -0.00697169499471784 -0.101293928921223 -0.0156520809978247 0.0264220405369997 -0.049621257930994 -0.0525045804679394 -0.00956507585942745 0.0570202432572842 0.0077936053276062 -0.0848424807190895 0.0510334298014641 -0.0583172142505646 -0.0639690607786179 0.0558187514543533 0.089771494269371 -0.00736216036602855 0.0201283358037472 0.0838185399770737 -0.0163480136543512 0.0103158829733729 0.0597102902829647 0.0167837142944336 -0.0141406562179327 -0.154563456773758 0.0135060353204608 -0.0823041424155235 0.0402752421796322 0.0225127264857292 -0.121176034212112 0.129686519503593 0.0363146103918552 0.054739773273468 0.116661816835403 -0.00185706641059369 0.0590730905532837 0.0944101959466934
-0.0390896685421467 -0.00731655769050121 -0.0359268710017204 0.0031666848808527 0.0447355322539806 -0.146767303347588 -0.0082395551726222 0.0310475658625364 -0.0537994727492332 0.000419309042626992 0.0218556467443705 -0.0248799994587898 0.0613181442022324 0.0306479372084141 0.00451439572498202 -0.0438566096127033 0.0579054541885853 0.00400650687515736 -0.0873886719346046 0.0250657256692648 0.00197662599384785 0.0971385836601257 -0.0671502202749252 0.0360504165291786 0.120868779718876 0.0522817932069302 -0.0299297720193863 0.0625346451997757 -0.0460549294948578 -0.0398107171058655 0.0484108589589596 -0.146964386105537 0.0393826402723789 0.0534315034747124 -0.0113361719995737 -0.162418395280838 0.0836151242256165 -0.0300071537494659 -0.0107787437736988 0.078483834862709 0.0397163070738316 0.0381818152964115 0.0551293380558491
