assets/gome_f/processed/ascii/world/gome_sif_world_20110401.asc
NCOLS 720 
NROWS 360 
XLLCORNER -180 
YLLCORNER -90 
CELLSIZE 0.5 
NODATA_value -3.4e+38 
[rows 133 to 151 of 360, columns 430 to 472 of 720]
0.0478338897228241 0.0377590581774712 -0.0160697549581528 0.0226423516869545 -0.00164324906654656 0.0560332760214806 -0.0284106787294149 -0.0459631383419037 -0.050642017275095 0.0399767793715 -0.0312710888683796 -0.000534138875082135 -0.0546892732381821 0.0218643676489592 -0.0377676971256733 -0.0252583902329206 -0.0129262385889888 0.0116257229819894 -0.0187782235443592 0.0130786495283246 -0.00206809025257826 -0.0440645962953568 -0.0400084443390369 -0.0374723710119724 -0.0344310142099857 -0.024791669100523 0.0180150773376226 0.0397685281932354 0.0600835010409355 -0.0960284546017647 0.0493491850793362 -0.00983112305402756 0.0952652096748352 0.00309986108914018 0.0260511096566916 0.0876835137605667 0.0491699352860451 -0.0169808268547058 0.0642915815114975 0.0362883917987347 0.0887255743145943 0.088070772588253 0.00878837704658508
0.0345424711704254 0.156841471791267 -0.0158293209969997 0.0358264483511448 -0.0332914739847183 0.0233232602477074 0.0843125209212303 -0.0689671710133553 -0.0620870180428028 0.0824878439307213 0.00107310328166932 0.00879549048841 0.0605235397815704 0.00533971097320318 -0.0506049878895283 0.0387713089585304 0.010970663279295 0.0457993373274803 -0.126708954572678 0.0711834579706192 -0.0640855208039284 0.0547284185886383 0.0692137330770493 0.0756111666560173 0.00551691092550755 -0.0216750577092171 0.0731819123029709 0.175433829426765 0.021609416231513 0.0632757395505905 0.101245813071728 0.0445049144327641 -0.115711018443108 0.0828251615166664 0.0553589276969433 -0.00434091873466969 0.0991034358739853 0.176225006580353 0.0291082188487053 -0.0295822471380234 0.0271837022155523 0.0313480719923973 0.0399379916489124
0.013007883913815 -0.106012910604477 0.0204340796917677 0.144114837050438 0.0439377464354038 0.00913945306092501 0.00499182147905231 -0.038159292191267 -0.0153055908158422 0.0935739874839783 -0.100279696285725 -0.0259943306446075 -0.101480051875114 -0.120465293526649 -0.0409210622310638 -0.040602769702673 0.0222630687057972 0.0444994978606701 0.0796563699841499 0.0141077423468232 0.044520016759634 -0.0534517094492912 0.0721669346094131 0.0772701278328896 -0.10888995975256 0.0368689075112343 0.0562348924577236 0.107045345008373 -0.108115382492542 0.0825331062078476 0.0687494054436684 -0.016935046762228 0.11020065844059 -0.0520054213702679 0.0482425801455975 -0.00731968367472291 -0.0805915966629982 0.0506767369806767 0.0356782041490078 0.0301420446485281 -0.112145520746708 0.00781911984086037 0.0112064182758331
-0.0201127063483 0.0963774472475052 -0.0177216175943613 0.00717486487701535 0.068426176905632 -0.0426597073674202 -0.022255465388298 -0.0272823851555586 0.0506949387490749 0.0613445155322552 0.117833100259304 -0.0310617964714766 -0.0387945398688316 0.0431615188717842 -0.021209729835391 -0.0680685862898827 0.0183614995330572 -0.120528556406498 -0.0701543763279915 -0.110397435724735 0.0194380488246679 -0.0239636786282063 0.00826633628457785 0.133012741804123 -0.0258387085050344 0.0959572866559029 0.0195594690740108 0.0517232120037079 0.0563960447907448 0.0478629134595394 0.0733828321099281 0.0176049787551165 0.161263674497604 0.10438609868288 0.0359880439937115 -0.0196702312678099 0.0701717808842659 -0.0218813065439463 0.0987284407019615 0.0639655068516731 -0.058662872761488 -0.0583354234695435 0.063201442360878
0.0610497109591961 0.00971867796033621 0.0773889124393463 0.0164337530732155 0.0456805564463139 0.0667205154895782 0.00204836227931082 -0.0922034978866577 -0.0638995245099068 0.05352733284235 0.017465403303504 0.00262789148837328 -0.0231011658906937 -0.08261439204216 -0.0467185899615288 -0.08645398914814 -0.00797417107969522 0.0232919249683619 -0.113865919411182 -0.0941765010356903 -0.0234126187860966 -0.0558158233761787 0.0248900353908539 -0.0198879037052393 0.0909624099731445 -0.0323465168476105 -0.0364968217909336 0.127035886049271 -0.00419830298051238 0.0357819758355618 -0.073272779583931 0.00224996590986848 0.0519468151032925 0.0324326977133751 0.0278212744742632 -0.0589068159461021 0.0506496205925941 0.00803549308329821 0.00154961785301566 -0.0417902581393719 -0.0129162948578596 0.063726618885994 0.0166366975754499
-0.0238030981272459 0.0191080737859011 0.0276358295232058 0.101150706410408 0.13680574297905 0.0574614144861698 0.017923267558217 0.0246043186634779 -0.0625772997736931 -0.0796976238489151 0.0675863027572632 0.0500733442604542 0.0233458038419485 -0.0595127940177917 0.0288334507495165 -0.11455149948597 -0.112235069274902 0.0147225530818105 0.127451658248901 -0.0204701889306307 0.0690376237034798 -0.00266973720863461 -0.1014673858881 -0.074075885117054 0.00720946956425905 -0.123776882886887 0.0341822169721127 0.0959603935480118 0.0504732616245747 -0.0366058014333248 0.115038439631462 0.037853829562664 0.104767486453056 0.0502876080572605 0.039216086268425 0.0810934826731682 -0.0489960163831711 0.00883940979838371 0.0243240352720022 0.0656836330890656 0.101869434118271 0.0153703084215522 0.0492543540894985
-0.0205012131482363 0.114949837327003 0.01448296289891 -0.0796992108225822 -0.0684894323348999 0.035638052970171 -0.0824884176254272 0.00541781913489103 -0.0245566703379154 -0.162444263696671 -0.128025591373444 0.0148883126676083 0.0304044410586357 0.0198505334556103 0.00870878808200359 0.0201237872242928 -0.0223503895103931 -0.0454119332134724 0.0151726147159934 0.168913602828979 0.111461699008942 0.0249436106532812 -0.00749651528894901 -0.0186873190104961 -0.0150630241259933 -0.00758757768198848 0.0327458009123802 0.00623801583424211 0.0831821113824844 0.153367206454277 -0.0265370588749647 0.166289478540421 0.113939270377159 0.163356602191925 0.0738188847899437 0.0173544622957706 -0.0249844361096621 0.0939217880368233 -0.00840235967189074 -0.00863170623779297 0.168118044734001 0.164225697517395 0.124681323766708
-0.0679436400532722 0.0717280879616737 -0.0780721753835678 -0.0452180914580822 0.0719929784536362 -0.0223750937730074 -0.0200098976492882 0.0728461295366287 -0.0103174932301044 -0.0853955373167992 -0.0604488253593445 -0.114154353737831 -0.0479684546589851 0.030239088460803 0.00196749670431018 -0.0435424856841564 -0.010053982026875 -0.0493141189217567 -0.0773719698190689 -0.00541860330849886 -0.00658965483307838 0.0700794532895088 0.0154333710670471 -0.100816264748573 0.0177061483263969 -0.0524902902543545 -0.0497711412608624 0.0498554110527039 0.0907879397273064 0.111597776412964 0.0703450739383698 -0.02389713563025 0.0566213466227055 0.163039684295654 -0.0354934744536877 -0.0130428401753306 -0.0655257180333138 0.045170035213232 0.10385999083519 0.110150210559368 0.0828452780842781 0.251617819070816 0.13469435274601
0.0684284344315529 -0.0737296566367149 -0.0614213272929192 0.0681658312678337 -0.00892272125929594 0.085169218480587 -0.027906272560358 0.0046292319893837 -0.0190784763544798 -0.0227900668978691 -0.064936637878418 -0.0792368948459625 -0.103143006563187 0.0850265398621559 -0.0149774309247732 0.0413837358355522 -0.144307285547256 -0.0244267117232084 -0.0651122629642487 -0.0111786341294646 -0.000569275754969567 0.0620713569223881 0.0452942922711372 -0.0164848677814007 0.0633171424269676 0.00149079656694084 0.00192001578398049 0.144609823822975 -0.0703446418046951 -0.00484569557011127 -0.0291030984371901 -0.0363549217581749 -0.0132789053022861 0.0645407438278198 -0.0167621988803148 0.024331770837307 0.0660497918725014 -0.0228361394256353 0.232785984873772 0.156060367822647 0.164372429251671 0.141129404306412 0.298022538423538
0.0587360188364983 -0.00867931265383959 0.0567692033946514 0.0480494350194931 0.0920845121145248 0.0949769541621208 0.0326384082436562 0.00120673596393317 0.00335450237616897 -0.107727766036987 0.0349897257983685 -0.0478433705866337 -0.0241766516119242 0.00472170207649469 -0.027092456817627 0.0728643611073494 0.0469256415963173 -0.0287998747080564 -0.0435300692915916 -0.0561990030109882 -0.105584613978863 -0.0352519862353802 0.00402477895841002 -0.0233407616615295 -0.0300157982856035 0.0319764241576195 0.00463567860424519 0.0749541446566582 0.0227411258965731 0.0658873096108437 0.0257190298289061 -0.00130175764206797 0.0663819760084152 0.148198246955872 0.113757014274597 0.188745617866516 0.103916853666306 0.20794552564621 0.263663202524185 0.111206986010075 0.209460243582726 0.303366512060165 0.26814591884613
0.0345821045339108 0.100919246673584 -0.0336654745042324 -0.0793605372309685 0.00708897691220045 -0.0679364949464798 0.0354953669011593 0.0483283251523972 -0.00765198469161987 0.0128790652379394 0.0170939639210701 -0.0280507355928421 -0.0924785882234573 -0.119259350001812 0.0193382687866688 -0.0752803534269333 -0.0904182866215706 -0.0572079047560692 -0.0799996331334114 -0.0429278314113617 0.0164215732365847 -0.055584192276001 -0.0107239373028278 0.0238140784204006 -0.0554209239780903 -0.0973034501075745 -0.00258525647222996 -0.013024564832449 0.046431940048933 0.13330252468586 0.072360023856163 0.17569188773632 0.146234467625618 0.0984379425644875 0.17097407579422 0.1527009755373 0.0365668386220932 0.306528151035309 0.354509621858597 0.225983992218971 0.227637767791748 0.0262018665671349 0.0611740760505199
0.124444372951984 0.0256148353219032 0.0227899737656116 0.00794709753245115 -0.0454053953289986 0.131281584501266 -0.0258297193795443 -0.0218755733221769 -0.0259744022041559 0.0146119082346559 0.00413777818903327 -0.00982662849128246 0.0278506670147181 0.00135203939862549 -0.0355000011622906 -0.0956013724207878 0.0458971410989761 -0.0394781827926636 -0.054967850446701 -0.123708195984364 -0.0494653955101967 -0.0266540423035622 0.0890180841088295 -0.0173715613782406 0.0162033904343843 0.0589907020330429 0.0371773093938828 0.0392289645969868 0.062335729598999 0.14927476644516 0.191197857260704 0.194015711545944 0.131393164396286 0.253587454557419 0.121508404612541 0.0537346564233303 0.142440423369408 0.119120091199875 0.241484850645065 0.172974109649658 0.182720959186554 -0.0163325220346451 -0.014773378148675
-0.0421468541026115 0.010696729645133 0.107555143535137 -0.0232120584696531 0.00340372626669705 -0.0646070092916489 -0.0389231666922569 0.0048505300655961 0.122993521392345 -0.0765467211604118 -0.0129210473969579 0.0503257028758526 0.0459377802908421 -0.0587716177105904 -0.0912962630391121 -0.0151325985789299 -0.00763757387176156 -0.00220116879791021 -0.0641495659947395 -0.0284659881144762 -0.0552587173879147 -0.0370056666433811 -0.0674854293465614 -0.0147219523787498 0.019414447247982 0.130932882428169 0.0794253796339035 0.152582928538322 0.112097270786762 0.0846265554428101 0.232719391584396 0.228255897760391 0.2312291264534 0.187348783016205 0.232336148619652 0.307309836149216 0.0676175430417061 0.123707614839077 -0.0710823610424995 -0.0182624217122793 0.0533294156193733 -0.0403037220239639 0.0480035357177258
-0.048918429762125 -0.08052808791399 0.0858425199985504 0.0226703733205795 -0.0201889611780643 0.0897506102919579 -0.0096322363242507 0.0551243312656879 -0.0357717387378216 -0.0238766204565763 0.0266630053520203 -0.0550463236868382 0.0499351061880589 -0.0506721846759319 -0.0127603346481919 -0.0755813121795654 0.0629695802927017 -0.0501002743840218 0.026244917884469 0.0409236922860146 -0.0765684992074966 0.0640446692705154 0.0338919535279274 0.079631507396698 0.0167015306651592 0.0603418350219727 0.0728746801614761 0.0773581713438034 0.0140543216839433 0.0690556094050407 0.133324235677719 0.175467625260353 0.201549485325813 0.108685471117496 0.226777225732803 0.0676239132881165 -0.0427042879164219 -0.0158916879445314 -0.00737984199076891 -0.0645863339304924 0.0594147145748138 -0.0599882565438747 0.0177926402539015
0.00838141888380051 0.013749623671174 0.0294127371162176 -0.042844794690609 0.0404208488762379 0.0438071601092815 0.0471774488687515 0.0445133969187737 0.103784002363682 0.0284606534987688 0.0352607294917107 0.0323820933699608 -0.0613256059587002 -0.0551000498235226 -0.0103831067681313 -0.0736973136663437 0.0486218295991421 0.0628676116466522 0.0634971186518669 0.147620543837547 -0.0732855647802353 -0.0787298455834389 0.0530451014637947 -0.0758323147892952 0.0633476823568344 0.0936834514141083 0.051886972039938 0.0798796787858009 0.133817166090012 0.103862769901752 0.0593311563134193 -0.0132105750963092 0.0374636240303516 0.117516256868839 0.126992359757423 -0.00642991065979004 0.0190600082278252 -0.0184035189449787 0.0218440089374781 0.00680373003706336 -0.0188166461884975 -0.0381888672709465 -0.0253849625587463
0.0462294481694698 -0.0730529949069023 0.122749574482441 0.0348746255040169 0.057102408260107 0.0616022571921349 0.0905701518058777 0.0444686561822891 0.0597414039075375 -0.00734521262347698 0.0169977508485317 0.0255419239401817 -0.0124881248921156 0.0123855201527476 -0.0266230013221502 -0.0159049406647682 0.0865180939435959 0.0995790213346481 -0.0339490361511707 0.0104642510414124 -0.0696723684668541 0.0582731813192368 0.0310491509735584 0.0516582541167736 0.0494775734841824 0.12530592083931 0.168097913265228 0.201403826475143 0.174578681588173 0.202157542109489 0.0982359349727631 0.12822650372982 0.0070662098005414 0.109155438840389 0.0760054960846901 0.063760057091713 0.0341366790235043 -0.0133251594379544 0.0133823985233903 -0.101607300341129 -0.0360402800142765 0.00309035158716142 0.0197650231420994
-0.0559535697102547 0.0171709265559912 -0.0850547775626183 0.0452728644013405 0.0375105775892735 0.0332080088555813 -0.0975347235798836 -0.0362815968692303 0.0901171788573265 -0.0264432244002819 0.115575656294823 0.0725841075181961 -0.11650837212801 0.029634865000844 -0.0875528156757355 -0.104283362627029 0.00112118734978139 0.0620531141757965 -0.00396310212090611 -0.0786995813250542 -0.0460889153182507 -0.108807273209095 0.0714133456349373 0.0893239602446556 0.232160046696663 0.225072860717773 0.0964470580220222 0.19404336810112 0.148039728403091 0.124474830925465 0.134417220950127 -0.0312710702419281 0.0795724838972092 0.0429765284061432 -0.00169665913563222 -0.0347953364253044 -0.0428472422063351 -0.0119807822629809 -0.0220061186701059 -0.0316051691770554 0.00669688917696476 0.097682423889637 0.00844110269099474
0.0411611758172512 -0.0286732595413923 0.140670761466026 0.0317164622247219 0.0428348295390606 0.0916641056537628 0.0794010981917381 -0.0257473718374968 0.0405128411948681 -0.0214438643306494 0.0166918039321899 0.0484332293272018 0.065639354288578 -0.00311355455778539 0.0305129215121269 -0.15354759991169 -0.0587262399494648 0.165695935487747 0.107468388974667 0.0326231755316257 -0.0202210079878569 -0.0183243900537491 0.0320422910153866 0.1010367795825 0.0881501138210297 0.147492483258247 0.144916400313377 0.0488086603581905 0.0156842451542616 0.0116128735244274 -0.00246355356648564 -0.0514812171459198 0.018134418874979 0.00722344731912017 -0.0516794323921204 -0.0353270061314106 -0.026777196675539 0.0205417759716511 -0.00937114655971527 0.0156389102339745 -0.040443230420351 -0.0869692713022232 -0.0783616527915001
0.0557226426899433 0.0129336584359407 0.0715698525309563 0.0891059190034866 -0.0132197979837656 0.072238065302372 0.0692655965685844 -0.0124567719176412 0.0199324507266283 0.0975291058421135 -0.0209364742040634 -0.0512917637825012 0.178068682551384 0.0517897494137287 0.00180509139318019 -0.071427658200264 -0.132466822862625 0.0655917003750801 0.0824901387095451 0.0506447032094002 -0.0228277109563351 0.0619934350252151 -0.0994540527462959 0.0198062602430582 0.0812374874949455 -0.0163627564907074 0.0697095692157745 0.0194339118897915 0.00757708260789514 0.0295316781848669 -0.0259015299379826 0.0480548664927483 -0.0147046856582165 -0.010639913380146 -0.026586152613163 -0.101861283183098 0.0442686565220356 0.0230422243475914 -0.0342621020972729 -0.0272128768265247 0.0248256605118513 0.00611862540245056 -0.0155092235654593
