assets/gome_f/processed/ascii/world/gome_sif_world_20121201.asc
NCOLS 720 
NROWS 360 
XLLCORNER -180 
YLLCORNER -90 
CELLSIZE 0.5 
NODATA_value -3.4e+38 
[rows 152 to 170 of 360, columns 473 to 515 of 720]
-0.0152315506711602 0.000214916857657954 -0.0465448126196861 0.00480111455544829 -0.00113144423812628 -0.0415081530809402 0.00351863610558212 0.0163162760436535 -0.0589642487466335 -0.0657337531447411 -0.0471967160701752 0.000231703306781128 -0.0374172180891037 0.00359161756932735 -0.0285102315247059 -0.0771373361349106 0.0259420108050108 0.00917345099151134 -0.0111861918121576 -0.0488553196191788 -0.1024414524436 -0.0114505114033818 -0.0193635523319244 -0.00334115419536829 0.00114252127241343 0.0163968168199062 -0.031031159684062 0.0216498393565416 -0.0393403023481369 0.00218167272396386 0.0203336253762245 -0.0151342777535319 -0.0669014155864716 0.016758045181632 -0.0705576911568642 -0.0221421085298061 0.118787318468094 0.309844374656677 0.246226415038109 0.255298972129822 0.123123295605183 0.169896930456161 0.198198840022087
-0.00773507915437222 -0.0258353538811207 0.0100511377677321 0.00665586534887552 -0.0619685240089893 0.0611392967402935 0.0133241470903158 -0.0131273092702031 0.0524576902389526 -0.0486660711467266 0.00571964308619499 0.0338068343698978 -0.0147372921928763 0.0321501828730106 -0.0641518756747246 -0.00846782699227333 -0.0392359159886837 0.00989232398569584 -0.0857104808092117 0.00809781812131405 -0.0963290184736252 0.000298010883852839 -0.0923619940876961 -0.0533954948186874 -0.0588950961828232 -0.0359863787889481 0.0792417079210281 -0.0905137583613396 -0.0664727762341499 -0.00304160267114639 0.0295696053653955 -0.0394340679049492 -0.0375371463596821 0.0131657980382442 -0.0450213402509689 0.0429348386824131 0.0449181757867336 0.270578056573868 0.29167777299881 0.151264563202858 0.188389673829079 0.184407442808151 0.178744181990623
0.0181024223566055 -0.1249775364995 0.00922091957181692 -0.00525347935035825 0.00137043185532093 -0.00865126214921474 -0.0056755505502224 0.00641745747998357 -0.0699528381228447 0.0679440200328827 0.000455625966424122 -0.038510549813509 0.0223186779767275 0.0400040596723557 -0.0345364548265934 -0.067609116435051 0.0458199195563793 0.072100892663002 0.010660688392818 0.0553069524466991 -0.0194625798612833 0.00493159843608737 -0.061446275562048 -0.104485087096691 0.0259972922503948 -0.0453082919120789 -0.0333802774548531 0.0085953027009964 0.00830329116433859 0.0385489761829376 -0.0298340413719416 -0.0112229716032743 0.0161942113190889 0.037075687199831 0.030739139765501 0.0304916892200708 0.105201698839664 0.251892358064651 0.283893615007401 0.292680203914642 0.268689393997192 0.310489654541016 0.191512793302536
0.0560279525816441 -0.131591394543648 -0.0502486862242222 0.00318598351441324 0.0114360796287656 -0.0747274979948997 -0.0434089750051498 -0.0352901332080364 -0.0447367243468761 0.0615799874067307 0.0260559339076281 -0.0817204341292381 -0.0469744205474854 0.0361669175326824 -0.0730744451284409 0.0330080054700375 0.0337586998939514 0.0553412884473801 0.0413161814212799 0.0358719192445278 -0.0510880425572395 -0.0220620445907116 0.0052503040060401 -0.0456016734242439 -0.0733187720179558 0.0258255153894424 -0.0183948576450348 -0.0301655251532793 0.0465651229023933 -0.0182900726795197 -0.0115220956504345 -0.000954263960011303 0.0157420672476292 -0.0139342295005918 -0.00949609186500311 0.000427653052611277 0.0699020177125931 0.140172615647316 0.288632333278656 0.190032407641411 0.142207086086273 0.265360295772552 0.381249308586121
0.0283465310931206 0.00101986760273576 0.0303099062293768 0.00557516841217875 -0.0276990439742804 -0.0583222582936287 0.0547007694840431 -0.0419793650507927 0.0911845415830612 0.0991260036826134 -0.00419271690770984 -0.0611207783222198 -0.0175010412931442 0.00512968096882105 0.0374378450214863 0.0474955104291439 -0.0821911990642548 -0.0105677722021937 0.0292018447071314 -0.0379780381917953 -0.0648930668830872 -0.0541581027209759 0.0457473360002041 -0.00120553700253367 0.01704366132617 -0.0337980538606644 0.0716759636998177 -0.0589630454778671 0.0315325222909451 -0.0172270964831114 -0.106075346469879 0.0269652493298054 -0.0762107819318771 -0.017786918208003 0.014520606957376 -0.103836625814438 0.0200896710157394 0.0546149760484695 0.231738433241844 0.297385782003403 0.271823048591614 0.302472352981567 0.286263555288315
-0.0465432405471802 0.0849132537841797 0.0166466776281595 -0.0803355500102043 0.0150425815954804 0.00613580644130707 -0.0180567633360624 -0.0145476507022977 -0.0142013365402818 -0.00249484740197659 0.00422238744795322 -0.00979841221123934 -0.053376842290163 0.0161761548370123 0.00935064163058996 -0.0605094768106937 0.0656866654753685 0.00994350854307413 -0.0348864868283272 0.0345147326588631 -0.0470362901687622 0.0405271872878075 -0.00776381604373455 0.0272774640470743 -0.0217056982219219 0.043030820786953 0.0561827458441257 0.0191938318312168 -0.00818129256367683 0.0013491443824023 0.0477964133024216 -0.0562362633645535 0.0697715133428574 0.0366795100271702 0.0439678691327572 -0.0327090919017792 0.0442964434623718 -0.00251190434210002 0.043839730322361 0.359254866838455 0.283857107162476 0.287318974733353 0.225345551967621
-0.0480595231056213 0.0381736010313034 0.00864007975906134 -0.0612244978547096 0.0314985923469067 0.0107589177787304 -0.045781746506691 -0.034693606197834 -0.0149225238710642 -0.0764699131250381 0.0341199263930321 -0.0162704233080149 -0.0197594854980707 0.0167019013315439 -0.0292502623051405 -0.0105732949450612 -0.0533044338226318 0.0351830422878265 0.00508249923586845 0.00972210802137852 -0.0072389948181808 -0.0417523346841335 -0.0777364894747734 0.000725359364878386 -0.00664940476417542 0.0224255565553904 -0.0581686235964298 0.0302686281502247 0.0652982220053673 -0.0088889105245471 0.00861195102334023 -0.0788295269012451 0.0912085697054863 -0.0504194311797619 -0.00304774381220341 0.0526433512568474 -0.006166011095047 0.0121803320944309 -0.0312495268881321 0.319265335798264 0.249518290162086 0.304010659456253 0.160670384764671
-0.070567712187767 0.0414719507098198 0.0161763038486242 -0.0471386276185513 0.0114173451438546 -0.0429687723517418 0.0171362031251192 -0.0881661027669907 -0.0812071263790131 0.0339294262230396 0.0533605217933655 -0.0134377535432577 0.0749959796667099 0.0639358311891556 -0.00350131094455719 0.0384422391653061 -0.00206632632762194 0.0660363808274269 -0.024903817102313 -0.0398409329354763 -0.0672655180096626 -0.00461221719160676 -0.0751947015523911 0.0627861768007278 -0.0426143892109394 -0.0434541255235672 -0.0393471494317055 -0.0162101928144693 0.0413052588701248 0.0486466959118843 0.0208973716944456 0.0394417010247707 -0.0547268502414227 -0.0538453310728073 0.0110042616724968 -0.132746860384941 0.0183273665606976 0.0616504289209843 0.00342137273401022 0.172478094696999 0.253335177898407 0.270990639925003 0.279608488082886
-0.0249689500778913 0.0702847838401794 -0.0276781432330608 0.045297347009182 0.050786454230547 0.0663299635052681 0.0291592869907618 0.0188998654484749 -0.126238033175468 -0.044164203107357 0.0361105836927891 -0.0700963288545609 -0.0558644682168961 -0.0285782068967819 -0.0240783784538507 -0.0201141890138388 -0.050086684525013 -0.033689446747303 0.00810523796826601 -0.0141197172924876 0.0244129449129105 -0.0391608327627182 -0.0420302823185921 -0.0765997245907784 0.0194152910262346 -0.00626477226614952 -0.0291660521179438 -0.0786167234182358 0.0294565726071596 -0.0311476793140173 -0.0315982401371002 -0.00119924580212682 -0.0121267708018422 -0.0202584210783243 -0.0594801642000675 -0.048298541456461 -0.111427523195744 0.0208172015845776 -0.000254356185905635 0.0602259486913681 0.185476645827293 0.314247488975525 0.321010172367096
-0.0199775490909815 0.0406897030770779 -0.0168074332177639 -0.08528221398592 -0.0233994163572788 -0.0761285126209259 0.0439053438603878 -0.0549600720405579 -0.00900519918650389 0.0603763684630394 -0.161224961280823 -0.0540018379688263 0.108490541577339 -0.0796778574585915 -0.0081720994785428 -0.0188881363719702 0.0445139966905117 -0.00905294250696898 -0.00301093957386911 0.0011952972272411 -0.110746346414089 -0.0141279958188534 -0.0112371854484081 0.0391536578536034 -0.00299177342094481 -0.0134191336110234 -0.0282219275832176 -0.0438269264996052 -0.0307606253772974 0.0184554234147072 -0.0318739227950573 0.00846826285123825 -0.00527916569262743 0.00101376150269061 0.0222112741321325 -0.0349109247326851 0.000975678849499673 -0.0419252812862396 -0.00964383687824011 0.119481168687344 0.358107566833496 0.312549322843552 0.249114379286766
-0.0286226328462362 0.023590512573719 0.0226957276463509 -0.0615642219781876 -0.0112686222419143 0.0501994080841541 -0.110157318413258 -0.059001263231039 -0.0300504267215729 -0.0777306705713272 -0.000568767369259149 -0.0461600907146931 -0.0541030243039131 0.0132065201178193 -0.0267478115856647 -0.0412989184260368 -0.0451371818780899 0.0175498630851507 -0.0211185682564974 -0.0872578099370003 -0.0235738325864077 -0.0447615906596184 -0.0906528979539871 -0.0225790236145258 -0.116700947284698 0.0770992413163185 -0.0501175373792648 -0.0369410403072834 -0.136103972792625 0.00441672932356596 -0.052989449352026 0.00528691243380308 -0.0165039636194706 -0.0258654598146677 -0.037185050547123 0.00241385539993644 -0.000942573708016425 0.0199839007109404 0.011312291957438 -0.0233085583895445 0.0541680827736855 0.17499852180481 0.27085354924202
-0.0385572351515293 -0.126455008983612 0.0484258271753788 0.00212269881740212 -0.0315541997551918 -0.0067692780867219 0.0534593872725964 0.0990729629993439 -0.101239606738091 0.0144370049238205 0.0382641181349754 -0.0326159112155437 -0.0394685603678226 -0.0448802523314953 -0.0032760389149189 -0.0322534814476967 -0.0491069965064526 0.0317683927714825 -0.0260649602860212 -0.0516351535916328 0.00444921152666211 -0.163433641195297 -0.00325639825314283 -0.0348483957350254 -0.0519043728709221 -0.10596689581871 0.0161554776132107 -0.0288561210036278 -0.0443428717553616 -0.019704157486558 -0.0757240206003189 -0.0483433231711388 -0.0880459919571877 0.0251554194837809 -0.0326274186372757 -0.0349898189306259 -0.0135368537157774 -0.00941560789942741 0.00582982553169131 -0.0551902055740356 -0.0192365348339081 -0.0291028469800949 0.0134925348684192
-0.0125032570213079 -0.0634935721755028 -0.0506025888025761 0.000181777912075631 -0.0388673283159733 -0.0892466679215431 -0.0485640615224838 0.0194618422538042 0.0525223761796951 -0.0405304208397865 -0.0744811519980431 -0.104591086506844 0.0527020171284676 0.00344604812562466 -0.0178647320717573 -0.0317538194358349 -0.0168386101722717 -0.03468893840909 0.0391429476439953 0.0393678210675716 0.0997353941202164 -0.0299372561275959 0.0200934708118439 -0.114423356950283 -0.0163798574358225 0.0400822125375271 0.00992705579847097 -0.0185251869261265 0.0677899494767189 -0.00510023767128587 0.0357423201203346 0.0243413913995028 -0.0831548720598221 0.0375173911452293 -0.018587239086628 0.0326558575034142 0.00232332991436124 0.0304448176175356 0.0337998010218143 0.00526436930522323 -0.0589756853878498 0.0618000328540802 -0.109552763402462
-0.0063253054395318 -0.103039979934692 -0.0250306520611048 -0.0547975078225136 -0.00226827594451606 0.0141888977959752 -0.0726735964417458 0.00480720028281212 -0.0654805302619934 0.0307130813598633 -0.00834086164832115 -0.0592454820871353 -0.17394945025444 -0.105280518531799 -0.00255802622996271 0.108649030327797 -0.0397753715515137 0.0212300904095173 -0.028786463662982 -0.0306925866752863 -0.0201546587049961 -0.00557031715288758 0.0402101799845695 -0.0684304535388947 -0.189376249909401 -0.00425678072497249 0.0607063770294189 0.0276529155671597 -0.000490717182401568 -0.0601341612637043 -0.0763311684131622 -0.0226999204605818 -0.00107754138298333 -0.0239168144762516 0.00116407871246338 0.0241216197609901 -0.142382204532623 0.0403422079980373 -0.0259980540722609 0.0656931027770042 0.141701921820641 0.0639982521533966 0.068854957818985
-0.00642856815829873 0.042098343372345 -0.00974390190094709 0.0138387447223067 -0.0297873187810183 -0.00644784979522228 -0.0894651114940643 0.00701589463278651 0.0440909788012505 -0.0253911633044481 0.0208825524896383 -0.0687736868858337 0.0364973209798336 -0.114023499190807 0.0742152780294418 0.0444157160818577 -0.0211209524422884 0.0306729711592197 -0.0248174909502268 -0.0123659279197454 -0.0451539345085621 0.0256612878292799 0.0414642244577408 0.010988499969244 -0.019911902025342 0.0238660406321287 -0.0901110470294952 -0.0583536736667156 -0.0791425555944443 -0.00848843529820442 0.0921683087944984 0.0352023467421532 0.0271092150360346 -0.049399059265852 0.00395063869655132 0.0837214067578316 0.0730900391936302 0.0357841812074184 -0.121131628751755 0.103024534881115 -0.0600701607763767 -0.0564022995531559 0.0450179167091846
-0.0724437832832336 0.0531737878918648 -0.0695652514696121 -0.0574035122990608 -0.0263223964720964 -0.0800200030207634 -0.0609692335128784 -0.0832042992115021 -0.00303851440548897 -0.0130747994408011 -0.114444002509117 0.00729698594659567 -0.0774972960352898 -0.0331865213811398 0.0177771709859371 0.0141351670026779 -0.0679750815033913 0.113991186022758 0.0247675776481628 -0.0849094465374947 -0.0122826946899295 -0.0197607651352882 -0.122388526797295 -0.0568537227809429 0.0357817262411118 -0.00587213132530451 0.0105238584801555 -0.107984885573387 -0.0323836430907249 0.044401079416275 -0.0316951684653759 0.0298419762402773 0.0610424131155014 -0.0284340772777796 -0.178330689668655 0.0151515835896134 0.089364305138588 -0.0857217609882355 -0.0832451730966568 -0.0417652726173401 0.0523242354393005 -0.051954910159111 0.0723631083965302
0.0497042462229729 -0.0450099892914295 -0.0133797181770205 0.000492870807647705 0.0266263391822577 -0.0585828199982643 -0.0600387118756771 0.021657221019268 0.0431794784963131 -0.0175800789147615 -0.00208933348767459 -0.0688089430332184 0.00416219746693969 0.0922586098313332 0.0381558835506439 0.0312991067767143 0.0508742369711399 -0.0224750153720379 -0.0404058992862701 0.0371640250086784 0.00291103008203208 -0.0280421525239944 -0.00629434129223228 -0.0345145203173161 -0.0506625957787037 0.0545070730149746 -0.0655083730816841 0.0390757508575916 -0.0441689714789391 0.026726583018899 -0.0587807893753052 0.0802624300122261 0.0276051908731461 -0.0579193159937859 0.0367614589631557 0.0728611126542091 -0.0443662516772747 0.0014985129237175 0.028153533115983 -0.0542995929718018 0.024539589881897 -0.0535023882985115 -0.0471669435501099
-0.0335570722818375 0.0028746398165822 -0.0514011681079865 -0.0586901977658272 -0.00637027621269226 0.0614518113434315 -0.0510410629212856 -0.0485668927431107 -0.0165242943912745 -0.0391932167112827 -0.00704961968585849 -0.143036693334579 -0.0232881754636765 -0.0501790717244148 -0.00301225762814283 -0.0644295960664749 0.108975373208523 -0.0281634721904993 0.0652918592095375 -0.0111003210768104 0.0182512775063515 -0.00346660800278187 -0.0204838030040264 -0.0069014192558825 -0.0394383072853088 -0.0619638711214066 -0.0539876483380795 -0.130702793598175 -0.0167052336037159 -0.0295760501176119 -0.00393200851976871 -0.0765119716525078 0.0479076877236366 0.0156009690836072 0.0365633368492126 -0.0236684232950211 0.022144915536046 0.00507236830890179 -0.075546495616436 -0.0266810581088066 0.0134140541777015 -0.0185578875243664 0.00128911482170224
-0.0368457734584808 0.070664145052433 -0.0720256343483925 0.0131523180752993 -0.0878910794854164 -0.00327226193621755 0.0324629694223404 0.0510704405605793 0.0193353071808815 0.043049193918705 0.0530263110995293 -0.108315922319889 -0.101481191813946 0.0355324186384678 -0.00733007444068789 -0.0437824726104736 0.0335511229932308 0.0876550227403641 -0.0120747163891792 0.0185838360339403 -0.0581525899469852 -0.0204720534384251 -0.0392359644174576 -0.048332866281271 -0.00319806626066566 -0.0136218890547752 -0.0715079307556152 -0.0353096909821033 0.0403994545340538 -0.0397694408893585 0.0591332726180553 0.000335819582687691 -0.0176630690693855 -0.0282195117324591 -0.0252052433788776 0.0191068202257156 0.12597818672657 -0.046416662633419 -0.00382086192257702 0.0908976048231125 -0.0285626221448183 -0.0229107141494751 0.0921889469027519
