assets/gome_f/processed/ascii/world/gome_sif_world_20120101.asc
NCOLS 720 
NROWS 360 
XLLCORNER -180 
YLLCORNER -90 
CELLSIZE 0.5 
NODATA_value -3.4e+38 
[rows 266 to 284 of 360, columns 129 to 171 of 720]
-0.152641698718071 0.0705930888652802 0.236660435795784 0.112444259226322 -0.321950852870941 -0.0507718585431576 0.322559028863907 -0.202924400568008 -0.0509726367890835 0.129871383309364 -0.116683460772038 0.021010585129261 -0.525305390357971 -0.186931446194649 -999 -0.00792652368545532 -0.0965422168374062 -0.0771276280283928 -0.00542465597391129 -0.163670673966408 -0.277182668447495 -0.0765287503600121 0.179865047335625 0.184068202972412 0.215595901012421 -0.04784145206213 0.0992076769471169 0.0887750163674355 -0.164740785956383 0.328279286623001 0.131386637687683 0.0759105831384659 0.0135268438607454 0.123536169528961 -0.0281045604497194 -0.0703768953680992 -0.0753886625170708 -0.0865400806069374 -0.164005398750305 0.0900506377220154 -0.0780727565288544 0.0343086048960686 0.128594309091568
-0.0275406949222088 0.38439953327179 -0.0902946889400482 -0.439291656017303 0.158197492361069 -0.223148584365845 -0.0456973686814308 -0.857917189598083 -0.0862337052822113 0.296331375837326 -0.00116806477308273 0.102324292063713 -0.0434588268399239 -0.317032992839813 -0.289265722036362 0.00292403995990753 0.06073959171772 -0.189577355980873 -0.0303542017936707 -0.029947379603982 0.0435523390769958 0.0588238574564457 0.0421130582690239 0.029173418879509 0.112712360918522 -0.0674607008695602 0.243493318557739 -0.283463984727859 0.138799920678139 0.0652354806661606 0.124140806496143 0.00974310748279095 0.0945414528250694 -0.231794014573097 0.0563028939068317 -0.0633655861020088 -0.0506244376301765 0.0175764784216881 0.0743496790528297 -0.0118737816810608 0.112980760633945 0.282245844602585 0.139879912137985
-0.42260530591011 -0.0354065522551537 0.0874869152903557 -0.111025080084801 -0.173200473189354 -0.03446901217103 -0.0248493943363428 -999 -0.00899351667612791 -0.279104262590408 0.105630956590176 0.137323558330536 0.268577843904495 0.0157930441200733 0.470911741256714 -0.117644637823105 -0.0958332568407059 0.128321513533592 0.30599057674408 0.0644614100456238 -0.171383902430534 0.149254605174065 -0.0728181377053261 0.0107736857607961 0.223028376698494 0.0675581768155098 -0.077128604054451 -0.105788536369801 -0.0734028518199921 0.199528783559799 0.2518070936203 -0.0743111595511436 0.0140045555308461 -0.104090921580791 0.235849872231483 0.0163694191724062 -0.00996075104922056 -0.0230733118951321 0.04708107188344 0.034153763204813 0.571553766727448 -0.0783630236983299 0.0864470154047012
-0.194072127342224 0.0547782182693481 -999 0.149943187832832 -0.172677993774414 0.0108084380626678 -0.0526006557047367 0.178062498569489 -0.028130579739809 -0.0449780821800232 0.0914519131183624 -0.197854548692703 -0.173118948936462 -999 0.381376802921295 0.521798372268677 0.0936148539185524 0.138595342636108 0.148810431361198 -0.237269476056099 0.0367860719561577 0.207788020372391 -0.266412347555161 0.0445764474570751 0.0356834717094898 -0.00698283314704895 0.185553774237633 -0.147909209132195 0.0493196584284306 0.335305601358414 -0.0372508987784386 0.396158277988434 -0.0972616076469421 -0.212070479989052 0.103829421103001 -0.0594594180583954 -0.0474068485200405 0.169900685548782 -0.137193351984024 -0.0217339564114809 0.297581493854523 -0.0590651445090771 -0.165280148386955
0.245317041873932 0.19326388835907 0.220363929867744 0.0174745414406061 0.463134109973907 -0.239035159349442 -0.0288514010608196 0.154700830578804 0.227408513426781 -0.241714745759964 0.0080826859921217 -0.170925170183182 -0.188731327652931 -0.254139810800552 0.0535519532859325 0.154859617352486 -0.114951729774475 -0.0466341897845268 0.0468021295964718 -0.236347988247871 -0.105702906847 -0.0472588986158371 0.160250931978226 0.189909145236015 -0.107480362057686 0.16019769012928 -0.010105274617672 -0.182660534977913 -0.122995309531689 0.0933701023459435 0.126221746206284 0.189151406288147 -0.090058296918869 0.272943466901779 -0.0168831050395966 0.241294488310814 -0.0320060700178146 -0.296582818031311 0.113067105412483 -0.0513624474406242 0.274892419576645 0.0291179027408361 -0.261459320783615
-0.126642644405365 0.295134693384171 0.178246542811394 -0.0492315962910652 -0.00730455573648214 0.184467732906342 0.184413194656372 0.0156437400728464 0.278460890054703 0.114899516105652 0.238496795296669 -0.130258560180664 0.535129070281982 0.191795453429222 -0.0591805204749107 0.0997926443815231 -0.207453891634941 -0.275379002094269 -0.152798369526863 0.00896631088107824 0.199842393398285 -0.0605896897614002 0.0888314768671989 0.0673441290855408 0.0328824445605278 0.226150557398796 0.0799447745084763 0.0517129674553871 -0.122034288942814 -0.263163477182388 -0.0443620048463345 -0.187691137194633 -0.0865762010216713 0.190031602978706 0.0982316434383392 -999 0.0610573589801788 0.0963467359542847 0.0500235855579376 0.136082202196121 -0.154897436499596 -0.00799145549535751 0.0413899905979633
0.115505233407021 -0.0750492587685585 0.0173637699335814 0.0568744093179703 0.189512446522713 0.101369962096214 0.305657774209976 -999 -0.0520094186067581 -0.122356086969376 -0.162813693284988 -0.0368614979088306 0.448136955499649 0.0163033530116081 0.549260556697845 0.0240698233246803 -0.213772296905518 0.156906321644783 0.250416457653046 0.0760707035660744 0.198725894093513 -0.315683484077454 0.236740499734879 0.0982710123062134 0.150322660803795 0.103981971740723 -0.354473799467087 0.051959753036499 -0.0220138374716043 -0.0647588521242142 0.166943311691284 -0.0511024817824364 -0.449565768241882 0.125391244888306 0.167783513665199 -0.399022459983826 0.0114180892705917 0.163438230752945 -0.16976635158062 -0.108620315790176 0.383093267679214 0.33129471540451 0.11665890365839
-0.146125584840775 -0.15103106200695 -0.0506158173084259 -0.146733790636063 0.0282324440777302 0.00292075681500137 -0.0498462729156017 -999 -0.017579073086381 -0.014099046587944 -0.0272397305816412 -0.0746351629495621 -0.271534413099289 -0.38688588142395 -999 -0.118589617311954 -0.121182933449745 -0.00290463375858963 -999 -0.210734128952026 -0.0902205482125282 0.000772815197706223 -0.736759066581726 -0.106765128672123 -0.0456706993281841 0.0155217871069908 -0.0472687669098377 -0.268587827682495 0.0905578136444092 0.0958511829376221 -0.12543061375618 -0.129320502281189 0.0606230199337006 -0.444795072078705 -0.0326588302850723 -0.364106148481369 0.0187077596783638 0.169192418456078 0.0355544686317444 0.0249309167265892 0.122589163482189 -0.327307134866714 0.129881739616394
-999 -0.0769331902265549 -0.330683827400208 0.219959005713463 0.208121716976166 0.0517695248126984 0.212399438023567 -999 -0.170359343290329 0.162371292710304 -0.220203086733818 -0.143905594944954 -0.130608350038528 -0.309412837028503 0.138960286974907 -0.537626504898071 0.0284443125128746 -0.0839769542217255 0.0607896968722343 -0.210629835724831 0.257506817579269 -0.240130573511124 0.3447285592556 -0.248788833618164 -999 -0.504402279853821 0.037957526743412 0.157657086849213 0.0696556195616722 -0.0500647351145744 0.0670153349637985 0.165551632642746 -0.0401079729199409 -0.195948749780655 -0.0389908961951733 -0.526096880435944 -0.348084688186646 -0.2818723320961 -0.10094939917326 0.024276752024889 0.110546514391899 0.375909209251404 0.243261218070984
-0.127895325422287 0.10507994890213 -0.395423591136932 0.068236768245697 -0.300773441791534 -0.0483385547995567 -0.128096491098404 0.149373561143875 -0.151908233761787 0.0728408321738243 -0.0369403138756752 -0.272581815719604 -0.138988941907883 -0.312131404876709 -0.241281941533089 0.0833227336406708 0.029146546497941 0.0113943815231323 0.0787875130772591 -0.10341814905405 -0.174236223101616 0.0500220954418182 -0.111539922654629 0.0718950629234314 -0.0484595969319344 0.0114615364000201 -0.044372946023941 0.192436277866364 0.482611179351807 -0.153529569506645 -0.0744124948978424 -0.196536794304848 -0.126703605055809 0.183367401361465 0.266879290342331 -0.192761555314064 0.13304714858532 0.284665793180466 0.146526142954826 -0.144375279545784 0.0567805618047714 -0.0890728980302811 -0.0297220591455698
-0.128770783543587 0.0187775492668152 0.170590341091156 -0.0860851630568504 -0.0206624902784824 -0.119692504405975 -0.0480879545211792 -0.305569708347321 0.177696347236633 0.0681216791272163 -0.320965528488159 -0.0537904910743237 -0.0334423705935478 0.0256083235144615 0.00261524063535035 -0.103936232626438 -0.207321107387543 -999 0.20426519215107 0.0714611783623695 -0.0557315945625305 0.0130061060190201 -0.220558524131775 0.0890220031142235 -0.505186498165131 -0.0478663183748722 -0.567088544368744 -0.0660495311021805 0.00783098116517067 -0.0869215428829193 -999 0.356785386800766 0.0384552888572216 -0.27629566192627 0.0358709469437599 0.0575032830238342 0.0836729779839516 -0.647505581378937 -0.157478168606758 0.147181570529938 0.0835153162479401 0.262631952762604 0.192441120743752
0.114500515162945 -0.137242957949638 -0.275483429431915 0.118474543094635 -0.125342950224876 -0.171832770109177 -0.112669534981251 0.368413627147675 0.49016746878624 -0.0517622269690037 -0.315195918083191 0.0689041465520859 0.25676816701889 0.324057221412659 -0.0567006580531597 -0.109967768192291 0.0369232892990112 -999 0.158488124608994 0.374680548906326 -0.0793165415525436 0.0668496191501617 0.112388111650944 0.0873030796647072 -0.101506374776363 -0.163547918200493 0.00061836838722229 -0.089916504919529 0.2207071185112 -0.0587620735168457 -0.14177405834198 -0.154199555516243 0.0591320693492889 0.0158008988946676 -999 -0.0338379144668579 0.125497996807098 0.143996775150299 0.0856091678142548 0.0416651926934719 0.0640423595905304 0.962294518947601 0.0172813609242439
-0.195021361112595 -0.673654794692993 -0.159468859434128 -999 -0.185659289360046 -0.364739865064621 0.0923282578587532 -0.102503389120102 -0.0228372663259506 0.272451460361481 0.235907003283501 -0.0224945545196533 -0.525808334350586 -0.0806921422481537 -0.103178426623344 0.188953220844269 -0.235199987888336 -0.111045390367508 -0.0934603810310364 -0.0804447904229164 -0.0151417898014188 -0.0151175428181887 0.227135390043259 -0.123308815062046 -0.340860366821289 -0.224849969148636 -0.0627880841493607 -0.608920037746429 0.158041253685951 -0.065396174788475 0.11552732437849 0.0454665198922157 0.0102151408791542 0.0557853803038597 0.0810738205909729 -0.0384382382035255 0.089474268257618 -0.0557626187801361 0.236437663435936 0.00324240326881409 -0.20134362578392 0.00443446636199951 -0.0305279400199652
-0.0721182972192764 0.144818857312202 0.0703665688633919 -0.123643010854721 -0.0842225104570389 -0.190706804394722 -0.0516647025942802 -0.244265392422676 -0.284760296344757 0.495817899703979 0.189166635274887 0.0798417925834656 -0.315885096788406 0.168926477432251 -0.151675537228584 -0.198987603187561 0.0278357490897179 -0.269883871078491 0.152797192335129 0.216607198119164 0.0889463424682617 -0.00485508516430855 0.0688719227910042 -0.0275435447692871 -0.117990031838417 0.0274305175989866 0.144468724727631 0.112991809844971 0.0859242454171181 0.574202179908752 -0.0449174232780933 0.040258850902319 0.233900547027588 -0.0119296461343765 -0.0823178440332413 -0.244773030281067 0.128276959061623 -0.00293319672346115 0.0463839471340179 0.0170180276036263 -0.120133966207504 0.0174565240740776 0.289421141147614
-0.0202893391251564 -0.0858539268374443 0.502264678478241 0.0487753748893738 -0.0580266267061234 0.0485407710075378 0.0502673462033272 -999 -999 0.330347299575806 -0.0886341109871864 -0.0516248494386673 -0.000166058540344238 0.350436240434647 -0.113161414861679 -999 -0.338857114315033 -0.0788426175713539 0.317731142044067 -0.0401545725762844 -0.186230003833771 -0.157808661460876 -0.125217631459236 0.0571608990430832 0.00488872593268752 0.109842650592327 0.440627217292786 -0.380566537380219 -0.0654436349868774 -0.40191724896431 -0.060923408716917 -0.301027089357376 -0.00376793742179871 0.137172818183899 -0.18330354988575 0.0917247235774994 0.0165029093623161 -0.0177172236144543 -0.160033985972404 -0.0418688878417015 -0.0656736791133881 0.0841826796531677 0.149957373738289
0.0271490998566151 0.169475585222244 -0.0529982373118401 0.186072140932083 -999 0.189837545156479 -0.207659304141998 -0.121707133948803 -999 0.265243589878082 -0.543085277080536 -0.00395120680332184 -999 0.103283427655697 0.345764338970184 0.0670577883720398 -0.106034182012081 -0.322573214769363 -0.0656676292419434 0.106795944273472 0.0285851582884789 -0.0429797880351543 0.0533682703971863 0.139716997742653 0.0620186142623425 -999 -0.140422374010086 -0.0533398166298866 0.05931156873703 -0.22083255648613 -0.0772373974323273 -0.0116855148226023 0.0359354950487614 -0.173772528767586 0.0825516730546951 -0.252926915884018 0.0496398620307446 0.0392044074833393 -0.233978316187859 -0.143848046660423 -0.606198906898499 0.0804701969027519 0.139771074056625
0.425736427307129 -0.421620696783066 0.0800399333238602 0.361514896154404 0.0856818184256554 0.357572108507156 0.447194516658783 -0.358964443206787 0.100766308605671 -0.00625343434512615 0.135859668254852 0.184976577758789 -0.0239981189370155 0.0625075846910477 0.187139168381691 -0.0979665294289589 -0.176632180809975 -0.0950428918004036 -0.12160037457943 -0.0519457310438156 0.0860424041748047 0.360764533281326 0.147623628377914 -0.192301765084267 0.18645253777504 0.0301967039704323 -0.162802562117577 0.107450306415558 0.359529733657837 -0.0902037546038628 -0.016065239906311 0.0320789590477943 -0.0581153556704521 -0.00995198916643858 -0.0513443052768707 -0.155247464776039 0.0174772888422012 -0.310268819332123 0.191636770963669 0.152111694216728 0.159255057573318 0.273886889219284 0.104537136852741
-0.0392275117337704 0.113884128630161 -0.304811716079712 -0.0701564103364944 -999 -999 -999 0.0311453305184841 -0.246318846940994 0.0762841030955315 0.276598036289215 -0.0121374949812889 -0.0822961702942848 0.0181794874370098 0.140515819191933 0.243556961417198 -0.125479057431221 -0.0136126531288028 0.0231679435819387 0.0442537479102612 -0.0557953864336014 -0.232210040092468 0.173441007733345 -0.149914860725403 -0.120363526046276 0.060261819511652 -0.125679343938828 0.094663180410862 0.141499683260918 0.106766059994698 -0.0644462108612061 -0.0689237266778946 0.157308921217918 -0.235412731766701 0.0136515572667122 0.453059703111649 0.132075190544128 -0.0450202040374279 0.0669754892587662 0.416427403688431 1.00312256813049 0.0697036981582642 0.245622798800468
0.327045798301697 -0.0130100296810269 -0.23063699901104 0.576203465461731 0.00419628387317061 0.23601296544075 0.306198209524155 -999 0.0953894481062889 0.153768166899681 -0.0118861049413681 -0.193514212965965 -0.035786435008049 0.107882894575596 0.307183980941772 0.0555227808654308 -0.0202421229332685 0.0896632522344589 0.0101422071456909 -0.0240381360054016 0.281270861625671 -0.0114330109208822 0.000272288918495178 0.132992222905159 0.249165296554565 -0.138980492949486 -0.219677910208702 0.245843410491943 0.13380154967308 0.0682635605335236 -0.107280395925045 -0.191881880164146 -0.186801463365555 -0.0715026706457138 -0.513884305953979 -0.114379666745663 -0.0204043444246054 0.0915400087833405 -0.14137789607048 -0.0162980891764164 -999 0.116871252655983 0.0456902235746384
