assets/gome_f/processed/ascii/world/gome_sif_world_20130501.asc
NCOLS 720 
NROWS 360 
XLLCORNER -180 
YLLCORNER -90 
CELLSIZE 0.5 
NODATA_value -3.4e+38 
[rows 95 to 113 of 360, columns 344 to 386 of 720]
0.396788448095322 0.440207660198212 0.300440728664398 0.25191941857338 0.33447253704071 0.541204571723938 0.668590307235718 0.666456699371338 0.595182478427887 0.517647624015808 0.282635599374771 0.396147549152374 0.471543967723846 0.590386807918549 0.523227572441101 0.418234586715698 0.353837728500366 0.381292223930359 0.290157079696655 0.247591078281403 0.302393049001694 0.407447338104248 0.26949080824852 0.0928289219737053 0.0680457204580307 0.0820779204368591 0.0252160355448723 0.0217980444431305 0.0878794118762016 -0.0346494764089584 0.0447259359061718 0.0439607873558998 0.0260704569518566 0.0746695473790169 0.348640561103821 0.213339328765869 0.0481777712702751 0.0241982620209455 0.049819603562355 0.319062113761902 0.481749355792999 0.671497404575348 0.7372967004776
0.33639857172966 0.437263309955597 0.423110008239746 0.348830968141556 0.458263069391251 0.61337810754776 0.720591008663177 0.610220849514008 0.776147961616516 0.456772208213806 0.322925955057144 0.418266266584396 0.472374647855759 0.311726629734039 0.407865762710571 0.606222748756409 0.511365115642548 0.456502676010132 0.387183457612991 0.532979846000671 0.39730042219162 0.169183194637299 0.288950711488724 0.000642294413410127 0.0737556666135788 -0.0467848852276802 0.0397394001483917 -0.123461939394474 0.0713312774896622 0.0275567900389433 0.039582122117281 0.00207882444374263 0.05109728500247 0.0564881972968578 0.129748448729515 0.0740793123841286 -0.00837689638137817 -0.0688132271170616 0.0033629450481385 -0.0736957564949989 0.134278237819672 0.387619495391846 0.716359496116638
0.538474440574646 0.443635135889053 0.572551488876343 0.53583836555481 0.545479536056519 0.595943689346313 0.377593547105789 0.604283154010773 0.591931939125061 0.563824057579041 0.226389244198799 0.403503179550171 0.553325533866882 0.326435059309006 0.424411475658417 0.426522344350815 0.339280486106873 0.269603163003922 0.187555909156799 0.24353002011776 0.125074028968811 0.0031216237694025 -0.00776630965992808 0.056110292673111 -0.00658031785860658 0.0168077796697617 0.0108024096116424 -0.00902716908603907 0.0598406344652176 0.095106914639473 0.0487432517111301 0.0275450814515352 0.0303482040762901 0.11974611133337 0.266801744699478 0.186902672052383 0.0509306378662586 0.031751099973917 -0.082981750369072 -0.0158425197005272 -0.0942949205636978 -0.00442427909001708 0.096088320016861
0.526364028453827 0.448899984359741 0.4692143201828 0.590543150901794 0.621279120445251 0.779709696769714 0.500618100166321 0.503744840621948 0.6079221367836 0.416629731655121 0.581311106681824 0.378526568412781 0.282065510749817 0.368395179510117 0.445487320423126 0.234830409288406 0.193819656968117 0.104932308197021 -0.0197388846427202 0.0246306378394365 -0.0547223761677742 0.0415362492203712 -0.024240430444479 -0.0469228252768517 0.10861973464489 -0.0119354352355003 0.0841442048549652 -0.000831100682262331 0.0013352558016777 -0.0519195757806301 0.00350978178903461 -0.0048789270222187 0.130341589450836 0.48579341173172 0.433741420507431 0.394913494586945 0.150653034448624 0.033953670412302 -0.0487153008580208 -0.0283908527344465 0.00178164173848927 -0.0748827382922173 0.0366757102310658
0.395892769098282 0.395247340202332 0.345370233058929 0.453660160303116 0.535363078117371 0.409056961536407 0.509000897407532 0.423017531633377 0.462918192148209 0.5798020362854 0.414945036172867 0.438031762838364 0.356936097145081 0.328548282384872 0.24962055683136 0.292154937982559 0.270267099142075 0.120656222105026 0.022381192073226 -0.042966365814209 0.051404781639576 0.0697079226374626 0.01607377640903 0.0366085954010487 0.141733378171921 0.101762168109417 -0.0727912858128548 0.0820733308792114 0.115379691123962 0.00724686402827501 -0.022496035322547 -0.0622722879052162 0.0850516334176064 0.480165839195251 0.781637489795685 0.323529928922653 0.0394353307783604 0.0627009719610214 -0.0432465076446533 -0.0113586727529764 -0.0569337867200375 0.0435674265027046 -0.0606565624475479
0.40227997303009 0.385355859994888 0.305858969688416 0.452629745006561 0.484107494354248 0.435749411582947 0.25877919793129 0.379768282175064 0.423632889986038 0.523201823234558 0.550551176071167 0.489318132400513 0.378397941589355 0.212078765034676 0.323615819215775 0.214770272374153 0.113723367452621 0.0433195531368256 -0.0505181066691875 -0.0543227456510067 0.0543711595237255 0.16098541021347 0.121387302875519 0.0309835579246283 0.0373307131230831 0.0744031220674515 -0.0519050061702728 0.00339631829410791 0.0742685124278069 0.0231356658041477 -0.0102540012449026 0.00453631114214659 -0.0121314758434892 0.202485784888268 0.506073951721191 0.338623136281967 0.136074304580688 -0.024110795930028 0.0286654233932495 0.025958489626646 0.0234505068510771 0.0986269265413284 -0.00980873592197895
0.384351193904877 0.481384843587875 0.388196229934692 0.431004136800766 0.500220656394958 0.404266685247421 0.372569113969803 0.47708135843277 0.36582362651825 0.29502671957016 0.367000550031662 0.459750294685364 0.432844042778015 0.397835701704025 0.381135433912277 0.343901336193085 0.131946340203285 0.101890221238136 0.0321662053465843 0.0178402122110128 -0.0382030010223389 -0.0557193830609322 -0.000541350222192705 0.00518798269331455 0.0545998550951481 0.081978939473629 0.0356241650879383 -0.0325280092656612 0.1074483320117 -0.0668485164642334 -0.0609267391264439 0.0101112658157945 0.0535761900246143 0.155869379639626 0.199294283986092 -0.000968388514593244 0.0890480354428291 0.0285243466496468 -0.00376406311988831 0.0196435526013374 0.0235435217618942 -0.0361767262220383 0.0730264484882355
0.401317447423935 0.34949591755867 0.3895044028759 0.407904386520386 0.417114526033401 0.153961822390556 0.407413363456726 0.404493689537048 0.496746152639389 0.323074221611023 0.284381419420242 0.249956399202347 0.293897479772568 0.33223220705986 0.265633434057236 0.221856772899628 0.164830967783928 0.11095667630434 -0.110620349645615 0.0802807733416557 -0.0245927572250366 -0.0442202724516392 -0.00778024410828948 0.000226358242798597 -0.0116151766851544 0.0622921548783779 -0.00928246323019266 0.0503992550075054 -0.10443015396595 0.0392237976193428 -0.0132549554109573 -0.0428372472524643 -0.08462755382061 0.0865294486284256 0.0639907568693161 -0.133766040205956 -0.000265707465587184 -0.00503715360537171 -0.0650139898061752 0.0423192270100117 -0.0684297755360603 -0.0629459470510483 -0.0331194177269936
0.356855422258377 0.38080433011055 0.389631509780884 0.520445048809052 0.434891194105148 0.409135222434998 0.365208923816681 0.411983788013458 0.458339691162109 0.32732030749321 0.354709446430206 0.336168676614761 0.306257158517838 0.186499878764153 0.255005538463593 0.128850251436234 -0.00522742141038179 0.0466173887252808 -0.0530639924108982 -0.0522075705230236 0.0303986836224794 0.00977196171879768 -0.0275584347546101 0.0362947136163712 0.0382542051374912 0.0794683918356895 0.0260610189288855 -0.0495778732001781 0.0054045831784606 -0.0629857182502747 0.00378204463049769 -0.0458442084491253 0.034343995153904 -0.00284224073402584 -0.0751679092645645 -0.0220794901251793 -0.0891352295875549 0.101903542876244 0.0484606325626373 0.0694410800933838 -0.00455476669594646 0.131944760680199 0.284501880407333
0.327244758605957 0.170693889260292 0.354298055171967 0.431705683469772 0.483328998088837 0.422327369451523 0.284317255020142 0.325730741024017 0.258119463920593 0.330770641565323 0.214838966727257 0.298194646835327 0.031067157164216 0.127422153949738 0.073560893535614 0.0659131705760956 0.0493148751556873 -0.0071143307723105 0.0558196157217026 -0.0737841874361038 -0.0447190664708614 0.0985587686300278 0.00467828009277582 0.103162124752998 -0.0671277567744255 0.0751940831542015 0.0312211755663157 0.0149380061775446 -0.054622869938612 -0.0611657723784447 0.0652546212077141 0.00445880461484194 0.0383740179240704 -0.0817205086350441 -0.00160071777645499 -0.043917179107666 -0.146155133843422 0.0672173947095871 -0.0458791367709637 0.0142532326281071 -0.0436345860362053 0.0935260578989983 0.408233106136322
0.173868760466576 0.243471756577492 0.0624135062098503 0.347112506628036 0.274329900741577 0.353080898523331 0.46575266122818 0.389989495277405 0.389991670846939 0.314299702644348 0.218542337417603 0.179332688450813 0.213194370269775 0.071851558983326 -0.0376064479351044 -0.0293835774064064 -0.0452841036021709 0.0121759371832013 -0.0317758172750473 -0.0660372227430344 0.0204719193279743 0.0425370186567307 -0.151492968201637 -0.0151263633742929 -0.0156667996197939 0.0466780886054039 0.0611222386360168 0.00671311235055327 0.0865377187728882 0.0585353262722492 0.154574915766716 0.153328001499176 0.039733000099659 0.0715757086873055 0.22871258854866 0.26117530465126 0.0501757487654686 0.122834235429764 0.00572454230859876 -0.0638585463166237 0.00958019122481346 -0.000386367028113455 0.00106032600160688
-0.12802429497242 0.0289619900286198 -0.0105812409892678 0.109133556485176 0.208954051136971 0.460760295391083 0.267800658941269 0.218529656529427 0.158055871725082 0.120716579258442 -0.0204415824264288 0.0346800796687603 0.0517732761800289 -0.0102523593232036 0.0353923514485359 0.000804124167189002 0.0213110689073801 0.100461088120937 0.0882870629429817 0.138757795095444 0.150019630789757 0.213012352585793 0.211590513586998 0.266627937555313 0.405527979135513 0.424198538064957 0.361582010984421 0.233234599232674 0.485813409090042 0.520654797554016 0.383851677179337 0.375640541315079 0.320239633321762 0.553134799003601 0.356199324131012 0.36340668797493 0.207122921943665 0.216264516115189 0.074594110250473 -0.0335513986647129 -0.0154858659952879 -0.000258646468864754 0.0958643555641174
0.0672141090035439 0.0735295861959457 0.00174353539478034 0.0139655862003565 0.155455350875854 0.250471651554108 0.0473908074200153 0.0765565857291222 0.0191219802945852 0.0178182907402515 0.0716921463608742 0.0887888371944427 -0.00676123518496752 0.132598057389259 0.082477830350399 -0.0778217986226082 0.123888298869133 0.261573016643524 0.216842457652092 0.377507656812668 0.282700270414352 0.388952791690826 0.410989046096802 0.440900206565857 0.421752005815506 0.355934768915176 0.467915773391724 0.529563069343567 0.517574608325958 0.480591237545013 0.333381235599518 0.498048007488251 0.236438274383545 0.384640902280807 0.31002613902092 0.293279647827148 0.264084577560425 0.112109623849392 0.0115113984793425 -0.00608267402276397 -0.0291937403380871 0.0460201129317284 0.0200694464147091
0.00100287597160786 -0.0391762405633926 0.0502456724643707 -0.0125848930329084 0.144677326083183 0.295197576284409 0.144269108772278 -0.0638430714607239 0.0487916395068169 -0.0757275000214577 0.0459883846342564 0.0962241291999817 -0.0136787360534072 0.0702718198299408 0.127172574400902 0.218841686844826 0.151127606630325 0.236192524433136 0.346080869436264 0.281684756278992 0.375531494617462 0.254233151674271 0.244607031345367 0.145197674632072 0.108414381742477 0.131128087639809 0.248879805207253 0.476019203662872 0.319039344787598 0.137555941939354 0.0159716568887234 0.180532053112984 0.128122597932816 0.206350266933441 0.123303920030594 0.0909000039100647 0.0776033401489258 0.0959959849715233 0.101361565291882 0.00555907469242811 -0.0333576835691929 0.0361196510493755 -9.39711244427599e-05
0.162035122513771 -0.0193478558212519 -0.135000675916672 0.10985391587019 0.515086233615875 0.457650184631348 0.318584442138672 0.198912754654884 0.11524636298418 0.240027904510498 0.234003096818924 0.2063297778368 0.0452302731573582 0.345102548599243 0.286385715007782 0.264154642820358 0.365677118301392 0.366974413394928 0.427964389324188 0.338463723659515 0.157625004649162 0.223425075411797 0.124084778130054 0.131382197141647 0.0509044229984283 0.136036112904549 0.184545412659645 0.341778159141541 0.240476816892624 0.260705769062042 0.142110496759415 0.138158276677132 0.161166071891785 0.147649005055428 0.148847430944443 0.0307211428880692 0.246923729777336 0.131160482764244 0.195070281624794 0.0118630733340979 -0.0925730839371681 -0.0213124677538872 -0.0120599316433072
-0.122124239802361 -0.0443833842873573 0.0565309748053551 0.0735620707273483 0.457321792840958 0.541302561759949 0.384802132844925 0.280630230903625 0.266640454530716 0.077617309987545 0.217216953635216 0.17841537296772 0.324216187000275 0.285054296255112 0.293311774730682 0.203344762325287 0.245348781347275 0.325570434331894 0.28009232878685 0.28539165854454 0.170373156666756 0.0532273203134537 0.176492258906364 0.171794071793556 0.0667195916175842 0.134094804525375 0.0500954277813435 0.137014225125313 0.214079141616821 0.141651526093483 0.222828984260559 0.191996768116951 0.16018508374691 0.183669686317444 0.0601469539105892 0.123407691717148 0.114439219236374 0.0698943361639977 0.0319493152201176 0.0661538541316986 0.00566343404352665 -0.00703786965459585 0.0260845962911844
0.00318481423892081 0.0343535505235195 0.178588777780533 0.246181964874268 0.377316266298294 0.494144409894943 0.256834328174591 0.231656417250633 0.337607055902481 0.0614342764019966 0.281352251768112 0.239487454295158 0.0973405838012695 0.226748630404472 0.16272796690464 0.189175888895988 0.199842989444733 0.250531822443008 0.084116667509079 0.167551726102829 0.101447686553001 0.0693197548389435 0.126659348607063 0.141473278403282 0.207911014556885 0.0784234255552292 0.0631784275174141 0.0491235442459583 0.0490965135395527 -0.006684644613415 0.0376189388334751 0.107312254607677 0.108470283448696 -0.026356304064393 0.0450241565704346 0.116333857178688 0.0362823083996773 0.0900074020028114 -0.0164687763899565 0.0384624153375626 0.189180061221123 0.0289239194244146 0.0204484481364489
0.096220888197422 0.19050370156765 0.203466236591339 0.520261347293854 0.300266563892365 0.255107581615448 0.273411929607391 0.280931204557419 0.136773839592934 0.137617200613022 0.180540189146996 0.164610788226128 0.0872272327542305 0.0860021635890007 0.167864367365837 0.127994149923325 0.160879373550415 0.291811317205429 0.175959825515747 0.0376976281404495 0.114019095897675 0.0939986333250999 0.32208839058876 0.129704654216766 0.262222200632095 0.0651828572154045 0.039354857057333 0.107943117618561 0.0514293238520622 -0.0670621171593666 0.097320944070816 0.311826020479202 0.1207544952631 0.0447550006210804 0.0793762654066086 0.197920396924019 0.184441700577736 0.197966635227203 0.0572450831532478 0.0498706921935081 -0.0249170381575823 -0.0150503888726234 0.0581058077514172
0.167624890804291 0.146493896842003 0.170048609375954 0.31973198056221 0.301977604627609 0.319957315921783 0.283209651708603 0.157126545906067 0.25243416428566 0.123222500085831 -0.0256282743066549 0.0743928775191307 0.0869365483522415 0.257319241762161 0.0641376376152039 0.0234400946646929 0.223693206906319 0.115880995988846 0.0837046876549721 0.0952742174267769 0.0251924432814121 0.0881693363189697 0.159005761146545 0.212483704090118 0.0156278721988201 0.142596989870071 0.0376389734447002 0.202708959579468 0.163577258586884 0.24208527803421 -0.00615125522017479 0.13631109893322 0.0285536330193281 0.0755472332239151 0.127144411206245 0.112738743424416 0.194180220365524 0.0704352334141731 0.203665494918823 0.336211919784546 0.141179740428925 -0.0127092422917485 0.0480837784707546
