assets/gome_f/processed/ascii/world/gome_sif_world_20110101.asc
NCOLS 720 
NROWS 360 
XLLCORNER -180 
YLLCORNER -90 
CELLSIZE 0.5 
NODATA_value -3.4e+38 
[rows 304 to 322 of 360, columns 516 to 558 of 720]
-0.583162844181061 -0.111695900559425 -0.256970524787903 0.207925513386726 -0.221820861101151 -999 -999 0.20647668838501 -0.084409587085247 0.594461977481842 -999 -0.331335335969925 -0.590337514877319 -999 0.183263406157494 -999 -999 -999 -999 -999 0.0103829074651003 -999 -999 -999 -999 -999 -999 -999 0.50191193819046 -999 -999 -999 -999 -999 -999 -0.71981155872345 0.285131305456161 0.332219868898392 -999 -999 -999 0.264357060194016 -999
0.227120697498322 0.248461484909058 -0.171252876520157 0.0682893171906471 -0.0810374170541763 -0.63461971282959 -0.448312073945999 -999 -999 -999 -999 0.0806232318282127 0.118592739105225 -999 -999 -0.122420370578766 -0.00209322944283485 0.730124175548553 -999 -999 -999 -999 0.565967977046967 0.421794652938843 -999 0.0762746632099152 0.0992384925484657 -0.327461928129196 -999 -0.512921631336212 -999 0.310461312532425 -0.162247970700264 -0.0311402846127748 0.00658805156126618 -0.308411002159119 -999 -999 0.572145044803619 -999 -0.108853913843632 0.333652466535568 -999
-999 -999 -0.0843172147870064 -0.0507367476820946 0.146723300218582 -999 -0.365968853235245 -999 -999 0.303463250398636 0.281701952219009 -999 -999 -0.203717812895775 -999 0.135710895061493 -0.59698349237442 -0.433080315589905 0.409040033817291 -0.466395616531372 -0.0436829179525375 -999 -0.0668997764587402 -0.149055421352386 -999 0.0337804406881332 -999 0.39034503698349 -999 -0.00254360120743513 -0.341468989849091 -999 0.0870889127254486 -0.47598996758461 0.342174291610718 0.113374829292297 0.376459538936615 -0.428024053573608 -0.32925146818161 0.16414101421833 0.154123544692993 -0.0802929475903511 -999
-999 -0.316261380910873 0.108053967356682 0.309207081794739 -999 -0.157038420438766 -999 -999 0.245062947273254 -0.125504374504089 -999 -0.246343344449997 0.102627374231815 0.206279054284096 -0.0171611178666353 -0.312451004981995 0.157978504896164 -999 -999 -0.434551596641541 -999 -999 -999 -0.345163613557816 -0.485095709562302 -999 -0.341876059770584 -999 -999 -999 0.0958312526345253 -999 -0.0465063713490963 -0.244265913963318 -999 -0.040489673614502 -0.376761645078659 -0.0269509665668011 -0.241002798080444 0.393281191587448 0.051504660397768 -0.13598869740963 -0.175842046737671
0.164294227957726 -0.394377410411835 -0.103652082383633 0.545508801937103 -0.00031801697332412 0.164321184158325 0.118288084864616 0.181001842021942 -0.387459993362427 0.123282887041569 -0.310443311929703 -0.0810190290212631 0.322798222303391 -0.209850981831551 -0.00535220140591264 -0.21857151389122 -0.578688859939575 -999 -0.116637550294399 -999 -0.0514677762985229 -999 -0.138586178421974 -0.306506425142288 -0.121284835040569 0.258207857608795 -0.252514451742172 -0.4910828769207 -999 -0.0396303161978722 -999 -0.452288746833801 0.0153167378157377 0.518029272556305 -0.145101636648178 -999 -0.146925464272499 -0.368993699550629 -0.0368438512086868 0.304549932479858 -0.314674615859985 0.0953138992190361 0.255244344472885
0.336749851703644 -999 -0.154974713921547 -0.172529295086861 -0.283136606216431 0.229775965213776 0.0972842872142792 -0.102334827184677 0.00465960800647736 -0.153817862272263 -0.262429535388947 0.281630665063858 -0.043459590524435 0.242749452590942 -0.119962967932224 -999 -0.327626377344131 0.235435530543327 -999 0.417796105146408 -999 0.195469796657562 -0.480380445718765 -0.179226845502853 -0.202266067266464 -1.05630488178576e-05 -0.299635797739029 -0.344136655330658 -0.112688183784485 -0.487817704677582 0.355588138103485 -0.180406674742699 -0.0184061899781227 -0.00743097998201847 -999 -0.360070019960403 -999 -0.0912748128175735 -999 -999 -999 -999 -999
0.162575975060463 0.329210340976715 -999 -0.269809931516647 0.473407864570618 -999 0.0523807741701603 -0.00682394253090024 -0.0345644317567348 -0.125745624303818 -0.201203837990761 0.258300125598907 0.0564787425100803 -0.26794821023941 0.251882016658783 0.205331027507782 -0.286778926849365 -999 -999 0.291100800037384 -0.0461544580757618 0.237734615802765 -0.168152958154678 -0.310397684574127 0.283104509115219 -0.165502980351448 0.211546778678894 0.233521491289139 0.00820273533463478 0.112568721175194 0.0170097965747118 -0.111647486686707 -0.147409349679947 -0.0182867795228958 -0.196239277720451 -0.179435670375824 -999 -0.0674827918410301 -0.0700580403208733 0.0152599019929767 -0.0822567120194435 -999 0.175788417458534
-999 -999 -0.281869918107986 -0.214609771966934 -999 -999 -0.0294942259788513 -0.105622410774231 -0.0843044519424438 -0.0300378203392029 -999 -999 -999 -999 -999 -0.199929937720299 -999 0.139739438891411 -0.327141612768173 0.483547866344452 -0.255318522453308 -0.0072932243347168 0.179920673370361 -0.252613544464111 0.236988738179207 0.379979252815247 0.0597652271389961 -0.0984166413545609 -0.0152406878769398 -0.199255019426346 0.0486227832734585 -0.188813045620918 -0.239153459668159 -0.226245239377022 -0.294803619384766 -0.327277153730392 0.0454061329364777 -0.532300233840942 0.146405607461929 -0.382776588201523 -0.0106624020263553 -0.0169109106063843 0.41490837931633
-999 -999 -999 -999 -999 -999 -0.0122981099411845 0.0529745109379292 -0.0569376945495605 -0.172837391495705 -0.232323542237282 0.00390746491029859 0.0900192707777023 -0.0245162770152092 -0.398404896259308 0.284480601549149 -0.231396526098251 0.489947646856308 0.304803431034088 -0.0314960666000843 -0.206970572471619 0.808069467544556 -0.271766066551208 0.333863496780396 -0.219235211610794 -0.0655211135745049 -999 -999 -999 -999 -999 -999 0.0108934147283435 0.256497859954834 -0.00968235731124878 0.165320128202438 0.124036312103271 0.112707443535328 0.017933014780283 -0.157978430390358 0.181315302848816 -0.143716305494308 -0.188851416110992
-999 -999 -999 -0.14783188700676 -0.0495497398078442 -0.542355179786682 -0.305998712778091 -0.330996721982956 -0.140493050217628 -0.0811651572585106 0.616461277008057 -0.533725380897522 0.839592099189758 -0.163549363613129 -0.151980966329575 0.0384370237588882 -0.0308985896408558 -0.0425798334181309 -0.20159175992012 -0.445139527320862 -0.0803323909640312 -0.103127583861351 0.0635685250163078 -0.0185245033353567 0.227301016449928 0.0781648531556129 0.32989427447319 0.0192567575722933 -0.106287643313408 -0.443467050790787 0.0232780911028385 0.224898248910904 -0.094477005302906 -0.0982137843966484 0.144413128495216 -0.472130835056305 -0.019382931292057 0.0781741514801979 0.114672750234604 0.0381211042404175 0.0763697847723961 0.126373574137688 0.0447714403271675
0.0359247960150242 -0.112895831465721 -0.0788386687636375 -0.0507134310901165 -0.145513936877251 -0.067369781434536 0.436468213796616 -999 -0.33030891418457 -0.171310424804688 0.0313012003898621 0.0316176861524582 0.0479627624154091 -0.114626556634903 -0.153319656848907 -0.111261866986752 -0.190678939223289 0.15345960855484 0.206920802593231 0.0378104448318481 -0.129347607493401 -0.4455226957798 0.00181784166488796 0.15908294916153 -0.0810838267207146 -0.287628650665283 -0.0321939438581467 0.00628492282703519 -0.183133691549301 0.165915131568909 -0.322369158267975 -0.180652469396591 0.0158401727676392 -0.177901238203049 -0.121320649981499 -0.133161589503288 0.112951055169106 -0.00922663975507021 0.074099563062191 0.0829960703849792 -0.0508392080664635 0.0368174910545349 0.0600568167865276
-0.274768590927124 -0.230582192540169 -0.148813843727112 0.0136814750730991 -0.0472864098846912 -0.170439824461937 -999 0.573929846286774 -0.117667891085148 -0.0658344104886055 -0.0820249617099762 -0.105036176741123 -0.0288765672594309 -0.0813897028565407 -0.0258317440748215 0.0813591331243515 -0.00940929353237152 -0.307198822498322 -0.161559760570526 0.189118728041649 -0.0345201455056667 0.299919992685318 -0.0771484598517418 -0.0537558905780315 0.0613412857055664 -0.336821109056473 -0.0911711454391479 -0.282971829175949 -0.0098359128460288 0.152566403150558 -0.0105665642768145 -0.169675841927528 -0.145357355475426 -0.0282259192317724 -0.0489365607500076 0.221760764718056 0.0828220173716545 0.0229369308799505 -0.169506028294563 -0.104525431990623 -0.104223608970642 -0.105079509317875 0.142799779772758
-0.400555580854416 -0.493380039930344 -999 -0.517484307289124 -0.294653594493866 0.308969020843506 0.155453458428383 0.199290782213211 -0.114210911095142 -0.163136169314384 0.167007431387901 -0.219988450407982 -0.0973686426877975 -0.120955295860767 0.179519593715668 -0.136746197938919 -0.0189653504639864 0.216677963733673 -0.0910082310438156 -0.165431588888168 -0.134920820593834 0.0197160206735134 -0.256625026464462 -0.150979340076447 -0.21618115901947 0.159138649702072 -0.266797065734863 0.151379644870758 0.0227470844984055 0.144785717129707 0.0703752711415291 -0.101241424679756 -0.213434845209122 -0.068687304854393 -0.213975161314011 0.0683729946613312 -0.115645788609982 -0.0640378519892693 -0.0662873610854149 -0.248125031590462 -0.19232714176178 -0.121384501457214 0.0255827754735947
-0.274797409772873 -0.383006185293198 -0.0762996673583984 -0.00279653072357178 -0.0402335338294506 -0.0761998370289803 0.111424565315247 0.0539650693535805 0.217696756124496 0.0195158123970032 -0.120527043938637 -0.205674842000008 -0.00914697162806988 0.253997892141342 -0.00118470645975322 -0.195543482899666 -0.0892776250839233 0.110241331160069 0.192271083593369 0.0793609395623207 -0.219578877091408 -0.256323635578156 -0.0864073410630226 -0.16103295981884 -0.0768448635935783 -0.132171258330345 0.0121008232235909 -0.0426377467811108 -0.227822855114937 -0.0858868584036827 0.0900231599807739 0.180065974593163 -0.204171881079674 -0.0757943317294121 -0.0611980371177197 0.0321654938161373 0.0530328452587128 -0.10720431804657 0.0185682158917189 -0.0536378175020218 -0.167888790369034 0.107514500617981 -0.0878678187727928
-0.0528379790484905 0.365648478269577 -0.247109144926071 -0.139189079403877 -0.177120596170425 -0.271161764860153 -0.0286823678761721 -0.0971465408802032 0.0727072581648827 -0.204090893268585 -0.067459262907505 0.125767633318901 -0.0185156706720591 -0.0669703707098961 -0.0434919781982899 -0.145029723644257 0.0518760271370411 -0.302730530500412 -0.059663213789463 -0.098533883690834 0.0806598514318466 -0.0586797781288624 -0.0352501384913921 -0.0618111081421375 -0.307964742183685 0.0201379675418139 -0.315508008003235 -0.236913532018661 -0.0660859048366547 -0.133774921298027 -0.0768872052431107 -0.0782287120819092 -0.0230566617101431 0.0487864688038826 -0.131813645362854 0.0699912011623383 -0.0535485371947289 -0.119384758174419 0.216912016272545 0.0960128381848335 0.0758080035448074 -0.164366245269775 0.0246234964579344
0.07147366553545 0.0818218216300011 -0.167541116476059 0.111124388873577 -0.0113317370414734 0.082012303173542 -0.173677742481232 0.066191278398037 -0.182898372411728 -0.0659459382295609 0.0293930880725384 -0.206271052360535 0.0481683127582073 -0.0529415011405945 -0.00336596369743347 0.12107240408659 0.146793812513351 -0.151359155774117 0.0544209480285645 -0.189661338925362 0.0876538902521133 -0.00855490379035473 -0.0651649534702301 -0.00833339523524046 -0.0317802466452122 -0.153212115168571 -0.101118087768555 -0.0730839446187019 -0.00781835243105888 -0.176869109272957 0.127850890159607 -0.123894460499287 -0.0372217185795307 -0.273169338703156 -0.0797770842909813 -0.0262843873351812 -0.00795824360102415 -0.146729663014412 0.0714108049869537 0.0940015912055969 -0.0296633541584015 -0.0203131623566151 -0.102137878537178
-0.18760284781456 -0.158342555165291 0.296498209238052 -0.0961806029081345 0.0774275884032249 -0.253162622451782 0.0390881933271885 0.0870238021016121 -0.044991172850132 0.321947634220123 0.0879849046468735 0.112148113548756 -0.0746209397912025 -0.104096941649914 -0.0103040067479014 0.43693608045578 -0.0785696133971214 -0.00186013721395284 0.0364283099770546 0.0345048792660236 -0.243156746029854 0.215117782354355 -0.0257744826376438 0.124259911477566 -0.264075726270676 -0.29360169172287 -0.0129576921463013 -0.14429859817028 -0.0745472237467766 0.0204038508236408 0.238047868013382 0.0150427017360926 0.0700887143611908 -0.138063102960587 0.0899386331439018 0.0661208629608154 -0.178404614329338 0.0647628456354141 0.00885102339088917 -0.0968082398176193 -0.00675233919173479 0.135130941867828 0.0336918942630291
-0.0936009883880615 0.15261621773243 -0.0665040016174316 -0.286352723836899 -0.387508660554886 -0.229051813483238 0.0953920260071754 0.235819578170776 0.310338199138641 -0.055036872625351 -0.0706368535757065 -0.441264361143112 0.366568177938461 -0.183302134275436 0.159043699502945 -0.00709660351276398 -0.0629335194826126 0.163620740175247 0.142795756459236 -0.00928106904029846 0.217714115977287 -0.220139399170876 -0.0816834568977356 0.0621003769338131 -0.0178819559514523 0.063132718205452 0.273654043674469 -0.00286830822005868 0.165268674492836 -0.0444190576672554 -0.235371828079224 0.205052405595779 0.179211154580116 -0.0940648913383484 0.0903050526976585 0.252918869256973 -0.252963691949844 0.080947570502758 0.119018316268921 -0.055936586111784 0.0997323170304298 -0.0879653617739677 0.0981481224298477
-0.0331097356975079 0.0967998430132866 -0.248774483799934 -0.117823712527752 -0.234756156802177 -0.000471773731987923 -0.323628634214401 -0.0910641998052597 -0.13495746254921 -0.0688224509358406 -0.198861598968506 -0.055011410266161 -0.182329475879669 0.202505275607109 0.0266138724982738 -0.164947137236595 0.320230782032013 -0.521845281124115 -0.136820986866951 -0.05838268622756 0.297244429588318 0.14164973795414 0.155987098813057 0.0595466643571854 -0.29729762673378 -0.216296061873436 0.0292304959148169 0.0190946627408266 0.0927447155117989 -0.0112563939765096 -0.15605129301548 -0.171310469508171 -0.105021804571152 -0.19599162042141 -0.0700290501117706 0.18881194293499 -0.0770905241370201 -0.123508676886559 0.285758674144745 -0.145495221018791 0.287786364555359 0.00686968630179763 0.156309351325035
