assets/gome_f/processed/ascii/world/gome_sif_world_20111101.asc
NCOLS 720 
NROWS 360 
XLLCORNER -180 
YLLCORNER -90 
CELLSIZE 0.5 
NODATA_value -3.4e+38 
[rows 133 to 151 of 360, columns 473 to 515 of 720]
0.123244732618332 0.0543951205909252 0.00353617547079921 -0.0355393104255199 0.0495251640677452 0.101160272955894 0.052213791757822 -0.0613002292811871 -0.117844268679619 -0.0390427112579346 0.0152161065489054 -0.0598323345184326 -0.0453280620276928 0.0248847827315331 0.0326058156788349 0.0283787213265896 -0.0351160690188408 0.0146461287513375 -0.0380551666021347 0.047468151897192 0.0583819895982742 -0.0317229144275188 -0.117400906980038 -0.059379804879427 0.0219269562512636 0.124119251966476 0.235386356711388 0.0966464355587959 0.0883504524827003 0.057382345199585 0.091300830245018 0.145450815558434 0.272836267948151 0.159820646047592 0.217290267348289 0.150048941373825 0.082558810710907 0.153679221868515 0.124624490737915 0.154990062117577 0.102226234972477 0.113108932971954 0.136519804596901
-0.0467338673770428 0.0648104250431061 0.101253390312195 0.0789952874183655 0.0543440766632557 0.0588124692440033 0.0627605691552162 0.00396767491474748 -0.043169092386961 0.0648794546723366 -0.0163831207901239 -0.0386079736053944 0.0136008467525244 0.0089917154982686 -0.0875214114785194 0.018695954233408 -0.0301273334771395 0.0199062936007977 -0.0483252741396427 -0.0233637448400259 0.00294001284055412 -0.0303958971053362 -0.0361706204712391 -0.0233070608228445 -0.00845770072191954 0.0302723497152328 0.0593793094158173 -0.00294503080658615 0.203557148575783 0.207847952842712 0.161723986268044 0.185132250189781 0.127726301550865 0.339514076709747 0.144184112548828 0.19261471927166 0.0437187924981117 0.127171441912651 0.113741099834442 0.164415612816811 0.108450882136822 0.0886881127953529 0.151692733168602
-0.048855397850275 -0.0176192410290241 -0.014886830933392 -0.0106092905625701 -0.0110999802127481 0.142837315797806 -0.0497669838368893 -0.00238896999508142 -0.0382731109857559 -0.0916277393698692 0.0406873375177383 -0.0285007935017347 -0.0311177410185337 0.0358751676976681 -0.0208913218230009 -0.0280614290386438 0.0300751179456711 -0.0478153079748154 0.0424668192863464 0.0688573867082596 0.0368197523057461 0.0503588207066059 0.0160933267325163 -0.0455064214766026 -0.0378822423517704 0.0261118598282337 0.147834628820419 0.16672383248806 0.163662269711494 0.16375458240509 0.198818728327751 0.0698805525898933 0.100476711988449 0.152903214097023 0.226872369647026 0.150814861059189 0.090076170861721 0.120265051722527 0.177644789218903 0.0909641459584236 0.146412506699562 0.168307200074196 0.135605707764626
0.0655176714062691 -0.0706873387098312 -0.0491496026515961 -0.0521358586847782 -0.0369747579097748 0.164264634251595 0.0612640269100666 -0.0404441468417645 -0.00397618534043431 -0.0210809279233217 -0.00478129042312503 -0.0277874153107405 -0.060588750988245 0.00794992968440056 -0.0238878410309553 0.0179564729332924 -0.0113372802734375 -0.0154293878003955 -0.0112914172932506 0.0219001192599535 0.0389307364821434 0.0433988571166992 -0.0407119393348694 0.0410846956074238 -0.0275360699743032 0.0359990410506725 0.105365708470345 0.159337356686592 0.186274856328964 0.305605858564377 0.203689858317375 0.157130122184753 0.120427966117859 0.152269721031189 0.189909249544144 0.2123664021492 0.166096344590187 0.0665451884269714 0.204517260193825 0.12324994802475 0.137321874499321 0.178815245628357 0.210659995675087
0.0504524149000645 0.0491699427366257 -0.0355497673153877 -0.00882169976830482 0.0174546111375093 -0.0219944212585688 0.023754870519042 -0.049950759857893 0.00143136724364012 0.00917798839509487 0.0398078635334969 -0.00865140464156866 -0.014626607298851 -0.0259000603109598 0.0688883662223816 0.0348265916109085 -0.00909518077969551 0.00706130033358932 0.00599040882661939 -0.0571856014430523 0.0352762639522552 -0.00440139044076204 -0.00501404516398907 -0.054263461381197 -0.0493581518530846 -0.0218870304524899 -0.0126684810966253 0.170159161090851 0.200974136590958 0.184729754924774 0.17742095887661 0.0481117628514767 0.120082579553127 0.203606799244881 0.18767823278904 0.215372949838638 0.148022457957268 0.122539415955544 0.223345294594765 0.222134575247765 0.163477867841721 0.240877911448479 0.182091563940048
0.040118120610714 0.084010049700737 -0.0308453105390072 0.0210697893053293 0.100459955632687 0.00458624120801687 -0.0609616190195084 0.0119775049388409 -0.0380405485630035 0.043639175593853 0.0299911107867956 -0.0342487506568432 -0.0522174872457981 0.0159416608512402 0.0217689070850611 -0.0348765142261982 0.0442201010882854 -0.0207985155284405 -0.0623203814029694 -0.083763524889946 0.0599332414567471 -0.0320385359227657 0.0012049195356667 0.00362198473885655 0.049932736903429 0.00521623948588967 0.0307333953678608 -0.0440863482654095 0.104572221636772 0.0679111033678055 -0.0312300585210323 0.00996015314012766 0.104673728346825 0.191960975527763 0.252976357936859 0.179247260093689 0.192795768380165 0.225951820611954 0.179031908512115 0.28013476729393 0.213050827383995 0.107999309897423 0.241756752133369
0.0132411736994982 0.0894906222820282 0.00110321573447436 -0.106212690472603 -0.00241605774499476 -0.0361975766718388 -0.00825755298137665 -0.0246577616780996 0.0155560271814466 -0.0162645746022463 0.0156486798077822 -0.0897892788052559 -0.0734253078699112 -0.0107484478503466 0.00559929478913546 0.0116842435672879 2.67981704382692e-05 -0.0441908128559589 -0.00652917847037315 -0.0566786229610443 0.035257875919342 -0.029198044911027 0.020537868142128 0.0192684940993786 -0.025417136028409 -0.0313569232821465 -0.040775690227747 -0.0456434339284897 0.075277253985405 0.0488442741334438 0.0211355909705162 -0.00968084763735533 0.0867189466953278 0.130780324339867 0.290196985006332 0.139452069997787 0.202350348234177 0.274463355541229 0.227774724364281 0.215289235115051 0.168652564287186 0.172046959400177 0.187139913439751
0.181278631091118 0.0946105942130089 0.104366272687912 -0.0560609921813011 -0.00144139409530908 -0.052708063274622 0.00664960453286767 -0.000340961618348956 -0.0222802739590406 -0.0593476966023445 -0.0462619289755821 -0.0249840468168259 -0.0270058363676071 0.00701311230659485 -0.0250914487987757 0.074203796684742 -0.00530298613011837 0.0199629887938499 0.0602368973195553 -0.0338974893093109 0.00921588111668825 0.0487603098154068 -8.34316888358444e-05 0.0264137163758278 0.0632011443376541 0.0041329306550324 -0.00582179334014654 -0.0281002577394247 0.0521669425070286 0.0427108779549599 -0.0159604866057634 -0.0187117401510477 0.0558275282382965 0.199696466326714 0.108250319957733 0.121693529188633 0.160186901688576 0.185064941644669 0.207271888852119 0.20377404987812 0.247643649578094 0.198703736066818 0.190943479537964
0.0813459455966949 0.156773120164871 0.115486308932304 0.0805883258581161 -0.096454806625843 -0.0093866977840662 -0.0442414991557598 0.0531877800822258 -0.0668960437178612 -0.0597733445465565 -0.0767385214567184 -0.0244841780513525 -0.0186425875872374 -0.0504598654806614 0.031857468187809 -0.0249273367226124 -0.0568753816187382 -0.0278559606522322 -0.0198423620313406 0.00596144376322627 0.0151278404518962 0.00521979574114084 0.0474300272762775 0.0183538123965263 0.00531971687451005 -0.0114793730899692 0.0138627206906676 0.00405786978080869 0.0187947619706392 -0.044751450419426 0.00250060600228608 0.0205804854631424 0.072253629565239 0.20404277741909 0.233038127422333 0.158312499523163 0.160414576530457 0.242256224155426 0.225911244750023 0.296463459730148 0.134382247924805 0.243734821677208 0.282572984695435
0.0927791893482208 0.0284303426742554 -0.112833023071289 -0.0216734949499369 0.0560737363994122 -0.013529728166759 -0.0276792999356985 0.0168834906071424 -0.0265412367880344 0.00660491455346346 -0.0104127125814557 -0.0794332101941109 -0.0201829075813293 -0.0230795871466398 0.0260361358523369 0.0533453300595284 0.0099909408017993 -0.0471972078084946 0.0154740493744612 -0.0615301094949245 -0.0755223110318184 -0.0137236369773746 0.0143266813829541 -0.0869431868195534 -0.00313963834196329 0.0145101202651858 -0.0416562855243683 -0.0566628836095333 0.0499498471617699 0.0205555818974972 0.0827298983931541 -0.00638175988569856 0.049540139734745 0.115782395005226 0.191650658845901 0.243417963385582 0.261584490537643 0.184721931815147 0.195272698998451 0.268826067447662 0.234057635068893 0.140636622905731 0.219775319099426
0.019684424623847 0.0504148341715336 -0.0478013642132282 -0.00958012975752354 -0.0305283553898335 0.0238248649984598 -0.048628743737936 -0.0296474322676659 -0.0631818771362305 -0.00546779669821262 -0.02939822524786 -0.101569697260857 -0.0522653572261333 0.0155007876455784 -0.0555135644972324 -0.0548235364258289 -0.0090321758762002 0.0150949126109481 -0.0141265913844109 -0.0663705617189407 0.0012885668547824 0.0678157731890678 -0.0171730257570744 0.00780358724296093 0.0323148556053638 0.00535317184403539 -0.0410869419574738 0.00868842005729675 0.0311210937798023 0.0272473879158497 -0.006217110902071 -0.00660378346219659 0.0364421866834164 0.196874812245369 0.23345410823822 0.181183934211731 0.167989075183868 0.257501155138016 0.148883864283562 0.193653762340546 0.0903513431549072 0.177879795432091 0.213938236236572
0.0312641933560371 -0.0695283785462379 -0.0131612112745643 0.0135984439402819 -0.0105087906122208 0.032268263399601 -0.044828537851572 0.041431188583374 -0.0260999631136656 -0.0364622920751572 -0.067609928548336 0.00813820026814938 -0.0603489354252815 0.0592927150428295 -0.0248920638114214 0.0420313030481339 0.0216174423694611 0.00236802385188639 -0.00107260944787413 0.0337243117392063 0.00931136030703783 0.0232478324323893 -0.00818250514566898 0.0612203404307365 0.00550249218940735 -0.0890311822295189 0.0188440382480621 -0.0023467899300158 0.0188477393239737 -0.0188217870891094 0.0250961538404226 -0.0499994307756424 0.0356906168162823 0.128866389393806 0.195766791701317 0.183712646365166 0.208466500043869 0.170961663126945 0.247257485985756 0.185678869485855 0.249063462018967 0.223236680030823 0.164285942912102
0.0561619326472282 -0.0219329595565796 -0.0753070712089539 0.00887420121580362 -0.00289146974682808 -0.0156907439231873 -0.0808506309986115 0.00236744550056756 -0.0475627258419991 0.0153413061052561 -0.0185929220169783 -0.0244611017405987 0.00671646185219288 -0.019819300621748 -0.0729150176048279 -0.0285924598574638 0.0472231693565845 -0.100500851869583 0.0497364662587643 -0.0286457687616348 0.0372194200754166 0.0103590022772551 -0.000720039010047913 -0.029541889205575 0.00113346485886723 0.0142854591831565 0.0283009149134159 0.0294637363404036 0.0317080318927765 0.0452160574495792 -0.0205491185188293 -0.0601974576711655 0.019300514832139 0.00612175185233355 0.224947765469551 0.219474092125893 0.190125867724419 0.228361442685127 0.162736162543297 0.243715986609459 0.283267974853516 0.264842987060547 0.247055560350418
-0.0620272271335125 -0.0379172638058662 0.0131042785942554 -0.0849724411964417 0.0761570781469345 -0.00240822532214224 0.0549275428056717 -0.0204289481043816 -0.0361371338367462 -0.0533574409782887 0.00113552564289421 -0.0559403598308563 0.0638792365789413 -0.0170254651457071 0.00818122271448374 -0.0183650329709053 0.0356305986642838 8.00114576122724e-05 -0.0204446911811829 -0.0139210931956768 -0.0645308867096901 -0.0535269230604172 -0.0705730393528938 -0.00445679249241948 -0.0769178867340088 -0.00496460776776075 0.021504009142518 0.0576835982501507 0.0500717349350452 0.0279072653502226 -0.00579011999070644 -0.0290523413568735 -0.0121453693136573 0.0362959206104279 0.167260050773621 0.258897691965103 0.258877158164978 0.259655028581619 0.19480687379837 0.219432130455971 0.236741825938225 0.211082592606544 0.268436104059219
-0.0345104336738586 -0.0621973350644112 0.0150830056518316 -0.0153435189276934 -0.0220660530030727 -0.0359532535076141 -0.0892119556665421 -0.0451866313815117 0.0258719399571419 0.0467343032360077 0.0318693891167641 0.0464301183819771 -0.0757544636726379 -0.00989946629852057 -0.0144891701638699 -0.00940693821758032 0.0259865336120129 -0.0224644560366869 -0.0492890328168869 -0.0135163674131036 -0.0356174744665623 -0.00674390187487006 -0.0288970414549112 0.0700184255838394 -0.034397691488266 -0.0146530540660024 -0.028708528727293 0.00615026708692312 0.0174351688474417 -0.0391999259591103 0.0398109070956707 0.00164700101595372 0.00874924659729004 0.0734376013278961 0.210617378354073 0.266676366329193 0.223368600010872 0.240190461277962 0.24095444381237 0.148611754179001 0.209423050284386 0.322875618934631 0.21573580801487
0.0488133020699024 -0.02009510807693 -0.0344684608280659 0.0276084877550602 -0.055694468319416 0.0509353466331959 0.0287134554237127 -0.0112314727157354 0.0197677314281464 -0.0663787201046944 0.0361806787550449 -0.0103608733043075 0.0298218838870525 -0.00540375802665949 -0.00994657073169947 -0.0297394432127476 0.00519884331151843 -0.00517468014732003 -0.0446320027112961 0.00365537614561617 -0.0698797255754471 -0.0373347476124763 0.0211879070848227 -0.0470200292766094 -0.0123820807784796 0.0454269237816334 0.0746437981724739 -0.0601420029997826 -0.0449443347752094 -0.00229858770035207 -0.134360790252686 0.0062543791718781 -0.0504758134484291 0.0272075030952692 0.0338092967867851 0.24010668694973 0.269756227731705 0.310382306575775 0.116055712103844 0.157251641154289 0.283313721418381 0.293163865804672 0.234867945313454
-0.0141774648800492 0.0544248707592487 -0.073922224342823 -0.00447916146367788 -0.0564392805099487 -0.00800481345504522 -0.0195529498159885 0.0281668528914452 -0.0138173028826714 -0.0813273787498474 -0.0544995106756687 0.0968472138047218 0.00367542402818799 0.027271680533886 -0.0139395594596863 0.00212924089282751 -0.00559113267809153 -0.0866788700222969 0.0174183305352926 0.00497299758717418 0.0528639443218708 -0.105631768703461 -0.0272617060691118 -0.0377647466957569 0.0375706292688847 -0.0203486289829016 -0.0276216547936201 -0.0535456575453281 0.0687631741166115 0.00574627239257097 -0.041121780872345 0.00124101410619915 -0.0840030089020729 0.0375147312879562 0.083597257733345 0.175359144806862 0.374195873737335 0.25428980588913 0.159440845251083 0.174510851502419 0.312122642993927 0.302649468183517 0.224059298634529
0.0347981043159962 -0.0704755783081055 -0.117934897542 0.0444092936813831 -0.0706740394234657 -0.0110195484012365 0.0107729779556394 0.00174110382795334 -0.017556220293045 0.0211754683405161 -0.0253080017864704 0.0109188053756952 0.0921415835618973 -0.059916440397501 0.0691417530179024 -0.0123987207189202 -0.00427607586607337 -0.0354261063039303 0.0112207848578691 -0.000727528531569988 -0.0397545211017132 0.0623684599995613 0.00907745212316513 -0.0223307907581329 0.0277971979230642 -0.0105223869904876 -0.0129211181774735 -0.0083829602226615 0.00147572718560696 -0.0148275066167116 0.0674109905958176 -0.0564701929688454 -0.058718666434288 -0.0354376919567585 0.110767252743244 0.112071819603443 0.341358482837677 0.23860701918602 0.091621994972229 0.217870086431503 0.164048567414284 0.207427829504013 0.319451540708542
0.0200920253992081 -0.0952937453985214 -0.017639547586441 0.00828732922673225 0.0117665259167552 -0.0621475204825401 0.0217910371720791 -0.0688044503331184 0.028485806658864 -0.0801360532641411 -0.0156503021717072 0.0125182932242751 -0.0485419072210789 -0.0785219594836235 -0.0251432992517948 0.00487431697547436 0.0682115033268929 -0.0747929289937019 0.0530026033520699 0.020628172904253 -0.0159712061285973 0.012718940153718 0.0462852008640766 -0.0178308933973312 -0.0330711379647255 0.0430077649652958 -0.0784823447465897 0.0413570292294025 -0.0284209661185741 -0.0821949541568756 -0.00918075162917376 -0.00984421838074923 -0.0220399014651775 -0.00631778826937079 -0.0144492033869028 0.000296373851597309 0.225891873240471 0.338232398033142 0.305282264947891 0.364322662353516 0.171585485339165 0.237347051501274 0.225299656391144
