assets/gome_f/processed/ascii/world/gome_sif_world_20120601.asc
NCOLS 720 
NROWS 360 
XLLCORNER -180 
YLLCORNER -90 
CELLSIZE 0.5 
NODATA_value -3.4e+38 
[rows 114 to 132 of 360, columns 559 to 601 of 720]
0.2314423173666 0.257168084383011 0.319946825504303 0.327111393213272 0.356980711221695 0.351089239120483 0.622155129909515 0.376391381025314 0.233763933181763 0.202093154191971 0.527285277843475 0.42132169008255 0.484920263290405 0.589269936084747 0.508568465709686 0.591887891292572 0.858610570430756 0.604070723056793 0.800491869449615 0.628611266613007 0.55679714679718 0.661813914775848 0.32950296998024 0.513068974018097 0.177068322896957 0.341905266046524 0.132098630070686 0.534894585609436 0.245397999882698 0.0748786404728889 0.0722386389970779 0.25491064786911 0.317062765359879 0.0865489095449448 0.172135904431343 0.0160196200013161 0.24715556204319 0.324182003736496 0.272192418575287 0.171466544270515 0.117517426609993 0.163028851151466 0.189802691340446
0.284138351678848 0.335561662912369 0.245541349053383 0.545998573303223 0.447255849838257 0.45927557349205 0.48449382185936 0.526283025741577 0.280978471040726 0.248494178056717 0.489453703165054 0.367049515247345 0.470248848199844 0.359037727117538 0.747881948947906 0.425339460372925 0.704123139381409 0.646969854831696 0.866075456142426 0.950917541980743 0.721305370330811 1.0375816822052 0.666844844818115 0.488246142864227 0.601700127124786 0.302077859640121 0.225311607122421 0.436052769422531 0.563536167144775 0.41963666677475 0.398095995187759 0.444085270166397 0.387945502996445 0.51967179775238 0.281475216150284 0.173775985836983 0.269434720277786 0.39195254445076 0.367312639951706 0.228499189019203 0.156458333134651 0.254937529563904 0.322763830423355
0.287767231464386 0.117536187171936 -0.202205196022987 0.609013438224792 0.483802318572998 0.234025299549103 0.440207898616791 0.562476992607117 0.570221900939941 0.302190333604813 0.863610744476318 0.275945097208023 0.433952897787094 0.332875818014145 0.337091654539108 0.296272993087769 0.360752433538437 0.525283753871918 0.739913284778595 0.748705267906189 0.722134292125702 0.790293335914612 0.730929613113403 0.527701199054718 0.679253280162811 0.450168460607529 0.721401154994965 0.430567294359207 0.447087019681931 0.540003478527069 0.421775251626968 0.63719230890274 0.625563740730286 0.647257685661316 0.404395163059235 0.379928857088089 0.299458563327789 0.363684773445129 0.242868676781654 0.233950093388557 0.128582194447517 0.132884994149208 0.297420680522919
0.073517918586731 0.238817170262337 0.299172252416611 0.65050482749939 0.0309108551591635 0.211408898234367 0.264029383659363 0.315469861030579 0.557629406452179 0.659465968608856 0.436657905578613 0.416197955608368 0.324580997228622 0.441313773393631 0.349539339542389 0.307857990264893 0.679446876049042 0.379956185817719 0.599265873432159 0.489036619663239 0.632984280586243 0.539337694644928 0.617896914482117 0.557621419429779 0.646726131439209 0.385088264942169 0.546259224414825 0.484115332365036 0.4895358979702 0.570773661136627 0.325345933437347 0.583192408084869 0.495073080062866 0.392808526754379 0.637205243110657 0.289882928133011 0.160647705197334 0.275028437376022 0.594491183757782 0.274622231721878 0.241076588630676 0.265337228775024 -0.0570716261863708
0.0204607024788857 0.49419778585434 0.122080415487289 0.411950886249542 -0.397164911031723 0.387807101011276 0.559952795505524 -999 -999 0.303463131189346 0.557086944580078 0.37369230389595 0.353839248418808 0.0468235462903976 0.42578598856926 0.364928513765335 0.467904150485992 0.492605477571487 0.465100765228271 0.412697345018387 0.631087839603424 0.439745515584946 0.620619773864746 0.456959575414658 0.314769476652145 0.396406918764114 0.452908128499985 0.423232048749924 0.381850332021713 0.41711038351059 0.273271471261978 0.463620007038116 0.549296855926514 0.441145539283752 0.539190590381622 0.393145531415939 0.574423253536224 0.626620888710022 0.524761736392975 0.57591050863266 0.548737585544586 0.514777481555939 0.069911852478981
0.0547132976353168 -0.0321153439581394 0.060361735522747 0.190803706645966 0.0517341308295727 -999 0.346362739801407 0.664821684360504 0.125640541315079 0.727682113647461 0.321167230606079 0.553434908390045 0.327110856771469 0.337374120950699 0.608131766319275 0.407055616378784 0.482572823762894 0.537089824676514 0.703794121742249 0.59040367603302 0.612926483154297 0.73395973443985 0.637714803218842 0.618829548358917 0.339109629392624 0.403866022825241 0.328103810548782 0.367151409387589 0.307129681110382 0.502490699291229 0.312748163938522 0.351686269044876 0.400290191173553 0.450799077749252 0.394029468297958 0.554553389549255 0.512245297431946 0.714280366897583 0.574948310852051 0.729642271995544 0.417046070098877 0.537107586860657 0.111498616635799
0.332325845956802 0.269123196601868 -0.00731510808691382 0.11695846170187 -0.0149942636489868 -999 0.813748359680176 0.635109663009644 0.443560004234314 0.449377000331879 0.515089988708496 0.46259468793869 0.708938598632812 0.291313856840134 0.224660411477089 0.408860772848129 0.398849427700043 0.464596271514893 0.451489150524139 0.465483576059341 0.571184694766998 0.643202245235443 0.211508229374886 0.65396249294281 0.315248757600784 0.234964549541473 0.311310291290283 0.42748561501503 0.387309849262238 0.347670018672943 0.433255404233932 0.39738667011261 0.566533505916595 0.248340174555779 0.382059007883072 0.452945381402969 0.499703347682953 0.369761735200882 0.570818543434143 1.04578053951263 0.420307874679565 0.573766648769379 0.417698442935944
0.279213011264801 0.332460790872574 0.108810469508171 0.10827399790287 0.213608548045158 -999 -999 -999 0.741604685783386 0.672188401222229 0.605907201766968 0.687419176101685 -0.114162929356098 0.477972328662872 0.359686195850372 0.671484231948853 0.565703153610229 0.435198932886124 0.396586745977402 0.537546157836914 0.497990339994431 0.652695596218109 0.632398366928101 0.526918292045593 0.278790861368179 0.347290962934494 0.410554349422455 0.435029208660126 0.460131376981735 0.530233979225159 0.466528683900833 0.676643550395966 0.455375701189041 0.521405339241028 0.445444256067276 0.506592214107513 0.628073215484619 0.46141517162323 0.33763200044632 0.381024956703186 0.543133735656738 0.495011240243912 0.490620642900467
0.111665546894073 0.218259051442146 0.171669080853462 0.243990316987038 0.00851041078567505 0.147980898618698 -999 -999 0.510028958320618 0.393955230712891 0.455724805593491 0.650761425495148 0.484088927507401 0.376476973295212 0.0785190686583519 0.33270525932312 0.435724705457687 0.401138842105865 0.497812569141388 0.418569386005402 0.49579644203186 0.508446574211121 0.475925624370575 0.390930622816086 0.703977167606354 0.392713695764542 0.316403180360794 0.323208749294281 0.466113865375519 0.617282390594482 0.431566476821899 0.426772713661194 0.511371254920959 0.394531160593033 0.439621776342392 0.570739984512329 0.532344341278076 0.541009604930878 0.425411552190781 0.512481391429901 0.422177076339722 0.278208464384079 0.439712733030319
0.297376394271851 -0.00789444148540497 0.449862003326416 0.217722102999687 0.303925842046738 -999 -999 -999 0.702044546604156 0.75393271446228 0.49045792222023 0.579061269760132 0.674539029598236 0.587709188461304 0.815774023532867 0.348873108625412 0.346294492483139 0.387755841016769 0.510037362575531 0.554551482200623 0.48052129149437 0.503488659858704 0.451722264289856 0.62504631280899 0.595094919204712 0.431226134300232 0.422784477472305 0.35511189699173 0.446211010217667 0.599116027355194 0.414198160171509 0.606013000011444 0.609361410140991 0.607943475246429 0.423911184072495 0.523431301116943 0.358518064022064 0.456189572811127 0.464571088552475 0.553492367267609 0.331067800521851 0.45683354139328 0.0910673663020134
0.435372889041901 0.298953354358673 0.362447887659073 0.0604988895356655 0.0914577916264534 0.603957295417786 0.401612818241119 -999 0.19466008245945 0.35620391368866 -0.0375937558710575 0.445418685674667 0.688140690326691 0.654435455799103 0.586802303791046 0.535016775131226 0.407068729400635 0.627223551273346 0.140122339129448 0.335221529006958 0.548196613788605 0.543099522590637 0.391976088285446 0.574034929275513 0.405479550361633 0.362250089645386 0.566648602485657 0.490648359060287 0.358461797237396 0.272356927394867 0.636141300201416 0.431152105331421 0.402406305074692 0.500159859657288 0.590307176113129 0.601005077362061 0.495222121477127 0.448080539703369 0.55864030122757 0.56503701210022 0.441610276699066 0.420730471611023 0.287711530923843
0.310342073440552 0.524405479431152 0.35064759850502 0.256113469600677 -0.054373174905777 0.370532751083374 0.276685565710068 0.257897257804871 0.407446563243866 -999 0.488502383232117 0.736138820648193 0.0609951056540012 -999 0.431976407766342 0.467544466257095 0.563929557800293 0.363010078668594 0.706501841545105 0.376136064529419 0.510651707649231 0.472325950860977 0.539600014686584 0.319697141647339 0.647164523601532 0.576530516147614 0.366886466741562 0.595851719379425 0.539900839328766 0.336338639259338 0.58077335357666 0.503134191036224 0.423086196184158 0.501963794231415 0.484277814626694 0.531276822090149 0.550365269184113 0.433313846588135 0.529619634151459 0.398091286420822 0.242408663034439 0.366761952638626 0.0626593977212906
0.240196108818054 0.207269370555878 0.108009479939938 0.226383477449417 0.246730729937553 0.00237302482128143 0.251989305019379 0.301687926054001 0.383754670619965 0.532320976257324 0.433138847351074 -999 -999 0.638938307762146 0.390529900789261 0.660358607769012 0.508121013641357 0.477205038070679 -999 0.340464234352112 0.490223199129105 0.330829352140427 0.715870320796967 -999 0.794662773609161 0.59219354391098 0.53685337305069 0.685476839542389 0.565560698509216 0.555270195007324 0.4748215675354 0.567834675312042 0.493598490953445 0.617456078529358 0.441192120313644 0.652116656303406 0.4879010617733 0.499207615852356 0.342825531959534 0.37627312541008 0.156164988875389 0.208395108580589 0.0326861254870892
0.729266166687012 0.0794108510017395 0.0724539831280708 0.288692146539688 0.177468478679657 0.238165855407715 0.283567100763321 0.353760153055191 0.457526445388794 0.231554642319679 -999 0.50165456533432 -999 0.754233241081238 0.581936240196228 0.707995593547821 0.475312203168869 0.322232902050018 0.229395151138306 0.545349657535553 0.610398173332214 0.501188993453979 0.380275785923004 0.374901950359344 0.602337956428528 0.457727193832397 0.417995423078537 0.704335927963257 0.636025249958038 0.278920620679855 0.456298291683197 0.417665630578995 0.51815128326416 0.444870322942734 0.603239417076111 0.269820511341095 0.636487483978271 0.45204159617424 0.573603808879852 0.242624908685684 0.227497264742851 0.137663662433624 -0.0752893909811974
0.382445216178894 0.226393043994904 0.348030686378479 0.171349048614502 0.517504334449768 0.283429622650146 0.460002720355988 0.428581774234772 0.111111164093018 0.627641439437866 0.15913525223732 0.262451112270355 0.633643686771393 0.695978939533234 0.565013349056244 0.596113324165344 0.328009188175201 0.516404449939728 0.320768535137177 0.447987616062164 0.628062427043915 0.407264173030853 0.489215731620789 0.797992885112762 0.276590824127197 0.527485966682434 0.48003277182579 0.658338844776154 0.537261843681335 0.478705197572708 0.722444832324982 0.435460090637207 0.525245606899261 0.421876609325409 0.561001598834991 0.265800148248672 0.445464193820953 0.657029867172241 0.618090748786926 0.628150045871735 0.267770171165466 0.088205486536026 0.0284844860434532
0.14054599404335 0.458958655595779 0.112495705485344 0.0713684558868408 0.143382579088211 -0.0380667373538017 0.254001468420029 0.209903955459595 0.155923068523407 -0.0607736110687256 0.42586812376976 0.332971513271332 0.472100794315338 0.35997086763382 0.565161168575287 0.399549722671509 0.30707910656929 0.786089301109314 0.197529435157776 0.373628228902817 0.474892020225525 0.538863778114319 0.527184188365936 0.681130111217499 0.534306824207306 0.629949688911438 0.430572509765625 0.796438634395599 0.479568809270859 0.14563775062561 0.530820608139038 0.448278874158859 0.589180588722229 0.347795605659485 0.642363429069519 0.386240631341934 0.407391011714935 0.25422191619873 0.448796182870865 0.155118629336357 0.103560946881771 0.00334781571291387 0.113780289888382
0.498127162456512 0.361882269382477 0.0825975611805916 0.575576603412628 0.536020755767822 0.258133500814438 0.105449005961418 0.370737671852112 0.10227394849062 -999 0.451675981283188 0.38131120800972 0.525767147541046 0.443538755178452 0.808012783527374 0.709813594818115 0.557488262653351 0.811774432659149 0.552249848842621 0.63912558555603 0.474374234676361 0.462041705846786 -999 0.405242055654526 0.633053779602051 0.641735374927521 0.456373542547226 0.348807990550995 0.445493876934052 0.273872584104538 0.514962375164032 0.382727295160294 0.521665692329407 0.627744734287262 0.63728141784668 0.530989229679108 0.341372102499008 0.204688042402267 0.188149437308311 0.199913576245308 0.115586958825588 -0.00289475615136325 0.159285336732864
0.46398913860321 0.455179661512375 0.45628035068512 0.382051318883896 0.252777457237244 0.164759486913681 0.177947998046875 0.607130885124207 0.318136245012283 0.144410535693169 0.479278177022934 0.442447304725647 0.622362077236176 0.728538811206818 0.313710629940033 -999 0.426577538251877 0.0262701660394669 0.714112102985382 0.522607207298279 0.440936714410782 0.504161596298218 0.495784014463425 0.850261747837067 0.376156240701675 0.485451489686966 0.3882836997509 0.111799336969852 0.220854163169861 0.488039165735245 0.498933792114258 0.220381930470467 0.530744910240173 0.538302719593048 0.493599444627762 0.614643752574921 0.59322190284729 0.224400833249092 0.0423618778586388 0.0439935885369778 0.0906781107187271 0.0302537344396114 0.26783812046051
0.250165462493896 0.478076368570328 0.145390212535858 0.495474457740784 0.352067947387695 0.334443032741547 0.64795446395874 0.393728941679001 0.125806912779808 0.22722227871418 0.49645870923996 0.438544899225235 0.660079777240753 0.577035844326019 0.3392373919487 0.474909782409668 0.744244158267975 0.538693070411682 0.816916704177856 0.526876509189606 0.198914557695389 0.535759210586548 -999 0.692535579204559 0.626923203468323 0.563170790672302 -999 0.27629354596138 0.360616028308868 0.130133539438248 0.481609880924225 0.525797247886658 0.228638201951981 0.479351907968521 0.49100050330162 0.197567269206047 0.122021250426769 0.024805998429656 -0.0427181981503963 0.0842208564281464 -0.0380398742854595 0.212558045983315 0.327607214450836
