assets/gome_f/processed/ascii/world/gome_sif_world_20110501.asc
NCOLS 720 
NROWS 360 
XLLCORNER -180 
YLLCORNER -90 
CELLSIZE 0.5 
NODATA_value -3.4e+38 
[rows 209 to 227 of 360, columns 344 to 386 of 720]
-0.032829686999321 0.0620575360953808 -0.0178948510438204 0.0441547632217407 -0.0139886066317558 0.0280898325145245 0.0721271559596062 -0.0363217629492283 -0.00878915749490261 -0.0848981365561485 0.000633550167549402 -0.00190351705532521 -0.0550110563635826 0.0447279065847397 -0.0238380879163742 -0.0201973654329777 -0.141131564974785 0.0419746935367584 0.0449996292591095 -0.00621434487402439 0.00190962536726147 0.0719730257987976 0.0587490759789944 0.00602508243173361 0.00138941779732704 -0.153811618685722 -0.00231519970111549 0.0154144270345569 0.134377896785736 0.0147660970687866 0.077996663749218 0.119044467806816 0.0541359186172485 0.0363309197127819 -0.00615796307101846 -0.0633025988936424 -0.104267157614231 -0.0436740927398205 -0.0138218076899648 -0.0103594642132521 0.0649448186159134 0.180544912815094 0.295212537050247
0.0668725818395615 -0.0230223443359137 0.0970861464738846 -0.0506508499383926 -0.0702006742358208 0.0479832701385021 -0.0385739654302597 -0.094586193561554 -0.0402696467936039 0.0494856610894203 0.0317556448280811 0.0379915460944176 -0.0570842102169991 -0.0237814728170633 -0.0119464956223965 0.0335286408662796 0.0858933851122856 0.0603421926498413 0.00332308420911431 0.0946145728230476 -0.0345538482069969 0.0219870842993259 -0.115502640604973 -0.0437318570911884 -0.0454915054142475 -0.120625905692577 -0.0476252324879169 0.051855057477951 -0.0211735181510448 0.0245917085558176 -0.0166814513504505 0.000565509719308466 0.0274248644709587 0.0355903282761574 -0.117981187999249 0.054187536239624 -0.0249763652682304 -0.13126115500927 0.0175280943512917 0.0552924387156963 0.10122524946928 0.14743210375309 0.272319227457047
-0.00761200487613678 -0.0220107156783342 -0.033403929322958 -0.0115494467318058 -0.104157008230686 0.0111480383202434 0.0394522771239281 -0.0373101644217968 0.0186105947941542 -0.0128311375156045 0.117646291851997 0.00321905105374753 0.0830649584531784 -0.0945161283016205 0.037024162709713 0.00544292945414782 -0.0495928674936295 0.0156937334686518 -0.0399481095373631 -0.112975023686886 8.54043464642018e-05 0.0165807101875544 -0.00200166553258896 0.0523685701191425 -0.0225090216845274 0.111434325575829 0.190288782119751 -0.109447546303272 0.032991923391819 -0.0509747266769409 0.0208108387887478 0.0459020547568798 -0.0330969654023647 -0.0351611599326134 0.0989908874034882 -0.0191109105944633 0.0662230029702187 -0.132126703858376 -0.0339230671525002 -0.0389825291931629 0.163808733224869 0.0893056318163872 0.300542145967484
-0.0763702094554901 -0.0404632650315762 -0.054078746587038 0.0197968054562807 0.0600540339946747 -0.0463985837996006 0.0221578516066074 0.113007113337517 0.0348734557628632 0.026597298681736 -0.127362802624702 0.169159814715385 0.0346977934241295 0.0996774137020111 -0.151623860001564 -0.0612002424895763 0.0181548278778791 0.0350778214633465 -0.0290166195482016 0.0366276949644089 -0.107924617826939 -0.11138504743576 -0.076826736330986 0.0343797355890274 0.00931844767183065 0.0205558128654957 -0.0163424275815487 0.0835485085844994 -0.0147419460117817 -0.150862663984299 -0.0139628686010838 -0.12714184820652 0.00496462918817997 0.0601134300231934 -0.0595468990504742 0.0644849613308907 0.0341575779020786 -0.0481827259063721 -0.109548360109329 0.0393540821969509 0.0628123134374619 0.179733976721764 0.29212498664856
-0.0943070575594902 -0.0608466379344463 0.0056433379650116 0.0186805091798306 -0.0221400856971741 0.00388474855571985 0.123360477387905 -0.0211522933095694 0.0174971632659435 0.0251911506056786 -0.0310915242880583 0.0371443443000317 0.15356856584549 -0.169526472687721 0.0310537572950125 0.0423197448253632 0.0856225565075874 0.0602097921073437 -0.055518951267004 -0.1739442050457 0.0534405298531055 -0.13576203584671 -0.00673375139012933 0.0266328640282154 -0.0701175779104233 -0.105028532445431 -0.130628764629364 0.0356548689305782 -0.0110282758250833 -0.033458050340414 0.0466149114072323 -0.0322764813899994 0.0761624127626419 0.0215044301003218 0.0668525323271751 -0.0226333793252707 -0.00543876551091671 -0.0643503218889236 -0.0250277984887362 -0.00433324975892901 0.159740775823593 0.16517099738121 0.247506141662598
0.0142220426350832 0.162950992584229 0.0676326602697372 0.140937000513077 0.0439907349646091 0.00540640205144882 -0.162553444504738 0.0196934584528208 -0.0416143871843815 -0.0475123338401318 0.0767166465520859 -0.175498649477959 0.0115623213350773 0.0197651144117117 0.0920166075229645 0.181355908513069 0.0048263231292367 0.00454356148838997 -0.0130826784297824 0.0128388116136193 -0.0795053169131279 0.128485962748528 0.00294367712922394 -0.117446355521679 -0.0658170506358147 0.0654836967587471 -0.0424433127045631 -0.0102043589577079 -0.134715154767036 -0.0189819131046534 0.0435611791908741 -0.0295253247022629 0.064708836376667 -0.0387534275650978 0.0564900934696198 0.12149153649807 0.038317758589983 0.00228774547576904 -0.0898552089929581 0.0473213829100132 0.0653362274169922 0.220244362950325 0.178830713033676
-0.068928949534893 0.190947413444519 0.0286281704902649 -0.124593153595924 -0.0893880501389503 0.0710171535611153 0.0129244020208716 0.129770666360855 -0.00633162399753928 0.00394827267155051 0.089449055492878 -0.100847966969013 -0.162432864308357 -0.0365387797355652 -0.0223380066454411 -0.236852660775185 0.0146420625969768 0.0498966909945011 0.0325360558927059 -0.0924938172101974 0.045782033354044 -0.0169359296560287 -0.0696854069828987 0.0276384055614471 -0.0561150051653385 0.0585475079715252 0.0824069231748581 -0.0051948525942862 0.0513622239232063 0.0802661180496216 -0.0384567081928253 0.0269867926836014 -0.0560894273221493 0.0764955654740334 0.0138975251466036 0.0798336192965508 0.0846662968397141 -0.0347463041543961 0.0832122638821602 -0.052705992013216 0.0693807154893875 0.263818979263306 0.25586524605751
-0.106434345245361 0.0204799585044384 -0.0180622786283493 -0.0983822047710419 0.0197284948080778 -0.0443418025970459 0.00202888739295304 -0.00326084601692855 0.000827731564640999 0.0807312503457069 -0.135906383395195 -0.0573770292103291 0.0324119850993156 0.0565246641635895 -0.07748032361269 0.0300808846950531 0.11898398399353 -0.000385753286536783 -0.0345307923853397 -0.0766743421554565 -0.127502396702766 0.152060016989708 -0.0455272831022739 0.0106751965358853 -0.192623168230057 0.205559372901917 0.0508826784789562 0.0418812073767185 -0.0296364556998014 0.0138695100322366 0.0308992229402065 -0.089480347931385 0.0160410180687904 0.0171379558742046 0.0121325952932239 0.0851700380444527 -0.0343711152672768 0.0173867009580135 0.0282462388277054 -0.0153494132682681 0.0523381792008877 0.0334552600979805 0.146765634417534
0.0321105718612671 0.0159829705953598 -0.0604811124503613 -0.0878891050815582 0.0968369171023369 0.0387112572789192 0.075336828827858 0.135923609137535 -0.0522377155721188 -0.0614536963403225 0.122190654277802 -0.0191587619483471 0.0074647068977356 0.00256591592915356 -0.152635619044304 0.113044738769531 0.084660641849041 0.0410324074327946 0.0378334634006023 0.049177672713995 -0.00529433274641633 -0.0690638944506645 0.0266483593732119 -0.0274626333266497 0.0197938177734613 0.0192647557705641 0.0910790860652924 0.0346186459064484 -0.0175205003470182 0.023863872513175 0.041917946189642 -0.0240282863378525 0.0139222647994757 0.0205754898488522 0.0605990961194038 -0.152110308408737 -0.0152810961008072 -0.0246952548623085 -0.114042557775974 -0.0693827271461487 -0.056947510689497 0.0381641574203968 0.24041460454464
-0.0493111275136471 -0.0167071968317032 0.0660644024610519 -0.0340668372809887 -0.0145085211843252 -0.0167233757674694 0.0992184728384018 0.0420197658240795 -0.0178166553378105 -0.0356092564761639 -0.0266694370657206 0.0947733521461487 0.0290839578956366 0.0525728650391102 -0.000836406892631203 0.0302948039025068 0.0676941871643066 -0.092503234744072 0.0903893485665321 0.0436697416007519 0.0273736547678709 -0.106293633580208 -0.0350082218647003 0.0621530674397945 -0.0374056473374367 -0.0377446711063385 0.0179056338965893 -0.0257177967578173 -0.0890709534287453 0.197082504630089 0.0359491072595119 -0.05362568795681 0.0686125233769417 0.0105077903717756 -0.0500926598906517 0.029046181589365 0.0367661528289318 0.083831399679184 0.0225835889577866 -0.0426613278687 -0.0387315154075623 0.0284153763204813 0.0499286986887455
0.109531030058861 0.0930788144469261 0.114991500973701 0.0420787520706654 0.0230357255786657 -0.145213291049004 0.240463301539421 -0.127252221107483 0.000622143095824867 -0.0294911358505487 -0.0459000989794731 -0.156896337866783 0.00375988869927824 -0.0370138250291348 -0.103204645216465 -0.0196704249829054 -0.00932344514876604 0.00634701550006866 -0.0200949348509312 0.0483512133359909 -0.0779411569237709 -0.182374954223633 -0.00721845030784607 0.102501288056374 0.0925465971231461 -0.022354444488883 0.0413064546883106 0.00917446333914995 -0.0359227173030376 0.130232468247414 0.0810217335820198 -0.00195931643247604 0.0194280501455069 0.0404625758528709 0.0354688838124275 -0.001351498067379 0.0222176499664783 -0.105866491794586 0.114012703299522 -0.0467522107064724 -0.0136397797614336 0.0327918045222759 0.108144223690033
-0.0127578498795629 -0.115609809756279 -0.0425083935260773 0.0162530578672886 0.0555826313793659 0.0225819256156683 -0.0413708239793777 0.0295562539249659 0.174767598509789 0.020227862522006 -0.0536490604281425 -0.0662897899746895 0.0275643579661846 -0.160790920257568 0.0642239674925804 0.0318010896444321 -0.0212166234850883 -0.0652495846152306 0.0754058882594109 -0.0553982332348824 -0.0833995044231415 0.0563916303217411 0.0925007984042168 0.00590293481945992 -0.0101779950782657 0.0821125507354736 -0.000634884811006486 -0.0553299263119698 0.0740437880158424 0.102716580033302 -0.051287617534399 0.0123744066804647 -0.0152523210272193 -0.0500501804053783 0.0417688451707363 0.0666467323899269 0.0274552349001169 0.00363482884131372 0.0382121279835701 0.0979208275675774 -0.0749981626868248 0.0520020835101604 0.135697036981583
-0.0947177335619926 0.0583562776446342 -0.0443477630615234 0.097067803144455 0.098571889102459 0.0316212251782417 -0.0515901446342468 -0.00266213854774833 -0.1094955727458 0.124029323458672 0.0401283279061317 0.0806552991271019 0.0781737640500069 -0.0412091538310051 0.19021287560463 -0.0747812911868095 -0.0127766095101833 -0.0524080544710159 -0.00887904595583677 0.0212849117815495 -0.0396354459226131 0.0332086831331253 -0.0746864229440689 -0.0337373130023479 0.0581853277981281 -0.0447991266846657 -0.0212710611522198 -0.0104858968406916 -0.0719887092709541 0.214819148182869 -0.0480324700474739 0.0597608759999275 -0.0104649635031819 0.0399736873805523 -0.0551530607044697 -0.0210377518087626 -0.0602762922644615 -0.0367407202720642 -0.101241871714592 0.0363696217536926 -0.0742803663015366 -0.0403127148747444 -0.0240808464586735
-0.0684047713875771 0.00303904968313873 -0.0582669079303741 0.0737734436988831 0.0307792071253061 -0.060198288410902 -0.106773220002651 0.0305640641599894 0.0912325829267502 -0.0395675227046013 -0.0142572522163391 0.0651587173342705 -0.024935120716691 -0.0288512147963047 0.0234540663659573 -0.0539655238389969 -0.00534536316990852 0.0765903517603874 0.0315280482172966 -0.0540457218885422 -0.0418036431074142 0.183948203921318 -0.0262984540313482 0.0676384940743446 -0.0213743038475513 -0.0571215413510799 0.155422002077103 0.106250062584877 0.0598607547581196 0.022137813270092 -0.0414679422974586 -0.126953661441803 0.0441468358039856 0.0219017304480076 0.0411347523331642 -0.0442120358347893 -0.0548860467970371 -0.0529657863080502 0.0648562461137772 0.0354738608002663 -0.00149505818262696 -0.132247224450111 -0.0387321673333645
0.131954208016396 0.145772933959961 0.118710160255432 -0.0563970543444157 -0.00540550239384174 -0.0528144612908363 0.0533928945660591 0.016539191827178 -0.0808585807681084 -0.0322572626173496 -0.0198780614882708 -0.0434619560837746 -0.0552426278591156 0.0148890838027 -0.0368718467652798 -0.0479449667036533 -0.0807569399476051 -0.0709354802966118 0.0222242772579193 -0.0229087825864553 -0.165129378437996 0.0894924774765968 0.0197801887989044 -0.0314478129148483 0.0487611591815948 -0.0681439936161041 -0.0200593341141939 0.139674231410027 0.0938316732645035 -0.0940665528178215 0.0329398103058338 0.0991102308034897 0.0193378049880266 0.0150095541030169 0.0721692964434624 0.120441466569901 -0.0175158269703388 -0.0203153565526009 -0.105935499072075 0.118970088660717 0.0155255254358053 -0.197637155652046 0.00621226662769914
0.0350448004901409 -0.00819484703242779 0.101855918765068 -0.00903819315135479 0.0148280505090952 0.0260510072112083 0.109749294817448 -0.0516087338328362 -0.00983173307031393 -0.130101636052132 -0.0322387255728245 -0.0237994752824306 0.0730505734682083 0.102686353027821 0.149871245026588 -0.111691303551197 -0.0155067518353462 0.0603543408215046 0.0196861661970615 0.0949197113513947 -0.0117147862911224 0.0993662476539612 -0.0657862648367882 -0.0346467234194279 0.0124408807605505 -0.0442594178020954 -0.0414091348648071 0.0700008273124695 0.0854663699865341 -0.0315958969295025 0.0501762628555298 0.0672711580991745 -0.0325997993350029 0.0638652294874191 -0.0839273482561111 -0.0408952347934246 -0.035883292555809 0.0211554039269686 -0.0376358777284622 -0.0712141767144203 -0.0944938436150551 -0.0404426194727421 0.0678436532616615
-0.0388553366065025 0.0888610407710075 -0.00946979876607656 -0.115363620221615 0.0695782080292702 -0.0124586122110486 0.0138090960681438 0.0104192830622196 0.0196811389178038 -0.0371021032333374 0.0927084609866142 -0.0114779910072684 -0.0257784202694893 -0.168445512652397 0.0238761622458696 -0.0283250529319048 0.0360705219209194 0.0385431386530399 0.00907751079648733 0.0342025607824326 -0.0836025327444077 -0.057379923760891 0.00603195605799556 0.0241805016994476 0.0134901916608214 -0.147256910800934 -0.0153003372251987 -0.0293099284172058 0.0562767349183559 0.0389347933232784 -0.0221518445760012 -0.0670230984687805 0.106131203472614 0.0376502983272076 -0.112112581729889 -0.0274998694658279 -0.00892901420593262 0.0818852782249451 0.0200164522975683 0.0890260338783264 0.0112765822559595 -0.0070834681391716 0.165924668312073
0.111751317977905 -0.0683094635605812 0.061200488358736 -0.00457352492958307 -0.0394379012286663 -0.111123353242874 -0.0812642499804497 0.0627254620194435 -0.00871658883988857 -0.0415401421487331 -0.0722376629710197 0.0485127046704292 -0.0636565312743187 -0.0668493136763573 0.053791455924511 0.0499590896070004 -0.120973579585552 -0.0110468892380595 0.0383835546672344 0.0801742970943451 0.086860679090023 -0.14077416062355 -0.0667151138186455 0.0425339862704277 0.0265287384390831 0.00937010161578655 -0.0193055290728807 -0.122954919934273 -0.0125652281567454 0.0343936271965504 0.000246287760091946 -0.0590069219470024 0.0175238102674484 0.0734714418649673 0.0584015175700188 -0.0586371831595898 0.0126447267830372 0.0118895275518298 0.0280332192778587 -0.150662928819656 0.0207256972789764 -0.0361151695251465 -0.0843993350863457
-0.0879776775836945 -0.0975432619452477 -0.0477859973907471 -0.172708183526993 0.00986445695161819 0.144528985023499 0.0449733436107635 -0.0257212743163109 0.0203541349619627 0.0422266572713852 -0.0193806290626526 0.0827585533261299 0.0466271229088306 -0.0228552930057049 0.044147003442049 0.0964413583278656 -0.141458928585052 -0.000542004010640085 0.0724270716309547 0.0100783444941044 -0.10318947583437 0.115207523107529 0.00484152371063828 0.036249902099371 0.0256139393895864 0.0839476734399796 -0.111949905753136 -0.0544734671711922 -0.0624916553497314 0.0152439437806606 -0.01538788061589 0.0263033136725426 0.000741233176086098 0.0682263150811195 0.0275257602334023 -0.01248599588871 0.0196153521537781 -0.0394756942987442 0.0344988629221916 -0.000812609272543341 -0.0576069615781307 -0.0437647141516209 -0.0177329108119011
