assets/gome_f/processed/ascii/world/gome_sif_world_20111201.asc
NCOLS 720 
NROWS 360 
XLLCORNER -180 
YLLCORNER -90 
CELLSIZE 0.5 
NODATA_value -3.4e+38 
[rows 171 to 189 of 360, columns 0 to 42 of 720]
-0.125619813799858 -0.0293759610503912 -0.0302287600934505 -0.00273152580484748 -0.0392734631896019 -0.0845842137932777 -0.16486319899559 0.0214398130774498 0.00160633563064039 -0.0367568321526051 -0.0673447176814079 -0.00637218216434121 -0.0998872071504593 -0.0219041332602501 0.0172986276447773 -0.0211463235318661 -0.0591644942760468 -0.0388877242803574 -0.0350185111165047 0.0694903656840324 0.0491489581763744 -0.0728769451379776 -0.00254156440496445 -0.047592431306839 -0.0446844212710857 0.055556446313858 -0.0552687793970108 -0.0327359400689602 -0.0578556135296822 -0.00253251870162785 -0.023754358291626 -0.0137787945568562 -0.0431248769164085 -0.0423766635358334 -0.120222844183445 -0.0391934923827648 0.0132518652826548 -0.0252991113811731 -0.0799386873841286 -0.0658168718218803 0.0541439950466156 0.00294771487824619 0.0650411695241928
0.0583222098648548 -0.0554622896015644 -0.124075807631016 -0.00830437708646059 -0.0788997486233711 -0.0352963991463184 -0.00667601311579347 0.018970338627696 -0.0680370032787323 -0.0455073490738869 0.0604292079806328 -0.0697779953479767 0.00268469098955393 0.0129889007657766 0.0644566044211388 -0.0663458034396172 -0.0367930866777897 -0.0329946093261242 -0.0162688810378313 -0.128352522850037 -0.0722722634673119 -0.0562224127352238 0.0115295592695475 -0.0678394064307213 -0.0330058708786964 0.0410623103380203 0.0369758084416389 0.00114005536306649 0.05431904271245 -0.114180602133274 -0.00789649318903685 -0.00731087569147348 -0.0699371173977852 -0.176166713237762 -0.0746567398309708 0.0297225601971149 -0.0465285815298557 0.0289942882955074 0.0189390648156404 0.0713833868503571 0.0148693360388279 0.0150087121874094 -0.0310843512415886
0.0294394511729479 -0.117188788950443 -0.06175746768713 -0.0184168573468924 0.0328761599957943 -0.0957791730761528 0.0222044680267572 -0.0173553396016359 0.0462360046803951 -0.0336943380534649 0.0415422655642033 -0.0378171876072884 -0.0549947433173656 0.0176425222307444 0.0106369499117136 0.0270698126405478 0.0027423610445112 0.0471339114010334 -0.0200950335711241 -0.0243648234754801 -0.0124447625130415 -0.121643930673599 -0.0548139736056328 0.0126067223027349 -0.0440712198615074 -0.0228882841765881 0.0361324474215508 0.0620623528957367 0.0104413321241736 -0.00609215581789613 -0.0248183701187372 -0.0611901096999645 -0.0550834201276302 -0.0360568128526211 -0.0342986583709717 0.0203011520206928 -0.0351197421550751 0.0218993704766035 0.0035754251293838 0.0453002527356148 -0.0452967658638954 -0.0087948851287365 0.0342120453715324
0.0322092548012733 0.0131116639822721 0.0322653278708458 -0.0394850857555866 -0.0156456343829632 0.0136736100539565 -0.0447418838739395 -0.0291263218969107 0.03419329226017 -0.00585321476683021 -0.053555354475975 7.30422543711029e-05 -0.0736103802919388 -0.00508573604747653 -0.0864139422774315 -0.0608254671096802 0.0136643666774035 -0.0847598761320114 -0.00696865050122142 -0.041304986923933 -0.0410836786031723 0.0220759976655245 -0.0277521591633558 -0.0209435299038887 0.00169738556724042 -0.0148478839546442 -0.0676350146532059 -0.0175669174641371 -0.068990483880043 -0.128787487745285 0.00499903969466686 0.0850551128387451 -0.0134557839483023 -0.0443201959133148 -0.0128505257889628 -0.0338338203728199 -0.0225143693387508 -0.0136616919189692 0.0192019008100033 0.0209473427385092 0.0649519190192223 0.0924134626984596 -0.0101617071777582
0.0571794621646404 0.0546361096203327 -0.0546223632991314 -0.0229807589203119 -0.0478824637830257 -0.0461053736507893 -0.0445425473153591 -0.0873253345489502 0.00818344298750162 4.96242828376126e-05 0.05483653023839 0.0372851639986038 0.0123148513957858 0.0148223824799061 -0.0587419793009758 -0.0579188019037247 -0.013512154109776 -0.00756551558151841 -0.0539318509399891 0.049907062202692 -0.0736512690782547 -0.0641552284359932 -0.0317602194845676 -0.0560145638883114 0.00858279410749674 -0.0145621551200747 -0.0608214028179646 -0.025850348174572 -0.0341141000390053 0.0583309456706047 -0.0959522500634193 0.00157688558101654 -0.0738774761557579 0.0110298739746213 -0.0295058246701956 -0.0168502349406481 -0.0828847438097 -0.0572625808417797 -0.0221525952219963 0.00251705665141344 0.0584508441388607 0.0448529720306396 -0.0339323356747627
-0.057017806917429 0.0312297884374857 0.0300524234771729 -0.0264729745686054 -0.0271470248699188 0.0332314223051071 -0.0343702808022499 -0.0522980019450188 -0.043644443154335 -0.0180744919925928 0.0427706874907017 -0.0265701785683632 0.00385976023972034 0.0810072049498558 0.0225969534367323 -0.0415892265737057 -0.0306662265211344 -0.00686926022171974 -0.0486926771700382 0.0238303020596504 0.019830672070384 0.0195348206907511 0.080552376806736 -0.0852835103869438 -0.0403300151228905 0.00358851160854101 0.0522146970033646 -0.0334705449640751 -0.0989187657833099 -0.00624109944328666 -0.021117802709341 -0.0161966867744923 0.0322659648954868 -0.0411975681781769 0.0283616930246353 0.0170707311481237 -0.0231488756835461 0.0486915595829487 0.0610948726534843 0.0448730252683163 0.0252991914749146 0.0313790328800678 0.0349325090646744
-0.0577981360256672 -0.0116950878873467 0.00900575704872608 -0.0190880298614502 0.0517608374357224 -0.0328881181776524 0.0349609851837158 -0.0076235611923039 -0.0230987798422575 -0.0707254931330681 0.0365130193531513 0.0501177124679089 -0.0631258487701416 0.0615405663847923 0.0157153382897377 -0.0794825106859207 -0.0811755955219269 0.0061052362434566 -0.049908209592104 -0.00900204665958881 0.0451491139829159 -0.0863421410322189 0.035150520503521 0.0016028645914048 0.0410888753831387 -0.0474567487835884 -0.0687931403517723 0.0348473563790321 -0.0215379390865564 0.0352009609341621 -0.07839585095644 0.0346500240266323 0.0260007437318563 -0.0308000836521387 0.00432766927406192 -0.053475383669138 -0.068312980234623 -0.0676021873950958 -0.0308745615184307 -0.0301666706800461 0.00711357966065407 0.028120307251811 -0.00979078467935324
-0.0269854608923197 -0.0159972421824932 -0.0310061648488045 -0.0221334882080555 0.0619637034833431 -0.054611798375845 -0.00511237978935242 0.00365543831139803 -0.0314517915248871 -0.017743082717061 -0.0205750279128551 0.0793652981519699 0.0125932451337576 0.0152193792164326 -0.0235546454787254 -0.0610249824821949 -0.0125332726165652 0.0684297531843185 -0.0444958470761776 0.0209458358585835 -0.0356439352035522 0.0318846814334393 0.00214992184191942 -0.0164274461567402 -0.0427637249231339 0.015737472102046 -0.0332306958734989 -0.0165347456932068 -0.0535424090921879 -0.0644403621554375 0.0338504277169704 -0.0804919749498367 -0.045560747385025 0.0311166942119598 -0.0504887476563454 -0.0767659470438957 0.00973347574472427 0.0341670736670494 -0.00925571285188198 0.0544434040784836 0.0132480440661311 0.0022628684528172 0.00710751255974174
-0.0266706738620996 -0.0475760921835899 -0.026547409594059 -0.0857620611786842 0.0481504499912262 -0.0822088792920113 -0.0348794907331467 -0.0293313544243574 0.0183518808335066 -0.00746680749580264 -0.0232021808624268 0.0523551031947136 -0.0866937190294266 -0.0492178536951542 -0.0599783547222614 -0.0382866375148296 -0.0382232517004013 -0.0232370458543301 -0.0785173699259758 0.000141439770231955 -0.0763753056526184 -0.0169104654341936 -0.00504174409434199 0.0555576086044312 0.0487540438771248 0.0377000272274017 0.0263466760516167 0.0163125712424517 -0.104543514549732 -0.0639323443174362 -0.0599951483309269 -0.10698876529932 -0.0113931074738503 -0.0364881977438927 -0.0906502828001976 -0.0118724666535854 -0.0549050830304623 -0.0185422264039516 0.0443717874586582 0.00512219639495015 -0.0188778452575207 -0.00766398385167122 -0.100446797907352
0.011330804787576 -0.0192537307739258 0.000789551588241011 -0.0602277554571629 0.0741122737526894 -0.0169972833245993 -0.0357199050486088 -0.0409663207828999 -0.00201865495182574 -0.0188387911766768 0.00292510422877967 0.0175319537520409 -0.0904514417052269 -0.00719005288556218 -0.0820965990424156 0.0187712199985981 -0.0156718213111162 -0.0284136347472668 -0.0564025081694126 -0.00526740308851004 0.0194786284118891 -0.0364350937306881 0.021412018686533 -0.116005077958107 0.0190217662602663 -0.0330511182546616 -0.00658682081848383 -0.0575968287885189 0.0359233617782593 0.000794356339611113 0.100063614547253 -0.0720741003751755 -0.0233272220939398 -0.0352649167180061 0.052392091602087 0.0519067831337452 -0.0297831017524004 -0.0426301397383213 -0.00810483936220407 -0.02798081189394 0.044979527592659 0.0169486328959465 -0.0530265271663666
0.0587123297154903 -0.00601528864353895 -0.00973074976354837 0.0580798834562302 0.016213733702898 0.00696958042681217 -0.0204226709902287 -0.0474194101989269 -0.00962201692163944 -0.0324431136250496 0.00889630801975727 -0.0211367011070251 0.0715159401297569 -0.0839960873126984 -0.0472755841910839 0.0332743041217327 0.00251679890789092 0.0142242722213268 -0.0018378245877102 -0.0632857382297516 0.0764492005109787 0.0254965703934431 0.0344200171530247 -0.0264323689043522 -0.00103691534604877 0.0478134602308273 0.00436457013711333 -0.0277236495167017 -0.0021316537167877 -0.00262758624739945 -0.00511264242231846 -0.0151092810556293 -0.0538957081735134 -0.015709150582552 -0.0134482644498348 0.0178245138376951 -0.0570378676056862 -0.039835698902607 -0.00865351501852274 -0.0635675489902496 -0.00213553057983518 -0.125835046172142 0.0260155312716961
-0.0907617211341858 -0.013196867890656 -0.0710912048816681 0.0325295962393284 -0.0681239366531372 -0.0636576786637306 0.0141332494094968 -0.0648760497570038 -0.0150605132803321 -0.0358170494437218 -0.0406376421451569 -0.0602617263793945 -0.0260646436363459 0.0185036286711693 0.02610794454813 -0.0683956369757652 0.0219500660896301 -0.0526860170066357 0.0650032386183739 0.0121308257803321 -0.013300352729857 -0.0257958732545376 -0.042843122035265 0.00850616581737995 0.0339354164898396 0.107363805174828 -0.00307006342336535 0.0144560430198908 0.0489594899117947 -0.0506826043128967 -0.034837506711483 0.0639513581991196 0.0509928017854691 -0.0646191239356995 -0.0169081073254347 0.0108175780624151 0.054035484790802 -0.00520168710500002 -0.0277823377400637 0.0151736494153738 -0.00517864711582661 0.034915816038847 0.019861338660121
-0.00166531151626259 0.0206051431596279 0.0293120499700308 -0.0309147387742996 0.0210909824818373 -0.0150905251502991 -0.00918147061020136 0.0438066460192204 -0.0166021268814802 -0.0530556403100491 0.00905156414955854 0.0320614874362946 -0.0186530649662018 -0.0201679356396198 0.0179056711494923 -0.0125850243493915 -0.0214736051857471 -0.0253320094197989 0.0269217025488615 -0.0712440833449364 -0.0279401019215584 -0.0196184925734997 0.00943724159151316 0.000397925585275516 0.0801303908228874 -0.0363367162644863 -0.000904846587218344 -0.0155513407662511 0.0102968811988831 -0.00501339323818684 0.00165067671332508 0.106572799384594 -0.0694068074226379 -0.0341490544378757 0.0835449323058128 -0.0329076163470745 0.00659912684932351 -0.0208684373646975 -0.0283965468406677 -0.0298410337418318 -0.0245126895606518 -0.11995767802 0.0250832084566355
-0.103302866220474 -0.0429837219417095 -0.0557460226118565 -0.0434904024004936 0.0106983790174127 -0.0148580372333527 0.0430601499974728 -0.107821054756641 0.0408633314073086 -0.0127035332843661 0.0575447082519531 0.00940477941185236 -0.0904913917183876 -0.00638547074049711 -0.0679321736097336 -0.0081867640838027 -0.0410886034369469 0.0675245150923729 -0.0227584652602673 -0.0266495514661074 -0.00628861784934998 0.0614674463868141 -0.131388902664185 0.0336195379495621 -0.0224471762776375 0.0154740987345576 -0.0291254222393036 -0.00437587313354015 -0.062516063451767 0.0254165604710579 0.0392849408090115 -0.0455444604158401 0.0782616138458252 0.00505249295383692 0.00823014788329601 0.0355487167835236 -0.0112464670091867 -0.0462134517729282 -0.0577971823513508 -0.0735593214631081 0.0348008684813976 -0.0282948818057775 -0.123396404087543
0.0196760352700949 0.0228172447532415 0.0254390500485897 -0.0472422614693642 0.00373773230239749 0.0352200567722321 -0.0625735819339752 0.048956885933876 -0.0175675582140684 0.0451467260718346 0.0147177036851645 -0.00574548123404384 0.062375620007515 0.00669726589694619 -0.0046840850263834 -0.0836474895477295 -0.021737277507782 -0.004754938185215 -0.0210565235465765 0.0244911871850491 -0.0185647867619991 -0.000855033285915852 0.0579306110739708 -0.0100708641111851 -0.0192125625908375 0.0265591274946928 0.0503680370748043 -0.020527545362711 5.29793578607496e-05 -0.0436184704303741 -0.0103715062141418 -0.0287846960127354 -0.00450610648840666 0.00433643814176321 -0.0273410547524691 0.0980909764766693 0.03567174077034 0.0383852161467075 0.00678549194708467 -0.0871807634830475 -0.0613053366541862 -0.0325461737811565 -0.058552224189043
-0.0118995737284422 -0.0690232738852501 -0.0552133806049824 -0.074738897383213 -0.0506796091794968 0.0272749997675419 0.034232672303915 -0.0493082478642464 -0.0429424419999123 0.0124902483075857 -0.0456087999045849 -0.000374647410353646 0.0029909866861999 0.0887342095375061 -0.055925365537405 0.000541938759852201 0.0267239771783352 0.0188474543392658 0.0589481964707375 0.00261800037696958 -0.0447954423725605 -0.049501970410347 -0.0725664272904396 -0.0381973013281822 -0.0747153908014297 0.0652797743678093 0.0476698875427246 -0.00424466980621219 -0.0120540345087647 -0.0571100488305092 0.0273980051279068 0.0113375019282103 -0.00151918828487396 -0.0425028093159199 -0.0251035634428263 -0.0608385689556599 0.00660546636208892 0.00974859017878771 0.0279482025653124 -0.00954506918787956 0.0627764388918877 -0.0116639910265803 -0.0964407324790955
-0.0236187931150198 -0.0126391295343637 0.0162611845880747 -0.00805048178881407 0.0420846417546272 -0.0580605901777744 0.0253486689180136 0.0247343257069588 0.0271798316389322 0.00555318826809525 0.0544562451541424 -0.0173314083367586 -0.105285920202732 -0.0183983277529478 0.0182223226875067 0.0536751672625542 -0.00288578681647778 -0.0225826054811478 -0.0810087099671364 -0.0302861426025629 0.00544214155524969 0.00179151282645762 0.0151901300996542 -0.0302339289337397 0.0333609022200108 -0.0385867208242416 0.0672151446342468 0.0290276743471622 -0.069067046046257 0.0158992521464825 -0.0533489733934402 0.00561815965920687 -0.0176878813654184 0.0112874247133732 0.00467208446934819 0.0224950313568115 -0.00815479271113873 -0.0377697013318539 0.0472302995622158 0.0164168570190668 -0.068150021135807 -0.00104516884312034 0.0281455870717764
0.0411462746560574 0.0984441936016083 0.0672138035297394 0.0254909843206406 -0.0493449866771698 0.0271705631166697 -0.0226919185370207 0.0481517948210239 0.0607311278581619 -0.0443558730185032 -0.0157420933246613 -0.0154567426070571 -0.0654455199837685 -0.0408432669937611 -0.00937720481306314 0.00389982480555773 -0.0454719997942448 0.0101767368614674 -0.0225975774228573 -0.0877800732851028 -0.040767714381218 0.0445680618286133 -0.0243626162409782 -0.0313387475907803 0.0089432941749692 -0.0360842384397984 -0.0709780901670456 -0.0190415028482676 0.0314105302095413 0.0090875057503581 0.00550164701417089 -0.0481884777545929 -0.0124768642708659 0.0137366633862257 -0.00115482567343861 -0.0163628682494164 -0.0241844672709703 0.123223647475243 -0.0390310510993004 -0.0477086715400219 -0.00796710792928934 -0.104280404746532 -0.0250930823385715
0.0746836513280869 -0.0448696240782738 -0.0202797912061214 -0.0218122452497482 0.0135175101459026 0.0510440766811371 0.0208173450082541 0.0219284016638994 -0.0206707008183002 0.0404888838529587 -0.0121285952627659 -0.0532616637647152 0.0899190977215767 0.0152312126010656 0.0708043649792671 0.0737679749727249 0.0187966357916594 -0.038286317139864 -0.00603453628718853 -0.0100762927904725 -0.0681444779038429 -0.014825252816081 -0.00340183335356414 -0.0605531744658947 0.0276342555880547 -0.128412291407585 -0.0365442149341106 -0.0197786036878824 -2.6848167181015e-05 -0.0189571678638458 0.0224440060555935 -0.0864032357931137 0.00212294305674732 -0.022400613874197 -0.0162167809903622 0.0272161737084389 0.0281880348920822 -0.0915243402123451 0.0195149965584278 -0.0613656528294086 0.0855394825339317 0.0375149995088577 -0.0694421604275703
