assets/gome_f/processed/ascii/world/gome_sif_world_20110301.asc
NCOLS 720 
NROWS 360 
XLLCORNER -180 
YLLCORNER -90 
CELLSIZE 0.5 
NODATA_value -3.4e+38 
[rows 133 to 151 of 360, columns 645 to 687 of 720]
0.00820278842002153 0.151728719472885 -0.0655156522989273 -0.0502360723912716 -0.00473704701289535 -0.0210047140717506 0.0128101957961917 -0.00536081101745367 -0.0937217250466347 0.0421708151698112 -0.0250999238342047 0.00348608754575253 0.02210758253932 -0.043901264667511 0.0770015195012093 -0.0507181622087955 0.0502073504030704 0.0605785176157951 0.0512865297496319 -0.0801768973469734 0.00869726948440075 -0.0325767509639263 0.0346103869378567 0.0103835584595799 -0.0560904555022717 -0.0483334846794605 -0.0217418614774942 0.0947012379765511 -0.0375338420271873 -0.101788222789764 -0.037471029907465 -0.0284350048750639 -0.0114949829876423 0.0618608221411705 0.00712651526555419 -0.035296656191349 0.0557391010224819 0.00207811198197305 0.065781868994236 -0.109438873827457 0.0708084255456924 -0.0254171621054411 -0.0913091152906418
-0.00820836424827576 0.024318415671587 -0.0614025443792343 0.0515998676419258 0.0377481430768967 -0.031573299318552 -0.00649653282016516 0.00855119992047548 0.02961590513587 0.00806689914315939 -0.0141931306570768 0.0882861837744713 0.0285043679177761 0.0565850660204887 0.00231319107115269 0.00403991527855396 -0.0393495224416256 -0.086889773607254 -0.0527195669710636 0.0436362288892269 0.0206729434430599 0.113277442753315 0.0718076676130295 -0.0305546838790178 -0.0487334579229355 0.0452968515455723 0.00125310535077006 0.0307746045291424 0.0148218544200063 -0.0415582694113255 0.0251760873943567 0.0301750730723143 0.0150431711226702 -0.0207453332841396 0.0883700102567673 0.0514774136245251 -0.101884663105011 -0.0848454013466835 -0.0315822176635265 -0.0335229001939297 -0.0819271728396416 0.0610969215631485 -0.0267089549452066
-0.0284509342163801 -0.0443758368492126 0.0250383578240871 -0.0346317999064922 0.0129808261990547 0.0583818331360817 0.00417552655562758 -0.125383630394936 0.024697370827198 -0.0379460901021957 -0.0321539156138897 0.0124839404597878 0.0500531867146492 -0.0649389252066612 0.0467226319015026 0.0443797893822193 0.0686164647340775 -0.0383328199386597 -0.0113141257315874 0.0208629351109266 -0.0541927739977837 0.0774265229701996 0.0433936640620232 0.0447348468005657 0.0129062607884407 0.0296535678207874 -0.00851682387292385 0.0448961928486824 -0.0737029016017914 0.0425675362348557 0.0838655456900597 0.0223884545266628 0.0154867246747017 0.0346057415008545 -0.00538553856313229 -0.0316507630050182 -0.0614659488201141 -0.10006807744503 -0.0471011027693748 0.0505135394632816 -0.0648143216967583 0.0715236514806747 0.0022825684864074
0.0430236048996449 -0.0349637046456337 0.0110301170498133 0.0261480864137411 0.0437934659421444 -0.0807461738586426 -0.0877544581890106 0.0619424842298031 -0.0382233411073685 -0.0252452008426189 -0.0715452954173088 0.0305199325084686 0.00570876989513636 0.0707579329609871 -0.0151584390550852 -0.0715666189789772 0.0568994283676147 0.0798367410898209 0.0233494825661182 0.0366850681602955 0.0695306658744812 0.0247512944042683 0.00470968056470156 -0.0246891174465418 0.0137590281665325 0.0335868634283543 0.0501423254609108 0.00461940048262477 -0.0240659173578024 -0.0586665868759155 0.0290560778230429 0.0512183755636215 -0.0045286612585187 -0.0458168350160122 -0.0139310704544187 0.0824267566204071 0.0548350177705288 0.0129681685939431 -0.0356322228908539 0.0241864752024412 0.0533096604049206 -0.0904091373085976 0.0275969449430704
0.0580990239977837 0.0668080449104309 -0.0419814735651016 0.00627502519637346 -0.0638372972607613 -0.0052554770372808 0.0234614219516516 0.0431090481579304 0.100402928888798 0.0369705818593502 -0.051712442189455 0.0458363778889179 9.45667416090146e-05 0.071553573012352 0.0288111474364996 0.0148891061544418 -0.0131455985829234 -0.0824919492006302 0.0138964606449008 -0.0306978076696396 -0.0226723104715347 -0.0104204965755343 0.0735262259840965 0.0360634289681911 0.0445907115936279 -0.0639100298285484 -0.0592325516045094 -0.0279370248317719 0.0404841974377632 -0.0772210136055946 0.0223716553300619 0.0563232898712158 -0.0624840557575226 0.00364747224375606 0.024475984275341 0.0161854308098555 -0.00636113760992885 -0.0592810250818729 -0.0320243053138256 -0.04832948371768 -0.0368254110217094 0.0463285222649574 0.0333845131099224
0.0231947284191847 -0.0217290483415127 -0.0195403583347797 -0.0987584888935089 0.031089985743165 0.0614124312996864 0.0705683082342148 0.0844250991940498 -0.0668059438467026 0.00661771930754185 -0.00325524318031967 -0.0533600971102715 0.0444257482886314 -0.0704660564661026 -0.0160540509968996 0.0792843848466873 0.00784835871309042 -0.010652169585228 -0.0264647696167231 0.0171810556203127 -0.00762478588148952 0.010254031047225 0.0493467412889004 -0.00152051716577262 -0.0302163902670145 0.0630165860056877 0.00819619931280613 0.0174479968845844 -0.037590678781271 -0.0564809814095497 -0.0778912678360939 -0.0064874873496592 -0.0108593571931124 -0.00798737909644842 0.0126593746244907 0.0189475007355213 -0.0737035498023033 0.00936102401465178 -0.0333636961877346 -0.0208378881216049 0.00608821958303452 -0.0338417999446392 0.0275872368365526
0.0601637661457062 -0.0199370607733727 -0.0516174919903278 0.00996341090649366 0.00115882884711027 -0.00335833127610385 0.00470429798588157 -0.0417239367961884 -0.000541404762770981 0.0282452777028084 -0.100643530488014 0.0562226176261902 0.0356057547032833 -0.115591458976269 0.0273337662220001 -0.00535231735557318 -0.0386149771511555 0.0465353019535542 -0.0307937357574701 0.0626182779669762 0.0287777930498123 -0.0821255818009377 -0.00311157410033047 0.0265738889575005 0.0168026946485043 0.0375533699989319 0.0293754879385233 -0.0462931469082832 -0.0106488028541207 -0.0177776366472244 0.0270056799054146 0.00131573923863471 -0.0783664658665657 -0.0462401323020458 -0.0219544097781181 0.0479977652430534 0.0390160568058491 -0.0379810966551304 -0.0390844531357288 -0.0383607856929302 -0.0537264458835125 0.044776976108551 0.036366268992424
-0.0924363881349564 0.0611641183495522 -0.027072174474597 0.00266909110359848 -0.0273796301335096 0.0294311493635178 0.167593508958817 0.00701218377798796 0.000202427312615328 0.0279987622052431 0.0188454370945692 0.0380246527493 -0.0276599153876305 -0.0341208167374134 -0.0877405852079391 0.0176609288901091 0.0132282627746463 0.0194330625236034 -0.0348830483853817 -0.0230661537498236 0.0381764583289623 0.0414402186870575 0.0244272500276566 -0.0420705117285252 -0.041362252086401 -0.0293562859296799 0.030914144590497 -0.0341608114540577 -0.0502239651978016 0.000616345088928938 0.053055364638567 0.0288167633116245 0.035756278783083 -0.0500169284641743 -0.00329140620306134 -0.0599456951022148 0.00134805589914322 -0.0302880704402924 -0.0641144067049026 0.132696688175201 -0.141475677490234 0.0161923971027136 0.0116313304752111
0.074649415910244 0.145736142992973 -0.00898699462413788 0.0751912295818329 -0.0499940030276775 0.0386834926903248 0.0561853796243668 0.0700467154383659 0.000144388148328289 0.0225666649639606 -0.0873773470520973 0.00652162218466401 0.00722976913675666 0.0124773029237986 -0.0698819532990456 -0.0200794246047735 0.0362511575222015 -0.00996012706309557 0.031701672822237 0.0247045271098614 -0.0452023074030876 -0.0100471237674356 -0.0283278319984674 -0.0155199654400349 -0.071474201977253 -0.0582318715751171 0.0791614800691605 -0.0497768707573414 -0.0453338362276554 -0.00190524582285434 0.062069084495306 -0.0513506531715393 -0.0164338052272797 0.0342250280082226 0.0357086695730686 -0.116266712546349 0.0543996170163155 0.0323433578014374 0.043150819838047 0.0429991483688354 -0.00898078829050064 -0.146754935383797 0.0138399405404925
-0.00112340971827507 -0.0442114323377609 -0.0492216236889362 -0.0562042035162449 0.0112746553495526 -0.0745404735207558 0.0812904760241508 0.0139316944405437 -0.02430116571486 0.00575052807107568 0.0279284920543432 -0.0193856880068779 -0.0215806346386671 0.0270882491022348 0.0444008335471153 -0.00775432772934437 -0.0287792943418026 -0.0186207126826048 0.0407704040408134 -0.0133097963407636 -0.0408483818173409 0.0400914549827576 0.0623744800686836 -0.0694518238306046 -0.0296278800815344 -0.0733855664730072 0.0397006869316101 0.00184148096013814 -0.00255313352681696 -0.039690800011158 0.0122928405180573 -0.00765113113448024 -0.0217873398214579 0.045388501137495 -0.00471131037920713 -0.0907310768961906 -0.0930604487657547 0.0121432803571224 -0.0696369931101799 0.0816545709967613 0.0119921565055847 0.0379153192043304 -0.000996945658698678
-0.0524305626749992 0.0787795260548592 -0.0120122479274869 -0.038109190762043 -0.0861209407448769 0.0346887409687042 0.0874272733926773 0.00761387031525373 -0.0624269470572472 0.024748470634222 -0.0537474118173122 -0.0522512830793858 0.108983717858791 0.0293549243360758 -0.00608071405440569 0.0219314936548471 -0.0045357090421021 -0.00731714908033609 -0.0135261183604598 -0.09200619161129 -0.0785113573074341 0.0132518466562033 -0.0224634371697903 0.00708055030554533 -0.0188776925206184 0.079808421432972 -0.0338715463876724 0.0453850217163563 -0.0360139533877373 0.00655193068087101 0.00792822241783142 0.0515573099255562 0.0327794998884201 -0.0390377230942249 0.0234115906059742 -0.0377702787518501 -0.0501948818564415 -0.00875652488321066 -0.112464174628258 -0.0233840085566044 0.0109908385202289 -0.0579462498426437 0.0526121258735657
0.00697375368326902 0.0272073894739151 -0.0300118327140808 -0.0141911376267672 0.0153560740873218 0.00358302728272974 0.027030985802412 -0.101101703941822 -0.0324472524225712 0.0316480994224548 0.0436431095004082 -0.0540911518037319 0.021879194304347 -0.0512162148952484 0.0215259827673435 -0.00423475727438927 0.0489416494965553 -0.0868976190686226 -0.0372217521071434 0.0100887482985854 0.0350958108901978 -0.000470013619633391 -0.011693311855197 -0.00827938877046108 0.0438672713935375 0.010517904534936 -0.0415130071341991 0.0327198281884193 0.0456916429102421 -0.129960477352142 0.0119695505127311 -0.0092737004160881 0.00850543472915888 0.0512000732123852 -0.00146537460386753 -0.0169442743062973 -0.0391985028982162 -0.0434034094214439 0.0224718656390905 0.0394276157021523 0.017355190590024 0.0245505273342133 -0.0241937339305878
-0.0045372718013823 -0.0231852605938911 -0.0212957132607698 -0.118250131607056 -0.173995077610016 -0.0422911867499352 -0.000668922846671194 -0.0513090789318085 0.0429992265999317 -0.00794293917715549 0.0249750521034002 0.0094024483114481 -0.070562943816185 -0.0533455312252045 0.0172084644436836 -0.0257151387631893 -0.0307789482176304 0.00078170420601964 -0.0535880550742149 0.0650420561432838 -0.0127523792907596 -0.00511880358681083 -0.0283192507922649 -0.0697834938764572 -0.00729090115055442 0.0727432891726494 -0.0259914398193359 -0.0692101120948792 0.0145620573312044 -0.0311620160937309 0.0210056304931641 -0.0658895075321198 -0.0169010274112225 0.046093013137579 -0.00810832530260086 0.0245522167533636 -0.000983736710622907 -0.0356526449322701 0.0374164246022701 -0.0265522208064795 -0.0474306046962738 0.00840123649686575 -0.0184219684451818
0.0950738340616226 -0.0183959435671568 0.0615039765834808 -0.0162439271807671 -0.0547485277056694 -0.045498538762331 -0.00150085985660553 0.0430724509060383 -0.0192398764193058 0.0291580110788345 -0.0522956363856792 0.0283747315406799 0.0933662429451942 0.0296316053718328 -0.0234937779605389 -0.00643076561391354 -0.0871829017996788 -0.0428116247057915 -0.0362634584307671 -0.0657329186797142 0.0792500972747803 -0.0300847291946411 0.0858418643474579 -0.0499454289674759 0.0290052834898233 -0.0707349181175232 0.0409844666719437 0.0356140919029713 0.0550867095589638 0.058889202773571 -0.0379993841052055 0.0733389630913734 -0.000370075082173571 0.0716862827539444 -0.0283273681998253 0.0211523212492466 0.0364798344671726 0.018879909068346 -0.0026452683378011 0.0560300424695015 0.0193555373698473 -0.0722086578607559 -0.0622797012329102
-0.00997121538966894 -0.0291836336255074 0.0189974866807461 -0.0794321596622467 0.0134070860221982 0.017895644530654 -0.00544047402217984 0.0254305321723223 0.0385109893977642 0.0925078988075256 -0.0902092307806015 0.0478117242455482 0.00775959948077798 -0.0549850538372993 0.0725316777825356 0.0290931183844805 -0.0278661716729403 0.0284140892326832 0.0850660428404808 -0.118902623653412 0.151207029819489 0.0251247361302376 0.065779022872448 -0.00327058602124453 -0.00956515595316887 -0.0243009142577648 -0.117413982748985 -0.0652333423495293 -0.0979344993829727 -0.0102662574499846 -0.00370634207502007 0.034480556845665 -0.00187209108844399 -0.0368057154119015 0.00280645373277366 0.0080321840941906 0.114805139601231 0.0103947855532169 -0.0355026312172413 -0.0579485967755318 -0.0320511646568775 0.0401370152831078 -0.0820287615060806
-0.0163631588220596 -0.0421611443161964 -0.0313450060784817 0.0231802184134722 0.077494740486145 -0.0913513526320457 0.0109773576259613 -0.00998340919613838 -0.0462621711194515 -0.0070920935831964 0.0456268452107906 -0.0138619113713503 -0.0400941371917725 -0.0269778147339821 0.0473168604075909 -0.0923122763633728 0.00519320508465171 0.0508444905281067 -0.0919947624206543 0.00390642788261175 -0.0095229335129261 -0.0452114082872868 -0.0836516842246056 -0.0235139969736338 -0.0286690704524517 0.0472668074071407 -0.0329242497682571 -0.0165971461683512 -0.0374892093241215 0.00358568271622062 0.03811901435256 0.0384148359298706 -0.0158909950405359 0.0536532178521156 0.0712574496865273 -0.0160781778395176 -0.0603350922465324 -0.00920659396797419 0.143740266561508 0.00306439795531332 -0.0401552766561508 -0.0541153401136398 0.0280908569693565
-0.0376912169158459 0.0604974180459976 0.0349596254527569 0.0260144118219614 0.0422550775110722 0.0353677347302437 0.0917595028877258 -0.0374687314033508 0.0226371288299561 0.00999821163713932 -0.0185218695551157 -0.00501196552067995 -0.060724463313818 -0.0363264009356499 -0.0603010058403015 -0.0406518243253231 0.0319519639015198 -0.0403583832085133 0.0182583779096603 -0.0312993936240673 -0.0149180144071579 -0.0413449369370937 -0.00748970871791244 0.0320529118180275 0.00568432221189141 0.0364677831530571 0.102170169353485 0.0354498438537121 -0.0378174223005772 -0.0400712601840496 -0.0634099766612053 -0.0127339903265238 -0.0448068380355835 -0.0298811439424753 0.0391180291771889 0.00278806569986045 -0.01692652143538 -0.00141020305454731 -0.0879260376095772 -0.0213804896920919 -0.0999595820903778 -0.0210643038153648 0.0355349704623222
0.0394685082137585 -0.0657212138175964 -0.00842303968966007 -0.0461466051638126 0.110955476760864 0.0956084355711937 -0.0427489094436169 -0.0228904020041227 -0.0453654080629349 0.00404022028669715 0.0227663964033127 0.0365529283881187 0.00439981650561094 0.00658061448484659 -0.0642973110079765 -0.0146547639742494 -0.00176366220694035 -0.0372157767415047 -0.0298466198146343 -0.0147006893530488 -0.0385060869157314 -0.0395011454820633 -0.00182722439058125 -0.0481429286301136 0.064696379005909 -0.0179378353059292 -0.0476677082479 -0.0142804868519306 0.026604738086462 -0.0453823730349541 -0.00579343782737851 0.0371986143290997 -0.041138544678688 -0.0269891675561666 -0.0684848204255104 0.00166172441095114 -0.0193494707345963 -0.0550404526293278 -0.0612808465957642 -0.0497422330081463 -0.0281288716942072 0.0344338491559029 0.024309953674674
0.0160045493394136 0.0626130774617195 0.00528863491490483 -0.0835368633270264 0.00256990385241807 -0.0768637806177139 -0.0519076362252235 -0.00668002525344491 -0.00662190932780504 0.0192974731326103 0.0246378481388092 0.0298552121967077 -0.0880335941910744 0.10505136102438 -0.008054512552917 -0.0103555023670197 -0.0107003739103675 0.00283003272488713 -0.0291155781596899 0.0606261789798737 0.0139309065416455 -0.0149771627038717 -0.0566334687173367 0.00688021583482623 0.10406756401062 -0.0256581474095583 -0.0183097943663597 -0.0364176630973816 -0.0659507140517235 0.0247780568897724 -0.0125114284455776 -0.0146633516997099 0.0562825538218021 0.0460260882973671 0.0386847890913486 -0.0385603457689285 -0.113807633519173 0.0980279669165611 -0.021771427243948 0.0482535846531391 -0.0367509759962559 -0.0213595107197762 -0.0336658544838428
