assets/gome_f/processed/ascii/world/gome_sif_world_20120501.asc
NCOLS 720 
NROWS 360 
XLLCORNER -180 
YLLCORNER -90 
CELLSIZE 0.5 
NODATA_value -3.4e+38 
[rows 190 to 208 of 360, columns 645 to 687 of 720]
0.380440652370453 0.230075642466545 0.20033960044384 0.500332117080688 0.487999588251114 0.427594363689423 0.33131068944931 0.236562252044678 -0.0756699442863464 0.067454032599926 0.0138959372416139 -0.0179442651569843 0.129678711295128 0.146575152873993 0.239961236715317 0.268729686737061 0.14585642516613 0.199285298585892 0.300443083047867 0.189331352710724 0.00181645492557436 0.0187185276299715 0.0112065272405744 0.0111713241785765 0.0598200187087059 0.0494605898857117 0.0117963841184974 0.0225931257009506 -0.0301535185426474 0.0441595129668713 -0.0486685894429684 0.0818104520440102 0.00517903454601765 0.0770439505577087 0.00969616509974003 0.00569485034793615 -0.075323224067688 0.0310499519109726 0.134803399443626 -0.0832564458250999 0.0444557517766953 0.0146865099668503 -0.0157469231635332
0.294466584920883 0.225547671318054 0.214513778686523 0.319614976644516 0.326328873634338 0.341989904642105 0.428112536668777 0.166327491402626 0.20521180331707 0.178231999278069 0.118338793516159 -0.0493034049868584 0.271839529275894 0.423274159431458 0.416122525930405 0.508633732795715 0.353291392326355 0.165822595357895 0.140946894884109 0.0753145143389702 -0.119893975555897 0.0456500537693501 0.0209068618714809 -0.0214313641190529 0.132771909236908 0.312687307596207 0.104494899511337 -0.0114036053419113 -0.0422567687928677 0.00602334225550294 0.0475529059767723 -0.0291280467063189 -0.0147944893687963 -0.0252551008015871 0.148960247635841 -0.115312620997429 0.00206120684742928 -0.145285829901695 0.0457700155675411 -0.0100657111033797 -0.0231631901115179 -0.00260517396964133 -0.0754230618476868
0.561293423175812 0.319097459316254 0.266805112361908 0.305690348148346 0.249190613627434 0.304440289735794 0.27970477938652 0.382685929536819 0.35998147726059 0.366057991981506 0.226633533835411 -0.0316029898822308 0.00547405425459146 0.306907504796982 0.209048256278038 0.304235458374023 0.131570562720299 0.0318524427711964 -0.0377653986215591 -0.0534831024706364 -0.0628573000431061 0.0726160332560539 0.0327379629015923 0.0469420179724693 0.0210818666964769 0.271596133708954 0.284222424030304 0.0641240254044533 -0.00841323845088482 0.0259747691452503 0.0667195692658424 0.0346833504736423 0.0139007121324539 0.0962756499648094 0.0835854113101959 -0.0489746257662773 0.03549949452281 -0.0501674599945545 -0.131574660539627 0.0727555006742477 -0.0114345084875822 0.0613933578133583 0.00108766031917185
0.347037196159363 0.412321984767914 0.421638906002045 0.370986640453339 0.359483599662781 0.319002211093903 0.304997205734253 0.259340345859528 0.306559890508652 0.0742992609739304 0.0231513604521751 0.00428170571103692 -0.0410369597375393 0.112870156764984 0.0311130154877901 0.0861944556236267 0.0456692799925804 -0.0565731003880501 0.00864798575639725 0.0473446510732174 -0.00261919107288122 -0.0394801832735538 -0.0315251387655735 0.103203639388084 0.0898618251085281 0.0859370082616806 0.117779716849327 0.148837819695473 0.0888878852128983 0.17886646091938 0.0573582910001278 0.0463832169771194 -0.0452064573764801 0.0280086193233728 0.113482102751732 -0.105776615440845 0.0728020444512367 0.0278781857341528 -0.0608761720359325 -0.0453128963708878 0.0364135839045048 0.0157544501125813 0.0384032316505909
0.505093812942505 0.500376105308533 0.430597007274628 0.469591498374939 0.348979651927948 0.487948715686798 0.256966948509216 0.323208540678024 0.263944119215012 0.3022081553936 0.00035412423312664 -0.0757762938737869 -0.0299229677766562 0.125259280204773 0.0208708513528109 -0.0317109525203705 -0.0960914343595505 0.086455762386322 -0.0176452938467264 0.0292552951723337 0.0338680781424046 -0.0320957340300083 0.0872839614748955 0.0602634996175766 0.0733013451099396 0.0169147234410048 0.0819756463170052 -0.0222650021314621 0.0387000851333141 0.133223414421082 0.126357927918434 0.0752365291118622 -0.0553227886557579 -0.0853770896792412 0.00189690594561398 -1.28805295389611e-05 -0.0318620502948761 0.0491520240902901 0.0305207092314959 -0.0224311593919992 -0.0144082121551037 0.0976121127605438 -0.0218779928982258
0.115174412727356 -0.100802019238472 0.258924573659897 0.236366048455238 0.0103835184127092 0.202741235494614 0.284495502710342 0.374029397964478 0.333462625741959 0.142811983823776 0.114055104553699 0.0199060998857021 -0.0409932695329189 -0.014516013674438 0.0244835242629051 -0.0150561071932316 -0.0264478977769613 0.0195909161120653 0.0918539240956306 -0.0242732279002666 -0.0994388684630394 -0.0541893839836121 -0.101460337638855 -0.0199566278606653 0.00533362198621035 0.106158338487148 -0.0590487942099571 -0.0302146188914776 0.0825038477778435 0.166118174791336 0.0240439381450415 0.010017360560596 0.0783766135573387 0.108231768012047 0.12215730547905 0.0458248890936375 0.00900605507194996 0.0935320109128952 -0.0769523829221725 -0.00513033894822001 -0.0341682657599449 0.110152967274189 0.0439691320061684
-0.0078552458435297 0.341851890087128 0.100895866751671 -0.0853299275040627 -0.0107839750126004 -0.032760176807642 -0.0457861758768559 0.154793187975883 0.208187565207481 0.281539350748062 0.352967023849487 0.237067773938179 -0.0825813114643097 -0.122467190027237 0.00320556317456067 -0.0237248931080103 0.00894902460277081 0.0742487907409668 0.00967531464993954 0.0067184017971158 0.0700003057718277 0.000157247792230919 -0.0615489557385445 0.0462088398635387 -0.0112146101891994 0.0293864514678717 0.0430470816791058 -0.0916475206613541 0.0860525742173195 0.161577001214027 0.223658874630928 0.0819026231765747 0.0685769990086555 0.0290040820837021 0.0707473829388618 -0.0189031716436148 0.106943763792515 0.0412086099386215 0.0298876687884331 0.0101389717310667 0.0039638876914978 -0.0054189614020288 -0.0143948830664158
0.216649368405342 0.496463686227798 0.100149907171726 0.0618343651294708 0.0929435938596725 0.0220095850527287 0.00857824273407459 0.000396344810724258 0.192228391766548 0.343055576086044 0.310910850763321 0.362747222185135 0.169367477297783 0.0499226674437523 0.035693246871233 -0.0281488858163357 -0.0672264918684959 0.0344085544347763 0.0981621965765953 -0.00252033723518252 -0.0468613281846046 0.0128187146037817 0.0136917810887098 -0.0215606670826674 -0.048201959580183 0.0466625653207302 -0.0604925341904163 -0.0178090333938599 -0.134010404348373 0.0845768675208092 0.095294177532196 0.0827898383140564 -0.0532021224498749 0.00888116750866175 0.019377201795578 0.0692153945565224 0.206681311130524 0.187241792678833 0.127617314457893 0.0615234896540642 -0.0913088098168373 -0.0300759635865688 -0.00558309396728873
0.0618055015802383 0.0957897305488586 0.0536845400929451 0.0368482284247875 -0.247243583202362 -0.0341987647116184 -0.0446039065718651 0.0962380543351173 0.13819208741188 0.207886070013046 0.328346371650696 0.352702617645264 0.216179266571999 0.370058864355087 -0.00960347428917885 0.121376402676105 0.106325641274452 -0.115400791168213 0.0266362745314837 -0.0779472589492798 -0.0498236641287804 -0.0442248173058033 0.0396801307797432 0.0186642520129681 -0.0121701583266258 -0.0153943002223969 0.03964788839221 0.103978209197521 -0.0157199967652559 -0.0425074435770512 0.0423445031046867 0.0269559361040592 -0.0464340858161449 -0.0396948046982288 0.138443231582642 0.257878929376602 0.0941731855273247 0.0399215370416641 0.090564988553524 0.0679004862904549 -0.0808016136288643 0.010211649350822 0.0816326215863228
0.0866385400295258 -0.00769599946215749 0.104850195348263 -0.00740966573357582 -0.0265721268951893 0.0593722090125084 0.0824577063322067 -0.0526290312409401 0.0965108126401901 0.148103505373001 0.298010110855103 0.312139600515366 0.200605645775795 0.394660711288452 0.403210818767548 0.185159847140312 0.00647429516538978 0.0401199460029602 0.00225151353515685 0.0585898384451866 -0.0599246323108673 -0.0829009041190147 0.0599957555532455 0.0129675650969148 0.0265905894339085 -0.00182127498555928 0.00253119599074125 0.0159677881747484 0.013951369561255 -0.072372779250145 0.0462626852095127 0.0531485974788666 0.0597279444336891 0.0305141620337963 0.0560298375785351 0.259150624275208 0.258924812078476 0.0672711804509163 0.0228872671723366 0.090827465057373 -0.0433534048497677 -0.00851499382406473 -0.0400465279817581
-0.171432763338089 -0.0156522486358881 -0.11758478730917 0.0756135880947113 -0.0314369276165962 -0.0891824960708618 -0.0268234685063362 -0.0588496625423431 -0.0041714827530086 0.00872246082872152 -0.0313709937036037 0.168248265981674 0.0930963233113289 0.0218972638249397 0.0541349910199642 0.170468866825104 0.0700872763991356 -0.0555437691509724 -0.0306063890457153 -0.104654781520367 0.0349816344678402 -0.0237883552908897 0.070790022611618 0.0473197437822819 -0.00616300711408257 -0.0254421532154083 0.0302148927003145 -0.0132473092526197 -0.0932559594511986 -0.0699519291520119 0.0644431933760643 0.0678758472204208 -0.0389620438218117 0.0286389514803886 -0.0780601352453232 0.111784629523754 0.12210875749588 -0.00332816690206528 0.163337275385857 0.058564692735672 0.0534843541681767 0.0272525046020746 0.0722345560789108
0.17102974653244 -0.051524430513382 -0.0928191170096397 -0.0254431590437889 -0.0497423447668552 0.00458820024505258 -0.0931650474667549 0.070104107260704 0.0667025521397591 0.0791739597916603 -0.0958900079131126 0.000994553440250456 -0.0257089026272297 0.0240970198065042 0.0498975701630116 -0.00738262152299285 -0.00577583163976669 0.0697867497801781 -0.0193289741873741 -0.0572820901870728 -0.0397499278187752 0.0547541752457619 0.0160386189818382 0.0732992440462112 0.0243491567671299 -0.164120957255363 0.00654920050874352 0.00569979939609766 -0.0178539324551821 -0.0347200892865658 -0.0276025347411633 0.0171318855136633 -0.0957565307617188 -0.0115275289863348 -0.0215775370597839 -0.0342774949967861 0.0477846674621105 0.0406352058053017 -0.0229686964303255 0.100713856518269 0.109263680875301 -0.0626590400934219 0.0836976766586304
0.147167131304741 0.0642906129360199 0.0663337260484695 -0.00768419308587909 0.0797824636101723 0.00388538208790123 0.10151344537735 -0.0516523718833923 0.0985666438937187 -0.0860200300812721 -0.0424118191003799 0.105326965451241 0.00856061093509197 -0.0604594387114048 0.0234834849834442 0.0121677676215768 0.0615587271749973 -0.0544615648686886 -0.0297721158713102 0.0644928216934204 -0.0825281292200089 0.113657727837563 0.083965428173542 0.0836334303021431 0.0747108533978462 0.0220364909619093 0.0505906157195568 0.0990583896636963 0.0802802368998528 -0.0723954513669014 -0.282825469970703 0.0894726663827896 0.0268946103751659 0.0350889377295971 -0.0436197519302368 -0.0134550565853715 -0.0371922068297863 -0.0901759117841721 0.0424915105104446 0.0906798467040062 -0.0463447719812393 -0.034593440592289 0.0358307026326656
0.159549102187157 0.0526886768639088 -0.0492832511663437 -0.00885591376572847 -0.0807224586606026 0.0172954015433788 -0.0669573023915291 -0.0210508517920971 -0.097204715013504 0.125623673200607 -0.0508602559566498 0.157004341483116 0.10117968916893 -0.0802178382873535 -0.0623936243355274 0.019010441377759 0.0644657909870148 -0.0219658091664314 -0.0292597748339176 -0.0178719367831945 0.0430535562336445 0.0562107637524605 0.07105652987957 0.00947371684014797 -0.0825571566820145 0.085458055138588 -0.0508200228214264 -0.0470139272511005 -0.0787776634097099 0.0388631299138069 -0.0764808505773544 0.15672567486763 0.0597631931304932 -0.0216161236166954 0.101245060563087 0.00447152042761445 0.0755495727062225 -0.0328171737492085 0.044902577996254 -0.00110878748819232 0.0164016205817461 0.0491440035402775 0.0694402307271957
0.320408880710602 0.118138164281845 0.108210250735283 -0.0669071674346924 0.0254365429282188 0.0234785377979279 -0.0257993284612894 -0.010898170992732 0.0986289605498314 -0.0548859499394894 0.0196836553514004 -0.184215441346169 -0.0869919285178185 0.119411826133728 0.000425879785325378 0.0294369794428349 0.0135332532227039 0.0228706896305084 0.0300912857055664 -0.0653761550784111 0.102047421038151 0.0353961996734142 0.116673775017262 0.0847591161727905 -0.0359722226858139 0.0605885498225689 0.0256196763366461 -0.130797579884529 0.0178295113146305 -0.0892430320382118 -0.0710045844316483 -0.0488581098616123 0.0206124037504196 0.000645445135887712 0.115604244172573 -0.00590393971651793 0.0972385182976723 0.027801176533103 0.0670253485441208 0.00335028534755111 -0.11881235986948 -0.0347726494073868 -0.048239704221487
0.231405213475227 0.240648657083511 0.11688356846571 -0.0553950183093548 -0.111636981368065 0.0653155744075775 0.00508502125740051 0.0145516991615295 -0.0121468892320991 0.103548265993595 -0.0632351487874985 -0.133578464388847 -0.113278038799763 0.0535196475684643 0.0700080767273903 -0.186769068241119 0.0704304054379463 0.00214820820838213 -0.016471017152071 0.00447567692026496 0.137622594833374 0.0101795326918364 -0.12667191028595 -0.137580618262291 0.0190877430140972 0.0544102638959885 -0.0868148505687714 0.193311646580696 0.0553545095026493 -0.183194160461426 0.0145383151248097 0.102168902754784 -0.0300420895218849 -0.0827092528343201 0.071125254034996 -0.0111525543034077 0.00550466496497393 -0.0765619426965714 0.0865123420953751 -0.0142056290060282 -0.103033125400543 0.0756829082965851 -0.0606124885380268
0.278334259986877 0.159668296575546 0.22425851225853 0.0538990274071693 -0.111041709780693 -0.0679755359888077 -0.019715728238225 -0.0266844667494297 0.0541055016219616 -0.0182159636169672 -0.0677458345890045 0.0424803607165813 0.0487962439656258 -0.0338734909892082 -0.105059459805489 0.00501916324719787 -0.0420056357979774 -0.0237360931932926 -0.119089722633362 -0.131849348545074 -0.0300408117473125 0.0349958464503288 -0.0522595345973969 0.0485052689909935 -0.0419677309691906 0.0185619834810495 0.0566650591790676 -0.133551374077797 -0.0135027784854174 0.0204295702278614 0.0114446571096778 0.0647711679339409 0.129290178418159 0.019603518769145 -0.111466065049171 -0.0116660697385669 -0.0768965929746628 0.0100259520113468 0.0790281295776367 0.0487714521586895 0.0310278590768576 -0.036617461591959 -0.0759331658482552
0.275601357221603 0.20052732527256 0.136720448732376 0.0471142902970314 -0.0220610480755568 0.0380274206399918 0.0999518632888794 -0.0318438485264778 -0.059065468609333 0.0431298017501831 0.0280159693211317 0.00779289100319147 -0.0446388944983482 -0.031012112274766 -0.0121748670935631 0.0392386987805367 -0.15714980661869 0.0118998261168599 0.0950154215097427 0.0194622240960598 -0.0154169937595725 -0.0149792479351163 -0.0437697544693947 -0.185609832406044 0.0728522762656212 0.0703236162662506 -0.0058881463482976 -0.094030350446701 0.00562408054247499 0.0185881219804287 -0.0399982891976833 -0.0710337162017822 -0.118010997772217 -0.0402591452002525 -0.103456050157547 -0.00771888764575124 -0.0690491870045662 -0.00328932702541351 0.0612877756357193 -0.00603207806125283 -0.0946207493543625 -0.022645553573966 0.0373488366603851
0.256081283092499 0.238569930195808 0.245648324489594 0.213928252458572 0.0739523023366928 0.040083035826683 -0.0452495887875557 -0.0742343589663506 -0.0499442927539349 -0.0435869283974171 -0.0814158841967583 0.014677450992167 -0.0100391898304224 -0.0443823263049126 -0.0439230501651764 0.00570806069299579 -0.0158906243741512 0.0168322008103132 -0.00255168904550374 0.0686968639492989 -0.0440523438155651 0.0904932841658592 -0.0180047899484634 -0.0247998218983412 -0.0634155198931694 -0.00706063723191619 -0.000125215301522985 0.00146979058627039 -0.0666658878326416 -0.010855732485652 -0.0781396627426147 -0.0594986267387867 0.0508264824748039 0.0076163955964148 -0.0686799138784409 0.0422493293881416 0.0843930244445801 -0.0793569087982178 -0.10699150711298 -0.0274506863206625 0.0279851667582989 -0.0502555519342422 -0.0790219977498055
