assets/gome_f/processed/ascii/world/gome_sif_world_20130701.asc
NCOLS 720 
NROWS 360 
XLLCORNER -180 
YLLCORNER -90 
CELLSIZE 0.5 
NODATA_value -3.4e+38 
[rows 114 to 132 of 360, columns 86 to 128 of 720]
0.0852674096822739 0.00398012110963464 -0.0108865052461624 0.064960390329361 0.0301192253828049 0.18220616877079 0.0399585776031017 -0.0681775510311127 0.0699011236429214 -999 -0.0898853540420532 0.0707848817110062 0.0874913483858109 0.0285474639385939 0.192350804805756 -0.0385049432516098 0.0310843512415886 0.0617195814847946 -0.0542193874716759 -0.0320682898163795 -0.0193800590932369 -0.0238698963075876 -0.0426585003733635 0.151646018028259 -0.0247763693332672 -0.024588692933321 -0.0211636424064636 -0.0697459354996681 0.142511457204819 -0.0385150872170925 0.00323382765054703 -999 -999 -999 -0.141545057296753 0.190882489085197 -0.00108154490590096 -0.042089406400919 0.0627308189868927 0.116028375923634 -0.0237707793712616 -0.00598186813294888 0.0679443329572678
-0.0809227973222733 -0.00570765044540167 -0.12014489620924 0.187270253896713 -0.0525286309421062 -0.0985521301627159 0.0830186456441879 0.115187987685204 -0.0817842483520508 0.217862173914909 -0.0617114417254925 0.0345330722630024 0.0918759405612946 -0.0521971397101879 -0.195188269019127 0.0354710184037685 -0.0501396656036377 0.117522887885571 0.0992910116910934 0.13697923719883 -0.0418385490775108 -0.105966195464134 -0.00556060578674078 0.0330433808267117 0.0261479075998068 0.111803509294987 -0.173944190144539 -0.0432616882026196 0.0330119766294956 0.143770694732666 -0.15554741024971 -999 -999 -999 -999 -0.250598192214966 -0.150873050093651 0.0314794033765793 0.0593021661043167 0.218297719955444 0.0586605183780193 0.0427662096917629 0.0181749630719423
0.17474490404129 -0.0667048320174217 -0.0253424253314734 0.224749445915222 0.0698681175708771 -999 0.0771702527999878 0.0984159931540489 -0.0903333872556686 0.0187779664993286 -0.183816239237785 0.122493602335453 -0.000863363326061517 0.0381440259516239 0.0128623954951763 0.26935014128685 0.0301371216773987 0.000537481158971786 0.00266460329294205 0.0917980968952179 -0.048458781093359 0.054735891520977 -0.032534047961235 -0.0518232174217701 0.0689375326037407 0.0627769455313683 0.06100719794631 0.0226285085082054 -0.0274902991950512 0.0768782123923302 -0.00643595308065414 -999 -999 -999 -999 -999 0.126566752791405 -0.040820624679327 -0.0183908622711897 -0.0350137539207935 0.13787280023098 0.0856580510735512 0.0857673808932304
0.0813350453972816 -0.0760312452912331 0.16601537168026 0.070567823946476 -0.0949235036969185 0.0602564290165901 0.020373372361064 0.0181344356387854 -0.0704316571354866 0.0216530989855528 -0.0359760224819183 -0.0734871998429298 -0.00461717508733273 -0.0674090161919594 -0.131539136171341 0.157216101884842 0.173966363072395 0.00529871881008148 0.0491387099027634 0.149428486824036 -0.137011006474495 0.16115303337574 0.0416016913950443 -0.147179394960403 -0.00376301258802414 -0.0237854775041342 -0.0216687303036451 -0.00282361847348511 0.161518797278404 -0.0893812403082848 0.197011783719063 0.353330880403519 -999 -999 -999 0.00554551417008042 0.203995898365974 0.0669156014919281 -0.0329752005636692 -0.0673771053552628 0.17864266037941 0.0591970197856426 0.107797399163246
-0.0484348870813847 -0.00712542748078704 -0.00641658017411828 0.00971687212586403 -0.0246407240629196 0.0510795563459396 0.0590172149240971 -0.00303812813945115 0.152597799897194 -0.106498546898365 0.0432004630565643 -0.0736944824457169 -0.0636644884943962 0.0910263061523438 -0.172606334090233 0.0707959681749344 -0.122054144740105 -0.0930727571249008 0.0918116867542267 0.185163825750351 0.11874920129776 -0.118302904069424 -0.116558745503426 0.063458263874054 -0.0878029093146324 0.0645105466246605 -0.0865904912352562 0.0915287584066391 0.0299746636301279 -0.332864493131638 -999 0.123532474040985 0.018943989649415 -999 -999 0.230244293808937 -0.0117797553539276 -0.038205411285162 -0.00785433035343885 -0.0126765603199601 0.0200923681259155 0.0854140296578407 -0.0149159608408809
-0.0815370976924896 -0.1311304718256 0.0563538931310177 -0.118705004453659 -0.00269741681404412 -0.0602218508720398 0.0845606178045273 0.0222417153418064 0.0617659464478493 -0.0183563400059938 -0.134714543819427 -0.104881219565868 -0.0454883798956871 -0.00187389424536377 -0.0219228249043226 -0.0221513491123915 0.113719239830971 0.131463959813118 0.151988297700882 0.0368607938289642 0.0465513952076435 0.181774452328682 -0.10304669290781 0.209921136498451 0.0233991667628288 0.0365040078759193 -0.0778717175126076 -0.0149486809968948 -999 0.125435650348663 -0.114691771566868 -999 -999 -999 0.343353599309921 -0.0380207449197769 -0.0711030140519142 0.0187017545104027 0.0986610874533653 0.0624950863420963 0.0675338506698608 -0.0434777736663818 0.127122551202774
-0.00804423075169325 -0.0135288322344422 -0.0190342236310244 0.117591239511967 0.0535557344555855 0.00701778428629041 0.0303281657397747 -0.0170760247856379 0.231611475348473 0.0775187537074089 -0.173401638865471 -0.0357527658343315 0.0921233519911766 -0.0714258253574371 0.0503004603087902 -0.1972676217556 0.0888242870569229 -0.0449737757444382 -0.248282745480537 -0.0491582788527012 0.00694597512483597 -0.0455091781914234 0.0408740304410458 0.0876210778951645 -0.0153852002695203 0.104137599468231 -0.00802764296531677 0.200668141245842 -0.170299634337425 0.0351792462170124 -999 -0.101560913026333 0.170167461037636 -999 0.442772328853607 0.223547965288162 -0.0213116575032473 0.0682473182678223 -0.162478819489479 0.359108120203018 0.0316324569284916 -0.0217804946005344 0.038427222520113
-0.104094497859478 0.185331881046295 -0.0821996480226517 -0.0854030176997185 -0.0210584942251444 0.102232441306114 0.0267145093530416 -0.00934237986803055 -0.0673581510782242 -0.013064693659544 0.0852738097310066 -0.101046986877918 -0.063971996307373 0.0413034968078136 0.0843262672424316 -0.0439554899930954 0.0323954895138741 0.293812155723572 -0.10048696398735 0.0185196958482265 0.0663070529699326 -0.00212963670492172 -0.110655590891838 -0.0959628596901894 -0.00144529156386852 0.0375399887561798 -0.132665947079659 0.0657004341483116 0.300883889198303 -0.109559863805771 0.281678944826126 -0.065006248652935 -0.0181009843945503 -0.234719067811966 -0.0981145277619362 0.0471414364874363 0.0465408936142921 -0.0443195961415768 0.0759259089827538 0.0230984333902597 -0.0515158511698246 -0.0317140258848667 -0.0368948914110661
0.0525409281253815 0.0209628976881504 0.000215867388760671 -0.0473129265010357 -0.011215940117836 -0.0446261279284954 0.0568369477987289 0.0118242632597685 0.0303657297044992 -0.0192806106060743 -0.0410111322999001 0.124567642807961 -0.0355306193232536 0.0191871616989374 0.100884452462196 0.0248850490897894 0.108367666602135 0.18452887237072 0.243431925773621 -0.0784537270665169 0.00196122634224594 0.00017224159091711 -0.116409361362457 -0.137307196855545 0.0359968356788158 -0.0616064146161079 0.0462025292217731 -0.0177054107189178 0.0356568545103073 -0.00370297580957413 0.219952076673508 0.0955368131399155 -0.116932824254036 0.118645653128624 0.29144823551178 0.11677210777998 0.0739773884415627 0.0446517616510391 0.0106165064498782 0.0570871233940125 -0.0265913996845484 -0.00152137794066221 -0.0136255994439125
-0.0813468769192696 0.186059027910233 0.117106199264526 0.0354047305881977 0.0725856199860573 -0.0252605080604553 0.0522702746093273 0.089353896677494 0.0794151425361633 0.0895785093307495 -0.0910941734910011 0.060010377317667 -0.136877819895744 0.167593628168106 -0.0828032940626144 0.0773478299379349 0.109213627874851 -0.05605648458004 -0.0646316334605217 0.0361681766808033 -0.0917909741401672 -0.0314791053533554 0.101092725992203 0.00909969210624695 -0.0152815841138363 -0.00289095938205719 -0.154163867235184 0.0259533207863569 -0.128710553050041 0.0608348399400711 0.162773713469505 -0.0763550847768784 0.220551609992981 0.117295153439045 0.202460929751396 0.0261739622801542 0.0957502424716949 0.0152838984504342 -0.0739734843373299 -0.00878692697733641 -0.0410629063844681 0.0655669420957565 0.08540328592062
-0.139331102371216 -0.093729093670845 0.1201561242342 -0.00357812107540667 0.0573860332369804 0.0307320542633533 -0.0341114029288292 -0.0495802834630013 -0.0638187378644943 -0.0012318619992584 -0.124403953552246 -0.120014429092407 0.145521193742752 0.0267792493104935 -0.00690851453691721 -0.0477723926305771 -0.0169648267328739 0.129716470837593 -0.064105361700058 0.00761038810014725 0.085287369787693 0.00775653123855591 -0.0709919854998589 -0.0521351136267185 -0.0915507897734642 -0.154392167925835 -0.000427883118391037 0.015378950163722 0.0140104442834854 -0.155251428484917 0.0697120055556297 0.103644661605358 -999 0.109390787780285 -0.194469049572945 0.0253536179661751 -0.0278323739767075 0.0671771019697189 -0.0280426312237978 0.0438961759209633 -0.0285363998264074 0.0628034174442291 0.0546683296561241
0.00531277852132916 -0.0627119764685631 0.111468926072121 -0.0905819311738014 0.0358272679150105 0.146045416593552 -0.0525024682283401 0.102825522422791 0.016995545476675 -0.0689563900232315 0.0748941674828529 -0.069354273378849 -0.016917809844017 0.0677052885293961 -0.110768675804138 -0.00761474249884486 -0.0402635969221592 0.00350242364220321 0.0830037593841553 -0.0647605359554291 -0.0768499225378036 0.0262009724974632 -0.0275592356920242 -0.020051795989275 -0.056226272135973 -0.0426716431975365 -0.0744528621435165 -0.111876219511032 -0.092688150703907 0.0364053212106228 -0.0138307325541973 0.039582721889019 -0.0939588993787766 -0.202570676803589 0.0283553246408701 -0.0358872152864933 -0.149332299828529 0.103438965976238 0.154225721955299 -0.115072384476662 -0.0179118718951941 0.126134410500526 0.0549883246421814
-0.0633336454629898 -0.0939215868711472 -0.0704725980758667 0.143447816371918 0.0369161516427994 0.0305672790855169 0.0627252161502838 -0.0132684810087085 0.0591231472790241 -0.0152128273621202 0.090196505188942 0.0927245020866394 -0.084283173084259 -0.0427289307117462 0.124947719275951 0.0915138944983482 0.00543991476297379 -0.00656905258074403 -0.0788009241223335 0.103578463196754 -0.0922079086303711 0.142873615026474 0.0701241120696068 -0.0130967488512397 -0.0465258434414864 -0.10054774582386 0.0257394164800644 -0.0419055819511414 -0.0204291604459286 -0.0203933864831924 0.188907355070114 -0.322116255760193 0.0282307155430317 -0.120136648416519 0.181688219308853 0.0921448841691017 0.198437392711639 0.011341854929924 -0.0869195461273193 -0.0518262460827827 -0.042530033737421 -0.00368744460865855 -0.00301751983352005
-0.0665227323770523 0.0528619289398193 -0.0477632284164429 0.0257258284837008 0.0362519361078739 -0.0239366367459297 0.0957854688167572 0.0282542202621698 0.0113420216366649 0.0516418479382992 0.113496460020542 -0.0797394439578056 0.0207043699920177 0.0586130023002625 -0.0331892259418964 0.121309019625187 0.240627497434616 -0.053871501237154 0.0985133200883865 0.187700554728508 -0.200439184904099 -0.0304248780012131 0.0114716850221157 0.0869356840848923 -999 0.0966869220137596 0.100733190774918 -0.0494347959756851 -0.019182289019227 0.275640875101089 0.043187640607357 -0.0336718335747719 0.0041319327428937 -0.0971259772777557 0.0311434641480446 0.0346724614500999 -0.107731781899929 0.0475847385823727 0.119122885167599 0.161707505583763 -0.0693331807851791 0.0827422961592674 -0.0334093570709229
0.0510758273303509 0.0771968513727188 0.0786952748894691 -0.064652293920517 -0.0442807264626026 -0.0132423024624586 -0.0712526440620422 -0.0588372088968754 0.0434550605714321 -0.0392995961010456 -0.0653393119573593 -0.0802640095353127 -0.0120547907426953 -0.0141685595735908 0.0599333085119724 0.137840539216995 0.207977697253227 -0.0129131050780416 0.0181420035660267 0.0273704919964075 0.111090868711472 0.0212070643901825 -0.183972716331482 -0.102563247084618 -999 -0.0965608507394791 -0.161982327699661 0.118607111275196 -0.000200976923224516 -0.145839050412178 0.114750519394875 -0.105632700026035 0.110778942704201 0.248099103569984 0.0355517603456974 0.0369011387228966 -0.104107901453972 0.035657100379467 -0.0664906427264214 -0.135351657867432 -0.0807851925492287 0.0125239863991737 -0.127256855368614
-0.0134111028164625 0.0106833493337035 0.0396119728684425 -0.0048166629858315 -0.111420385539532 -0.0157727673649788 -0.0905706509947777 -0.00185846781823784 0.0894731655716896 -0.0278043281286955 0.167984560132027 -0.044087253510952 0.0950251147150993 0.0170553456991911 0.00626409286633134 -0.00171217566821724 0.176837682723999 0.00730736320838332 0.00883188564330339 -0.245017379522324 -0.0517536774277687 0.188306093215942 -0.138251855969429 -0.0934842675924301 0.110679373145103 -0.130141735076904 -0.0218888185918331 -0.107224434614182 0.222110345959663 0.0157052800059319 -0.00766353821381927 -0.0710819289088249 0.200649484992027 0.142109945416451 0.10416603833437 0.0208863373845816 -0.112876079976559 0.138718530535698 0.124976076185703 -0.0153798516839743 0.00762954447418451 -0.0401757434010506 -0.08780337870121
0.0828834474086761 0.0398326367139816 -0.0699570849537849 -0.0351131483912468 0.112343870103359 0.020683266222477 0.133685350418091 0.058704599738121 0.0283023305237293 -0.0218814928084612 0.109190888702869 0.0643977597355843 -0.0206793267279863 -0.0234499331563711 0.11707828193903 -0.0182585213333368 -0.198527410626411 0.107399560511112 0.135562136769295 0.117905713617802 -0.0896267890930176 0.240164130926132 -0.0845500230789185 0.132231935858727 -0.00838000886142254 -999 0.111152537167072 -0.166465878486633 -0.168562397360802 -0.0504787415266037 -0.018553227186203 -0.0707529708743095 -0.0147522650659084 -0.0330690182745457 -0.00516455247998238 0.121840909123421 0.0436838045716286 -0.183533877134323 0.149288967251778 0.0428648144006729 -0.0208129268139601 0.0162200797349215 -0.0120962131768465
-0.157466366887093 -0.0688321068882942 -0.0315738432109356 0.121291913092136 0.0554290227591991 0.123080752789974 0.0516617186367512 -0.116812065243721 -0.021424850448966 0.0676950514316559 -0.0718609392642975 -0.0351502560079098 -0.130456581711769 -2.98772938549519e-05 0.0103328209370375 0.0148089528083801 -0.0997895747423172 0.108516447246075 0.25331249833107 -0.0256826728582382 -0.220213577151299 -0.050614308565855 0.0599206164479256 0.113660633563995 0.191142618656158 -0.246364772319794 0.0811623856425285 0.0119254663586617 -999 -0.143702685832977 -0.0204223468899727 0.0826753601431847 0.0385438576340675 0.180401265621185 -0.0252733640372753 0.0822680220007896 0.0582841522991657 0.177531555294991 -0.0843148231506348 0.0777372419834137 0.0176992323249578 0.138595134019852 -0.149084135890007
-0.11779522895813 -0.0690904334187508 -0.00707749370485544 0.104455947875977 -0.147622555494308 0.131708920001984 0.024597629904747 0.165523439645767 0.0356354452669621 -0.0123653300106525 -0.000989375868812203 0.0689168199896812 0.0217038970440626 -0.00588258355855942 0.0552315600216389 0.166592687368393 -0.102166973054409 0.206316277384758 0.119874730706215 -0.00890929251909256 0.0789832398295403 -0.00992824230343103 -0.0840928629040718 -0.226740136742592 0.0161841660737991 -0.436754643917084 -0.462094694375992 -0.248435467481613 -0.034662701189518 0.321603864431381 -0.273855239152908 0.0142545439302921 0.0760228782892227 -0.0730553194880486 -0.123175196349621 -0.170167878270149 0.0755722746253014 -0.167464450001717 0.0224074590951204 -0.026812830939889 -0.0160188637673855 0.0909242630004883 -0.0278198886662722
