assets/gome_f/processed/ascii/world/gome_sif_world_20130901.asc
NCOLS 720 
NROWS 360 
XLLCORNER -180 
YLLCORNER -90 
CELLSIZE 0.5 
NODATA_value -3.4e+38 
[rows 190 to 208 of 360, columns 172 to 214 of 720]
-0.0629288703203201 0.101147726178169 0.000878997729159892 -0.136793226003647 -0.0731939822435379 -0.0675165206193924 -0.0286421775817871 0.0467863716185093 0.0283112768083811 0.0367483496665955 0.083445779979229 0.0258546881377697 -0.203092500567436 -0.080879420042038 -0.036849744617939 -0.0139628909528255 -0.0818568468093872 0.0255015380680561 0.0202891249209642 -0.248745158314705 0.0620202831923962 -0.231294587254524 -0.055297065526247 -0.0457837507128716 -0.039542343467474 0.0483744516968727 0.0384847186505795 0.0147419404238462 0.16437079012394 0.324391931295395 0.352855533361435 0.437977373600006 0.358292996883392 0.550796926021576 0.681707561016083 0.574450194835663 0.479983538389206 0.596771419048309 0.506716191768646 0.388536661863327 0.514363586902618 0.666229605674744 0.499373465776443
0.0309695489704609 0.25802206993103 0.0624554753303528 0.0918601527810097 0.151136144995689 -0.0836709961295128 -0.0334703326225281 0.185032367706299 0.206094861030579 0.0716803371906281 0.0949925780296326 0.248796045780182 -0.0775712579488754 0.134685054421425 0.18830306828022 0.211276218295097 -0.138694331049919 0.258309334516525 0.283695071935654 0.139458477497101 -0.0286832917481661 0.00932346563786268 0.136327981948853 -0.115992143750191 -0.0438022874295712 -0.104653351008892 -0.0356418788433075 0.109141625463963 0.0867118090391159 0.078527107834816 0.199251249432564 0.314639896154404 0.41176962852478 0.516768157482147 0.593156754970551 0.590746819972992 0.729696452617645 0.424734562635422 0.583549857139587 0.357953876256943 0.539732038974762 0.526907563209534 0.476623386144638
-0.0345856212079525 0.0251679886132479 -0.0596038289368153 -0.103412158787251 -0.0297772493213415 0.0240790545940399 0.0298785585910082 -0.035490658134222 -0.0277597177773714 -0.0352726951241493 0.0477989353239536 0.173414394259453 -0.0139649854972959 0.0920473411679268 -0.0888055488467216 -0.0540418177843094 0.508107721805573 0.0634084939956665 -0.22084766626358 -0.012707463465631 0.220335692167282 -0.0795252695679665 0.0314090140163898 -0.00442956667393446 -0.00416944967582822 -0.170708447694778 -0.0837707072496414 -0.267049551010132 0.0553020946681499 0.151692450046539 0.242203503847122 0.368337213993073 0.344388902187347 0.400855630636215 0.532193064689636 0.492316722869873 0.523004114627838 0.4939826130867 0.462449014186859 0.634300112724304 0.541392087936401 0.780894219875336 0.494856178760529
0.0347507670521736 0.096972219645977 0.0794075354933739 0.153110891580582 -0.0991713330149651 -0.103932686150074 0.107043296098709 0.0864673405885696 -999 -0.0779907256364822 0.292734801769257 -0.0712379440665245 -0.286734014749527 -0.078452929854393 0.0595568455755711 -0.00463894987478852 0.210609346628189 0.194417476654053 -0.0147479418665171 0.116847403347492 0.385936468839645 0.309258967638016 -0.06275674700737 0.110405921936035 0.0471351258456707 0.0737859532237053 -0.145141839981079 0.0211043190211058 0.0119429836049676 0.205815628170967 0.218942865729332 0.268128246068954 0.373534977436066 0.446766316890717 0.618599355220795 0.390396684408188 0.362945079803467 0.492500871419907 0.632924616336823 0.496531546115875 0.509542107582092 0.633924126625061 0.647551655769348
0.0152536630630493 0.120274268090725 -0.052642397582531 0.128703042864799 0.0939677730202675 0.00279688462615013 -0.0243493523448706 -0.0656379088759422 -0.19085605442524 -0.0767719149589539 -0.00655435025691986 0.132100522518158 -0.107577905058861 -0.0707664713263512 0.219197645783424 -0.217258527874947 0.0460168607532978 -0.0948735326528549 0.0668235942721367 0.0238293092697859 0.0759234502911568 -0.0288601368665695 -0.162816613912582 -0.0263909548521042 0.0891477391123772 0.146899506449699 0.0597083196043968 -0.181247308850288 0.0950467586517334 0.144049510359764 0.0960494056344032 0.126314550638199 0.144005000591278 0.427032351493835 0.534146010875702 0.334981441497803 0.637317895889282 0.607440412044525 0.630881428718567 0.487467497587204 0.543679416179657 0.323078721761703 0.454916566610336
-0.114730082452297 -0.00738867884501815 -0.0312022101134062 -0.0281043704599142 -0.0530825518071651 0.0285658370703459 0.146696090698242 -0.170822381973267 -0.0856012776494026 0.0958521068096161 0.070444718003273 -0.0446755811572075 -0.0277286171913147 0.0551398396492004 -0.0939626917243004 0.0745326727628708 0.0495838336646557 -0.0766816660761833 0.0337711423635483 0.299615800380707 0.00425163842737675 0.0668868646025658 0.0349040850996971 0.164842143654823 -0.0388546995818615 -0.102369628846645 -0.151239573955536 -0.308480620384216 0.0868441313505173 0.0200687423348427 0.115039058029652 0.128434240818024 0.21033026278019 0.250528126955032 0.472815126180649 0.508968472480774 0.547137558460236 0.518054068088531 0.532953321933746 0.361905157566071 0.556705415248871 0.490917325019836 0.43155699968338
-0.00746968714520335 0.141358107328415 0.0225506946444511 -0.0386920534074306 0.0328462384641171 0.0177100040018559 0.00924843456596136 0.0144108152016997 -0.00833842251449823 -0.078828439116478 -0.00893762148916721 0.0422514379024506 0.00199966132640839 0.00883936882019043 -0.170827895402908 0.117646612226963 -0.0278305094689131 0.149754330515862 -0.172963261604309 0.0266249664127827 -0.0990572795271873 0.0507444888353348 -0.035434115678072 0.105996333062649 -0.0316528528928757 -0.0813177302479744 0.149893060326576 -0.020302914083004 -0.178930044174194 -0.0332464277744293 0.0491159670054913 0.0610213652253151 0.239828318357468 0.0700466111302376 0.378368198871613 0.33891424536705 0.36048287153244 0.612957715988159 0.321523547172546 0.552998244762421 0.480903714895248 0.644973635673523 0.492451697587967
0.0608061738312244 -0.0698691010475159 -0.00459878984838724 -0.0100672319531441 -0.050362978130579 -0.00162129558157176 0.119631670415401 -0.0159817170351744 0.0357966236770153 0.0274236798286438 -0.0398814752697945 -0.0137019557878375 -0.217890992760658 -999 -0.0609116367995739 -0.213530376553535 0.0907326862215996 0.125820189714432 0.200527772307396 0.0456158705055714 0.181951746344566 0.0943359136581421 -0.0418697595596313 0.210609704256058 -0.190444082021713 0.0460676066577435 -0.177703052759171 0.136910319328308 -0.0236539039760828 0.256211400032043 0.160144850611687 -0.000805097341071814 0.130256652832031 0.123311899602413 0.176067680120468 0.292988955974579 0.577450037002563 0.405006051063538 0.577070116996765 0.698519885540009 0.551658570766449 0.497918844223022 0.493320673704147
0.0133565180003643 -0.0686911270022392 0.095673605799675 -0.0314654260873795 0.104781977832317 -0.0149210318922997 0.0756478384137154 -0.0263736546039581 0.0202814824879169 0.15321908891201 0.0407753810286522 -0.0555607862770557 0.234866425395012 0.0947400331497192 -0.0497320629656315 0.15316067636013 0.0172402020543814 0.107906833291054 -0.116625778377056 -0.240381479263306 -0.168479025363922 0.0630415305495262 0.0779684633016586 0.150489747524261 -0.141864642500877 -0.0447745285928249 0.0908594876527786 0.351765513420105 -999 -999 -0.152883812785149 0.202289432287216 0.074370764195919 -0.110094718635082 0.117818847298622 0.47697851061821 0.428510397672653 0.454165279865265 0.563051044940948 0.612132728099823 0.199913457036018 0.519894361495972 0.505112826824188
0.0974558740854263 -0.0421732850372791 0.0523011609911919 0.0052833678200841 0.0591343156993389 -0.0530967377126217 -0.0535966642200947 -0.0566219687461853 0.0985064432024956 -0.0834010764956474 -0.0341270044445992 0.0490645505487919 -0.137262180447578 -0.237048387527466 0.073273740708828 -0.0059630973264575 -0.0349531508982182 0.682882249355316 -999 0.0484286323189735 0.139860764145851 0.200126945972443 0.111144676804543 -0.0916745215654373 0.0262606590986252 0.0324310511350632 -999 0.0535260327160358 0.124231718480587 -999 -0.0657118931412697 0.022918913513422 0.0692163556814194 0.048470888286829 0.214781433343887 0.0874672010540962 0.293659269809723 0.386393308639526 0.424037218093872 0.606343746185303 0.449851185083389 0.695683658123016 0.65547502040863
-0.0714595839381218 -0.0204985067248344 -0.12079644203186 -0.00299054919742048 0.0156499147415161 0.00624239956960082 -0.0015221789944917 0.00158370181452483 -0.143176570534706 0.0470265410840511 -0.00605318741872907 0.0485538132488728 0.00981203746050596 -0.0745122581720352 0.146048530936241 0.101168394088745 0.101726114749908 0.0236106514930725 -0.319993525743484 -0.399713754653931 -0.418772429227829 0.00554807344451547 -999 -999 0.225451648235321 -0.0694818869233131 0.290708154439926 -0.152206540107727 0.301537245512009 -999 0.726830959320068 -0.10093429684639 0.108526960015297 0.178283050656319 0.213017195463181 -0.00931716244667768 0.288990765810013 0.435025125741959 0.465529769659042 0.496959626674652 0.592882633209229 0.534583926200867 0.713745474815369
0.0511569529771805 -0.0568807013332844 -0.100140117108822 0.015012351796031 0.000786774326115847 0.0096318693831563 0.0595765821635723 0.00211818935349584 -0.063333235681057 0.127918526530266 0.0825477465987206 -0.372191250324249 -0.150000050663948 0.0186855122447014 0.139999583363533 0.0142084844410419 0.0597709566354752 0.0394831374287605 -0.171208769083023 -999 -999 0.110153324902058 -0.299003422260284 -0.187981680035591 -0.0255977641791105 -0.0208050757646561 -0.305782198905945 -0.0716708600521088 0.126025944948196 -999 0.186661183834076 -0.0607939511537552 0.0938866809010506 0.156935557723045 0.0842860788106918 0.18186117708683 0.289585322141647 0.33427882194519 0.673640191555023 0.317491978406906 0.233274936676025 0.639585852622986 0.451703518629074
0.104387260973454 -0.0297697726637125 0.00926644075661898 0.0233953017741442 0.0284451842308044 -0.0358714871108532 -0.135931923985481 -0.0483518056571484 0.0233471337705851 0.0960090160369873 -0.123974584043026 0.0789806768298149 -0.0190946217626333 0.0136932972818613 -0.236861392855644 0.0238218400627375 -0.0291564855724573 -0.228097721934319 0.00455852830782533 0.00285015744157135 0.048817154020071 -0.161327138543129 0.32043844461441 0.216854929924011 0.102060705423355 0.227945014834404 0.0370854921638966 -999 -999 -999 -999 -999 -999 0.335547775030136 -0.138228625059128 0.0303185097873211 0.10649635642767 0.17705737054348 0.207715585827827 0.452878832817078 0.426813960075378 0.741544306278229 0.509883284568787
-0.0403608903288841 0.0615748874843121 -0.00326467351987958 -0.000592569180298597 0.142298519611359 0.0723785758018494 0.0192599184811115 0.102355778217316 0.0353481508791447 -0.0308619942516088 0.0679053589701653 -0.388098865747452 0.281702935695648 0.176089942455292 0.0713616460561752 -0.0140237454324961 -0.190520882606506 -0.324119240045547 -999 0.354931175708771 -0.193511694669724 -0.150539323687553 0.0216391589492559 -0.126150339841843 -0.0953051522374153 -0.0837199911475182 -0.0722724124789238 -0.152156755328178 -999 -999 -999 -0.0756576508283615 -999 0.290146499872208 0.0990248918533325 -0.152954071760178 0.0053131147287786 -0.0378305427730083 0.247312843799591 0.968155086040497 0.436024248600006 0.443121373653412 0.769433915615082
0.0041965190321207 -0.00776255689561367 0.0306781735271215 -0.000812326150480658 0.0319974049925804 0.127811506390572 0.059033565223217 0.0165297891944647 -0.0452775545418262 0.0446628257632256 -0.0408599078655243 -0.154550597071648 -999 -0.0211163070052862 -0.0597175993025303 -999 -999 -999 0.290255695581436 -999 -999 -0.0376181304454803 0.115446463227272 0.472381412982941 -0.125082120299339 -0.0926372557878494 -0.0910794362425804 -0.0659244880080223 -999 -999 -999 -999 -999 -999 0.149740636348724 0.0258058328181505 -0.104698896408081 0.153350502252579 -0.155273646116257 0.190234556794167 0.457992106676102 0.58823573589325 0.395503252744675
-0.0774376019835472 -0.0578108355402946 0.125504642724991 0.0613315068185329 0.102719500660896 0.0429133474826813 -0.0384525284171104 -0.108911402523518 0.0281393434852362 -0.0101887453347445 -0.0102341687306762 -0.0410063229501247 -0.0276264790445566 -0.0675477236509323 -999 -0.128973513841629 -999 -999 -0.0856017023324966 -999 -0.104375116527081 -999 -999 0.00182762369513512 -0.324123024940491 0.176355808973312 -0.20061993598938 -999 -999 -999 -999 0.344818115234375 -0.0919074416160583 -999 0.271805197000504 0.129163265228271 -0.0066531072370708 0.159343242645264 0.10249899327755 0.129194676876068 0.455510437488556 0.0554907955229282 0.438316643238068
-0.0491945259273052 0.0469677448272705 0.106339886784554 0.0385194234549999 -0.0311099700629711 0.0186690408736467 0.0694389194250107 -0.0610418915748596 0.0423732809722424 0.0149476043879986 0.0682299807667732 -0.073417454957962 -0.02921880222857 -0.0758499056100845 0.10424418002367 -999 -999 -999 -999 0.0937559828162193 -999 -999 -999 0.196265116333961 0.303589195013046 0.12990514934063 -0.0223498810082674 -0.214598283171654 0.187849894165993 0.341400593519211 -999 -999 0.131848260760307 -999 -0.272832125425339 -0.305848866701126 0.00692573189735413 0.0559822507202625 0.036776177585125 -0.0554373264312744 -0.0212948191910982 -0.326671779155731 0.283910244703293
-0.0526876077055931 -0.088105246424675 -0.173605799674988 0.105765819549561 0.102555520832539 0.0492913573980331 0.00611711433157325 0.0476725064218044 0.0346684008836746 0.128290876746178 0.0292099434882402 0.0183821469545364 -0.0989508777856827 0.0499879419803619 -0.00936880335211754 0.0582734607160091 0.10581798106432 0.0209732986986637 -999 0.0294964015483856 -999 -999 -999 -999 -999 -0.449026763439178 0.112674616277218 0.121598064899445 -0.0119923651218414 -0.0378841571509838 -999 -999 0.333726793527603 0.164404556155205 -0.180273145437241 0.0322396941483021 -0.0806887149810791 -0.0543744452297688 0.0582993030548096 0.149273723363876 0.314421564340591 0.271755546331406 -0.196113437414169
0.103703670203686 -0.0427157208323479 -0.0307824742048979 0.0332004353404045 0.0251678247004747 -0.134273990988731 0.0272733140736818 -0.0205313768237829 0.138677716255188 0.0728218927979469 -0.00365006388165057 -0.0133325904607773 -0.0309158861637115 0.0126512898132205 0.0267126206308603 -999 -999 -999 -0.208680421113968 -999 -999 -999 -999 -999 -999 -999 0.0371554829180241 0.851774275302887 0.93833327293396 0.134420305490494 0.281124085187912 0.148567870259285 0.160216808319092 -0.0197217911481857 -0.103264138102531 -0.00492789875715971 0.0136428019031882 0.158385902643204 0.0524671822786331 0.0587635189294815 -0.00794169586151838 -0.00805686321109533 0.00942184589803219
