assets/gome_f/processed/ascii/world/gome_sif_world_20120101.asc
NCOLS 720 
NROWS 360 
XLLCORNER -180 
YLLCORNER -90 
CELLSIZE 0.5 
NODATA_value -3.4e+38 
[rows 323 to 341 of 360, columns 430 to 472 of 720]
0.0664559900760651 0.270347416400909 0.0146329337731004 -0.0242173206061125 -0.468926548957825 0.038057055324316 -0.137766256928444 0.0290738642215729 0.0741115882992744 -0.187628000974655 0.186229154467583 -0.14688828587532 0.0914257019758224 0.040345449000597 -0.0683054774999619 -0.149864837527275 0.306444704532623 0.0150897093117237 0.320058852434158 -0.120230711996555 -0.235131964087486 0.0388420261442661 -0.0513217076659203 -0.0307466350495815 -0.187487408518791 -0.0735873952507973 -0.105467580258846 0.107422463595867 0.0306568760424852 -0.267141610383987 -0.036157313734293 -0.125678807497025 -0.0271203815937042 0.00254552159458399 0.0567846484482288 0.0161691587418318 -0.056977741420269 0.0618852004408836 0.167305573821068 0.0130799813196063 -0.00322994589805603 -0.163263335824013 0.0213453005999327
0.131104499101639 -0.295058369636536 0.240884870290756 0.0617808401584625 -0.0487587861716747 0.117031022906303 -0.0397744700312614 -0.054905541241169 -0.256549686193466 0.113421656191349 -0.0932366773486137 0.151629626750946 -0.0645952075719833 0.0650566667318344 0.0130884470418096 0.145332708954811 0.017525888979435 0.293888598680496 -0.130038872361183 -0.204303726553917 -0.300464868545532 -0.362873047590256 0.136510133743286 -0.263114392757416 0.106180809438229 -0.263973653316498 -0.0447858013212681 -0.226236686110497 0.163959622383118 0.0877827703952789 -0.00630891695618629 -0.11542209982872 -0.0660284608602524 -0.0326301120221615 -0.0582186095416546 0.00447719497606158 -0.0622245445847511 -0.0793465673923492 0.0346256196498871 0.141147792339325 -0.100785560905933 -0.129958748817444 -0.163868278264999
0.128800898790359 -0.161841377615929 -0.0418135337531567 0.0990486368536949 -0.152475148439407 0.0156556311994791 -0.193691343069077 0.0900185406208038 0.0218898206949234 0.100858941674232 -0.0132033163681626 -0.374174237251282 0.0416670367121696 0.0493403114378452 0.135209515690804 0.05134516954422 -0.223082512617111 0.0276877321302891 0.112865269184113 0.238877594470978 -0.0977434888482094 0.0548362396657467 0.133752554655075 0.115512654185295 -0.0189034212380648 -0.428554683923721 -0.0271991640329361 0.0154647855088115 -0.146521359682083 -0.122333116829395 -0.0795768052339554 -0.0307936873286963 0.259419858455658 -0.078215666115284 -0.0120765818282962 0.115025833249092 0.0819071233272552 -0.0228513367474079 -0.128123581409454 0.11892256885767 -0.0844773948192596 -0.245295807719231 0.183246836066246
0.441640406847 0.0487449839711189 -0.0578217729926109 0.000880980049259961 0.297595411539078 0.0545284748077393 -0.116322576999664 -0.25798511505127 -0.0891634821891785 -0.228230953216553 -0.10242173820734 0.0180846489965916 -0.146019876003265 0.211314350366592 0.0776733979582787 0.09215097874403 -0.0767806470394135 0.091444730758667 0.371919959783554 -0.0431135222315788 -0.0897524729371071 -0.222936183214188 0.167962118983269 -0.268271625041962 0.0320024639368057 -0.00535574136301875 -0.0653602182865143 -0.174575299024582 -0.133284002542496 0.215637251734734 -0.0723312869668007 0.0624217912554741 -0.0461629219353199 -0.112590461969376 0.0926012545824051 -0.0683055445551872 0.058637946844101 -0.0269147157669067 -0.0224309526383877 0.0490162298083305 -0.329306364059448 0.162489920854568 -0.140338927507401
-0.00778217939659953 0.157141342759132 -0.132519960403442 0.182681903243065 0.0418671257793903 0.0272199399769306 0.0719267502427101 -0.0634172484278679 -0.128702372312546 -0.0817763432860374 -0.16841484606266 0.0498953759670258 -0.167029157280922 0.0555480718612671 0.208969503641129 0.000372524780686945 -0.170298337936401 -0.118320360779762 -0.121937938034534 -0.237719357013702 -0.038667619228363 -0.216584295034409 0.0853881239891052 0.133522018790245 0.182931795716286 0.0156177636235952 -0.173921123147011 -0.300599843263626 -0.178348526358604 -0.0830227434635162 0.0305466689169407 -0.119289703667164 0.0114729078486562 -0.3331099152565 -0.0610487312078476 -0.213283836841583 -0.0756612941622734 -0.105935916304588 -0.286746650934219 -0.00947523582726717 -0.431908190250397 0.0301653314381838 -0.257496148347855
0.0299553573131561 0.331407845020294 -0.064929373562336 -0.0928141176700592 0.0189548507332802 -0.0176668632775545 -0.18729230761528 0.150076806545258 0.113549470901489 0.03718351572752 -0.0880879834294319 0.285133898258209 -0.238251969218254 -0.132329210639 0.259322702884674 -0.16217839717865 -0.269667029380798 0.209179580211639 -0.0894458219408989 0.119675636291504 -0.0237370412796736 0.126875281333923 0.0711356550455093 0.0681706964969635 -0.0448874235153198 -0.0882932394742966 -0.23890994489193 0.0784825086593628 0.0191676523536444 -0.176607891917229 -0.231735229492188 -0.0147676141932607 0.0511324293911457 -0.0515328831970692 -0.252115219831467 -0.147957533597946 0.0483888275921345 -0.124608084559441 0.251835554838181 0.0928723514080048 0.187070235610008 0.0247139427810907 0.122938193380833
0.132724061608315 0.0917735993862152 -0.104258663952351 -0.165514811873436 0.0988973826169968 -0.223782166838646 0.261876672506332 -0.0307340044528246 -0.0748953744769096 0.0542756244540215 -0.0345446839928627 0.0248372610658407 -0.193977281451225 -0.00836692936718464 -0.138634383678436 -0.145441383123398 0.044101893901825 -0.105490960180759 -0.130829662084579 -0.190141841769218 0.0998471230268478 0.14388819038868 -0.261872977018356 -0.0674321129918098 0.0909975171089172 -0.0911830812692642 0.0830341503024101 0.0159490779042244 0.244442671537399 -0.0639409869909286 -0.146818801760674 0.0143009023740888 -0.0039341445080936 -0.211499184370041 0.0399673245847225 0.112790443003178 -0.0707826167345047 0.164753273129463 -0.237302109599113 0.131383895874023 -0.218262553215027 -0.0296247880905867 0.0453035719692707
0.0389235354959965 0.058565441519022 0.276917666196823 0.378886938095093 -0.262911379337311 -0.0665199607610703 -0.147717550396919 -0.0431364700198174 -0.174052715301514 0.0260490830987692 0.151594221591949 -0.0453514494001865 -0.339627623558044 0.0163956563919783 -0.109662123024464 -0.106219314038754 -0.108439333736897 -0.238096922636032 -0.0422853641211987 0.0630180761218071 -0.240668132901192 -0.0179559402167797 -0.0875546261668205 -0.0135415950790048 -0.0658834502100945 -0.434934169054031 0.149763688445091 -0.0593528784811497 0.00698232417926192 -0.0689531043171883 -0.143458485603333 -0.124747976660728 0.273668140172958 -0.142130374908447 0.0214826036244631 -0.159505054354668 -0.13054446876049 0.132614120841026 0.0761301964521408 -0.357687383890152 -0.117365129292011 -0.0496936067938805 0.0964414924383163
-0.0489920079708099 0.334479779005051 -0.0262957140803337 0.125007569789886 -0.148767754435539 -0.122991323471069 -0.0587883442640305 -0.293134689331055 0.0441882498562336 0.114753901958466 -0.250756353139877 0.336668491363525 -0.0828448310494423 0.00886206235736609 -0.0846128389239311 -0.471623063087463 -0.0963356122374535 0.0939172729849815 -0.173064991831779 -0.121915310621262 0.0672045275568962 -0.393413126468658 -0.0170617904514074 -0.11996591091156 -0.0172333810478449 0.281378358602524 -0.195032447576523 0.136680454015732 -0.217178523540497 -0.145883455872536 0.192951232194901 -0.0105752963572741 -0.339123427867889 -0.0916752144694328 0.114692449569702 -0.089250274002552 0.100752599537373 0.357941597700119 -0.111955717206001 -0.0340573266148567 -0.147359579801559 -0.113284029066563 -0.0429100543260574
-0.00550537742674351 0.00268444907851517 0.150917232036591 0.0321495905518532 0.117026746273041 0.012869656085968 0.405512392520905 -0.0354755036532879 0.0718968585133553 0.138429820537567 -0.172663524746895 -0.0243111494928598 -0.030106658115983 0.0189197361469269 0.118845894932747 -0.00398387527093291 -0.199156656861305 0.0629581734538078 0.0321424268186092 -0.186314254999161 -0.145613342523575 0.195813879370689 -0.0298053864389658 0.0451719872653484 0.039676807820797 0.2442726790905 -0.106796719133854 -0.091012068092823 -0.0751534998416901 0.218831703066826 -0.092096358537674 -0.00260066031478345 0.00233641266822815 0.0512628741562366 0.0535029321908951 -0.252972424030304 -0.0944417491555214 -0.0444308556616306 0.120676942169666 0.0437901206314564 -0.339002937078476 -0.228311821818352 -0.148579508066177
0.0350489430129528 -0.00102224026340991 0.0476555451750755 -0.140300333499908 -0.0861062481999397 -0.46341198682785 -0.213910236954689 0.11022212356329 0.132406413555145 -0.201883107423782 0.0556282326579094 0.0543151684105396 0.00843554362654686 0.0379500202834606 -0.186261281371117 -0.0697455257177353 0.201018899679184 -0.167304992675781 0.0186989344656467 -0.365140676498413 -0.121667496860027 -0.0650350525975227 0.130188122391701 -0.290387511253357 0.239171832799911 -0.312910199165344 0.130213022232056 -0.255844444036484 0.249547451734543 -0.277564376592636 -0.203531846404076 -0.00329548120498657 0.0969904586672783 -0.112602412700653 -0.104012027382851 -0.398888468742371 0.131419077515602 0.0013915920862928 0.163990497589111 -0.113262303173542 -0.25217193365097 -0.0802701413631439 -0.120032414793968
-0.213147088885307 -0.232219159603119 0.0513358488678932 -0.0642279013991356 -0.168823719024658 -0.412428885698318 -0.29442423582077 -0.443632930517197 -0.169064596295357 -0.282006710767746 0.148161515593529 0.0908514931797981 -0.226137891411781 -0.1037432923913 0.141688942909241 -0.102583363652229 0.12431413680315 -0.0299472007900476 -0.513818144798279 -0.0916560292243958 -0.144844651222229 -0.249227166175842 0.0313070565462112 -0.160418346524239 -0.142273262143135 0.0203843377530575 -0.171427145600319 -0.371785491704941 0.0831905007362366 0.0429497286677361 -0.0826139822602272 0.0945533737540245 0.148638859391212 0.124847665429115 0.114675655961037 0.0614872388541698 -0.353443711996078 -0.0511759892106056 0.0261276792734861 -0.214827418327332 -0.269663631916046 0.15400467813015 -0.0242985691875219
0.193898484110832 0.0354356691241264 -0.133612781763077 0.0996084436774254 -0.483504384756088 0.26794046163559 0.541348099708557 0.125305950641632 -0.075725793838501 -0.116371169686317 0.269947111606598 0.133918046951294 -0.42695277929306 -0.0184519737958908 -0.133668541908264 0.00634450931102037 0.173640593886375 -0.495581984519958 -0.343955457210541 -0.342134058475494 0.0516687594354153 0.307795286178589 0.126244604587555 -0.169422045350075 0.274921208620071 0.029160663485527 -0.0592015087604523 -0.253375381231308 -0.239284917712212 -0.150541499257088 0.221086293458939 -0.120728179812431 -0.0929111614823341 0.111587464809418 -0.150834113359451 -0.100397892296314 0.0496640019118786 -0.122764736413956 -0.239212214946747 -0.0154293179512024 -0.173440277576447 0.0528377294540405 -0.036405511200428
0.0663002356886864 -0.048786748200655 0.0438732802867889 0.235809460282326 0.0591138005256653 -0.273627310991287 -0.535078585147858 -0.466429829597473 -0.0526445582509041 -0.0609621405601501 0.0504808910191059 -0.423909157514572 -0.373214185237885 -0.305345773696899 -0.00486010080203414 0.221764534711838 -0.0719974562525749 0.224646911025047 0.136764615774155 -0.213931486010551 0.0908975973725319 -0.146554052829742 -0.115576386451721 0.105904564261436 -0.0699052065610886 0.196989417076111 -0.191431447863579 -0.223308995366096 -0.118921242654324 0.462096333503723 0.281484335660934 0.104986183345318 0.153398931026459 0.162124007940292 -0.380959391593933 -0.348176926374435 -0.0588449165225029 -0.171458885073662 -0.188641682267189 0.0776098147034645 0.0409698709845543 -0.195017784833908 -0.0602051801979542
-0.246671736240387 -0.0823489427566528 -0.167073547840118 -0.0379561856389046 0.11477093398571 0.082180842757225 0.0779777690768242 0.0238761808723211 0.160944312810898 -0.202168092131615 0.0244746524840593 0.0350564792752266 -0.187266737222672 -0.104532025754452 -0.253429740667343 -0.0888857543468475 -0.19052155315876 -0.189571127295494 -0.170687019824982 -0.488308906555176 -0.0485678799450397 0.110288798809052 -0.114776000380516 0.0551129393279552 -0.476811230182648 0.0682110115885735 -0.528719246387482 0.0632888078689575 -0.38189560174942 -0.232475683093071 0.258613765239716 -0.181713089346886 -0.303815484046936 0.141487345099449 0.0531753860414028 0.0496163256466389 -0.150892749428749 -0.229546263813972 -0.227765277028084 0.187076315283775 -0.154856458306313 0.11961005628109 0.0354945473372936
0.0434203073382378 0.570022583007812 0.00792898703366518 0.166296765208244 -0.198699295520782 0.0502312183380127 0.188047677278519 -0.164013668894768 -0.183212101459503 -0.287753015756607 -0.366250485181808 -0.323175340890884 -0.0530857220292091 -0.289508730173111 0.0870680063962936 -0.0440975353121758 0.260238915681839 0.202912047505379 -0.197277039289474 -0.264854192733765 0.13853220641613 0.0188943706452847 -0.106289349496365 0.105611890554428 -0.222921714186668 -0.00235544890165329 -0.0697008147835732 0.260763257741928 0.340518265962601 -0.107268705964088 -0.310413539409637 0.139817789196968 0.143888890743256 -0.103527553379536 -0.00396653637290001 0.073530524969101 0.33311915397644 0.110305391252041 -0.104014173150063 0.323104411363602 -0.32017993927002 -0.434430122375488 -0.264688223600388
0.0563308224081993 -0.421783149242401 0.0654549077153206 -0.140783995389938 -0.156718283891678 -0.24456050992012 -0.562695503234863 -0.0669549256563187 0.0448253303766251 0.2207340747118 -0.699041545391083 0.102813541889191 0.0140325725078583 0.10247078537941 -0.0620530061423779 -0.505472421646118 -0.303042143583298 -0.186433210968971 0.253108412027359 -0.263434022665024 0.0265965163707733 -0.486812114715576 -0.43924418091774 -0.255060017108917 -0.230819180607796 0.0504076778888702 -0.0549208708107471 -0.0460243187844753 -0.240171879529953 -0.308968871831894 -0.31041032075882 -0.0781571343541145 -0.308189123868942 -0.406911790370941 -0.339250653982162 0.0209497306495905 -0.214475065469742 -0.14914083480835 0.12224156409502 -0.343478083610535 -0.522806882858276 -0.167948141694069 0.0669191032648087
-0.459414005279541 0.393421530723572 -0.00795957446098328 0.528896808624268 -0.0140273869037628 -0.0804822221398354 -0.135351896286011 -0.0167304873466492 0.0969920307397842 -0.0742612406611443 -0.16641454398632 0.0862423777580261 -0.356583029031754 0.0943921133875847 0.153961077332497 -0.308452248573303 -0.749358475208282 -0.292932480573654 -0.328970491886139 -0.0908231139183044 0.172818005084991 0.397688955068588 -0.236132577061653 0.0276905577629805 -0.155520439147949 -0.0210675932466984 -0.105964727699757 0.175537645816803 -0.034016489982605 -0.00365542760118842 -0.367418617010117 0.445751637220383 -0.171405792236328 0.0775407999753952 -0.0700445845723152 0.03779486566782 -0.304172873497009 0.238722458481789 -0.424466818571091 -0.282274216413498 -0.133781403303146 -0.22981071472168 -0.210235998034477
-0.797809839248657 -0.913255870342255 -0.929453194141388 -0.00932057574391365 -0.0144635839387774 -0.463030695915222 0.0922848805785179 -0.130729526281357 -0.214043140411377 -0.266274005174637 -0.243840485811234 -0.0606561712920666 -0.215668857097626 0.199118256568909 -0.223427847027779 0.0953205823898315 -0.00909781455993652 0.234848737716675 0.301874816417694 -0.410753637552261 1.10077261924744 -0.382565587759018 -1.09788358211517 -0.0321260392665863 0.154842346906662 -0.10279369354248 -0.253745019435883 -0.466930150985718 0.13303005695343 -0.167460769414902 0.244102120399475 -0.363884150981903 -0.157827511429787 -0.386094599962234 0.103562630712986 0.125737458467484 -0.126319706439972 0.200575590133667 -0.420606821775436 -0.179717138409615 -0.166484072804451 0.337846577167511 -0.218891605734825
