assets/gome_f/processed/ascii/world/gome_sif_world_20131001.asc
NCOLS 720 
NROWS 360 
XLLCORNER -180 
YLLCORNER -90 
CELLSIZE 0.5 
NODATA_value -3.4e+38 
[rows 190 to 208 of 360, columns 559 to 601 of 720]
-0.00815132539719343 -0.037457037717104 -0.0936832204461098 -0.0676059871912003 -0.120300330221653 -0.0835845991969109 0.0051470804028213 -0.049212172627449 -0.0067375679500401 0.313910394906998 0.285912871360779 0.30783149600029 0.133029103279114 0.071138471364975 -0.0160064548254013 0.0390128269791603 0.0227008294314146 -0.00817111600190401 0.0105512868613005 0.0154307363554835 0.0408465750515461 0.00295806350186467 0.000102548299764749 0.0352893434464931 -0.0508322082459927 -0.0082554779946804 -0.0640866681933403 0.0299765542149544 0.0384382605552673 -0.0413606949150562 -0.0433995723724365 -0.0544633455574512 -0.0192148815840483 -0.0651241391897202 0.0635844096541405 -0.0127510875463486 -0.0470899268984795 -0.00968162156641483 0.0198186431080103 -0.0487705916166306 0.339539080858231 0.302533656358719 0.0374614521861076
0.0817262977361679 -0.033026434481144 0.0415318533778191 -0.00037545314989984 0.00290225050412118 -0.0357682593166828 0.142647325992584 0.0257331226021051 -0.0615115910768509 -0.0339048430323601 0.0897955968976021 0.195147544145584 0.135407999157906 0.0436883009970188 -0.0077368076890707 0.21239185333252 0.0687907412648201 -0.0509990565478802 0.00265992479398847 -0.0955779626965523 -0.0171877276152372 0.0641105175018311 0.0200113020837307 -0.000546855386346579 0.0323136709630489 0.00393658084794879 0.013281705789268 -0.0923673808574677 -0.0566537976264954 0.0503513291478157 0.0171901620924473 -0.0674579590559006 0.0309853721410036 -0.00286160176619887 0.0621184855699539 -0.00839527044445276 -0.0141364578157663 -0.0396507903933525 -0.0228047408163548 0.0276682246476412 -0.044967669993639 0.0725627690553665 0.0711965560913086
0.0046716034412384 -0.043517179787159 -0.0218154899775982 0.0417562760412693 -0.032759465277195 0.0229113213717937 0.00960411597043276 0.0323241874575615 0.0461837314069271 0.0803062841296196 0.0255591440945864 0.0952723622322083 0.145448952913284 0.476639360189438 0.23245806992054 0.333606362342834 0.211937174201012 0.141833275556564 -0.019580302760005 0.0131658101454377 -0.0110917957499623 0.0886179506778717 0.0445714853703976 0.0741126909852028 -0.0614546686410904 -0.0262291599065065 -0.0207926146686077 -0.0924311056733131 -0.0262330677360296 0.00614192523062229 -0.020815197378397 -0.0164401717483997 0.0182357933372259 -0.025631919503212 -0.0633237585425377 -0.0309848729521036 0.0839294344186783 -0.0867917612195015 -0.0423807315528393 0.0184954255819321 0.0171232279390097 -0.0336435474455357 0.0721250250935555
0.00413270993158221 0.0329576656222343 0.0673538595438004 -0.00508876144886017 0.0521569885313511 -0.00463780667632818 -0.115753211081028 0.00448205973953009 0.0433019623160362 0.0620534308254719 0.00804915744811296 -0.0474761128425598 0.111342571675777 0.217705860733986 0.393068313598633 0.327233165502548 0.429196655750275 0.422108471393585 0.215385898947716 0.0276193432509899 0.171784639358521 0.155476495623589 0.23387898504734 0.255036801099777 0.14399416744709 0.0320690870285034 0.0517385639250278 -0.00462203938513994 0.0428091138601303 0.133512660861015 0.0377343334257603 0.0239031203091145 0.0135300336405635 -0.0580556467175484 0.0636896342039108 -0.0636704489588737 0.0272465907037258 0.0957008898258209 0.0043032243847847 -0.0732154995203018 0.0487702786922455 -0.0604638606309891 0.0747332125902176
-0.0644603446125984 0.0173560567200184 0.00408090371638536 -0.038427472114563 -0.039153203368187 0.00301770563237369 -0.0395170971751213 0.114304177463055 0.0355201587080956 -0.0136868013069034 -0.0433872602880001 0.0226407293230295 -0.064673624932766 0.094565287232399 0.214846208691597 0.263252675533295 0.330840170383453 0.34901037812233 0.363830208778381 0.31131973862648 0.423290193080902 0.498632222414017 0.236101716756821 0.282286137342453 0.244285181164742 0.242864474654198 0.100727878510952 0.0670115947723389 0.0633668154478073 0.0315629318356514 0.0337397679686546 -0.0363252274692059 -0.0352790951728821 -0.0247561875730753 0.0215600598603487 0.0108065055683255 0.0148504441604018 -0.0709574669599533 -0.0314349345862865 -0.0192576460540295 0.0105647724121809 -0.0332843475043774 -0.069922536611557
0.000157894857693464 -0.0459314286708832 -0.0379694923758507 0.0336619801819324 -0.00609714770689607 -0.000430616230005398 -0.0377201475203037 0.0640257373452187 0.0235559474676847 0.0261730086058378 0.0812267437577248 -0.0384780056774616 -0.0409201942384243 -0.0817797407507896 0.0556935779750347 0.0886625573039055 0.0978946313261986 0.0661918893456459 0.0383190140128136 0.119672365486622 0.0630230531096458 0.243654534220695 0.317724853754044 0.34601104259491 0.419487148523331 0.409098267555237 0.414990901947021 0.36411190032959 0.238252744078636 0.15249003469944 0.0588934980332851 -0.050633929669857 -0.0280143525451422 0.0382679849863052 -0.00700250919908285 -0.0929619818925858 0.0105614624917507 0.0218970850110054 0.0618029944598675 0.072817362844944 -0.031851377338171 0.0354903638362885 -0.028715206310153
-0.0240346323698759 0.0571650043129921 -0.0981802195310593 0.0712620764970779 0.08553247153759 0.00943147763609886 0.0394802838563919 0.0348875969648361 0.070945218205452 -0.0208555329591036 -0.000212882339837961 0.0410314984619617 -0.0763552412390709 0.0203493982553482 -0.046595074236393 0.00713946018368006 -0.050409559160471 0.0688780844211578 -0.0147491954267025 0.00926799140870571 0.0249556582421064 -0.0204397849738598 0.0230472702533007 0.0836284384131432 0.150146380066872 0.112178906798363 0.208778440952301 0.168342545628548 0.379706263542175 0.415275633335114 0.146996513009071 0.344696581363678 0.183796346187592 0.246947973966599 0.0722782835364342 0.115496233105659 0.0426924750208855 0.152355924248695 0.0882671624422073 0.108715429902077 -0.0147517919540405 0.103332042694092 0.169010132551193
0.0177431739866734 -0.0664481818675995 -0.0890291407704353 -0.0523765310645103 0.0311186127364635 0.00518380664288998 -0.0300039164721966 0.0262380428612232 0.0653956457972527 -0.0061098369769752 0.0262120626866817 -0.00590428756549954 -0.0212166253477335 -0.0564902909100056 -0.0331548675894737 -0.00174145575147122 -0.0757512152194977 -0.0169731359928846 0.00290890666656196 -0.0585271902382374 -0.0793090835213661 0.0496070981025696 0.0270943660289049 -0.0595870204269886 0.00988262798637152 -0.0907843410968781 0.0118383318185806 0.0897950902581215 -0.00724818045273423 0.111080929636955 0.173823773860931 0.0737367272377014 0.0553836487233639 0.238883033394814 0.236740544438362 0.430161327123642 0.152284473180771 0.132069751620293 0.113994300365448 0.101424090564251 0.0496283583343029 0.174078047275543 0.358204036951065
-0.0697496682405472 -0.0147906737402081 0.0212712232023478 -0.0988099798560143 0.0775775164365768 0.0172198098152876 0.00807210057973862 -0.0941459238529205 0.133081614971161 0.00822815205901861 0.0949860066175461 0.0204860083758831 0.0232003219425678 -0.0446487367153168 -0.00336888153105974 -0.0383291654288769 0.0399163141846657 -0.00560824805870652 -0.0184416677802801 0.0464843697845936 -0.00904325675219297 0.00921052414923906 0.0504692383110523 -0.0658815056085587 0.0134964203462005 -0.0683376416563988 -0.00704727461561561 -0.101308338344097 -0.064608559012413 0.0346072167158127 0.0460951365530491 -0.00335988798178732 -0.052346907556057 -0.0280383806675673 0.0623183511197567 -0.0495278835296631 -0.0158059876412153 0.00191213213838637 0.053622517734766 0.0469739958643913 0.0237477906048298 0.00987019017338753 0.0795574933290482
-0.0122619364410639 0.097946785390377 -0.00853353831917048 -0.00198989966884255 -0.0286204963922501 -0.0128332199528813 0.0633920207619667 -0.0238629598170519 -0.0215707514435053 0.00745712453499436 0.0620683841407299 -0.022338405251503 -0.0531229823827744 -0.0222629960626364 0.0552108325064182 -0.0282266438007355 -0.0388168208301067 0.0151365147903562 -0.0536842904984951 0.00403072126209736 0.0308481939136982 -0.00997513253241777 0.0325337648391724 -0.0592791326344013 -0.0702890604734421 0.027913823723793 0.00817685667425394 -0.0391791015863419 -0.0235303305089474 0.0153117254376411 0.00420803390443325 -0.0246888883411884 0.0571714974939823 0.0280078444629908 -0.0297024510800838 -0.0254391767084599 -0.0448813028633595 -0.0135777471587062 -0.110128127038479 0.0334672704339027 0.119427047669888 0.203378155827522 0.200140133500099
-0.046500850468874 -0.0422083996236324 -0.0168840028345585 0.018723051995039 -0.0772035419940948 0.0478352718055248 -0.0253238528966904 0.063501663506031 0.0296266004443169 -0.0214687697589397 0.0282377656549215 -0.0371788144111633 0.0162597503513098 -0.0475478693842888 0.00811874121427536 -0.0375500172376633 -0.00593481725081801 -0.0245978776365519 0.0438887365162373 -0.00478102546185255 0.088083527982235 -0.0366323292255402 -0.0192992277443409 -0.0283179078251123 -0.0484662726521492 -0.018194280564785 0.0901958644390106 -0.0433708913624287 0.0213877707719803 -0.0423631332814693 -0.0155219510197639 -0.0332459285855293 -0.0496676377952099 -0.0260666199028492 0.0756619200110435 0.0277447756379843 -0.0213509127497673 0.0153090264648199 -0.0194740109145641 0.0390194691717625 0.0113623635843396 0.0937899202108383 0.149441421031952
-0.0538106523454189 0.0534633658826351 0.00340535631403327 0.0411360450088978 0.0263532679527998 0.0356416925787926 -0.0131104420870543 -0.0121147204190493 -0.0591714084148407 -0.0338900946080685 0.0299056582152843 0.0781369656324387 0.00277568493038416 -0.0157766733318567 -0.0520679391920567 -0.0408041775226593 -0.0431113503873348 0.0827155336737633 -0.010004784911871 -0.0567218214273453 -0.0241009723395109 0.0333088971674442 0.0166280772536993 -0.00540216267108917 0.00280897668562829 -0.0664830580353737 -0.0315620861947536 -0.0171880647540092 -0.0402188561856747 -0.0122092245146632 -0.0286795981228352 -0.019110906869173 -0.0526535920798779 0.00704105012118816 -0.0964860618114471 -0.093549869954586 0.0225274916738272 -0.0990881323814392 -0.0266933646053076 -0.0293178297579288 0.0650464594364166 0.00659104157239199 -0.0369397886097431
0.0158359259366989 0.0141904847696424 0.0213411375880241 -0.0253994520753622 -0.00288210157305002 0.0688705667853355 0.0326576046645641 -0.0643475204706192 0.0222101155668497 -0.0174234360456467 0.0353942587971687 -0.00962428096681833 -0.0639161467552185 0.0027839788235724 0.00586004974320531 -0.0111348917707801 -0.0955063700675964 -0.00712104653939605 -0.0634254887700081 0.0479579493403435 -0.0466172471642494 0.0536774918437004 -0.0189256127923727 -0.0241541676223278 -0.00205996772274375 0.0654966160655022 -0.0713789239525795 -0.0287786144763231 0.0306951440870762 -0.0470131486654282 0.0087160412222147 0.027564374729991 -0.0874899476766586 -0.0629190504550934 -0.104304008185863 0.00942222494632006 0.0486168824136257 -0.0423805862665176 -0.0179151371121407 -0.0159258078783751 -0.0313327312469482 0.0564184263348579 0.0197079516947269
-0.0885482057929039 -0.134217634797096 -0.0503864735364914 0.0281781163066626 0.0707530155777931 0.0185226984322071 0.0217912588268518 0.091889314353466 -0.075761154294014 -0.00688096601516008 0.00381881487555802 -0.0795704051852226 -0.0191032402217388 -0.00349713861942291 -0.0126722734421492 -0.0562068447470665 0.0106555530801415 -0.00123171042650938 0.0159204937517643 0.0118284607306123 -0.0386898070573807 -0.0155744962394238 -0.0585014559328556 0.059286430478096 -0.0302717220038176 0.0011061072582379 -0.0448387339711189 -0.0408417247235775 0.0175223182886839 0.00980888772755861 0.00202685734257102 0.0370584465563297 0.0269958488643169 -0.0191240813583136 -0.0212967395782471 -0.0670091733336449 -0.0230010431259871 0.0115174325183034 0.0250295232981443 -0.0477110892534256 0.0450456626713276 0.0471529215574265 -0.060315940529108
-0.0590654797852039 0.0518781617283821 0.0144893890246749 0.0763518512248993 0.0617734119296074 -0.0138828847557306 -0.00204476783983409 -0.0160818491131067 -0.0485497191548347 -0.0623644627630711 -0.0262208096683025 0.0276229791343212 -0.00683812657371163 0.0313758291304111 0.0484973639249802 0.0473647639155388 -0.051210068166256 0.0771081149578094 0.050263274461031 0.0364775620400906 -0.0428905114531517 -0.0636890679597855 -0.0372524820268154 -0.0634586364030838 0.0689172223210335 -0.0293326582759619 -0.100528433918953 -0.022579949349165 -0.0449509546160698 0.0496049039065838 0.00723147578537464 0.0274659618735313 -0.00339051778428257 -0.00415176898241043 0.0121097154915333 0.034722950309515 -0.0301239043474197 0.0437609814107418 -0.0180789362639189 0.0323153957724571 -0.148504927754402 -0.079187847673893 -0.00424840115010738
0.0676524713635445 -0.0473346747457981 0.0504934526979923 0.0414283499121666 -0.0216028541326523 0.0410019643604755 0.065481036901474 0.0207169447094202 0.0239687226712704 -0.112306833267212 -0.049959696829319 0.0879392325878143 -0.0455748699605465 -0.0821946188807487 -0.0184588748961687 0.0182602629065514 -0.0157596226781607 0.0270137544721365 -0.0146609731018543 -0.0243937745690346 -0.0316474325954914 0.106400087475777 0.0546213947236538 0.0101123582571745 0.0399529673159122 -0.0366551652550697 0.0207350868731737 0.0154112810268998 0.0159142725169659 -0.0188339166343212 0.0861050561070442 -0.0356572568416595 0.00558985583484173 -0.020656256005168 0.00768695771694183 0.0512527860701084 0.0132032297551632 -0.0175016932189465 -0.0259384009987116 0.0357889272272587 -0.00941426493227482 -0.0118424221873283 -0.0888524949550629
0.0317345820367336 0.0486065782606602 -0.0385441780090332 -0.017076775431633 -0.0234100949019194 -0.0423196740448475 0.0699115619063377 0.00461558392271399 -0.0532787404954433 -0.0137362834066153 -0.0585618950426579 0.0255426447838545 -0.0387292541563511 -0.0199019704014063 -0.00549556920304894 -0.0652708932757378 0.0158274285495281 -0.0111636687070131 0.0173813421279192 0.00199784571304917 -0.0501970648765564 -0.0615530796349049 -0.0545255318284035 0.052476990967989 0.064581386744976 -0.0272431522607803 0.0164347663521767 -0.100075349211693 0.00124998623505235 -0.0239274427294731 -0.0351861380040646 0.0502384752035141 0.132597476243973 0.024870939552784 -0.0681178271770477 0.0311760995537043 0.0313549116253853 0.00211598118767142 -0.0335301235318184 0.0369443893432617 0.00724376831203699 -0.0154255228117108 -0.116232618689537
0.0367456525564194 -0.00726980669423938 -0.0553109496831894 0.0106618534773588 -0.0755003988742828 0.068456694483757 -0.0243694353848696 -0.049810953438282 0.0706970542669296 0.0104072708636522 -0.0059552788734436 -0.0146699957549572 0.0283278226852417 0.0396866723895073 -0.0307588912546635 0.00336163584142923 0.0197045598179102 -0.0371069237589836 0.0126144858077168 -0.0339103043079376 0.0525932796299458 0.0204665623605251 -0.0497009269893169 0.0305824242532253 0.000953033857513219 0.00813305657356977 -0.0559582859277725 -0.110887184739113 0.0297836530953646 0.0941650718450546 -0.0422950088977814 -0.0485089384019375 -0.00290512107312679 0.0434804894030094 -0.011046445928514 0.000639375299215317 0.00286327069625258 0.0488339774310589 -0.00269178906455636 0.0469319149851799 -0.045441061258316 -0.0335692279040813 0.00429009413346648
-0.0429613590240479 -0.0321514904499054 0.0878117084503174 0.0517282783985138 -0.0146407131105661 -0.0157814379781485 0.0858940556645393 -0.00832379516214132 0.045624665915966 0.0529239065945148 -0.0664205104112625 0.00394282164052129 -0.0232368726283312 0.0707711726427078 -0.0538994483649731 0.0796584263443947 0.0280027501285076 -0.00313322246074677 0.000264636182691902 -0.0441426075994968 0.046197310090065 0.0281444527208805 -0.0799420922994614 -0.0599157065153122 -0.0120916543528438 -0.0295114982873201 -0.00378445605747402 -0.00652759755030274 -0.0222017839550972 0.0316401571035385 -0.104053288698196 0.0187366604804993 -0.031515471637249 0.014350120909512 -0.0527478158473969 0.0173810571432114 0.0306396707892418 -0.0629045069217682 -0.0266209151595831 -0.00295052281580865 0.0213761180639267 0.00908882357180119 0.00342738907784224
