assets/gome_f/processed/ascii/world/gome_sif_world_20130601.asc
NCOLS 720 
NROWS 360 
XLLCORNER -180 
YLLCORNER -90 
CELLSIZE 0.5 
NODATA_value -3.4e+38 
[rows 228 to 246 of 360, columns 86 to 128 of 720]
0.0253179296851158 -0.0926516130566597 0.0845561847090721 -0.0253210663795471 0.037699356675148 -0.0753931477665901 -0.0629863142967224 -0.00728226499632001 0.0239939037710428 -0.103336349129677 -0.0614478439092636 0.0143251866102219 0.0709694474935532 -0.0765699073672295 0.0073490347713232 -0.0920548513531685 0.0238564629107714 -0.0157704520970583 0.054264523088932 -0.00405491143465042 -0.0252450220286846 -0.113616660237312 -0.120252318680286 0.043241836130619 -0.0099558187648654 -0.031043903902173 0.00936135370284319 0.105924934148788 -0.108639299869537 0.00357646960765123 -0.0316423922777176 -0.0247470829635859 -0.0496946349740028 0.0133069129660726 0.0271377339959145 -0.0901259854435921 0.0729652717709541 0.0154969729483128 0.0783199146389961 -0.0588521733880043 -0.0156333111226559 -0.0458028949797153 -0.0908033549785614
-0.0688044279813766 0.0319492854177952 0.0117353033274412 -0.00811964552849531 0.00482401717454195 -0.105660669505596 0.025548754259944 -0.0370322689414024 -0.0482273325324059 0.0686174929141998 -0.0637215673923492 -0.0115359574556351 -0.0276834163814783 -0.123573139309883 0.0226619262248278 0.0577813722193241 -0.0649180486798286 0.0137441074475646 0.0123110068961978 -0.0275310222059488 -0.122687265276909 -0.143929719924927 -0.102331921458244 -0.0290967989712954 0.000200269947526976 -0.151986226439476 0.0996168255805969 0.0230058543384075 -0.0202260930091143 0.0464532524347305 -0.0608434341847897 -0.0405457280576229 -0.0146357044577599 -0.0113798407837749 -0.0296143256127834 -0.0176778770983219 -0.0164114236831665 -0.144080474972725 0.0643841177225113 -0.013133492320776 -0.0528946816921234 -0.0418321527540684 0.0199509058147669
0.0744289979338646 0.0701076611876488 0.0515996254980564 -0.0449261032044888 0.0273039098829031 0.029662387445569 0.0665435567498207 0.00867434125393629 0.0595581606030464 -0.0102251684293151 0.013193997554481 0.00852352194488049 -0.00200318195857108 0.0172771420329809 -0.0356466434895992 0.0347410999238491 -0.0923627242445946 0.0174930486828089 -0.0468695536255836 0.0235905330628157 0.0190450754016638 -0.010053975507617 -0.00799019914120436 0.055717796087265 -0.0603135041892529 -0.0518811792135239 -0.028875632211566 0.0346472412347794 -0.0012471271911636 0.0515198148787022 -0.0424816608428955 -0.0225604772567749 -0.0212841890752316 -0.0457038767635822 0.0149034513160586 0.0470843650400639 -0.0517646186053753 -0.0171623192727566 -0.0230298209935427 -0.00977443903684616 -0.089255228638649 -0.00537164648994803 0.023762496188283
0.000336277473252267 -0.0236240122467279 0.025373961776495 -0.0870435014367104 -0.0396225266158581 -0.0207969173789024 0.0447958819568157 0.0391893982887268 0.0519520565867424 -0.0943367779254913 0.056058906018734 -0.0545431599020958 -0.0222360249608755 -0.00185446999967098 0.0179348438978195 -0.0204969048500061 -0.0288890041410923 -0.00341923325322568 0.00635204091668129 -0.0280675757676363 0.191003382205963 -0.0850618407130241 0.00734210526570678 0.00884327758103609 0.039228118956089 -0.0538715124130249 -0.103517577052116 -0.0434486269950867 0.0590000934898853 -0.0812450423836708 -0.0806510969996452 -0.118930324912071 0.152687817811966 -0.0645136088132858 -0.0389690175652504 0.098696269094944 -0.0332363098859787 0.00890461541712284 0.00406854739412665 0.0437850914895535 -0.0351363308727741 0.00995611492544413 -0.0468706749379635
0.00263502635061741 0.0105974720790982 0.0652668699622154 -0.0121894050389528 -0.0648667439818382 -0.0724606141448021 0.010089373216033 0.0500586330890656 -0.0184583235532045 0.021724920719862 0.00626967335119843 0.0197111666202545 -0.0211341083049774 -0.000753652304410934 -0.0219090469181538 -0.0264763627201319 -0.0372432582080364 0.0272138807922602 -0.055360022932291 0.00529178092256188 -0.0298905856907368 -0.020289670675993 -0.0149836959317327 -0.0277082696557045 -0.0515303127467632 -0.1034095287323 -0.0508970767259598 -0.00852226372808218 -0.0353142395615578 -0.0988007634878159 0.0494240038096905 0.0143586862832308 -0.0193138848990202 0.0303473919630051 -0.108843006193638 -0.0738095864653587 0.0624730736017227 -0.041217315942049 0.0414254441857338 0.0026303855702281 -0.0441608168184757 0.0414708219468594 -0.0416367463767529
0.0723356232047081 0.0200174618512392 -0.00191401352640241 0.0274582337588072 0.0676772817969322 -0.0103929163888097 0.075703963637352 0.00403957488015294 0.000959330296609551 -0.0271727275103331 0.0884191319346428 -0.0212433766573668 -0.0370825305581093 0.0152340875938535 0.0450034774839878 0.0778291523456573 0.0560358352959156 -0.00866768509149551 -0.0213443133980036 0.0101482253521681 0.0588366203010082 -0.101371258497238 0.0146090844646096 -0.0701789110898972 -0.0456068590283394 -0.15735898911953 -0.031568419188261 -0.0108516048640013 -0.0480576492846012 -0.0134397242218256 0.0328510478138924 0.053126510232687 -0.0842678025364876 -0.0596095025539398 0.0489890314638615 -0.000254672951996326 -0.107621803879738 -0.0635172426700592 -0.12825271487236 0.0466747023165226 -0.0303133204579353 0.0326591432094574 -0.0583064220845699
0.0580512508749962 -0.141294926404953 -0.00993162114173174 -0.06788270175457 0.0174033157527447 -0.0722517073154449 -0.0315807946026325 -0.0532538183033466 -0.0234925393015146 -0.0318204089999199 -0.098466269671917 -0.00777954934164882 -0.00499270623549819 -0.023962676525116 -9.67588275671005e-05 -0.0241912920027971 -0.0362929776310921 0.0269227810204029 -0.045538142323494 -0.00758834136649966 0.0538463778793812 0.040728285908699 0.0723021328449249 0.0255961213260889 0.0483619756996632 -0.0956029742956161 0.0200613532215357 -0.0476975776255131 0.0141135454177856 0.158770546317101 -0.0937789902091026 -0.0107652209699154 0.0113180838525295 -0.0177059881389141 -0.0843686833977699 0.0235446579754353 0.0380321107804775 -0.104249581694603 0.0789545848965645 0.027205565944314 -0.0932643860578537 0.0602964535355568 0.109056554734707
0.0278705060482025 0.0246327240020037 0.0307873692363501 -0.0443949662148952 0.0614404045045376 -0.0334680043160915 0.0793873444199562 -0.0359661243855953 -0.0100947832688689 -0.00718528404831886 -0.0129610551521182 -0.0680165886878967 -0.0994512289762497 -0.0377104915678501 -0.0438789986073971 0.0195380467921495 -0.0233662035316229 0.0653063505887985 0.0380501709878445 0.00462194485589862 0.0241320375353098 -0.0460387133061886 -0.0173796378076077 -0.0644976422190666 -0.0423246286809444 0.0189302954822779 0.035305954515934 0.0112799452617764 -0.110525742173195 -0.125495821237564 -0.162453979253769 0.068474717438221 0.0192960910499096 -0.0361422300338745 0.116622753441334 -0.0278062131255865 -0.12341096997261 0.0395742803812027 -0.0947067439556122 -0.0082071591168642 -0.0426814742386341 0.00352354533970356 -0.0429839491844177
0.0721803456544876 -0.0498986504971981 -0.0335176065564156 0.0229450538754463 0.00210552429780364 0.00987159833312035 -0.12066600471735 -0.0427637957036495 -0.0957948863506317 -0.0324714034795761 0.0229113195091486 0.0158191286027431 0.061408493667841 -0.0677232295274734 0.000611172465141863 -0.0690882727503777 0.0132369119673967 -0.0243313182145357 -0.0668798387050629 0.0587275139987469 -0.046330239623785 -0.0669521167874336 0.0315601676702499 0.0079099265858531 -0.148208171129227 -0.063709482550621 0.00559679511934519 0.0135753909125924 0.0115405861288309 0.0475852936506271 -0.01423320453614 0.0307728536427021 0.0147391874343157 -0.0460843965411186 0.0912064164876938 0.0754258409142494 0.130427807569504 -0.0464586764574051 -0.000937236996833235 0.0449526868760586 0.0197876114398241 -0.0109252249822021 0.0540840849280357
0.0676150247454643 -0.0689619109034538 -0.0629020780324936 -0.080223873257637 -0.0281352233141661 0.0529944635927677 -0.0975235849618912 -0.100457645952702 0.125216037034988 -0.115636326372623 0.0127132711932063 0.034117829054594 -0.0229795686900616 0.0172479990869761 0.0511048138141632 0.000602663087192923 0.0134781133383512 -0.0206061434000731 -0.0793970748782158 0.0797320082783699 0.027259873226285 -0.0839125663042068 -0.0361239016056061 -0.0107962358742952 0.027644008398056 0.0357242934405804 0.00589195778593421 -0.14145103096962 0.0017625808250159 -0.0932318940758705 -0.0171454753726721 -0.0414713881909847 -0.000480933202197775 0.0440652966499329 -0.107371889054775 0.0665204972028732 -0.0741911232471466 -0.0469664335250854 -0.0829655230045319 0.016396040096879 0.0564563348889351 0.013191637583077 0.0365669056773186
-0.00414208276197314 -0.0461466833949089 0.0246252901852131 -0.00437055015936494 0.0270047783851624 0.00967627018690109 0.0214292258024216 -0.0083699207752943 -0.0094352075830102 -0.0315572693943977 -0.00698534632101655 0.0627892091870308 0.0052832099609077 0.153470277786255 -0.00926891155540943 -0.019641749560833 0.0865198895335197 0.0461269803345203 0.0143670029938221 -0.134770050644875 0.0644506886601448 0.010726778768003 -0.110959134995937 -0.0341342911124229 -0.050410158932209 0.0230588875710964 -0.0850973278284073 0.10637853294611 -0.0531601049005985 -0.0647082626819611 -0.058547668159008 -0.0565727800130844 -0.0102111250162125 0.0696052610874176 -0.142920047044754 -0.0692671984434128 -0.117039151489735 0.00911283306777477 -0.102034009993076 -0.0210855714976788 -0.0276568066328764 -0.0330508276820183 -0.0825402289628983
-0.0656753480434418 -0.114312760531902 0.0153312981128693 -0.142583474516869 -0.0176426693797112 0.0402048751711845 0.0411103591322899 -0.0272572115063667 -0.0409083180129528 -0.0126480031758547 -0.117166735231876 -0.00958927068859339 0.0434018559753895 -0.0182218924164772 -0.0662460252642632 0.0812843888998032 -0.00293585821054876 -0.0314326845109463 -0.0177055690437555 -0.14915044605732 -0.0722941756248474 -0.0530034117400646 -0.00357622746378183 -0.0661227032542229 -0.0612611845135689 -0.0710959434509277 0.140376418828964 -0.0116768861189485 -0.0922699123620987 -0.0341021865606308 -0.0812215283513069 -0.146282851696014 -0.108414120972157 0.0575316473841667 -0.0328964181244373 0.137119516730309 0.0499719567596912 -0.0798895806074142 -0.0617906488478184 0.038576427847147 0.0723268613219261 -0.0207410864531994 0.0279710311442614
-0.00737143866717815 0.0606754571199417 -0.0383131541311741 0.0193683803081512 -0.00656387396156788 0.0542533583939075 -0.0884106457233429 0.0263808816671371 -0.023512514308095 -0.0172571074217558 -0.0384385846555233 -0.0719765201210976 0.0528821237385273 0.00631613191217184 -0.0754214227199554 -0.0264981333166361 0.0322841331362724 -0.109139442443848 -0.0952967181801796 0.00875856634229422 -0.0267492383718491 0.111227765679359 -0.0324558578431606 0.0693659856915474 -0.193273216485977 -0.0289063174277544 0.0721907243132591 0.000779212510678917 0.0293610747903585 -0.124787427484989 -0.0325341373682022 -0.0344478264451027 -0.0647460594773293 -0.00580081669613719 -0.0231074709445238 0.0425454117357731 0.0659486576914787 0.00569911021739244 0.0391129180788994 -0.0390278808772564 0.225485414266586 -0.0374404154717922 -0.046638011932373
0.0003245095431339 -0.0965229943394661 -0.0814078226685524 0.0653311014175415 -0.00871346611529589 -0.0224222242832184 -0.107524633407593 -0.0176709797233343 -0.001625876291655 -0.0573323965072632 -0.0655292272567749 0.0208710394799709 -0.0887198001146317 0.0682539567351341 -0.0429411046206951 -0.0154138812795281 0.0431713610887527 -0.087583102285862 0.0880320519208908 0.00482206558808684 -0.0237507037818432 -0.00270744040608406 -0.0195832066237926 0.00360167189501226 0.0269831214100122 -0.0579320788383484 -0.0546400360763073 0.0773314237594604 -0.0563910827040672 0.0221647545695305 0.0275230593979359 0.138722464442253 0.0505854040384293 -0.106540732085705 0.0281823296099901 -0.0212707351893187 -0.144734457135201 0.0288144517689943 -0.000737019930966198 -0.163885205984116 0.0405322052538395 -0.0358874201774597 0.0119917392730713
-0.0594047382473946 -0.0400181673467159 -0.109026260674 -0.0375650897622108 0.0399682112038136 -0.00475770141929388 -0.0743693336844444 -0.0527152456343174 0.0451287031173706 -0.0789439827203751 0.0408018529415131 0.00688024377450347 -0.0086716040968895 0.110645584762096 -0.000568643445149064 0.123930297791958 -0.0055971541441977 -0.0574948489665985 -0.132781758904457 0.0562236309051514 -0.0601858720183372 -0.0386124178767204 0.00729233073070645 0.114420302212238 0.0276893433183432 -0.125628605484962 -0.0592957846820354 -0.127645075321198 -0.0399453975260258 -0.0959523096680641 -0.0961121842265129 0.0415791496634483 0.0584245137870312 -0.00266610970720649 0.0410994626581669 -0.0526743121445179 -0.066632479429245 0.0133640831336379 0.0780812203884125 0.129952758550644 -0.0164787862449884 0.0726324617862701 0.0724746808409691
-0.0982318595051765 -0.024845577776432 0.0158282611519098 0.0969639122486115 0.117362819612026 0.0758491531014442 0.0213692858815193 -0.0320699885487556 -0.0442412756383419 -0.0533580183982849 0.0408551022410393 0.0513255149126053 -0.0118187051266432 -0.044408455491066 -0.0315074808895588 0.00317915272898972 -0.0031287285964936 -0.0742187649011612 0.00546333380043507 -0.111135616898537 -0.0397903323173523 0.0398462899029255 -0.0732205435633659 -0.196038216352463 -0.0571004450321198 -0.102919593453407 -0.0417215265333652 0.0365455709397793 -0.0189913380891085 -0.0404737368226051 0.0417355708777905 0.00188278360292315 0.0285425595939159 0.0163060929626226 0.0484564565122128 -0.0310765635222197 0.0109689254313707 -0.140698909759521 0.0171827655285597 0.0243944823741913 0.00228075124323368 -0.0861963406205177 -0.0833384096622467
0.0992157161235809 -0.0349968373775482 -0.0238215997815132 -0.0303814355283976 0.0767507627606392 0.077241875231266 -0.0967675372958183 0.0442173853516579 0.134056970477104 -0.0278854090720415 -0.0344088226556778 -0.000912752759177238 -0.158624768257141 0.0134017942473292 0.0853221490979195 -0.00104917061980814 -0.109580524265766 -0.0403622947633266 0.0760362818837166 -0.0302832648158073 0.0318738929927349 0.089259535074234 -0.00815792568027973 0.0352170988917351 -0.0408742427825928 -0.00526990089565516 0.0713057592511177 -0.0186534374952316 -0.0468812733888626 -0.00295333750545979 -0.135359421372414 -0.0807554200291634 0.0264953467994928 -0.0333592481911182 -0.0396847613155842 0.0429458729922771 -0.0607782043516636 0.0772141441702843 -0.122306905686855 0.00564516941085458 -0.104161396622658 0.0578042902052402 -0.0651527494192123
0.0879538804292679 0.0216569099575281 0.0819179192185402 0.178774386644363 0.0584645569324493 -0.0492476932704449 0.0507911443710327 0.102768920361996 -0.0460219047963619 -0.0386718139052391 -0.0172221660614014 0.0691251903772354 0.197766467928886 -0.009547034278512 -0.101740181446075 -0.0394899994134903 -0.00178916123695672 -999 0.032383169978857 -0.0241162981837988 0.0590807050466537 -0.0379521809518337 -0.00872113276273012 -0.0533169470727444 0.160106062889099 0.0467453971505165 0.143384501338005 -0.0431932732462883 0.125882297754288 0.0871342420578003 -0.0530693121254444 0.0146337645128369 -0.0877761766314507 0.134061709046364 -0.152996033430099 0.0528772361576557 -0.0707845315337181 -0.0389527939260006 0.0340253338217735 0.0741313546895981 0.00268142693676054 -0.0181657318025827 -0.0770722478628159
-0.0081040533259511 -0.066270150244236 -0.0391300842165947 -0.0410885587334633 0.0640273094177246 -0.0300764832645655 0.130556672811508 0.0154687371104956 0.0555395111441612 0.00327642261981964 -0.000419790390878916 -0.0448139943182468 0.0947491973638535 -0.0758907943964005 -0.0459264256060123 0.0311959851533175 -0.000802584749180824 0.306519150733948 0.0485040582716465 0.0363221615552902 -0.00115342775825411 -0.0190743934363127 0.0259638950228691 -0.0716405138373375 0.0417395532131195 -0.0317674353718758 0.00368622876703739 -0.0484216585755348 -0.0375828817486763 -0.0897357538342476 -0.0226938724517822 -0.191159591078758 -0.0710003674030304 0.12726603448391 -0.0977403447031975 0.0399912521243095 0.225821793079376 0.0890348330140114 -0.0900874957442284 -0.0381571799516678 0.0176116991788149 -0.0997005924582481 -0.120664812624454
