assets/gome_f/processed/ascii/world/gome_sif_world_20130301.asc
NCOLS 720 
NROWS 360 
XLLCORNER -180 
YLLCORNER -90 
CELLSIZE 0.5 
NODATA_value -3.4e+38 
[rows 152 to 170 of 360, columns 43 to 85 of 720]
-0.0367386788129807 -0.00281989993527532 -0.0209485646337271 0.0240019336342812 0.0103505179286003 0.00972532387822866 -0.0504754856228828 -0.0602022483944893 -0.124046310782433 -0.0283165704458952 0.0299405250698328 -0.0154458479955792 0.0189444422721863 -0.0359359085559845 0.0228526592254639 0.0161428339779377 0.0397939383983612 -0.0302581116557121 -0.0298472754657269 0.0145807052031159 0.00838860496878624 0.015674602240324 -0.0428011901676655 -0.0163526758551598 0.0213206745684147 0.00136686861515045 0.0821091011166573 -0.02047273889184 0.013879606500268 0.0137205868959427 0.0213169753551483 0.0325679183006287 -0.0945653691887856 0.0558104105293751 0.0174068845808506 -0.0844001770019531 0.129545226693153 0.0519201010465622 -0.0362722426652908 -0.0233904160559177 0.0142953535541892 -0.0107980957254767 -0.027492294088006
0.0262759253382683 -0.00693554244935513 -0.0908885896205902 0.00112966960296035 -0.0175983272492886 -0.0293166190385818 -0.08501186221838 -0.0453222095966339 0.0209572706371546 0.085783064365387 0.100397668778896 -0.0934904292225838 0.000283443194348365 -0.00506645673885942 0.0661522522568703 -0.00379899772815406 0.0275263655930758 -0.0673814415931702 -0.077514186501503 -0.0848938375711441 -0.0657981634140015 -0.0469229109585285 0.0339422114193439 -0.0278395134955645 0.0155084114521742 -0.0258615650236607 -0.00276541081257164 -0.0419596955180168 -0.0423670895397663 0.00152368715498596 -0.0572327673435211 -0.102177157998085 0.0784694626927376 0.00378502462990582 0.0182892773300409 -0.081935703754425 0.0136163970455527 0.00979829765856266 -0.0378771387040615 0.0298696663230658 -0.0598263554275036 -0.0592093728482723 -0.0339850783348083
-0.011025371029973 -0.0559515506029129 -0.0497672259807587 -0.027153393253684 -0.0703422576189041 0.0173795931041241 0.0751748085021973 -0.100126817822456 -0.0266290195286274 0.0571111179888248 0.0244351997971535 -0.00165173981804401 0.0200306978076696 0.132677495479584 -0.0486474633216858 0.190555781126022 0.0491113215684891 0.025090828537941 -0.0654544532299042 -0.0160774569958448 -0.050906877964735 -0.00742164859548211 0.0412062741816044 0.00510636996477842 -0.0805947855114937 -0.160850822925568 -0.00777492532506585 -0.141333341598511 -0.0853444188833237 -0.0091650215908885 -0.0018685907125473 -0.000932791037485003 0.0201390758156776 0.0486253499984741 -0.0913385897874832 0.0438757315278053 -0.0184173453599215 -0.103470794856548 0.0292643010616302 -0.0450162552297115 0.009357038885355 -0.05802321434021 0.0793155431747437
0.0656317472457886 -0.0171453878283501 -0.0682274103164673 -0.149699553847313 -0.00738216005265713 0.014541395008564 -0.0129924099892378 -0.0164655931293964 -0.0664543062448502 0.0240656193345785 -0.0226578954607248 0.00195249984972179 0.00698713166639209 0.00688445102423429 -0.0515211001038551 0.00878471042960882 0.193012073636055 0.0177727602422237 -0.0625411421060562 0.0563141815364361 -0.0586115829646587 -0.0770342200994492 0.0243646465241909 0.0294648949056864 -0.076110802590847 -0.0649566650390625 -0.0181175209581852 0.0155252479016781 0.00293027679435909 0.00969640631228685 0.0743477493524551 -0.040669783949852 0.0600774958729744 -0.0618781372904778 0.123769626021385 0.0361633487045765 -0.0412839986383915 0.0155199067667127 -0.117977604269981 0.112192668020725 -0.028622904792428 -0.0650084987282753 0.0105538070201874
-0.0729453712701797 -0.0502721779048443 0.0533811338245869 0.00646013347432017 0.0172589048743248 -0.0294511076062918 -0.0133130308240652 0.0149956978857517 -0.0185182653367519 -0.0700004696846008 -0.107016809284687 -0.0651235803961754 -0.0104640377685428 0.0903525575995445 0.0135816149413586 -0.0224082320928574 0.0170550383627415 -0.123010091483593 0.040972039103508 0.043261706829071 0.0725041925907135 0.0232663825154305 0.000358228164259344 -0.061051070690155 -0.0521843247115612 0.00185936724301428 0.00460991682484746 -0.181017309427261 0.0232945326715708 -0.0233644619584084 0.0782565623521805 0.0149527573958039 -0.0516169965267181 -0.0364345274865627 0.0719509050250053 -0.00362127530388534 0.0251375958323479 0.0243144705891609 0.0586196333169937 -0.0969698876142502 0.119537509977818 -0.0996478497982025 -0.0275924261659384
0.0676314011216164 -0.0442458093166351 -0.00344065297394991 -0.0362197794020176 -0.00981550291180611 -0.06551393866539 0.0575708337128162 -0.00867464859038591 0.0485419817268848 -0.0062242210842669 0.00416883965954185 -0.0716524496674538 -0.0156733691692352 -0.0664817914366722 0.0865104794502258 0.0555858612060547 -0.0389452017843723 0.115392528474331 -0.0352040752768517 -0.124126233160496 0.0537659451365471 0.0353715568780899 -0.0916927829384804 0.0534005910158157 0.0472800806164742 0.00798879656940699 0.0909697934985161 -0.00734943337738514 -0.0110172796994448 0.0452171601355076 0.0328344851732254 0.0546687841415405 -0.0449891500174999 -0.0613186620175838 0.0320078879594803 0.00859896559268236 -0.0507043525576591 0.0301094800233841 -0.114024333655834 -0.0837460234761238 -0.0221005491912365 0.0328809730708599 0.0525440201163292
-0.0116225108504295 0.00832284335047007 -0.0489851571619511 -0.0473418980836868 0.0121149197220802 -0.0296684950590134 -0.0382158271968365 0.00751069979742169 -0.0269509498029947 -0.00925429351627827 0.0212141796946526 -0.0689318180084229 0.0580069199204445 -0.0860923156142235 0.0136991739273071 0.104072794318199 0.0209067277610302 -0.0229498259723186 0.0124639514833689 0.0385549366474152 0.0653797164559364 0.0520478338003159 -0.056932870298624 0.0939734950661659 0.0315357334911823 -0.0267174392938614 -0.0933323875069618 -0.0210161898285151 0.033292967826128 -0.0802847668528557 -0.12883448600769 -0.0379704609513283 0.000755956280045211 0.0191963519901037 0.019095104187727 0.116724401712418 0.0977709591388702 -0.0102352350950241 -0.0412939190864563 0.0518532767891884 -0.0566779375076294 0.0665119290351868 -0.034546997398138
-0.0166533496230841 -0.0974974259734154 0.0203477870672941 -0.00710897007957101 -0.0348707772791386 -0.0731974020600319 0.0466491058468819 -0.0141823152080178 -0.164151445031166 -0.0507284961640835 -0.0985199138522148 -0.000486918142996728 -0.0381935872137547 0.0307737160474062 -0.0603135488927364 0.0494612567126751 0.0791312083601952 -0.06565210968256 -0.0128825595602393 -0.0206501428037882 -0.0420607700943947 -0.0449798032641411 -0.108392976224422 -0.0122445840388536 0.0102448118850589 -0.021637387573719 -0.0165886580944061 0.0430982559919357 0.0665373429656029 -0.117660216987133 -0.0607527121901512 0.0593326091766357 0.0192073322832584 -0.0476715303957462 -0.0579465664923191 0.0337587967514992 0.0496200136840343 0.00269488780759275 0.0252697058022022 0.0687757954001427 0.0565622821450233 0.0689333975315094 0.0301415827125311
-0.132949188351631 0.0325523652136326 0.00982202123850584 -0.0319153442978859 0.0195967108011246 -0.0410120710730553 -0.0020416562911123 0.0220153015106916 0.0363135263323784 -0.0295873489230871 0.0392898768186569 0.0599490739405155 -0.11297732591629 -0.119705490767956 -0.114369079470634 -0.0852091759443283 -0.0648656040430069 -0.0161063726991415 -0.0649780631065369 -0.0160093270242214 -0.0723398253321648 0.00908767338842154 -0.0934642404317856 0.0421408265829086 0.0316993966698647 -0.0270254500210285 0.0285253748297691 -0.0152007276192307 0.0260903909802437 -0.0593378320336342 -0.095936045050621 0.00215134443715215 -0.000297455815598369 0.0816117823123932 -0.0305607486516237 -0.0291081555187702 0.00486804731190205 0.0430640578269958 0.00899617187678814 0.0114983022212982 -0.0509889125823975 0.0627041757106781 -0.0317626632750034
0.0110991941764951 0.0460791066288948 -0.0351934321224689 -0.00682136137038469 -0.0469252839684486 -0.0618555657565594 -0.0123315062373877 -0.0303826835006475 0.00148087122943252 -0.0277774482965469 0.0455144792795181 -0.0498621538281441 0.0191239845007658 -0.0251284595578909 0.0145625425502658 -0.00502470973879099 -0.00876336544752121 -0.00771736819297075 -0.0301457103341818 -0.0291660260409117 0.0608523078262806 -0.0136929461732507 0.0306390393525362 -0.0742297321557999 -0.0138764455914497 -0.0380695350468159 -0.0189641509205103 0.00880073010921478 0.0498847551643848 -0.0515404790639877 -0.0311209689825773 -0.093772254884243 0.065426878631115 -0.0308342352509499 0.0463250055909157 0.0650134980678558 0.0316419079899788 0.0177026521414518 0.0383043475449085 -0.0536107271909714 -0.0688857212662697 0.00947394035756588 0.0958278179168701
0.0720932856202126 -0.053705770522356 -0.000437368464190513 -0.0524501614272594 -0.0154439713805914 -0.0558040626347065 0.0175408665090799 0.0328036360442638 -0.0950794443488121 0.00747032789513469 -0.00921177957206964 -0.0398187264800072 0.0291956644505262 -0.0580863058567047 0.0425792448222637 -0.0652544721961021 -0.0321742966771126 -0.0592337101697922 0.013799955137074 -0.0300590489059687 0.0143272997811437 -0.0132153108716011 -0.0462537072598934 0.129712611436844 -0.0671521127223969 -0.0615031346678734 -0.00247122696600854 -0.030481917783618 0.00952469743788242 0.0490131080150604 -0.0421880558133125 0.0194580759853125 -0.0867271423339844 0.00309194927103817 -0.088316798210144 -0.00631733192130923 -0.0758761689066887 -0.052489697933197 0.0481440387666225 -0.0352066941559315 -0.0498659797012806 0.0877574607729912 0.0305654481053352
-0.127857968211174 0.0806996673345566 -0.0096648782491684 0.0528754405677319 -0.0832365453243256 -0.0451296307146549 -0.083339661359787 0.0434390045702457 -0.0412460789084435 0.0172881614416838 -0.00809985585510731 -0.0957034230232239 -0.0922093838453293 0.0486129932105541 0.0213520638644695 -0.00631280755624175 -0.0065730013884604 -0.00490555539727211 -0.00723862135782838 -0.0408908873796463 -0.0705606639385223 0.0198855865746737 0.0156187210232019 0.0151436924934387 0.0283158682286739 0.0075473808683455 -0.0611212700605392 -0.0225109867751598 -0.0341768972575665 -0.0194862075150013 -0.0849864855408669 -0.152692273259163 -0.0242642890661955 0.125209480524063 -0.0255131889134645 0.0116562796756625 -0.0495355427265167 0.0327235087752342 -0.0279684588313103 0.0579318702220917 0.0383840948343277 0.0245177652686834 0.0173455774784088
-0.04230697453022 -0.034525066614151 0.0899946689605713 -0.109014235436916 0.0360308662056923 0.0280777085572481 0.0833297744393349 -0.0582046769559383 -0.0386860817670822 -0.0791170820593834 -0.0432326719164848 0.0188685171306133 0.0451849326491356 0.026379780843854 -0.0525489002466202 -0.00784042198210955 0.0410997159779072 0.0400415882468224 -0.0430289283394814 -0.0230513419955969 -0.0870499238371849 -0.0283282455056906 -0.0147334337234497 0.0221942532807589 -0.027899008244276 -0.0692991986870766 0.02300675958395 -0.0695501863956451 -0.0590667240321636 0.0107594039291143 -0.0408264957368374 0.0762888640165329 0.0250685065984726 0.00417289882898331 -0.0597937479615211 0.0373868457973003 -0.0707686617970467 -0.0416200086474419 0.0685980618000031 -0.0397572405636311 0.00468012131750584 -0.0133184306323528 -0.096159502863884
-0.0280132479965687 -0.0481528341770172 0.0869861841201782 -0.00311722815968096 -0.0751448050141335 -0.14624086022377 -0.0573551319539547 -0.0820167437195778 0.0298874024301767 -0.0329864472150803 -0.14578415453434 -0.0555440373718739 -0.134914636611938 0.080435499548912 0.0170247908681631 -0.0128719639033079 0.000586637121159583 -0.142016008496284 -0.0489326938986778 0.147908359766006 0.021640457212925 0.0785481780767441 -0.000846971932332963 -0.0591586828231812 -0.0155804455280304 0.0245957020670176 0.0143205868080258 0.0458849184215069 -0.104478724300861 -0.0215552300214767 0.00305800372734666 -0.0676005706191063 -0.05928810313344 0.0665551945567131 0.082636758685112 -0.0488124042749405 -0.0988133475184441 0.00526783568784595 0.0444886274635792 -0.0119254114106297 -0.0342556796967983 0.00296919769607484 -0.0267787668853998
0.0101554840803146 -0.0052782753482461 -0.0274291634559631 -0.0592090487480164 0.040715180337429 -0.0669256821274757 0.0806764140725136 0.0837118923664093 0.0162087995558977 0.0686273574829102 0.0500866696238518 0.0236719958484173 0.0527792908251286 -0.00907959323376417 0.0233839340507984 -0.134426087141037 -0.0268063694238663 -0.03801279515028 -0.00749235693365335 -0.134196609258652 -0.00166504317894578 0.0491152927279472 0.0923571363091469 0.145712569355965 0.0225263927131891 0.0817433074116707 0.00973433628678322 -0.00113196088932455 -0.0873599275946617 0.0371857024729252 0.0121879782527685 -0.0113311531022191 -0.0553599633276463 0.0968504250049591 -0.0833143070340157 0.0433981716632843 -0.00191332306712866 -0.0918850898742676 0.0317768938839436 -0.00890357326716185 0.0938227921724319 0.0796586573123932 0.0740937441587448
0.0287156645208597 0.00748014962300658 -0.0472155250608921 0.112769536674023 0.0368988178670406 0.0908453986048698 -0.101012624800205 0.103298842906952 -0.0893688574433327 0.0273871086537838 0.0109947817400098 0.0348125845193863 0.0203870832920074 0.135632619261742 0.0434984676539898 -0.0239075105637312 -0.0195333622395992 -0.0412371009588242 -0.0558811649680138 -0.0113149862736464 -0.115025468170643 -0.126032531261444 -0.0928066819906235 0.0529220961034298 -0.0196360368281603 -0.095101498067379 0.0104410611093044 -0.0483756586909294 -0.0389658138155937 -0.100285194814205 -0.0517501011490822 -0.0313125252723694 -0.120615087449551 -0.000649711932055652 0.0219970755279064 0.00916417874395847 -0.0793580487370491 -0.0412212796509266 -0.0485640838742256 0.0139010222628713 0.0620707087218761 -0.00534140272065997 -0.0177274402230978
-0.0172865260392427 0.00112045416608453 -0.0170985199511051 -0.11691439896822 0.0419479571282864 0.0225677844136953 0.029814887791872 -0.0629901811480522 -0.00972321815788746 0.0729394406080246 -0.121029667556286 0.168450757861137 -0.0077087408863008 -0.0634239241480827 -0.0199247617274523 -0.0484460964798927 0.070410318672657 -0.0258855018764734 -0.030065905302763 -0.0397958345711231 -0.0383974611759186 -0.105649918317795 -0.00808479823172092 -0.0886003226041794 0.0424907021224499 -0.0660157725214958 0.13113959133625 0.0232474859803915 0.105456180870533 -0.0367308706045151 -0.0446090884506702 0.0548407733440399 -0.0104443831369281 -0.0440769009292126 0.0532840378582478 0.00691321631893516 0.00615031365305185 -0.103235401213169 -0.0475457757711411 -0.0525542534887791 -0.176801308989525 0.0342858955264091 -0.0577947199344635
-0.00950484164059162 -0.00430886028334498 0.0641420483589172 0.0554227530956268 0.0673177987337112 0.0554865971207619 0.0146909467875957 -0.149597063660622 -0.0237669162452221 -0.0676205828785896 0.0141745563596487 -0.0316192321479321 0.0038106634747237 -0.066021628677845 0.00596411572769284 -0.0823742300271988 -0.00614839140325785 0.0249067544937134 0.0167646370828152 -0.00427582999691367 0.000199308065930381 0.038772989064455 -0.0355594158172607 -0.0599177628755569 -0.065476082265377 0.0156770162284374 0.0170323606580496 0.026187539100647 -0.0384192802011967 -0.0554272495210171 -0.0358659774065018 -0.119643248617649 -0.00554564967751503 0.0284714084118605 0.0756173878908157 0.0444920398294926 -0.00136637687683105 -0.0455471500754356 0.02021674066782 -0.0653826594352722 -0.112411439418793 0.0836315974593163 0.0801314041018486
0.00543748261407018 -0.0471693724393845 0.0980152934789658 0.00370696000754833 -0.0760296806693077 0.0153994783759117 0.00689778057858348 -0.022789191454649 0.0616680569946766 -0.138303935527802 0.0369000732898712 -0.0131653631106019 -0.00549239292740822 -0.0984346866607666 -0.0464916974306107 0.0606805235147476 0.0198354721069336 -0.051720105111599 -0.017673060297966 0.0109361549839377 -0.159911468625069 0.0591773800551891 0.0217085164040327 0.00874732155352831 -0.0755008831620216 -0.0596106797456741 -0.0268139950931072 -0.0996783897280693 -0.0271053407341242 -0.0581904463469982 -0.0787143707275391 -0.0111100673675537 -0.0726040527224541 -0.103550501167774 0.00347483018413186 -0.0828953310847282 0.124623857438564 -0.020381785929203 -0.0281153060495853 -0.0425888635218143 -0.0393411703407764 -0.150224760174751 -0.00540156383067369
