assets/gome_f/processed/ascii/world/gome_sif_world_20130801.asc
NCOLS 720 
NROWS 360 
XLLCORNER -180 
YLLCORNER -90 
CELLSIZE 0.5 
NODATA_value -3.4e+38 
[rows 247 to 265 of 360, columns 473 to 515 of 720]
-0.0490701012313366 0.00767687661573291 0.0503954887390137 -0.0395679399371147 0.0572556667029858 0.0673770755529404 -0.0420467406511307 0.0360332652926445 0.0368915386497974 0.0869679898023605 0.0147400861606002 0.0496602244675159 0.0244460590183735 -0.0819329619407654 0.00227148365229368 -0.0337412990629673 -0.0608305186033249 0.127497360110283 -0.046258058398962 0.0208389051258564 -0.00647203158587217 0.118679337203503 -0.0149426599964499 0.00930998474359512 -0.0252765417098999 -0.0213937517255545 -0.0934118926525116 -0.0477801486849785 -0.00558621203526855 -0.0841875523328781 -0.0353068932890892 -0.0451175980269909 0.0752491876482964 -0.0982387512922287 0.0604701712727547 0.0247223973274231 -0.0543178059160709 -0.0806324332952499 -0.0270207729190588 0.0707264170050621 0.0759122371673584 0.112051784992218 -0.0653263777494431
0.0746282935142517 -0.0703286454081535 0.0115549108013511 0.121840849518776 0.00691605731844902 -0.0582444444298744 -0.0616419911384583 -0.0442363731563091 -0.0641907826066017 0.0174781363457441 0.0702883750200272 -0.0329046845436096 -0.00883617997169495 -0.00448118103668094 0.0446704477071762 -0.0731693953275681 0.0253353882580996 -0.0642962381243706 -0.0119420997798443 0.0812716260552406 0.13211353123188 -0.01765001937747 0.0706142336130142 -0.0699078589677811 0.0606686323881149 0.0698679834604263 -0.148911893367767 -0.139840930700302 -0.0428508333861828 0.0530939772725105 0.0434650741517544 -0.00572360120713711 -0.00724160578101873 -0.0919110327959061 0.0219409596174955 0.0270696021616459 0.0396234206855297 -0.0819114372134209 0.0175022669136524 0.090743288397789 0.0170423462986946 0.0551963783800602 0.0223030634224415
-0.0307557675987482 -0.0570690967142582 0.0474775917828083 -0.00370752345770597 0.028558399528265 0.00575508456677198 -0.0133445775136352 0.0156220346689224 -0.0118156736716628 0.051569901406765 0.0241016186773777 0.00550188636407256 -0.0511007457971573 -0.0648664906620979 -0.0141189154237509 0.0344996601343155 0.00437244400382042 0.0343258902430534 0.0754057615995407 -0.0396321043372154 0.0724328085780144 0.0508608371019363 -0.0282584354281425 0.123835407197475 -0.0140240434557199 0.111978091299534 0.0311651583760977 -0.00123424082994461 -0.154876857995987 -0.0843232572078705 0.120019532740116 -0.0652157142758369 -0.0847095251083374 -0.0621740221977234 -0.176551327109337 0.00439909473061562 -0.0288617741316557 -0.0492765307426453 -0.0471749641001225 0.057181179523468 -0.0656296387314796 -0.0050538363866508 -0.0217264797538519
-0.081770233809948 -0.0335300527513027 0.0264237467199564 0.0458052344620228 -0.00208586873486638 -0.0509906783699989 -0.0474965311586857 0.0137772243469954 0.0359868258237839 0.101467184722424 0.0166492369025946 -0.0228114649653435 0.0237560030072927 0.0419108606874943 0.00308248260989785 0.043909065425396 0.0529152750968933 -0.0779500380158424 -0.0763231590390205 -0.0408396162092686 -0.0153184831142426 -0.201852768659592 -0.162950500845909 0.052855908870697 -0.0376556515693665 -0.0236048642545938 -0.0423273853957653 -0.0157322827726603 -0.0388380773365498 0.0309791974723339 -0.0463179163634777 -0.102359510958195 0.0363345853984356 -0.0334697552025318 -0.100030399858952 0.0206674858927727 0.0259962119162083 -0.00998159497976303 -0.0683474689722061 0.0928259715437889 -0.117591001093388 0.00620532222092152 -0.0851632729172707
-0.0419996418058872 0.0186971183866262 -0.17496632039547 -0.00947219599038363 -0.0052849194034934 -0.0837881192564964 0.0149757713079453 0.0248635727912188 0.0317297130823135 -0.0961695089936256 0.0120842130854726 0.0102870995178819 -0.0226948596537113 -0.0300337113440037 0.0158910602331161 -0.036762610077858 -0.0838265940546989 0.0738969892263412 -0.100306987762451 -0.0595905482769012 -0.038770854473114 0.0105273360386491 0.111402049660683 -0.146212801337242 0.0632171779870987 0.0112139880657196 -0.0342090018093586 -0.020483672618866 -0.00306270690634847 0.0987008064985275 0.0275183506309986 -0.0241317003965378 -0.0412521362304688 0.0430867671966553 0.0578710623085499 -0.0702789351344109 -0.0710854008793831 0.100507825613022 -0.0290289781987667 -0.11023361235857 -0.00292421202175319 -0.00399260642006993 -0.0115765323862433
-0.0498132035136223 -0.0234822668135166 -0.0070283142849803 0.0611825510859489 0.0664603486657143 -0.0104132834821939 -0.0435436218976974 -0.0530789494514465 -0.111588403582573 -0.00358596490696073 0.117449812591076 0.0744777992367744 0.0184380635619164 -0.0504032224416733 -0.0957826152443886 0.0393294356763363 -0.049890823662281 0.0318434722721577 -0.0237945150583982 -0.0398805886507034 0.0191639550030231 0.199623465538025 -0.118465296924114 0.00328080169856548 -0.215862795710564 -0.029897402971983 0.0388836525380611 0.126012727618217 0.108407564461231 0.0163755808025599 0.0572209544479847 -0.105828307569027 0.0143671976402402 -0.102000035345554 -0.0781786888837814 0.0112120285630226 0.040850792080164 -0.00206746580079198 -0.0199168398976326 -0.070166788995266 -0.0102121578529477 0.101550243794918 -0.0643016174435616
-0.14424754679203 0.0108227729797363 0.035735446959734 0.139101073145866 0.0565850846469402 -0.0106754479929805 -0.072498083114624 -0.0784194990992546 0.119680665433407 0.0275225937366486 0.0879302695393562 -0.116087675094604 0.0496845282614231 -0.0589895732700825 0.0275627952069044 0.0205854959785938 -0.07536930590868 -0.0525161735713482 -0.0913198292255402 -0.00520153576508164 -0.0679392069578171 -0.0137911466881633 0.200550898909569 -0.115396246314049 -0.0181097313761711 -0.0356835573911667 0.0204385966062546 -0.0894628465175629 -0.0492450557649136 0.0288562253117561 -0.00759455049410462 0.0128921614959836 0.0128277065232396 -0.171784281730652 0.0997808799147606 0.0917994379997253 -0.111018590629101 0.0384363271296024 0.0311478804796934 0.0117011209949851 -0.0282233767211437 0.0153139038011432 -0.0260606519877911
0.157698407769203 0.0279829278588295 6.1720609664917e-05 -0.128910049796104 -0.030855281278491 0.0200985856354237 0.0326813422143459 -0.152759209275246 0.0551824644207954 -0.0425376109778881 -0.0906543582677841 -0.0355190262198448 -0.0616213008761406 -0.012109343893826 0.015711035579443 -0.0010677237296477 -0.0273837875574827 0.0095240930095315 0.0827799960970879 -0.197122007608414 0.0263022296130657 -0.0202338956296444 -0.0317529886960983 0.0654876455664635 -0.00872534140944481 -0.0703718364238739 -0.0393691174685955 -0.0251938868314028 -0.000231487050768919 0.0826937556266785 -0.0669011473655701 -0.219032317399979 -0.0203820876777172 0.0144767956808209 -0.141984939575195 0.0135615216568112 0.0835837721824646 -0.0913179293274879 0.00624938076362014 0.016202075406909 -0.0177306309342384 -0.0442244857549667 0.0155089655891061
-0.045710451900959 -0.0106138251721859 -0.0533337742090225 -0.0258873775601387 -0.00325651047751307 0.0535314679145813 0.0190777461975813 0.0162742156535387 0.0734544545412064 -0.0540383830666542 0.0167101267725229 -0.0853950902819633 -0.116130203008652 -0.0462847836315632 -0.0959636569023132 0.0385479927062988 0.0245209690183401 -0.0612096302211285 0.11629232019186 0.019827688112855 -0.122309245169163 0.0175184570252895 0.0437967255711555 -0.0655785575509071 0.0900503247976303 -0.0817805528640747 -0.0603732131421566 -0.018773153424263 -0.180526331067085 0.0109774153679609 0.172648474574089 0.0243578050285578 -0.0369115434587002 0.0429342836141586 0.0679721981287003 -0.0786845162510872 -0.122454814612865 0.104304283857346 -0.0685376897454262 -0.0279918741434813 -0.0125784277915955 0.00137243967037648 -0.0217285715043545
-0.0632328316569328 0.0727411508560181 0.0570941865444183 -0.0505677051842213 0.016935259103775 0.0411022156476974 -0.0239325594156981 -0.00842536333948374 0.0528005138039589 -0.0537682771682739 -0.00790387019515038 -0.0210528094321489 -0.170957565307617 -0.0756577402353287 0.0561120547354221 -0.0293234884738922 -0.0121421301737428 -0.064415879547596 -0.0824549868702888 -0.0166024174541235 -0.0816057845950127 -0.0176446475088596 -0.0295583549886942 0.0383293777704239 0.0352859199047089 -0.0324078910052776 -0.0609268322587013 -0.0332485735416412 -0.111469343304634 -0.0461416989564896 -0.0249341353774071 0.0236049965023994 0.0485469102859497 -0.0749956145882607 -0.0629985556006432 0.00365293654613197 -0.01390141248703 0.0367760919034481 0.0129667604342103 0.058060497045517 0.0602165721356869 -0.0393987484276295 0.026812918484211
-0.0282759256660938 0.0030802390538156 -0.0677806660532951 -0.0899041071534157 0.0923250615596771 -0.0856966450810432 0.0821286216378212 -0.0980177968740463 -0.0447945706546307 0.0385941751301289 0.0181908719241619 0.0290002040565014 0.0499903634190559 -0.0952949300408363 0.0422947108745575 -0.0560386441648006 -0.0395234040915966 0.0614336393773556 0.00528028886765242 -0.125411331653595 0.00982169806957245 -0.0747301504015923 -0.0435023084282875 -0.108526326715946 -0.00781464762985706 0.0338604375720024 0.0581057071685791 -0.0599908120930195 0.100145503878593 -0.0857436433434486 -0.126485913991928 0.138047337532043 -0.0779354572296143 -0.169164329767227 0.0175247509032488 0.00891187507659197 -0.0658020004630089 -0.127281442284584 0.0374984443187714 -0.0145500656217337 0.0170908495783806 0.0389912016689777 0.00495711620897055
0.0940215885639191 0.0392469838261604 0.0291718933731318 0.0469477809965611 0.000866335409227759 -0.0926451161503792 0.0979262962937355 -0.136091768741608 -0.0330969020724297 0.0200121607631445 0.0674116313457489 -0.0854688510298729 -0.239594459533691 -0.0236237850040197 -0.000708694744389504 0.0607301965355873 -0.0319368503987789 0.0129652507603168 -0.100361429154873 0.0680099427700043 0.0363009944558144 -0.0951157957315445 0.0145551655441523 -0.00197106273844838 -0.00654967315495014 0.00673036882653832 -0.0273329708725214 0.0692479982972145 0.0136586651206017 -0.0840116143226624 0.105285368859768 0.0881524085998535 0.0209640972316265 0.0924311727285385 0.0290382727980614 0.0203521586954594 -0.00819466263055801 -0.021301656961441 -0.0222647115588188 -0.0212135389447212 0.0416849441826344 -0.0016491487622261 -0.0818497464060783
0.0505597926676273 -0.0668514892458916 -0.0235962737351656 0.0201441422104836 -0.111833229660988 -0.126858606934547 0.0772533491253853 -0.0725675225257874 -0.0947807356715202 0.0367765538394451 -0.0398329459130764 0.0520901717245579 -0.0382430627942085 -0.0498957969248295 -0.0590979345142841 0.0271559916436672 0.0940584763884544 0.051437608897686 -0.0520090609788895 -0.0705048218369484 0.0146315209567547 -0.0154231656342745 0.0619298629462719 0.0353227443993092 0.0257388297468424 -0.0418912507593632 0.165014266967773 -0.0771965757012367 -0.211358904838562 0.0570453144609928 -0.0324569158256054 0.0584837943315506 0.157932057976723 0.060851089656353 0.0185525789856911 -0.0506902560591698 0.179436519742012 -0.00266122817993164 -0.000346018612617627 0.0824836418032646 -0.0526717603206635 0.0637168511748314 -0.00317828799597919
-0.113120198249817 0.00965459086000919 -0.03059321641922 0.0371335223317146 0.0252372324466705 -0.00569503335282207 -0.0162126682698727 0.0635279566049576 -0.0232153814285994 -0.00118583126459271 0.05295380204916 0.0100077725946903 0.0508924201130867 -0.0402255058288574 -0.01446867082268 0.00544402375817299 -0.0568437650799751 0.0941368415951729 -0.0225764364004135 -0.071616604924202 -0.0580525957047939 0.0421159900724888 0.0728727504611015 0.0588019341230392 -0.0434927307069302 0.00423795823007822 -0.0631687492132187 -0.033689372241497 0.213725402951241 0.0611559078097343 -0.453762263059616 0.0713985189795494 -0.00886677205562592 0.0414218083024025 0.0521199479699135 -0.0470779724419117 -0.0333530195057392 0.00710544129833579 0.00514900684356689 -0.154393389821053 -0.0088755190372467 0.0439003333449364 -0.0693664625287056
-0.0275324527174234 0.00155092088971287 -0.0748039484024048 -0.0485407002270222 -0.0363419353961945 -0.0698924362659454 0.0484056212007999 0.0586245954036713 -0.0917230099439621 0.0116409910842776 0.0550812222063541 -0.0437096767127514 -0.0551019534468651 0.133577585220337 -0.00095415860414505 0.0318065360188484 -0.0385593734681606 -0.150002166628838 -0.0558469779789448 0.0349521040916443 -0.0526191256940365 0.168595209717751 -0.0885500982403755 0.12294740229845 0.0909620448946953 -0.271840959787369 0.118519566953182 -0.00809828564524651 -0.0534441396594048 -0.185270324349403 -0.0394267439842224 -0.0692565068602562 0.0840359926223755 0.0198865439742804 -0.0927387773990631 0.0953750237822533 -0.240045785903931 -0.141229584813118 -0.0297012254595757 0.0363151580095291 -0.0556490533053875 -0.0640262216329575 0.0187230203300714
0.00676422566175461 -0.0732588246464729 0.0739400386810303 0.0296401754021645 -0.0157284438610077 -0.0773181840777397 -0.0263672322034836 -0.0567699037492275 -0.108717299997807 -0.102807134389877 0.109905406832695 -0.0492421984672546 -0.148213073611259 -0.0106634451076388 -0.0758474692702293 0.0158308017998934 0.0633691921830177 -0.0338381603360176 0.0561800263822079 0.113087594509125 0.0956680923700333 0.0318056754767895 -0.0553890764713287 -0.0842267200350761 0.134702980518341 0.164756014943123 0.057466983795166 -0.165064781904221 0.054669339209795 -0.0227211564779282 0.0586252100765705 -0.0458850041031837 0.00306084752082825 -0.00173167453613132 0.0392643362283707 -0.0344743728637695 -0.13414104282856 -0.0624315738677979 0.168065130710602 0.0625831335783005 0.111093275249004 0.0218382570892572 -0.071197547018528
-0.0640612468123436 -0.0494984909892082 0.0327702090144157 -0.0664617493748665 0.113618828356266 -0.0992554277181625 -0.0780125185847282 0.0139946239069104 0.114347711205482 0.0383542850613594 0.0153800696134567 0.0652234554290771 0.0376742221415043 -0.113213405013084 -0.0564205050468445 0.077063724398613 0.0157254748046398 0.103628180921078 0.0112493550404906 -0.0398381166160107 -0.0175530724227428 -0.0888810008764267 -0.0115279778838158 -0.179981380701065 0.165014281868935 -0.0628690496087074 0.0655632540583611 -0.436422199010849 0.0156060829758644 -0.103685781359673 0.0279733743518591 0.033753514289856 -0.0896598696708679 0.0151166934520006 -0.0437738448381424 0.138722762465477 0.00961226224899292 0.0139840170741081 0.0532179214060307 0.00686659663915634 0.0123819019645452 -0.0329191461205482 -0.0773386210203171
-0.0324689410626888 0.0962914004921913 0.0120945982635021 0.0436753518879414 -0.0164915453642607 0.073355071246624 0.119641534984112 -0.0454845316708088 -0.0239925291389227 0.0600845515727997 0.00674181990325451 -0.120035253465176 -0.0211991909891367 -0.098844900727272 0.0615264885127544 0.00380081566981971 -0.0278232395648956 0.0564683564007282 0.0105130588635802 0.0489800833165646 0.0660419762134552 -0.00409482000395656 -0.131361171603203 -0.110258385539055 0.168594196438789 -999 -999 -999 0.104416042566299 -0.252347618341446 0.301206409931183 -0.181950584053993 0.0757332518696785 -0.186344131827354 -0.145042076706886 -0.0180523954331875 -0.120807111263275 0.208493024110794 0.0641053318977356 -0.182706952095032 0.0954072847962379 -0.139607772231102 0.059653963893652
-0.0908202528953552 0.0392440967261791 -0.0721186175942421 0.127156510949135 0.0472488738596439 -0.0147897768765688 -0.102658472955227 -0.0876583680510521 -0.0363161861896515 -0.0517638921737671 -0.0323101356625557 -0.0614586770534515 0.116326332092285 -0.0141037246212363 -0.189633846282959 -0.0444493070244789 -0.178679957985878 0.0599767602980137 -0.0384782180190086 -0.00330116273835301 -0.120283901691437 0.0946323648095131 -0.0149433827027678 -0.0248603355139494 -999 -999 -999 0.145600855350494 -0.0238865129649639 -0.0343542136251926 0.0119946803897619 0.028444891795516 -0.0796354040503502 -0.0596867427229881 -0.0113697629421949 0.298771589994431 0.100991047918797 -0.0166089478880167 -0.0422179102897644 0.0469664596021175 -0.0129465470090508 -0.0121473800390959 0.0346839241683483
