assets/gome_f/processed/ascii/world/gome_sif_world_20121101.asc
NCOLS 720 
NROWS 360 
XLLCORNER -180 
YLLCORNER -90 
CELLSIZE 0.5 
NODATA_value -3.4e+38 
[rows 285 to 303 of 360, columns 86 to 128 of 720]
-0.0695576518774033 0.0973409414291382 -0.0170214008539915 -0.104665242135525 -0.0879069939255714 0.28152334690094 -0.0465984046459198 -0.0232610367238522 -0.115433096885681 0.054398987442255 0.0970541536808014 0.128221124410629 -0.167533084750175 0.0504871159791946 -0.0638042762875557 -999 -0.0398317389190197 -0.0121727185323834 0.0251667629927397 0.0133759099990129 -0.0036215172149241 -0.0980737283825874 -0.138048827648163 -0.0899487808346748 0.0625675097107887 -0.224528849124908 -0.0554548129439354 -0.0578164868056774 0.139582246541977 0.168908104300499 -0.361756056547165 0.208383277058601 -0.0335867889225483 -0.161000028252602 -0.0349066779017448 -0.0850369036197662 0.00473852828145027 0.094004400074482 0.0983053371310234 0.0640880316495895 -0.274901986122131 0.0656557828187943 -0.126010552048683
0.0551123023033142 -0.123489983379841 0.0561365857720375 0.16009210050106 -0.111214026808739 0.172793030738831 -0.164196789264679 0.239610195159912 0.111965455114841 -0.139514908194542 -0.237910628318787 -0.0399651005864143 -0.287697941064835 -0.197147786617279 0.0425193980336189 -0.0796879157423973 0.118250600993633 0.123279631137848 0.0395805239677429 0.154778972268105 -0.0193172954022884 -0.03146106377244 0.0140447989106178 -0.0996387079358101 -0.272238433361053 -0.0715796276926994 0.0852693542838097 0.0210899915546179 0.156848803162575 -0.0448534451425076 -0.0944577381014824 0.106198534369469 0.241533368825912 -0.338992923498154 0.102711223065853 -0.233974039554596 -0.141270324587822 -999 0.0622074194252491 0.10172413289547 0.114000305533409 0.287326812744141 -0.144322171807289
0.0627528503537178 -0.0383098646998405 -0.144950285553932 -0.210794135928154 0.0129087828099728 0.0967527255415916 -0.242649525403976 0.146893575787544 -0.0197842791676521 0.117390811443329 0.522039592266083 0.0886222496628761 0.458902209997177 -0.0466459468007088 -0.109490789473057 -0.199800029397011 -0.213932350277901 0.085873655974865 -0.129280254244804 -0.0268552489578724 -0.0451845191419125 0.383210152387619 0.14688166975975 -0.128852441906929 -0.159683436155319 -0.100417494773865 -0.0685147419571877 -0.153227761387825 -0.226063176989555 0.0536888241767883 -0.0113067794591188 0.0113415597006679 -0.371445149183273 0.353623479604721 0.0394321754574776 -0.167176887392998 -0.205895200371742 -0.163068979978561 -0.0291196741163731 0.134690150618553 -0.0686032846570015 -0.0764788016676903 -0.145037725567818
0.374617338180542 0.184024393558502 0.0477716140449047 -0.123332947492599 0.221931055188179 -0.144545927643776 -0.213835179805756 0.139398798346519 0.229419827461243 -999 -0.0884497761726379 -0.110605835914612 0.0694132819771767 -0.24064077436924 -0.0808049216866493 -0.0331260822713375 0.126396760344505 0.000731140375137329 0.197813510894775 -0.12903693318367 0.13608606159687 0.0631262585520744 -0.219605222344398 0.0214987359941006 -0.0716778784990311 -0.107157610356808 0.0138885229825974 0.0436516366899014 0.0447297766804695 -0.0572808682918549 -0.155988171696663 -0.173893496394157 -0.0999912321567535 0.0543209128081799 0.120043523609638 -0.18846532702446 0.183315247297287 -0.103591106832027 0.467513740062714 0.109606720507145 -0.0495308674871922 0.196151465177536 0.137884318828583
0.0876165926456451 -0.0182138700038195 -0.13119450211525 0.247595891356468 0.0809021294116974 0.295653134584427 0.144831895828247 -0.228676214814186 -0.274877995252609 -0.0266973022371531 -0.0536960177123547 0.171374261379242 0.170109942555428 -999 -0.122323110699654 0.0535309575498104 0.259037137031555 -0.0498800538480282 0.250872015953064 -0.0772851258516312 0.34913033246994 -0.175115764141083 0.0707469880580902 -0.0914422646164894 0.245646193623543 -0.0790342465043068 -0.00922507420182228 -0.0137017862871289 -0.207384303212166 -0.0220244135707617 -0.208934769034386 0.0436295010149479 -0.130862757563591 0.0132538769394159 -0.00612235581502318 0.152560859918594 -0.0799010917544365 0.00929740350693464 -999 0.00916787050664425 -999 0.140919461846352 0.20702275633812
-0.0289693269878626 -0.111562341451645 0.29502472281456 -0.0463102608919144 0.324744462966919 -0.243780910968781 0.0817664861679077 -0.310770303010941 -0.133821576833725 -0.00257389387115836 -999 -999 -0.0544068701565266 0.0304523333907127 -0.0614086277782917 -0.320733487606049 -0.125168815255165 -0.0374813266098499 -0.0178251676261425 -0.0371199510991573 0.0274941474199295 0.0132877677679062 -0.0772926732897758 -0.125302612781525 0.295483857393265 -0.355069369077682 0.206575572490692 0.186462044715881 0.271870106458664 0.0599438287317753 0.0252926237881184 0.0936792120337486 -0.141040861606598 -0.109871707856655 0.139348611235619 -999 -0.432799071073532 0.133015662431717 -0.0126746017485857 0.0347485169768333 0.0761701464653015 0.0541002675890923 0.118216320872307
-0.0834723934531212 -0.0272292494773865 -0.320442825555801 -0.0673342421650887 -0.410486102104187 -0.228045672178268 0.212536424398422 0.387037009000778 0.135846897959709 -0.0224640369415283 -999 0.108720257878304 -999 -0.147830650210381 0.579499781131744 0.462042808532715 -0.095848336815834 0.0221204962581396 0.165793597698212 -0.0240509696304798 -0.000624090433120728 -0.16715207695961 -0.0231801550835371 -0.0558755360543728 0.260235786437988 -0.0543056838214397 -0.039146400988102 -0.116947114467621 0.438554584980011 -0.0284680277109146 -0.222893953323364 0.152501657605171 -0.0118063390254974 -0.216505125164986 -999 -0.244068264961243 -0.0301966704428196 0.0324375033378601 -0.0617243237793446 -999 -0.201225519180298 -0.163449510931969 -999
-0.133751973509789 -999 0.0819501131772995 0.132443785667419 -0.117026180028915 -0.442286610603333 -0.370579868555069 -999 -0.122301757335663 -0.352148413658142 -999 0.264076679944992 0.351543933153152 -0.398695349693298 0.307039797306061 -0.074217826128006 -5.64490910619497e-05 -0.301566064357758 0.331251174211502 0.136319518089294 -0.101260036230087 0.0243423506617546 0.00664744293317199 -0.0838716849684715 -0.0931700170040131 -0.117665469646454 -0.00226991437375546 0.190637469291687 0.233644157648087 0.197820857167244 -0.795819759368896 -0.1088582649827 0.0946782901883125 0.220613062381744 0.204072922468185 -0.146316111087799 0.0350674204528332 0.431285858154297 -999 0.131841152906418 -0.078270435333252 -0.200057879090309 -0.0664118304848671
-0.15086156129837 -0.211263030767441 0.0928453281521797 -0.0859344750642776 -999 -0.318828374147415 -0.149902284145355 -999 0.200591698288918 -999 -999 0.404631793498993 0.00824681390076876 0.102178178727627 -999 0.285219550132751 0.199330285191536 0.108256153762341 0.270624160766602 0.253701150417328 0.11601148545742 -0.0721209794282913 -0.0301515236496925 0.296615421772003 -0.0714656114578247 -0.19945265352726 -0.0351712852716446 -0.305639892816544 -999 0.0193943921476603 -0.00624336302280426 -0.241418778896332 0.0675436556339264 -0.0548033528029919 0.0606014616787434 0.0676358640193939 -0.290348768234253 0.0579392090439796 0.0461971797049046 -0.391332119703293 -0.0318584814667702 -0.214242219924927 -0.261534243822098
-0.237036004662514 0.0920595452189445 -0.182455256581306 0.357580244541168 -0.21896792948246 -0.0726194977760315 0.0114811342209578 -999 0.0506584718823433 -999 -999 -0.757885813713074 -0.328541308641434 0.274762690067291 -0.238564252853394 -999 -999 0.395653277635574 0.188193202018738 0.198221370577812 -999 -0.0427784994244576 -0.368413090705872 0.343450516462326 0.244087383151054 -0.240542039275169 0.0920428037643433 -0.109016425907612 -0.124847315251827 -0.256174683570862 -0.0155802071094513 -0.0380197316408157 -0.437019944190979 0.198030918836594 -0.0627420321106911 -0.464804708957672 -0.0774102658033371 -0.090432845056057 -0.288462549448013 -0.0536566562950611 -0.109558932483196 0.108672872185707 -0.14090071618557
0.366664201021194 -0.23302948474884 -0.0710606873035431 0.105348750948906 -0.404955059289932 0.0695307999849319 0.175945520401001 -0.126111283898354 -999 -0.177494391798973 -0.413824766874313 -999 -0.104945130646229 -0.629167258739471 -999 -999 -0.172537907958031 -0.198362126946449 -0.0509432926774025 0.515829563140869 -0.0148660242557526 0.0406584925949574 -0.303487747907639 0.00278697325848043 0.141897156834602 0.0345922037959099 -0.0644486397504807 0.354085624217987 0.212725341320038 -0.28459957242012 0.0541243627667427 0.200306132435799 -0.202595666050911 -0.0651187300682068 0.320355981588364 -999 0.0982431918382645 -0.110628090798855 -0.364436715841293 0.1361373513937 0.311000168323517 -0.388942003250122 0.163484588265419
0.132983893156052 -0.199654579162598 -999 -0.0210820809006691 0.1104471758008 -0.361347258090973 -999 -0.441787868738174 -0.398782640695572 -999 0.47009950876236 -0.16461107134819 0.256689250469208 -0.051689475774765 -999 -999 -0.0945792496204376 -0.000304470770061016 0.588494896888733 -999 0.0317866951227188 -999 0.228583112359047 0.158770620822906 -0.153111815452576 -0.0660311579704285 -0.0824322327971458 -0.0678336024284363 -0.021554559469223 -999 -0.0949353948235512 -0.0444081537425518 0.114977166056633 -0.0351025015115738 0.0258710235357285 -0.404903262853622 -0.131830766797066 -0.122114837169647 -0.0113382516428828 0.152885630726814 -999 -999 0.289143741130829
0.375441461801529 -999 -0.0885847732424736 -0.258268415927887 -0.0341014936566353 0.0871058329939842 -0.133599042892456 -0.183446303009987 -0.162974581122398 -0.654235482215881 -0.198014453053474 0.0112849297001958 -0.0379509627819061 -999 -999 0.156067430973053 -0.109883561730385 0.0951838865876198 -999 -0.0174609031528234 -0.489705055952072 -999 0.136783987283707 -0.0535397417843342 0.112373732030392 -0.0846076682209969 -0.0431663766503334 0.105692304670811 0.105119451880455 -0.254413038492203 0.202043682336807 -0.622878551483154 -999 0.170184925198555 -999 0.0617493987083435 -0.325340330600739 0.459601193666458 0.140858605504036 -0.0779014900326729 -999 -999 0.161059856414795
0.200077369809151 -0.502838492393494 -999 0.14713454246521 -0.171313062310219 -999 0.44523674249649 -999 -999 -0.533106625080109 -999 -999 0.0332627855241299 0.250499099493027 -999 0.298912733793259 -0.312409400939941 -0.0689608752727509 -0.290059596300125 0.0154709294438362 -0.566692531108856 -0.0974389165639877 0.148548886179924 -0.147815600037575 0.209203824400902 -0.0745159313082695 0.143261775374413 -0.177297204732895 0.0153772104531527 -0.040960505604744 -0.0861275494098663 -999 -999 0.720203459262848 -999 0.012370303273201 0.0913766399025917 -0.132115662097931 -999 -0.173470541834831 -999 0.358580857515335 -0.163780063390732
-999 0.454040318727493 0.0909542441368103 0.0729107111692429 -0.111330159008503 0.0129886763170362 -0.370657682418823 -0.273196369409561 0.0566898509860039 -0.301413118839264 -0.289859801530838 -0.137270733714104 -999 -0.26510289311409 -999 -0.134487614035606 -0.0654364302754402 0.227601706981659 -0.159154981374741 -0.563025951385498 -0.154327869415283 -999 -0.0293763875961304 -0.0319207459688187 -0.118044406175613 -0.088637039065361 -999 -0.182374805212021 0.108885161578655 -0.243119686841965 -0.463746875524521 0.408090859651566 0.236183702945709 -999 -0.120633870363235 -0.035103764384985 -999 -999 -999 -999 0.224940285086632 0.562397658824921 -999
-999 -0.308767169713974 0.185731321573257 -0.432009428739548 -0.051946971565485 0.0370218455791473 -999 -0.340661406517029 -0.38452273607254 0.0714639648795128 0.0706732720136642 -0.229369208216667 0.589013040065765 0.232530444860458 0.339700967073441 0.156189933419228 -0.0994201302528381 0.151464387774467 0.147312581539154 -0.107756495475769 0.698434054851532 -0.0226422492414713 -0.0880458652973175 -0.058804988861084 -0.0905278399586678 -0.289852768182755 -999 -0.381909251213074 -0.370079636573792 -0.0348040871322155 -0.549635648727417 -0.470435976982117 -0.0781385079026222 -0.382133990526199 0.243217989802361 0.260083824396133 -0.0808584466576576 0.00118127360474318 -0.243797481060028 -999 -999 -0.633344948291779 -999
-0.375802963972092 -0.125508651137352 -999 -0.40019229054451 0.608011186122894 -999 -999 0.143717184662819 -999 0.0336591899394989 0.102678932249546 -0.114970244467258 0.246197566390038 0.710274636745453 -0.439478784799576 -0.124100066721439 0.140764892101288 -0.0723609328269958 0.130849927663803 0.444679290056229 -0.384261190891266 0.264360278844833 -0.0939088687300682 -0.312130838632584 -0.276969760656357 -999 -0.290207624435425 -0.117641143500805 -0.0882201492786407 0.206682845950127 -0.151000827550888 -0.148353070020676 -999 -999 0.00485718296840787 -999 -999 0.314453274011612 -999 -999 0.328820466995239 0.22083680331707 -999
0.0126179829239845 -0.150015816092491 -0.295747071504593 -0.260412693023682 -999 -0.357157081365585 -0.214999139308929 0.281504601240158 -0.0802502334117889 -0.119240298867226 -0.183588325977325 -999 0.671809315681458 -0.15234762430191 -999 0.415263593196869 -0.127825692296028 -999 -0.211182221770287 -0.0337163396179676 -999 -0.180967807769775 -0.106466047465801 0.0868891924619675 0.83711713552475 0.0648176819086075 -0.175241604447365 0.0866920426487923 -0.0112585863098502 -999 -999 -0.312113374471664 0.14579401910305 -0.436610758304596 -0.151469051837921 -999 -999 -0.261452287435532 -999 -999 -0.0828241556882858 -0.105071306228638 -999
0.137894734740257 -0.111528687179089 0.164777994155884 0.313423991203308 0.195089489221573 -0.222607806324959 -0.279662191867828 -999 -0.00505702057853341 -0.489261895418167 -999 -0.0727509707212448 -0.223450049757957 -999 0.292638093233109 0.431576579809189 0.343159198760986 0.410583078861237 -999 -0.204633563756943 -999 -999 0.131212279200554 0.0934208929538727 -0.325764298439026 0.0608252175152302 -0.225633397698402 0.00123332440853119 0.147772803902626 -0.337429761886597 -0.0617321282625198 -999 0.0171945672482252 0.0134790493175387 -0.278807401657104 -999 -999 -999 -0.161900132894516 0.0479184463620186 -999 -999 -999
