assets/gome_f/processed/ascii/world/gome_sif_world_20130501.asc
NCOLS 720 
NROWS 360 
XLLCORNER -180 
YLLCORNER -90 
CELLSIZE 0.5 
NODATA_value -3.4e+38 
[rows 38 to 56 of 360, columns 387 to 429 of 720]
-0.0608991570770741 0.0511929467320442 0.0208793506026268 -0.044849306344986 0.01860086992383 0.0299641843885183 -0.0508631989359856 -0.0384412780404091 0.0981864407658577 0.0126029411330819 0.0266374032944441 0.0394667871296406 0.0942718982696533 0.0523614883422852 0.0410195402801037 -0.101248428225517 -0.124179609119892 -0.0893678292632103 0.000786976830568165 0.116284273564816 0.0125360004603863 0.00557523407042027 0.164398431777954 0.157716199755669 0.163205310702324 -0.0409745611250401 0.14960677921772 0.00846501346677542 -0.228415071964264 -0.0863126888871193 0.31872883439064 0.10152854770422 0.400041908025742 -0.0148679967969656 0.0663309991359711 0.0171471927314997 -0.0195762291550636 0.0725345686078072 0.0962272584438324 -0.0337630249559879 0.0987466722726822 0.0979339256882668 -0.0307379458099604
0.0790702849626541 -0.114531293511391 -0.0558459311723709 0.0143314711749554 0.0187156107276678 0.0363815128803253 -0.0772261694073677 -0.00676279328763485 -0.0134841240942478 0.00128520210273564 -0.0983207151293755 0.0705279335379601 -0.0298625957220793 -0.110580183565617 0.0370618812739849 -0.0602550953626633 -0.115139491856098 0.086395263671875 -0.101431041955948 0.0322020724415779 -0.047772865742445 0.238714605569839 -0.132765591144562 0.18827386200428 -0.00398608949035406 0.194410011172295 0.228050991892815 -0.0612844340503216 -0.0712191238999367 -0.0161850359290838 -0.174985766410828 0.0227288920432329 -0.218371763825417 0.0949971079826355 0.000930948706809431 0.27172788977623 0.0651467740535736 0.0450957454741001 0.0320817232131958 -0.0515967719256878 0.160351291298866 0.00244136829860508 0.0616369768977165
0.0441219359636307 0.109151370823383 0.0935076847672462 0.0720199048519135 -0.0673561543226242 0.0395452417433262 0.0694537088274956 -0.106328196823597 0.0690430626273155 -0.138022139668465 -0.0466076880693436 0.0365608520805836 -0.0660449266433716 0.0369795523583889 -0.169622763991356 0.120228447020054 -0.0238911677151918 0.264886468648911 -0.0200035627931356 0.42099517583847 0.0584914870560169 0.00887622870504856 -0.0270994808524847 0.0633213818073273 -0.0502323769032955 0.375477433204651 0.376875132322311 0.098016157746315 -0.0283589363098145 0.181563511490822 0.0855945199728012 0.286637604236603 0.200817212462425 0.0702020823955536 0.0365235544741154 -0.0461317710578442 0.104151621460915 0.0198761001229286 0.125969037413597 0.0954675525426865 -0.0433567203581333 -0.00509118195623159 -0.0745281353592873
0.0757869407534599 0.00730475503951311 -0.00694869644939899 0.0261660534888506 -0.0674975961446762 -0.0450492314994335 0.00963764078915119 -0.0870820954442024 0.0157196819782257 -0.164842844009399 0.292481750249863 0.222599163651466 -0.0675505697727203 -0.319031864404678 -0.112556748092175 0.350311458110809 0.0298903435468674 -0.0204702913761139 0.0687438249588013 0.180137068033218 0.14761246740818 0.180716648697853 -0.0427809208631516 0.218928083777428 0.0113505637273192 0.084073506295681 0.307850480079651 0.361648619174957 0.311393648386002 -0.0358345173299313 -0.012034272775054 0.0673387721180916 0.0819342583417892 0.325053989887238 0.0798863843083382 0.148644655942917 -0.00905149523168802 0.13143028318882 0.0712964460253716 -0.0114110130816698 -0.0169625226408243 0.13711179792881 0.153752237558365
0.0501987561583519 -0.0103150811046362 -0.0562444590032101 -0.0685799941420555 0.0755550488829613 0.114717215299606 0.1377884298563 -0.0641710087656975 -0.0788740590214729 0.0920040011405945 0.290545344352722 0.139428868889809 0.101975321769714 0.34292858839035 0.419577121734619 0.244046211242676 0.469803541898727 0.106301859021187 -0.210473746061325 0.249092161655426 -0.041167363524437 0.146024629473686 0.0166350193321705 0.0405739583075047 0.0769570171833038 0.210314482450485 0.123952180147171 0.350976169109344 0.0519676618278027 -0.0363144725561142 0.123021803796291 0.187956243753433 0.228283941745758 0.190856218338013 0.042071208357811 0.126986667513847 0.0565712079405785 0.0507314428687096 0.349473655223846 0.1619902998209 0.0836947932839394 0.0707784295082092 0.117162108421326
0.0309371333569288 -0.0188988279551268 -0.0706697553396225 -0.029495432972908 -0.0716229230165482 0.100080281496048 0.0129501288756728 -0.0777613893151283 0.165458396077156 0.343595951795578 0.0761686116456985 0.644671380519867 0.168986797332764 0.0377974957227707 0.271559745073318 -0.0184127856045961 0.225263729691505 0.144276484847069 -0.0719340145587921 0.185285791754723 0.136537417769432 0.143830940127373 0.130316197872162 0.197570085525513 0.127505585551262 0.102194756269455 0.224233984947205 0.205876499414444 0.243141382932663 0.0704795345664024 0.312130570411682 0.109538741409779 0.153138682246208 0.317141532897949 0.214261814951897 0.236700922250748 0.15786324441433 0.278239965438843 0.266289353370667 0.228844806551933 0.118735544383526 0.243130177259445 0.158953592181206
-0.0623455494642258 0.023851340636611 -0.109905816614628 -0.0576051697134972 -0.0730490460991859 0.0301711950451136 0.127472117543221 0.0708206444978714 0.0444250553846359 0.186321541666985 0.131744205951691 0.228009521961212 0.0311605557799339 0.169372126460075 0.196817070245743 0.206993639469147 0.0981604531407356 0.166934534907341 0.111688397824764 0.192938551306725 0.0124761331826448 0.229935541749001 0.118979103863239 0.154681518673897 0.15165539085865 0.134563758969307 0.0925235226750374 -0.00034630298614502 0.235907644033432 0.178516238927841 -0.0722694247961044 0.142538204789162 0.14889270067215 0.126669660210609 0.137651234865189 0.0718165338039398 0.415492683649063 0.0710728242993355 0.16085521876812 0.0494997426867485 -0.0292719397693872 0.0662697032094002 0.313115447759628
-0.0497392602264881 0.0187431704252958 0.143375754356384 -0.10151843726635 -0.0060471617616713 0.260884016752243 -0.105920948088169 0.0212313756346703 -0.160905405879021 0.0616161860525608 0.0597292259335518 0.0339331775903702 0.0956966429948807 0.340841680765152 0.171274334192276 -0.0286531187593937 0.205844283103943 0.11891907453537 0.0771878585219383 0.257113337516785 0.14988648891449 0.223009705543518 0.210609868168831 0.182117655873299 0.182309374213219 0.273191154003143 0.0828069597482681 0.0519541725516319 0.198458984494209 0.303419351577759 -0.0100594758987427 0.170523658394814 0.157690137624741 0.146075516939163 0.0429569073021412 0.0538544543087482 0.0761651992797852 0.142343804240227 -0.173905342817307 0.112032242119312 0.0895067527890205 0.171859875321388 0.103339999914169
-0.150543093681335 0.244116857647896 0.269709974527359 0.139892086386681 0.156976923346519 0.245843753218651 -0.0334167554974556 -0.0989646911621094 0.248512268066406 0.256503880023956 0.145000457763672 0.0144426506012678 0.175778567790985 0.10594417899847 0.321795433759689 0.0552741810679436 0.0401262417435646 0.238406956195831 -0.0267298016697168 0.11314594745636 0.218437328934669 0.267924427986145 0.165529236197472 0.10760160535574 0.0981092602014542 0.189591705799103 0.00356322363950312 0.237804964184761 0.153979852795601 0.128441989421844 0.109415039420128 0.132841691374779 0.23297230899334 0.189829424023628 0.221605271100998 0.209030836820602 0.0613184235990047 0.0771421492099762 0.187429502606392 -0.0154494727030396 0.0406737737357616 0.0170596390962601 -0.0170726925134659
0.157706990838051 -0.132336989045143 0.0625658482313156 -0.00329487398266792 0.196147173643112 0.258277267217636 0.409935623407364 0.260212957859039 0.236192584037781 0.238431140780449 0.0871530696749687 0.142174780368805 0.228748440742493 0.171486243605614 0.173113971948624 0.171088084578514 0.219561606645584 0.127645760774612 0.122784957289696 0.198872312903404 0.29420405626297 0.210376650094986 0.175406262278557 0.226270362734795 0.0533263273537159 0.282169729471207 0.127028360962868 0.209136217832565 0.181262299418449 0.158552080392838 0.170028358697891 0.0649618804454803 0.137380734086037 0.148171573877335 0.260883182287216 0.0185325797647238 0.100873455405235 0.186232060194016 0.13041627407074 0.132339611649513 0.174253702163696 0.120665974915028 0.0302654709666967
0.31950318813324 0.185970768332481 0.359122276306152 0.0384820215404034 0.342522770166397 0.292233377695084 0.151828363537788 0.135485902428627 0.169025287032127 0.00257130758836865 0.131634697318077 0.248779281973839 0.0983598455786705 0.186613187193871 0.11816968023777 0.286725878715515 0.186806544661522 0.120131321251392 0.135214626789093 0.083694264292717 0.133426040410995 0.168235659599304 0.155289426445961 0.195294827222824 0.174475088715553 0.185694918036461 0.222229152917862 0.208573400974274 0.229077860713005 0.26502600312233 0.175954073667526 0.110331803560257 0.221512213349342 0.0153258899226785 0.143269881606102 0.239544451236725 0.0497837662696838 0.0633496716618538 0.105438247323036 0.138959854841232 0.247341215610504 0.286601632833481 0.195087909698486
0.142347231507301 0.131976425647736 0.366883277893066 0.356674820184708 0.358833432197571 0.26665136218071 0.228288218379021 0.152851119637489 0.208890303969383 0.189540833234787 0.267301708459854 0.124168068170547 0.182769179344177 0.0853913426399231 0.136592909693718 0.175058007240295 0.125675931572914 0.0365514680743217 0.0734399408102036 -0.115787506103516 -0.0598684176802635 -0.0714029297232628 0.0612091794610023 0.131877049803734 0.167018964886665 0.143301293253899 0.155074715614319 0.0581522211432457 0.141397342085838 0.229606837034225 0.0374794788658619 0.0745448917150497 0.18791189789772 0.127349346876144 0.141536369919777 0.118671275675297 0.251117140054703 0.188076868653297 0.195478022098541 0.154089704155922 0.178097382187843 0.173935353755951 0.108205281198025
0.0326141864061356 0.157099530100822 -0.0369248911738396 0.372992873191833 0.125976547598839 0.104281291365623 0.134041175246239 0.213176637887955 0.214666783809662 0.140475541353226 0.340731739997864 0.152136355638504 0.179380401968956 0.193985611200333 0.276943534612656 0.224382787942886 0.00346436095423996 0.0172692760825157 -0.039118118584156 -0.117512159049511 0.0759006291627884 0.0756398588418961 0.0815458372235298 0.105075798928738 0.234381109476089 0.170970588922501 0.0486973896622658 0.159533724188805 0.268958657979965 0.188902467489243 0.0855368301272392 0.185795873403549 0.0923943966627121 0.00616529118269682 0.144991427659988 0.198601290583611 0.151762530207634 0.134833425283432 0.078112356364727 0.0828447490930557 0.0421753749251366 0.13125804066658 0.133449539542198
0.35254755616188 0.011775903403759 0.20960845053196 0.208434194326401 0.214003354310989 0.184856221079826 0.213334977626801 0.186512917280197 0.215414732694626 0.301100015640259 0.213865116238594 0.167925253510475 0.261764198541641 0.18106184899807 0.101386666297913 0.170002534985542 0.0932855755090714 0.0425376072525978 0.0204739216715097 -0.065941333770752 0.1208291426301 0.126023471355438 0.123739138245583 0.276193559169769 0.209357813000679 0.220339745283127 0.267207056283951 0.27348381280899 0.242788016796112 0.0468065664172173 0.228334918618202 0.147381797432899 0.152813151478767 0.19544780254364 0.177672684192657 0.117680862545967 0.192759543657303 0.242733895778656 0.2540462911129 0.060009203851223 0.308535516262054 0.14405782520771 0.169392481446266
0.090489499270916 0.390410125255585 0.114052094519138 0.104980044066906 0.14765739440918 0.295701235532761 0.202693179249763 0.213964864611626 0.291356056928635 0.225092232227325 0.21118575334549 0.114938497543335 0.309397131204605 0.105619065463543 0.0144372843205929 0.0273588020354509 0.0369896665215492 -0.0215545855462551 0.0612240135669708 0.16897252202034 0.1405328810215 0.216395452618599 0.300205945968628 0.133291453123093 0.189562857151031 0.194283604621887 0.283064216375351 0.242370575666428 -0.0206457078456879 0.257595777511597 0.195082455873489 0.116449646651745 0.317664116621017 0.324406296014786 0.245673075318336 0.351130366325378 0.187147527933121 0.192780047655106 0.13738825917244 0.253910452127457 0.287221997976303 0.0260901041328907 0.178613573312759
0.278590351343155 0.326900005340576 0.226900592446327 0.19921512901783 0.316727846860886 0.274131238460541 0.351041406393051 0.240436375141144 0.383429139852524 0.130575373768806 0.214120611548424 0.0696517080068588 0.0418473891913891 0.0685130059719086 -0.0479167252779007 0.037381324917078 0.136042237281799 0.160474956035614 0.250308513641357 0.220380663871765 0.252652138471603 0.184771567583084 0.113812170922756 0.202872738242149 0.347061425447464 0.318571150302887 0.275985032320023 0.208171129226685 0.361113399267197 0.275278687477112 0.0830234289169312 0.279260188341141 0.343996673822403 0.181784465909004 0.0807435587048531 0.142833322286606 0.254366546869278 0.099550299346447 0.254984200000763 0.215384349226952 0.153815135359764 0.201781660318375 0.189233034849167
0.33064666390419 0.260531723499298 0.177599012851715 0.204458862543106 0.240793973207474 0.247560024261475 0.298029363155365 0.184565305709839 0.185273930430412 0.120952755212784 0.0899968147277832 0.0357818827033043 -0.0336582399904728 0.041854802519083 0.0924116969108582 0.050182681530714 0.133213192224503 0.131903097033501 0.283622413873672 0.292650043964386 0.231044933199883 0.103310965001583 0.222944468259811 0.165074914693832 0.205899015069008 0.276664644479752 0.211919263005257 0.255634218454361 0.390458434820175 0.281802356243134 0.193558856844902 0.230782136321068 0.195552170276642 0.0787423476576805 0.183118879795074 0.263134032487869 0.132085159420967 0.195610523223877 0.23552080988884 0.20002518594265 0.220021724700928 0.227692320942879 0.295158475637436
0.177413463592529 0.24880675971508 0.144102215766907 0.100315846502781 0.278095871210098 0.251912713050842 0.248187676072121 0.342731028795242 0.0624587945640087 0.0703766867518425 0.0201073922216892 -0.0407667569816113 -0.107157170772552 -0.0363921411335468 -0.120437905192375 0.113005824387074 0.0577889233827591 0.187446251511574 0.20929653942585 0.158772096037865 0.201381579041481 0.157456606626511 0.205149933695793 0.0708101317286491 0.259594589471817 0.353204041719437 0.383380502462387 0.429201394319534 0.276350349187851 0.27296245098114 0.22829332947731 0.124450609087944 0.239491969347 0.232048064470291 0.20746873319149 0.231732606887817 0.289987295866013 0.27482146024704 0.238295421004295 0.285552948713303 0.217370316386223 0.0626446828246117 0.261188447475433
0.14953276515007 0.120219737291336 0.256769210100174 0.327473372220993 0.299662917852402 0.25311478972435 0.230345860123634 0.101169876754284 0.198919728398323 0.0643529742956161 -0.00448984559625387 0.0384132191538811 0.0303299203515053 -0.0740493685007095 -0.0194089338183403 -0.0334741026163101 0.0194504726678133 0.120684050023556 0.174922198057175 0.238468185067177 0.206807315349579 0.211114943027496 0.210207358002663 0.152935609221458 0.386288344860077 0.315350860357285 0.299462288618088 0.355770468711853 0.350109487771988 0.273364812135696 0.278342753648758 0.148407250642776 0.197734460234642 0.156543597579002 0.248618975281715 0.336919635534286 0.234988912940025 0.36053267121315 0.30025041103363 0.240917354822159 0.190800547599792 0.172150850296021 0.255790889263153
