assets/gome_f/processed/ascii/world/gome_sif_world_20110301.asc
NCOLS 720 
NROWS 360 
XLLCORNER -180 
YLLCORNER -90 
CELLSIZE 0.5 
NODATA_value -3.4e+38 
[rows 152 to 170 of 360, columns 172 to 214 of 720]
0.0408086068928242 -0.00967918802052736 0.0585069172084332 0.0183529760688543 0.0456010401248932 0.0477957054972649 0.0774078071117401 0.0949482545256615 0.102278828620911 0.292690515518188 0.326987385749817 0.293926030397415 0.164175912737846 0.070746049284935 0.190502285957336 0.293200999498367 0.221046298742294 0.267847180366516 0.612873733043671 0.45409294962883 0.433962523937225 0.0929494425654411 -0.0185400135815144 -0.118128180503845 0.0162749625742435 0.047994464635849 -0.0357797369360924 0.036330871284008 0.00449483189731836 0.0334859974682331 -0.0413279794156551 0.032324057072401 0.0111509505659342 0.0191991738975048 0.00770822027698159 0.0124700888991356 -0.0121396975591779 0.0263965670019388 -0.0338024348020554 -0.0408142246305943 0.00555002968758345 0.00896716583520174 0.106747515499592
0.0748464167118073 -0.0565737709403038 0.0349746495485306 0.0859301686286926 -0.0656648948788643 -0.0230279490351677 0.0149061046540737 -0.00335219479165971 0.0226714238524437 0.0068744970485568 0.110888496041298 0.210515409708023 0.178179249167442 0.143573105335236 0.174532532691956 0.126820474863052 0.350236624479294 0.568029046058655 0.398635268211365 0.515599429607391 0.427615314722061 0.0825294330716133 0.11697032302618 -0.0211040303111076 0.0336876176297665 0.0245970357209444 0.000329791073454544 -0.0761970579624176 -0.0492622889578342 -0.0211708825081587 -0.0422024130821228 0.016393331810832 -0.0851423442363739 -0.00889521557837725 -0.0459387265145779 -0.0276862774044275 0.0497742109000683 0.0174532290548086 -0.0400634668767452 0.0129278665408492 -0.034297663718462 -0.0141875110566616 -0.0523193664848804
0.0189905967563391 0.0146546196192503 -0.00504561560228467 0.00180709862615913 0.0657750591635704 0.0358922481536865 -0.0236194413155317 -0.034202553331852 -0.0286601930856705 0.00891631562262774 0.0119401654228568 -0.0174216199666262 -0.0799911618232727 0.0270191244781017 0.173157215118408 0.144145578145981 0.0942776799201965 0.312508583068848 0.50308233499527 0.52622526884079 0.457941949367523 0.162036582827568 -0.0452905260026455 -0.00834514852613211 0.0295530557632446 -0.0901779606938362 -0.00135056336876005 -0.0305003840476274 0.0553973279893398 -0.00698748882859945 -0.0842619836330414 -0.0317258089780807 -0.0667318925261497 0.0406571626663208 -0.0415657050907612 -0.0840168297290802 0.0411543063819408 0.0217788685113192 0.00387349561788142 -0.0347032621502876 -0.0122749088332057 -0.0454581342637539 0.0493109114468098
0.0220857504755259 -0.0345989540219307 -0.0620478838682175 0.00712008494883776 -0.00311361975036561 -0.0362979620695114 0.0917239114642143 -0.0110158696770668 0.0584254488348961 0.0294647719711065 0.0858893990516663 0.0630107223987579 -0.0737830922007561 -0.0781463831663132 0.0399693436920643 0.227697819471359 0.205631613731384 0.0708185359835625 0.392211228609085 0.481307089328766 0.399762541055679 0.117162682116032 0.00381034216843545 0.052940022200346 -0.0466104745864868 -0.0101841716095805 -0.0082916272804141 -0.0953763201832771 -0.0622038841247559 -0.0312091410160065 -0.0170337315648794 0.0172150228172541 -0.0435771830379963 -0.0091585973277688 -0.0166925694793463 0.0413498505949974 0.0259233452379704 0.0025629575829953 -0.0105020916089416 0.0646060332655907 -0.0195525567978621 0.0301841627806425 -0.0763468593358994
0.0240510404109955 -0.026017377153039 0.0381719991564751 -0.0567505098879337 0.000955418450757861 -0.077463299036026 -0.00621905922889709 -0.082359679043293 0.0391119346022606 -0.026850763708353 -0.0136174913495779 0.0294573232531548 -0.0274783372879028 -0.0761778354644775 -0.0285414811223745 0.060807392001152 0.118442162871361 0.0525227822363377 0.208292439579964 0.489601045846939 0.297949403524399 0.095726415514946 0.00677119055762887 0.00120420253369957 0.00915833842009306 0.0700464844703674 0.049322385340929 0.0113131226971745 0.0465159006416798 0.00201826775446534 -0.0306070242077112 0.0272638276219368 0.0522868074476719 -0.0176857896149158 0.0613457038998604 0.0289002526551485 -0.0613984279334545 -0.0628026500344276 0.0179632119834423 -0.0571715980768204 0.0486023984849453 -0.0121300760656595 0.0341842882335186
0.00735028786584735 0.0534805729985237 0.0113853318616748 -0.103893466293812 0.0396193042397499 -0.0452630743384361 -0.0399424657225609 -0.0183917228132486 -0.00934355426579714 -0.0118604768067598 0.0454425700008869 -0.0809247642755508 0.0881920829415321 -0.0494931451976299 -0.0344661213457584 0.049991101026535 0.0257426220923662 0.191348373889923 0.229182824492455 0.462381511926651 0.234902739524841 0.059941440820694 0.0485711768269539 0.0166285019367933 -0.0295394565910101 -0.0531413853168488 0.00832200795412064 0.00775049952790141 -0.0496934801340103 0.125593021512032 -0.0670322477817535 0.0231018420308828 -0.0597569197416306 -0.0425418317317963 -0.00157741154544055 -0.00682110991328955 -0.0297459401190281 0.0677516981959343 0.0546385571360588 0.0736087709665298 0.295915544033051 0.180340155959129 0.170422211289406
0.0304450802505016 0.0369918756186962 0.00495714461430907 0.0540534183382988 -0.0459397062659264 0.0129566034302115 0.0305526591837406 -0.0151362353935838 -0.00990799441933632 -0.0264791399240494 0.0775053724646568 -0.0341807492077351 0.0196614991873503 -0.0240719728171825 -0.0932906493544579 -0.0741129145026207 0.00426415307447314 0.178528234362602 0.324786245822906 0.525660276412964 0.399812519550323 0.198828473687172 -0.00605416856706142 -0.00947473011910915 0.0217019449919462 -0.0207002274692059 0.0228479504585266 -0.00756834028288722 -0.0337026044726372 0.0175697039812803 -0.0276812128722668 -0.0693549960851669 -0.0208734534680843 -0.0173343569040298 -0.00401516957208514 -0.0414144471287727 0.0366138815879822 0.118638537824154 0.342734277248383 0.481711000204086 0.373969912528992 0.149775251746178 0.348010689020157
-0.0473918914794922 0.13593927025795 -0.048456285148859 -0.00371837615966797 -0.0628122389316559 0.0122964382171631 -0.0510845370590687 -0.0606692247092724 -0.0552245788276196 0.0296684559434652 -0.0472307614982128 -0.0609009116888046 -0.00195590127259493 0.0353609658777714 -0.00337003730237484 0.0125242611393332 0.0818565115332603 0.273135721683502 0.331308305263519 0.356389909982681 0.432138621807098 0.378058552742004 0.10879834741354 0.0105921756476164 0.0968096032738686 -0.0105668641626835 0.00897821038961411 0.030189773067832 -0.117940284311771 0.020649928599596 0.0101289143785834 0.00438825413584709 -0.015511155128479 -0.059509851038456 0.0224732793867588 -0.0298430118709803 0.204139709472656 0.235957056283951 0.53131490945816 0.52605265378952 0.508592247962952 0.43193981051445 0.246598571538925
-0.0325063243508339 -0.0354483723640442 -0.0183003451675177 -0.08132154494524 -0.0323138870298862 -0.123965330421925 -0.0162838269025087 0.0402818359434605 0.000592370459344238 0.0560349076986313 -0.061803437769413 -0.0273808855563402 -0.00641820998862386 -0.0888506099581718 -0.0711861997842789 -0.0551411919295788 0.0500315465033054 0.0369119495153427 0.21506629884243 0.313672423362732 0.51505720615387 0.500139117240906 0.440882235765457 0.190819412469864 -0.120707117021084 0.0132127497345209 -0.00543794641271234 0.0140302255749702 0.00551854725927114 0.0227587018162012 0.00521813007071614 0.0158844329416752 0.0176824852824211 0.105810038745403 -0.044184535741806 0.0499526113271713 0.0595020838081837 0.395899891853333 0.468660444021225 0.429703652858734 0.523318409919739 0.323919326066971 0.254075348377228
-0.000681912817526609 -0.0502185076475143 -0.0633721426129341 0.0797242373228073 -0.0780524611473083 0.0062453793361783 -0.0778215825557709 -0.0541337765753269 -0.111061632633209 -0.0110254362225533 -0.0471728295087814 -0.0445061363279819 -0.0172995645552874 -0.0118028298020363 0.0418322123587132 -0.0511060319840908 0.0728105828166008 0.0595868416130543 0.133257284760475 0.0229639932513237 0.221379861235619 0.386702209711075 0.552554488182068 0.24836403131485 0.0693054273724556 -0.0141870165243745 0.098639965057373 0.215725585818291 0.281357258558273 0.223491981625557 0.311928391456604 0.370138257741928 0.220425173640251 0.0181399881839752 0.0363370329141617 0.148095443844795 0.18332140147686 0.375908523797989 0.440573632717133 0.368282526731491 0.346372365951538 0.324238359928131 0.381233662366867
0.01986631937325 -0.0203664246946573 -0.0616195239126682 0.0411104448139668 -0.00705008767545223 -0.0982162579894066 0.0258666221052408 0.0178642030805349 -0.00991851929575205 -0.0600077919661999 -0.00844406802207232 0.0328598842024803 -0.0197523925453424 -0.0142547115683556 -0.0377997793257236 -0.0481305122375488 -0.0441755503416061 -0.0248254556208849 0.0698322504758835 -0.0497940368950367 0.0744593963027 0.345686912536621 0.557945907115936 0.478605389595032 0.493282645940781 0.315611779689789 0.407206386327744 0.3553287088871 0.218332335352898 0.148107841610909 0.0800459980964661 0.185351818799973 0.433546125888824 0.220469281077385 0.0283836666494608 0.109008282423019 0.427521049976349 0.430891424417496 0.210396707057953 0.47822031378746 0.37529382109642 0.496165186166763 0.561072528362274
-0.0129284085705876 0.0415545664727688 0.0119034657254815 -0.052880484610796 0.0436403714120388 0.045643012970686 -0.0959983840584755 0.0098033556714654 -0.0072818286716938 -0.0149119822308421 -0.0105884810909629 -0.0734929218888283 0.0356411002576351 0.0355035401880741 0.0141450427472591 -0.057068694382906 0.0118792951107025 -0.000563286943361163 -0.0124579155817628 0.0413724258542061 0.0387078858911991 0.0831641480326653 0.214482754468918 0.172614395618439 0.281456649303436 0.271944046020508 0.193782538175583 0.133255496621132 0.127111256122589 -0.0884691998362541 0.110109619796276 0.10793524235487 0.308575421571732 0.446717262268066 0.172827273607254 0.495113909244537 0.538256108760834 0.384087681770325 0.505244553089142 0.575323164463043 0.384336441755295 0.398580014705658 0.133277058601379
0.0109507953748107 -0.0105442805215716 0.0374204702675343 -0.0457309782505035 -0.0195815861225128 -0.0108903618529439 -0.024359242990613 0.0432863794267178 -0.0403984524309635 -0.0405247882008553 -0.0377956591546535 -0.0386208593845367 -0.0166103802621365 0.0113453660160303 -0.0753502622246742 0.0111503293737769 -0.0402868315577507 0.068375289440155 0.0204604379832745 0.0121153872460127 0.0912619382143021 -0.0899577289819717 0.098948672413826 -0.0324013233184814 0.0526791960000992 0.17697511613369 0.260834753513336 0.247056648135185 -0.0199001431465149 0.0422399193048477 -0.0184365846216679 0.0754572451114655 0.537533164024353 0.562039852142334 0.407833367586136 0.375938981771469 0.316990852355957 0.43232861161232 0.306971460580826 0.452214062213898 0.513969480991364 0.330854922533035 0.568225085735321
0.0156166274100542 -0.0275658033788204 -0.0693479776382446 -0.0102021703496575 -0.084420457482338 0.0161617044359446 -0.0703480169177055 -0.0458076447248459 -0.0683694556355476 0.026826050132513 0.0206318181008101 -0.0816292017698288 0.0229113809764385 0.0440412983298302 0.0118611333891749 0.0357230044901371 -0.022607484832406 -0.074920080602169 -0.00921940989792347 -0.0185530185699463 0.0676414743065834 -0.105166517198086 -0.0243680756539106 -0.00898690894246101 -0.0653995871543884 0.0283474363386631 0.0553482994437218 0.069764569401741 0.0800103172659874 0.00997853185981512 0.0842107385396957 -0.0178138967603445 0.348706126213074 0.537245988845825 0.484954506158829 0.502313435077667 0.349638998508453 0.436665922403336 0.313712984323502 0.334034651517868 0.558027505874634 0.696456074714661 0.0232721623033285
-0.0179374553263187 0.0492083691060543 0.0116100152954459 0.0299633536487818 -0.02753228507936 0.0273323319852352 0.0518699511885643 -0.129962757229805 -0.0172396805137396 0.0129181174561381 0.00652176467701793 -0.0979572981595993 -0.0904904082417488 0.0597017779946327 0.0856224596500397 -0.0343366004526615 -0.0463689416646957 0.0506347715854645 -0.0192662142217159 -0.0301459468901157 -0.128132343292236 -0.0144031643867493 0.0724712237715721 -0.0663872063159943 -0.0941758006811142 -0.0121314432471991 -0.054667629301548 -0.0459606386721134 -0.0594978556036949 -0.0197040438652039 -0.0302107054740191 0.142047986388206 -0.0110937394201756 0.189082935452461 0.55903697013855 0.4200459420681 0.567735373973846 0.429521918296814 0.534783482551575 0.444380581378937 0.455476433038712 0.459878534078598 0.315817415714264
0.0280116107314825 -0.0625226423144341 -0.0220055095851421 -0.0514564923942089 -0.0665262341499329 -0.0696129649877548 0.0392432808876038 0.0267190672457218 -0.118259713053703 -0.105975709855556 0.0270843431353569 0.0325842946767807 -0.0180003345012665 0.0270578060299158 -0.0422923006117344 0.0281560122966766 -0.065793052315712 0.0746558234095573 0.0139678623527288 0.0503210052847862 -0.0295647382736206 0.045707706362009 0.0416318811476231 0.0121330693364143 -0.00138951290864497 0.0351844877004623 0.0379714295268059 0.0203175935894251 -0.0288159307092428 0.0213606301695108 0.00127078965306282 0.0170400962233543 -0.162118181586266 0.224570587277412 0.380985021591187 0.295944452285767 0.227869018912315 0.581539213657379 0.369278430938721 0.47284808754921 0.41232493519783 0.39062562584877 0.420677453279495
0.0499361269176006 -3.17255035042763e-05 0.132657214999199 0.0592181161046028 -0.0162132941186428 0.0473536029458046 0.0215303301811218 0.0200403742492199 -0.0222468972206116 0.0352390743792057 -0.0145330214872956 0.113737992942333 0.0321181640028954 -0.0760217979550362 0.0290723592042923 -0.0192670188844204 -0.0325625240802765 0.0565778873860836 -0.0135006168857217 0.0696349814534187 0.014695311896503 0.055681761354208 0.0455545298755169 -0.038165271282196 -0.092852957546711 0.0295252203941345 -0.0645010098814964 -0.0676275789737701 -0.021681621670723 -0.07891496270895 -0.0192273147404194 0.0782119110226631 -0.00301717082038522 0.064506359398365 0.36487004160881 0.338751137256622 0.315786153078079 0.54760605096817 0.386111050844193 0.451647907495499 0.569853782653809 0.279668539762497 0.328648924827576
-0.0697205662727356 0.0401407703757286 -0.132921680808067 -0.0905105769634247 0.139934286475182 -0.0565292425453663 0.00352687342092395 -0.0816004797816277 0.0191930811852217 0.11170607060194 -0.0186156257987022 -0.0173689406365156 0.0594196319580078 -0.0113879386335611 -0.0960524156689644 -0.0172724239528179 -0.0114326132461429 0.109528742730618 0.0579776354134083 -0.119958251714706 -0.0330194495618343 -0.0177475828677416 -0.0287856608629227 -0.00476869801059365 0.0623513758182526 -0.0420946516096592 -0.110867142677307 -0.0429037287831306 0.0533238276839256 0.0367119386792183 0.0445675514638424 0.00445397105067968 -0.0842106640338898 0.165103375911713 0.419481992721558 0.214761778712273 0.421672374010086 0.463797807693481 0.325315833091736 0.308408617973328 0.304673612117767 0.46159952878952 0.542271852493286
-0.0642826929688454 -0.0143820093944669 0.022297915071249 -0.0225495081394911 0.0393437184393406 -0.0504242181777954 0.0270384903997183 -0.0811485052108765 0.00164421845693141 0.107294790446758 0.0688837394118309 -0.0491875037550926 -0.00705746794119477 0.0483479499816895 0.0891682729125023 0.036783792078495 0.063072957098484 -0.0170367956161499 0.0232922919094563 -0.0650187134742737 -0.0158824529498816 0.0228653289377689 -0.00942964293062687 -0.0242318846285343 -0.0243003237992525 -0.0695037096738815 -0.00897570885717869 -0.0283658318221569 -0.0989996939897537 -0.0213411189615726 -0.0939040556550026 -0.0986595377326012 0.0212153308093548 0.203855469822884 0.313091844320297 0.554937541484833 0.523438274860382 0.175086736679077 0.319716811180115 0.320624768733978 0.551071405410767 0.618570744991302 0.282115072011948
