assets/gome_f/processed/ascii/world/gome_sif_world_20130401.asc
NCOLS 720 
NROWS 360 
XLLCORNER -180 
YLLCORNER -90 
CELLSIZE 0.5 
NODATA_value -3.4e+38 
[rows 152 to 170 of 360, columns 430 to 472 of 720]
0.0638404116034508 0.0787623301148415 0.119314081966877 0.0384903512895107 0.0891191959381104 0.0412326119840145 -0.0152500253170729 -0.0482899509370327 0.0302860978990793 0.082861453294754 0.0184505991637707 0.0273035150021315 -0.0484718307852745 0.0881857872009277 0.0195096582174301 -0.0305456630885601 -0.159198954701424 0.0214854795485735 0.0631734952330589 0.0686503872275352 0.0835537239909172 -0.013913688249886 -0.0673629119992256 -0.0521529167890549 -0.0641839504241943 0.0320305861532688 -0.0699261948466301 -0.0390280894935131 0.0411303602159023 -0.00959294941276312 -0.0446572154760361 -0.0433545559644699 -0.0657065287232399 0.0103104617446661 0.0767208337783813 -0.0330572575330734 -0.0692535936832428 -0.0398200005292892 0.00495648803189397 -0.0812920033931732 -0.0536803640425205 0.00982687249779701 0.0214292518794537
0.0761024132370949 0.0190970581024885 -0.015264499001205 0.0437248311936855 0.078749768435955 0.136993661522865 0.0779950022697449 -0.0489911399781704 0.0609902180731297 0.0341595709323883 0.0546211451292038 0.00551485596224666 0.0716346278786659 -0.0454208441078663 0.0681945532560349 0.00319998920895159 -0.0855951756238937 0.0150104612112045 0.0540298819541931 -0.0191028770059347 -0.0190704669803381 0.0336093120276928 0.00186651374679059 -0.120546393096447 0.0204551443457603 -0.0498536340892315 0.0857710242271423 -0.0572779476642609 -0.00975562911480665 0.00958539731800556 0.00976826064288616 -0.00941010657697916 -0.0147743504494429 -0.0497930571436882 -0.0204571913927794 -0.0551574900746346 -0.0229671597480774 -0.0115053914487362 0.0279181711375713 0.0483009815216064 -0.0234128776937723 0.0562780499458313 -0.0800741463899612
0.0672579780220985 0.114322386682034 0.10829172283411 0.109433874487877 0.00817684177309275 0.0850357711315155 0.00278153014369309 0.00304118753410876 0.0569243729114532 0.0581256337463856 0.00517192436382174 0.112838804721832 -0.0490906126797199 -0.0164198521524668 -0.042446780949831 0.045614592730999 0.0533655248582363 -0.124254189431667 -0.0361581109464169 -0.0430126525461674 0.0410391241312027 -0.0607169754803181 0.0424831546843052 0.0142289400100708 0.033873938024044 -0.0436022058129311 -0.0410086177289486 -0.0150846680626273 -0.0803780555725098 0.0345015190541744 -0.0379591882228851 0.0287790354341269 -0.0464994870126247 -0.0458644106984138 0.0372385457158089 0.0711843222379684 0.00659214332699776 0.116783849895 0.107454046607018 0.078575536608696 -0.0716739594936371 -0.0201576370745897 -0.0271653849631548
0.071996659040451 0.16901221871376 0.0226009860634804 0.11244697868824 -0.0249814745038748 0.0399574339389801 0.0361562334001064 0.0433402620255947 0.0668821930885315 0.0743964165449142 0.0853835046291351 0.00807732529938221 -0.0178210865706205 -0.0451800897717476 0.00761793972924352 -0.0536467842757702 0.100190296769142 0.0772638916969299 0.01229003444314 -0.0855151936411858 -0.0222776681184769 -0.00828215386718512 0.0105515662580729 0.00874789990484715 0.0783064514398575 -0.0205795262008905 -0.0195231754332781 -0.0405264534056187 0.0315896160900593 0.0376626588404179 -0.0286626126617193 0.0864917635917664 0.0229325275868177 -0.118808723986149 0.00631611188873649 -0.00427850009873509 0.00451727584004402 0.00873045157641172 -0.0495981574058533 -0.000634799071121961 0.0179642215371132 -0.00123770080972463 -0.044916283339262
-0.00670836912468076 0.0892035365104675 0.0577464029192924 0.0288893561810255 0.0447973981499672 0.0827691182494164 0.0401119813323021 -0.00425998773425817 -0.00160790432710201 0.0446051508188248 0.0990015864372253 0.0283058825880289 0.107543468475342 -0.0221023000776768 0.0704976692795753 -0.0215442329645157 0.0895071402192116 -0.0494969300925732 -0.0203612763434649 -0.0202949475497007 0.0278805606067181 -0.00895438995212317 -0.0335660465061665 -0.0616653747856617 -0.0437176860868931 0.00144198280759156 0.00466240616515279 -0.0204792972654104 -0.0477623455226421 0.0324030146002769 0.0658996552228928 0.126936808228493 0.119070313870907 0.0743150189518929 -0.017867673188448 -0.053142286837101 -0.0356252230703831 -0.0204417333006859 0.00746378675103188 0.0710094347596169 -0.022084916010499 0.00929822027683258 -0.0468405038118362
0.0808666050434113 0.0797958225011826 0.0880037173628807 0.158346071839333 0.133651405572891 0.104656912386417 0.0688528567552567 1.24733360280516e-05 -0.0551451444625854 0.149815991520882 0.105285011231899 0.17343170940876 0.0589867644011974 0.00957494042813778 -0.0229314975440502 0.0315645225346088 0.0474837571382523 0.0927567481994629 -0.131131172180176 0.0580369159579277 -0.00258214375935495 0.0140475267544389 -0.0173601750284433 -0.0643662661314011 0.0731600672006607 0.0255015455186367 0.126368284225464 0.0640314444899559 0.102099917829037 0.163298025727272 0.132230535149574 0.145892903208733 0.061641838401556 0.0135136572644114 0.0502228029072285 -0.0918806716799736 0.0103421695530415 0.0970948562026024 0.00850267522037029 -0.0255662724375725 0.00926875043660402 0.0556974075734615 -0.0467263869941235
0.132775127887726 0.145531460642815 0.121635355055332 0.0853836163878441 0.113201856613159 0.0862411633133888 -0.0456859692931175 0.0394524969160557 0.0954472944140434 0.0912471935153008 0.138561576604843 -0.00068954611197114 -0.00994494464248419 0.0455645397305489 0.0132517265155911 0.0036287100519985 -0.0286862533539534 0.120199039578438 0.0768298953771591 -0.013500927016139 -0.100616939365864 0.0658737495541573 0.0720789358019829 0.0321164764463902 0.176410838961601 0.202775791287422 0.193721145391464 0.237349733710289 0.198735073208809 0.157701790332794 0.23765617609024 0.172435373067856 0.0514290779829025 0.00437602587044239 -0.0752429664134979 -0.0559827722609043 -0.0291724670678377 -0.0187823101878166 0.0148365814238787 0.00543089210987091 -0.0956290811300278 -0.0750917345285416 -0.128193274140358
0.0962457284331322 0.128667488694191 0.176447540521622 0.139460727572441 0.10387098044157 0.0600557774305344 0.0451173149049282 0.0210547540336847 0.0654755309224129 0.0831837579607964 0.123476311564445 0.120646186172962 -0.0157938431948423 0.109673053026199 -0.0585593432188034 0.0601788014173508 0.137918904423714 0.0700494274497032 0.0662509799003601 0.123506970703602 0.00961245689541101 0.0380254127085209 0.143802851438522 0.129592210054398 0.172417595982552 -0.0668885707855225 0.0506642609834671 0.0977939069271088 0.18837571144104 0.145413458347321 0.144360721111298 0.176394835114479 -0.00771923270076513 -0.0515496209263802 -0.0144993662834167 -0.00743529060855508 -0.0168933346867561 -0.101605989038944 0.0354401618242264 0.0018299117218703 0.00974710285663605 -0.0182663835585117 0.0253693796694279
0.100956693291664 0.158515095710754 0.14647550880909 0.120306693017483 0.0323567241430283 0.158097505569458 0.0254226326942444 0.0699138641357422 0.119251646101475 0.239470481872559 0.103177115321159 0.106917470693588 0.0225102175027132 0.0979152694344521 0.159271106123924 0.177444085478783 0.139227941632271 0.0422660298645496 0.116873078048229 0.0840552225708961 0.137863859534264 0.0868241563439369 0.0984906107187271 0.0758043751120567 -0.0795228332281113 -0.0215619914233685 0.155964031815529 0.0362777411937714 0.0730178132653236 -0.0430632270872593 -0.00721425749361515 0.0643715187907219 -0.0104898335412145 0.0252468641847372 0.0111372377723455 -0.0718332827091217 0.08542750030756 -0.0558167733252048 0.00758112594485283 -0.0611680634319782 -0.0163089875131845 -0.0516055263578892 -0.0988857671618462
0.148497685790062 0.168386429548264 0.141925543546677 0.110687866806984 0.133938401937485 0.0803626701235771 0.162098541855812 0.0995476916432381 0.0665357187390327 0.0880954414606094 0.148770540952682 0.239697173237801 0.337529629468918 0.257628917694092 0.309825599193573 0.140398681163788 0.0911891534924507 0.122685939073563 0.13452522456646 0.030649472028017 0.031754694879055 0.0199279133230448 0.0310053490102291 0.0362363457679749 0.0882895812392235 -0.100327402353287 0.0807277783751488 0.0611765719950199 -0.0479701273143291 0.0609712526202202 -0.102892123162746 -0.034218855202198 -0.00208838656544685 -0.00705844396725297 0.00363814947195351 -0.0320779345929623 0.0152797978371382 0.0113637857139111 -0.0933314636349678 -0.0151467099785805 -0.00572891905903816 0.0277718901634216 -0.0354042872786522
0.187267765402794 0.141453579068184 0.0539564453065395 0.113029599189758 0.159108608961105 0.15854212641716 0.0491725653409958 0.0919649824500084 0.157670229673386 0.118604585528374 0.12539130449295 0.270856976509094 0.235206007957458 0.283345997333527 0.251449227333069 0.283829122781754 0.334948003292084 0.174752324819565 0.108995124697685 0.0511053688824177 0.153981193900108 0.143427073955536 0.154892772436142 0.0306578818708658 -0.0227284263819456 0.0359671413898468 -0.0817201808094978 -0.00250193430110812 0.0504705496132374 -0.0295343417674303 -0.0153961330652237 -0.0425235629081726 -0.0176899321377277 -0.0705529674887657 -0.0164566673338413 -0.0156082808971405 -0.0257790498435497 -0.000182958188815974 -0.0816110223531723 -0.0336672216653824 0.0588165633380413 0.0303890947252512 0.0150880794972181
0.170176461338997 0.246280178427696 0.192207142710686 0.251633822917938 0.232508942484856 0.139761731028557 0.0693539828062057 0.16885694861412 0.180857196450233 0.33293342590332 0.291908651590347 0.411693841218948 0.239293098449707 0.303711444139481 0.345625221729279 0.228929921984673 0.0542950741946697 0.0973319485783577 0.168847844004631 -0.0175069440156221 0.0452797152101994 0.101003438234329 0.0536357015371323 0.0342488996684551 0.0344207249581814 0.0170386042445898 -0.0242839101701975 -0.133888080716133 0.0825549364089966 -0.0378319546580315 0.0463053956627846 -0.0106119588017464 -0.0336210690438747 -0.00252860761247575 -0.0508254319429398 0.0569995902478695 -0.0800778940320015 -0.010805057361722 0.0281816534698009 -0.0152022019028664 -0.0448726862668991 0.00769007904455066 -0.0162811726331711
0.482408195734024 0.510936081409454 0.313095062971115 0.264487951993942 0.345542132854462 0.183408066630363 0.181641414761543 0.229680866003036 0.336245864629745 0.235449150204659 0.326041013002396 0.353307515382767 0.313735276460648 0.317477852106094 0.156818419694901 0.120918810367584 0.245444491505623 0.276755601167679 0.190533846616745 0.214534595608711 -0.0253013391047716 0.0359988547861576 -0.0113537162542343 0.04130033031106 -0.0263469200581312 -0.0206008926033974 0.0870677158236504 0.0811677798628807 0.0975410938262939 0.0332784987986088 0.0159787554293871 0.0178199857473373 -0.0141555331647396 -0.0777611136436462 -0.0746380612254143 -0.101675890386105 -0.0218482352793217 -0.0152568453922868 -0.0900000855326653 -0.0385531634092331 -0.0306621957570314 0.00893163774162531 -0.0283521041274071
0.408769845962524 0.405557543039322 0.52623975276947 0.47569066286087 0.3968785405159 0.350117832422256 0.198474705219269 0.224389538168907 0.294444561004639 0.192148432135582 0.301921665668488 0.41325107216835 0.34346666932106 0.306607365608215 0.222632423043251 0.184455543756485 0.234038904309273 0.280272305011749 0.0856096222996712 0.216603770852089 0.247824668884277 0.0917575508356094 0.113998025655746 0.182943940162659 0.0217053834348917 0.154520094394684 0.0342976525425911 0.0384935811161995 0.0384183488786221 -0.0451316796243191 -0.047185231000185 -0.0491792894899845 0.0296922326087952 -0.0112090203911066 -0.0619960203766823 -0.0360841825604439 -0.0124148186296225 0.00169432396069169 -0.118785381317139 -0.0237748790532351 -0.0217899698764086 0.0145838540047407 -0.0194900017231703
0.437594771385193 0.437946379184723 0.488486975431442 0.51511424779892 0.562231957912445 0.336113601922989 0.305715143680573 0.453182488679886 0.510526061058044 0.45657017827034 0.384509176015854 0.371803849935532 0.481775730848312 0.251784890890121 0.101905487477779 0.232546880841255 0.153305187821388 0.216368243098259 0.200848698616028 0.348519861698151 0.0816459804773331 0.171215802431107 0.0274959877133369 0.0712861195206642 0.0112337442114949 0.0277021415531635 0.0595356971025467 -0.0709581449627876 0.0849169567227364 0.0168649181723595 -0.0188584718853235 -0.0439881756901741 -0.0108837420120835 -0.0799580663442612 -0.0695042088627815 0.00665384810417891 -0.00751290144398808 -0.0152005730196834 -0.0701377391815186 -0.104125879704952 0.0334868356585503 -0.0547705218195915 0.00919523928314447
0.393563866615295 0.378582298755646 0.355379223823547 0.469846040010452 0.29662349820137 0.324978470802307 0.34743270277977 0.573072791099548 0.351447522640228 0.482803463935852 0.358340561389923 0.392101615667343 0.325552642345428 0.218520671129227 0.39375439286232 0.113226898014545 -0.00163281976711005 0.100461795926094 0.219130143523216 0.00132861197926104 0.108762741088867 0.158031359314919 0.0830318629741669 -0.0198552459478378 0.0340169332921505 -0.052000068128109 0.0634924918413162 -0.04494284465909 0.0954678431153297 -0.00085962685989216 -0.0634906962513924 -0.0120317349210382 -0.0857731699943542 -0.0471943132579327 -0.0125502031296492 0.00549606699496508 -0.041338000446558 -0.0404469557106495 0.00125043350271881 -0.00533987861126661 -0.0607330501079559 -0.00381444068625569 -0.0654790848493576
0.378020018339157 0.437959253787994 0.444556593894958 0.323329299688339 0.551342487335205 0.363744348287582 0.481690675020218 0.481979340314865 0.529558598995209 0.570943355560303 0.456660628318787 0.478623569011688 0.584702014923096 0.258195400238037 0.276464521884918 0.223405212163925 0.27634784579277 0.0586582571268082 0.183419317007065 0.228486254811287 0.148722052574158 0.0121416440233588 0.0886526182293892 0.201985716819763 -0.0368931591510773 0.0321176312863827 0.123771451413631 0.0442860499024391 0.052436038851738 -0.0107742883265018 -0.0323109515011311 -0.0429387055337429 -0.0157459285110235 -0.045021265745163 0.0047247945331037 0.0373242944478989 -0.0267664138227701 -0.0503269881010056 -0.0534572936594486 -0.0292111467570066 -0.0703525617718697 -0.086955226957798 -0.0667288601398468
0.13275571167469 0.337944954633713 0.305456697940826 0.281066864728928 0.379216581583023 0.322939068078995 0.270627409219742 0.413961857557297 0.426274597644806 0.370432049036026 0.411164820194244 0.467464983463287 0.360910087823868 0.292545765638351 0.233968660235405 0.29056304693222 0.197818443179131 0.180220603942871 0.0971905961632729 0.14814667403698 0.211830109357834 0.154911294579506 0.117635235190392 0.135948345065117 0.0611803345382214 0.157380282878876 0.107149124145508 -0.00681962072849274 -0.0170728992670774 -0.000615336641203612 -0.0241235885769129 -0.00229540793225169 -0.0561794862151146 -0.0138231478631496 -0.0824995487928391 -0.042289599776268 -0.0469204969704151 -0.0708142593502998 -0.00111986882984638 -0.0220060497522354 0.0255396347492933 0.0221514794975519 -0.0349449031054974
0.0852174311876297 0.262823849916458 0.296438783407211 0.356026262044907 0.512456059455872 0.589455366134644 0.352315247058868 0.202445968985558 0.618248879909515 0.517462372779846 0.405509918928146 0.331033974885941 0.327442526817322 0.312731951475143 0.107518047094345 0.0356707014143467 0.0431091785430908 0.119946584105492 0.220487430691719 0.231532245874405 0.153139799833298 0.227761179208755 0.0487286448478699 0.0468443632125854 0.216121062636375 0.207196801900864 0.100746534764767 0.00531548308208585 0.0334660112857819 0.00950189679861069 0.00955931283533573 -0.0360491499304771 0.0209623146802187 -0.0370347946882248 0.0896325409412384 0.0225598942488432 0.0363520197570324 -0.00804084166884422 0.00359178334474564 0.023189403116703 -0.0496447086334229 -0.0452278181910515 0.0697632133960724
