assets/gome_f/processed/ascii/world/gome_sif_world_20111201.asc
NCOLS 720 
NROWS 360 
XLLCORNER -180 
YLLCORNER -90 
CELLSIZE 0.5 
NODATA_value -3.4e+38 
[rows 95 to 113 of 360, columns 559 to 601 of 720]
-0.0307647753506899 -0.0190647579729557 0.0287396889179945 0.0722144320607185 0.00756126781925559 0.0133139183744788 -0.0160850342363119 -0.0609703063964844 -0.0266732573509216 -0.0286291763186455 -0.0295154824852943 -0.0450264066457748 -0.00666828313842416 -0.0396507121622562 -0.0135791832581162 -0.0532418601214886 0.0727085471153259 -0.0027485762257129 -0.00539396423846483 0.0248537342995405 -0.121457867324352 -0.0169879402965307 0.0262420009821653 -999 -999 -0.150935292243958 -0.0708474367856979 -999 -0.104484215378761 -999 0.0865524187684059 0.119518540799618 0.285099983215332 0.143461003899574 -0.0383024662733078 0.0705405026674271 0.0550949387252331 -0.000466537603642792 -0.0564145483076572 -0.02662543207407 -0.0027676559984684 -0.00381050002761185 -0.000425749487476423
0.0473074316978455 -0.00860970094799995 0.0427210368216038 -0.0449443161487579 0.0313870683312416 0.0676666498184204 0.0924800485372543 0.033097792416811 0.0136681012809277 0.0474074445664883 -0.0153118781745434 -0.00350302993319929 0.0115943886339664 -0.00146113114897162 -0.00794111844152212 0.0935266688466072 -0.0809885486960411 -0.0702429488301277 0.0136749884113669 0.00589816831052303 0.0807621330022812 0.0151329375803471 -999 -999 0.106225617229939 -999 0.0139722051098943 -0.0212611351162195 0.0812722072005272 0.0504181273281574 -0.00483756186440587 -0.0985401570796967 -0.138165175914764 0.0679083466529846 0.0219258610159159 -0.0418964065611362 0.0180089175701141 0.0511829853057861 0.0297562573105097 0.0266878474503756 0.0542540922760963 -0.0247003417462111 0.0227970499545336
-0.0678437128663063 -0.0129952616989613 0.00861061457544565 -0.0161613933742046 -0.022358238697052 0.00386640010401607 -0.0354019068181515 -0.00351836788468063 -0.0160160772502422 -0.0303290206938982 -0.00320410844869912 0.00653078453615308 -0.00207299389876425 -0.0509091392159462 0.00394041975960135 -0.0213400796055794 0.0529720112681389 0.0128229968249798 0.0234516300261021 -0.0364958494901657 -0.0753157809376717 -0.115424461662769 -0.13145749270916 -999 -0.0566675513982773 -0.169786542654037 0.0275556240230799 0.0446260385215282 0.0208450332283974 0.0165490657091141 -0.0122764697298408 -0.096444271504879 0.00625648070126772 -0.0357780903577805 0.00122491654474288 0.0199699718505144 0.0274521168321371 0.00222516502253711 0.0172651801258326 0.0181708615273237 -0.0287751574069262 0.0895958095788956 0.0320318378508091
-0.00493134325370193 0.0147181106731296 0.0489156618714333 0.0114901233464479 0.0601372979581356 0.025202788412571 0.0174241010099649 0.0298808459192514 0.0578956641256809 0.0128655191510916 -0.0169373322278261 -0.011961555108428 0.00119356415234506 0.0283446852117777 -0.0428627133369446 0.0010575414635241 0.0628326311707497 0.121039599180222 -0.0309320464730263 0.0192478988319635 0.0105892475694418 0.0464483201503754 -0.0512144453823566 -0.034634206444025 -0.0503045208752155 0.0605426765978336 0.0105316191911697 0.0242507364600897 0.046977661550045 0.0668451637029648 0.0470328815281391 0.0387019254267216 0.0327409133315086 0.0287698358297348 0.027299864217639 0.01715880446136 -0.00161690101958811 -0.000617756100837141 0.0322863236069679 -0.0322875529527664 0.0322888530790806 0.0431642644107342 0.0311250332742929
0.0467849932610989 -0.0191013123840094 -0.00459183380007744 0.0100626377388835 -0.065118283033371 -0.0244683884084225 0.0247493796050549 0.0125843156129122 -0.00407810462638736 0.0303293522447348 -0.0177469793707132 0.00399514054879546 0.0668923780322075 -0.0383490398526192 0.0247771758586168 -0.0107964919880033 0.00634483015164733 0.0921313613653183 0.0640427842736244 0.0459994822740555 0.0255576353520155 0.0260848943144083 0.000392315909266472 -0.0434837751090527 -0.0775368213653564 0.0265812240540981 0.00621536280959845 -0.0871023163199425 0.0195639804005623 -0.0024539465084672 0.0239637289196253 0.0553617291152477 0.0438460931181908 0.04924401268363 0.0904853343963623 0.0186781864613295 0.0180450640618801 0.105468451976776 0.0557977892458439 0.0287737287580967 -0.0288426652550697 0.0153346499428153 0.0347894765436649
0.00855927728116512 -0.0131345707923174 0.0137298153713346 0.0256384015083313 -0.0230948105454445 0.0257123652845621 -0.0025803167372942 -0.0262919142842293 0.0784900188446045 0.0281730350106955 -0.0198717284947634 -0.00469963904470205 0.0142189590260386 0.0658201798796654 0.0523097775876522 -0.0276465900242329 -0.00309714814648032 0.0490364469587803 0.0132819898426533 -0.0615777969360352 -0.0259798038750887 -0.026405667886138 -0.00205346965231001 -0.0671819448471069 -0.0137916011735797 0.0397079810500145 -0.0104866707697511 0.0510600954294205 -0.00235772575251758 -0.0251457095146179 0.0223345831036568 0.0426570065319538 -0.0262569077312946 -0.0034371882211417 0.042464803904295 0.093824177980423 0.0445465669035912 0.0373193062841892 0.0562142319977283 0.0281632486730814 0.0370836928486824 -0.00992042198777199 -0.0419863536953926
-0.0324664227664471 -0.021263150498271 -0.0420112200081348 -0.00926342979073524 0.0689776241779327 -0.0146714020520449 -0.0731998831033707 0.010925336740911 -0.0168028585612774 -0.0537392981350422 0.0694487616419792 0.0574805550277233 0.0497130528092384 -0.0359331890940666 0.0372775085270405 0.0568591989576817 -0.0503914766013622 0.0736640617251396 0.122820854187012 0.137720957398415 0.0639102756977081 0.0302205588668585 0.0287739522755146 -0.0655940994620323 0.0258964411914349 0.0208512786775827 -0.01933953166008 -0.0296544451266527 0.0294822975993156 0.0384309180080891 0.070313423871994 0.0584730580449104 0.00771105475723743 0.0198533032089472 0.0352581031620502 0.0230298526585102 -0.0210428591817617 0.017261978238821 0.0514273978769779 0.000253244856139645 0.0162069443613291 -0.0264554712921381 -0.00997682940214872
0.00269751157611609 -0.0784147158265114 -0.0235853251069784 -0.0158188622444868 0.0649341568350792 0.0125771928578615 -0.0171533450484276 -0.0150932371616364 -0.0458755530416965 0.0362009555101395 -0.0420730598270893 0.0563598126173019 0.0238770302385092 0.0456913895905018 0.0211391262710094 0.0127621842548251 0.0678575485944748 0.188137754797935 -0.0354023911058903 0.0718976110219955 0.00591706484556198 0.0642300471663475 0.0384118929505348 -0.0780904367566109 0.0336041152477264 -0.0108191417530179 0.0326141230762005 0.022334074601531 0.00378553755581379 0.0717438161373138 0.00305356876924634 0.0435944572091103 0.117743253707886 0.0380318723618984 0.00551211042329669 0.00540790148079395 -0.0586216896772385 0.0523740351200104 0.0531591325998306 -0.0507602244615555 -0.0677927806973457 -0.042130634188652 -0.00464344536885619
0.018704030662775 0.0398482866585255 0.0215149987488985 -0.0339453481137753 0.0147590860724449 -0.0695154517889023 -0.0365929864346981 -0.00650304649025202 0.0781294628977776 0.0200692676007748 -0.00472293561324477 -0.0392388254404068 -0.0644926130771637 0.024056650698185 -0.15933832526207 -999 -999 -999 0.27348467707634 0.0305112320929766 -0.0568245463073254 0.0305706616491079 0.0114462804049253 0.0488065965473652 -0.0130558265373111 0.0103454533964396 -0.00764298997819424 0.0418893024325371 0.0195278879255056 0.0108057670295238 0.121488772332668 0.0522336140275002 0.050053745508194 0.0708381980657578 0.0108999470248818 0.0780565142631531 0.0672243237495422 0.049825556576252 -0.0182380881160498 0.00823083240538836 0.0359333641827106 -0.0154523150995374 -0.00186705880332738
-0.0164040196686983 -0.0699116215109825 0.0105513473972678 0.03084422275424 0.0518041215837002 0.0936004295945168 0.0398583114147186 0.0502774715423584 -0.00950308330357075 0.00560557609423995 -0.0671578496694565 0.0227301847189665 -0.0166752189397812 0.0592831186950207 -0.0529036074876785 -0.070559561252594 -0.12200128287077 -0.00170609576161951 -0.18293921649456 0.00563180632889271 0.0223613008856773 -0.00112263800110668 0.0275274608284235 -0.0361758358776569 -0.00801470316946507 0.0134569061920047 -0.0349553860723972 0.010390761308372 0.0479318350553513 0.0271510556340218 0.0725543349981308 0.0304150450974703 0.122223176062107 0.104346245527267 0.134855568408966 0.116114467382431 0.117814376950264 0.0326949208974838 -0.0290924441069365 0.08673445135355 0.0409306101500988 0.0289798229932785 0.0359132550656796
0.00854012276977301 -0.094792515039444 -0.0518210269510746 -0.0306496471166611 -0.0662223026156425 0.0144263925030828 0.00364339770749211 -0.0521741695702076 0.019138166680932 0.0165556948632002 0.0358167700469494 -0.0330568291246891 -0.0303838979452848 -0.0348841361701488 0.0239701587706804 -0.0535928010940552 -0.0252932701259851 -0.0225117038935423 -0.0009298060904257 0.00553593039512634 -0.0245946254581213 -0.0138804726302624 -0.0129929268732667 0.019045278429985 -0.0476548634469509 0.050532404333353 0.0217501390725374 0.00952139962464571 0.0123227089643478 0.0422091968357563 0.0484150722622871 0.143842250108719 0.0634929239749908 0.199252352118492 0.103122271597385 0.187973842024803 0.0853901877999306 0.0494295693933964 0.0739468857645988 0.0429339148104191 0.0261651482433081 0.104386575520039 -0.0426311008632183
0.0686239078640938 -0.0136292884126306 -0.0441040359437466 0.0613665170967579 0.0272110812366009 -0.0165639072656631 -0.0444642081856728 -0.0435721091926098 0.00944165140390396 -0.0353861339390278 0.00928528886288404 0.0365223363041878 -0.0511495098471642 -0.050090566277504 -0.0204865355044603 0.103477716445923 -0.0554255843162537 0.0819408744573593 -0.0192115902900696 -0.0062570134177804 0.00836832914501429 -0.00064190267585218 -0.0332932770252228 0.00626974320039153 0.0172175131738186 0.0179041530936956 -0.0181729309260845 0.00202567595988512 0.0898391529917717 0.0227299276739359 0.0932440012693405 0.0996824577450752 0.0897327065467834 0.153077274560928 0.0897884890437126 0.124083913862705 0.0393148995935917 0.0563877671957016 0.0630248934030533 0.0310642272233963 0.0509516596794128 0.12210500985384 0.133377388119698
0.0636135637760162 -0.0165412724018097 -0.00321114342659712 -0.0298399962484837 0.0235507134348154 0.023652421310544 -0.0476909466087818 0.0293083190917969 0.0142887663096189 -0.0444894023239613 -0.0298377089202404 -0.0299362055957317 0.0124782947823405 0.0144112100824714 0.075086310505867 -0.0196675751358271 -0.000434410438174382 0.0355675965547562 0.0235489048063755 0.0368348658084869 -0.0901813879609108 0.0104222781956196 -0.0247575603425503 0.0576986446976662 0.0464035235345364 -0.00424883980304003 0.0150427874177694 0.0351325906813145 -0.05478885024786 0.036699503660202 0.0257963240146637 0.0786871537566185 0.0551426969468594 0.11822372674942 0.112238690257072 0.0588555783033371 0.0189971141517162 0.0332043543457985 0.0195079147815704 0.0218821540474892 0.105013206601143 0.115412160754204 -0.0610641725361347
0.0388797707855701 -0.0100379902869463 0.0368806570768356 0.0054249819368124 0.0134893832728267 0.00394195737317204 -0.0123785706236959 -0.0236716270446777 0.0270796995609999 -0.0225056670606136 -0.0175793375819921 -0.00965522788465023 0.0178096182644367 -0.0427747704088688 -0.0115918638184667 0.0580065436661243 0.0421217605471611 0.0653833225369453 -0.00868947431445122 0.0379514694213867 0.037815734744072 0.00999302323907614 0.0663593783974648 0.0574688911437988 0.0836872383952141 0.0413425974547863 0.0306388400495052 0.0715122520923615 0.00890097115188837 0.0183429606258869 0.0314639434218407 0.145611181855202 0.117870733141899 0.171916395425797 0.0956714078783989 0.0947458446025848 0.0153469890356064 -0.0377417206764221 -0.00468821683898568 0.126166433095932 0.00507790222764015 -0.0190937891602516 -0.0346247330307961
0.0265619959682226 -0.0302589405328035 -0.0760684013366699 0.0068886810913682 -0.0393795967102051 -0.0277245528995991 -0.0516536757349968 -0.136502996087074 -0.0151384640485048 0.0196161139756441 -0.0258740931749344 0.0602379254996777 -0.00894213281571865 0.101043492555618 0.0664263218641281 0.0298224166035652 -0.029257507994771 0.0116040734574199 -0.0568696260452271 0.0483898259699345 -0.013558616861701 0.0210305117070675 0.0282795671373606 0.0476030819118023 0.105738364160061 -0.0580621436238289 -0.0315841473639011 0.000262101006228477 0.022072572261095 0.156265258789062 0.0446626879274845 0.0269573833793402 0.236436158418655 0.125704899430275 0.128371849656105 0.0525457672774792 0.104606032371521 0.0283987112343311 0.00431801378726959 0.0882645025849342 -0.0200246516615152 0.0768522992730141 0.0161035638302565
0.185662642121315 0.035697229206562 -0.0145372832193971 -0.0432344675064087 -0.066324956715107 0.056513175368309 -0.0063209543004632 -0.00873513333499432 -0.0152871552854776 0.0596641376614571 -0.122824005782604 0.136406019330025 -0.0390975475311279 -0.0302101355046034 0.0603989399969578 0.0863851234316826 0.108538545668125 0.0518201030790806 0.0821796357631683 0.055243045091629 0.0555034279823303 0.14209757745266 0.00139930995646864 -0.0118431262671947 0.0350828282535076 0.081672415137291 0.0717107579112053 0.069322444498539 -0.107122205197811 0.0905095562338829 0.168372601270676 0.0950510054826736 0.130073875188828 0.13445071876049 0.109807230532169 0.039603304117918 0.209134250879288 0.20578870177269 0.0695121511816978 0.0717095211148262 -0.00896979030221701 0.0725529044866562 0.0950756669044495
-0.0221634283661842 0.0581282451748848 -0.0255656391382217 0.0218467451632023 -0.0152982836589217 -0.0487298741936684 0.0181399267166853 -0.0383725799620152 0.0333878211677074 -0.0410215817391872 -0.0220899600535631 0.0279372092336416 -0.0279739275574684 0.0220978613942862 0.0792186111211777 0.0188820511102676 0.0603553205728531 0.0852195024490356 0.0514588244259357 0.091435931622982 0.00758771738037467 -0.0784119889140129 0.034606609493494 -0.00683422666043043 0.0515194348990917 0.0505095832049847 0.0942440554499626 0.0779278501868248 -0.0335025526583195 0.113623939454556 0.13548469543457 0.220791637897491 0.199573248624802 0.236855030059814 0.133587211370468 0.222305491566658 0.149946317076683 0.0713700801134109 0.111402988433838 0.0874064788222313 0.0905830189585686 0.0397707112133503 0.0131001472473145
-0.0604077912867069 -0.00594293884932995 -0.0232279729098082 -0.0600370690226555 0.0118810916319489 0.00540007837116718 -0.0488593280315399 0.0390710309147835 0.0206072498112917 -0.0524133928120136 -0.00297402055002749 0.0502253696322441 -999 0.0456877797842026 -0.034111425280571 -0.00297142216004431 0.102651484310627 0.0331401638686657 0.0647221505641937 0.020242678001523 0.0359710790216923 0.0387149043381214 0.0331998094916344 0.0314355604350567 -0.0655725598335266 0.0508994199335575 0.114983566105366 0.039583396166563 0.283955782651901 0.195988491177559 0.204324573278427 0.317026019096375 0.20709615945816 0.35283437371254 0.285832434892654 0.232065096497536 0.237789377570152 0.164923503994942 0.174570813775063 0.0582179352641106 0.0333211161196232 0.0416957773268223 -0.0207699928432703
-0.103694327175617 0.142340183258057 -0.0357946865260601 -0.0168353207409382 0.00756764225661755 -0.0306226182729006 0.018478536978364 -0.0235388856381178 0.0363639183342457 0.018068715929985 0.068343460559845 -0.00529117602854967 -0.000582808628678322 0.15072800219059 0.0623241849243641 0.0444094799458981 0.0962561145424843 -0.118829615414143 0.0942824333906174 0.0627260580658913 -0.0198691543191671 0.00692034047096968 -0.0342357829213142 0.000522981339599937 0.0625568106770515 0.10594753921032 0.136511728167534 0.11280146241188 0.16058324277401 0.275688946247101 0.345075011253357 0.19970440864563 0.207535311579704 0.292135417461395 0.258243769407272 0.215923815965652 0.209490150213242 0.1407131254673 -0.0426051430404186 0.0649625882506371 0.0559794344007969 0.127659499645233 -0.0101541904732585
