assets/gome_f/processed/ascii/world/gome_sif_world_20130601.asc
NCOLS 720 
NROWS 360 
XLLCORNER -180 
YLLCORNER -90 
CELLSIZE 0.5 
NODATA_value -3.4e+38 
[rows 114 to 132 of 360, columns 387 to 429 of 720]
0.234890207648277 0.247164115309715 0.0560566447675228 -0.0338938646018505 -0.00744333956390619 0.00668141897767782 0.0854839682579041 -0.0332489907741547 -0.0879852175712585 0.0207451302558184 0.0617145001888275 0.0417311452329159 -0.0113659277558327 0.035307165235281 0.0585344582796097 0.0958298742771149 0.27915346622467 0.450737357139587 0.308408856391907 -0.00654118740931153 0.040299579501152 0.01919318549335 0.1067114174366 -0.0162470899522305 0.0787019282579422 0.0305843278765678 -0.0416330248117447 0.0229604877531528 -0.0593852810561657 0.0258388705551624 -0.00113582063931972 -0.053701288998127 0.0535343959927559 -0.0803271532058716 0.0487300418317318 -0.0573844462633133 0.0532375909388065 0.0569654852151871 0.123175397515297 -0.0552839338779449 -0.000251658930210397 0.0746442526578903 0.116183944046497
0.0973078235983849 0.141502842307091 0.170663014054298 0.0967530384659767 0.078593023121357 0.0947273150086403 0.00367926293984056 -0.0182785280048847 0.0556629709899426 -0.0255401581525803 -0.0510105527937412 -0.0546875186264515 -0.0582214891910553 0.0805977880954742 0.0762418955564499 0.276499599218369 0.119077704846859 0.390404313802719 0.180985361337662 0.18745943903923 0.329189240932465 0.200426831841469 -0.027355320751667 0.0387396439909935 0.0850974917411804 0.0888419672846794 -0.0601553358137608 0.0441499091684818 0.0163147412240505 0.0829852893948555 0.0582699477672577 -0.0562653206288815 -0.0351778455078602 0.0454763323068619 0.0142926424741745 -0.0438884906470776 0.0866959542036057 0.0119990361854434 -0.0242633167654276 0.0402653142809868 0.0388853438198566 0.125093400478363 0.0746947377920151
0.109775125980377 0.245544388890266 0.0405390188097954 0.197502613067627 0.194783121347427 -0.00699805654585361 0.0552804060280323 -0.00377279962413013 -0.0482057742774487 0.0280007030814886 -0.0303642861545086 -0.0993042141199112 -0.0950632244348526 -0.00744205713272095 -0.00489026727154851 0.178668469190598 0.222928449511528 0.110842354595661 0.166305691003799 0.176035672426224 0.1887077242136 0.243600875139236 0.345517218112946 0.30271127820015 0.148660838603973 0.257965445518494 0.140658989548683 0.0952418968081474 0.0114325769245625 -0.0112514300271869 0.00476735178381205 0.0429115444421768 0.077261358499527 0.0589916296303272 0.0307262949645519 0.0633692666888237 0.121432699263096 0.0593499764800072 0.0430216714739799 -0.0215633362531662 0.0741887018084526 0.139474004507065 0.0662499591708183
0.189228042960167 0.0788929909467697 0.0551876872777939 0.107102796435356 0.193922877311707 0.235192880034447 0.455952554941177 0.18741463124752 0.159095034003258 -0.0160466935485601 -0.0442333780229092 -0.0320824459195137 -0.0481402091681957 0.0461158119142056 0.163777738809586 0.102207086980343 0.404717624187469 0.209633618593216 0.147328197956085 0.202757716178894 0.202567234635353 0.12006451189518 0.244376912713051 0.152320981025696 0.151129722595215 0.332196414470673 0.300668299198151 0.345188945531845 0.390804558992386 0.285153597593307 0.311785072088242 0.0368468351662159 0.17133167386055 0.292949914932251 0.359795838594437 0.37114742398262 0.251927942037582 0.390755951404572 0.140870377421379 0.237060770392418 0.262617439031601 0.255444973707199 0.100706465542316
0.118017323315144 0.130545496940613 0.0696356669068336 -0.014521268196404 0.152220204472542 0.0212148614227772 0.142761796712875 0.0900418385863304 0.249862670898438 0.287926852703094 0.12702913582325 0.0284014530479908 0.0489049181342125 0.276838481426239 0.390123456716537 0.235554277896881 0.334919899702072 0.17848564684391 0.324057340621948 0.288567155599594 0.305367231369019 0.156666606664658 0.181126654148102 -0.0242797136306763 0.186481133103371 0.259115248918533 0.25579771399498 0.347181469202042 0.180661112070084 0.223682478070259 0.290301263332367 0.277710288763046 0.237506851553917 0.452208906412125 0.341074258089066 0.331589996814728 0.250108152627945 0.23412698507309 0.0340176485478878 0.0628464072942734 0.00219140714034438 0.079518735408783 0.18764141201973
0.0879640579223633 0.147796332836151 0.155975744128227 0.181067824363708 0.152699515223503 0.0249201841652393 0.0558671653270721 0.122855626046658 0.117049343883991 0.230953127145767 0.196414723992348 0.260650217533112 0.183308139443398 0.352824062108994 0.121806345880032 0.211047738790512 0.28570356965065 0.332350134849548 0.201499968767166 0.220299363136292 0.233147799968719 0.298359483480453 0.351130664348602 0.297605723142624 0.139169871807098 0.153875857591629 0.129141375422478 -0.0213856212794781 0.0125687951222062 -0.0239694733172655 0.0449357368052006 0.0526239573955536 0.100030533969402 0.212396621704102 0.348031491041183 0.208561569452286 0.22010150551796 0.0892876833677292 -0.0763901919126511 0.182977467775345 0.1210101172328 0.193187892436981 0.214350774884224
0.164297372102737 0.0872049778699875 0.188089594244957 0.120455369353294 0.0355679132044315 0.123245999217033 0.0950551554560661 0.106746949255466 0.11390283703804 0.118871554732323 0.177083030343056 0.169178783893585 0.11605404317379 0.06069041416049 0.0340860597789288 0.130798161029816 -0.00374416238628328 0.0259406771510839 0.186635717749596 0.137957513332367 0.28936505317688 0.191780567169189 0.184369072318077 0.210265144705772 0.201219856739044 0.126538664102554 0.104406639933586 0.0178553070873022 0.0532613657414913 0.158967718482018 -0.0458224155008793 0.02946487814188 -0.111646771430969 0.0165638383477926 0.0183239560574293 0.134582832455635 0.18680702149868 0.125975981354713 0.10002850741148 -0.00167188735213131 0.131650850176811 0.109383203089237 0.0730735808610916
0.11238681524992 0.143964216113091 0.265654057264328 0.13192155957222 0.111228466033936 0.0632227286696434 0.0835185647010803 0.215803444385529 0.228280529379845 0.212014690041542 0.116813778877258 0.0294204205274582 0.107525981962681 0.00636484706774354 0.12035609036684 -0.0592962801456451 0.0178474318236113 0.0673175901174545 0.000348992645740509 0.0915295854210854 0.0451601631939411 0.0245049931108952 0.0897999480366707 0.119874373078346 0.0209445953369141 0.000334369513439015 0.119115762412548 0.121008925139904 0.0516040660440922 0.129583552479744 0.138741478323936 0.0607727542519569 0.0760411471128464 0.0502520278096199 0.359194219112396 0.126347303390503 0.148581653833389 0.21735768020153 0.119601756334305 0.0011176357511431 0.0159649532288313 0.0965494737029076 0.109386928379536
-0.0396567732095718 0.146914720535278 0.100623942911625 0.0347068607807159 0.039262592792511 0.196163862943649 0.175072550773621 0.212409883737564 0.0930987596511841 0.159129455685616 0.154379203915596 0.0700989663600922 0.0300112087279558 0.0351777113974094 0.0646881014108658 0.07130316644907 0.0573229938745499 0.00727682653814554 -0.0031951975543052 0.0567271374166012 0.16260127723217 0.12244276702404 0.135300323367119 -0.080371156334877 0.0680288895964622 0.150600075721741 0.175484091043472 0.0898532196879387 0.114943444728851 0.13581183552742 0.0697685703635216 0.0803863778710365 0.15138453245163 0.0550116449594498 0.173771038651466 0.0963611304759979 0.154026687145233 0.222371697425842 0.111513771116734 -0.118839643895626 6.83864927850664e-05 0.0710763931274414 0.0248775277286768
0.101068079471588 0.0429167598485947 0.0714325830340385 0.117133006453514 0.0717096030712128 0.0593018159270287 0.151487052440643 -0.000507492921315134 -0.014212641865015 -0.0137662263587117 0.158792912960052 0.000692909408826381 0.0811877176165581 0.250019490718842 0.00896267872303724 0.148466438055038 0.0199584346264601 0.0496091023087502 -0.138213708996773 0.0120340399444103 0.0614442192018032 -0.0710303783416748 0.044641800224781 0.0233682077378035 0.0495171993970871 0.138960629701614 0.166872814297676 0.128683745861053 0.144978880882263 0.107064716517925 0.106369234621525 0.0608532764017582 0.206604033708572 0.183915004134178 0.114039294421673 0.231343477964401 0.195934295654297 0.173098832368851 0.0766487047076225 0.0286211036145687 0.01453772559762 0.0122257126495242 -0.0683345794677734
-0.0728128254413605 0.0979769974946976 0.0380990989506245 0.156918525695801 0.13594263792038 0.0913698077201843 0.126371502876282 -0.0253076180815697 -0.0280874129384756 -0.167488694190979 0.0107310693711042 0.024210125207901 0.0155452927574515 0.0944299176335335 0.12811590731144 0.0657829642295837 -0.0348651632666588 -0.0742709636688232 0.0869021117687225 0.0476254746317863 0.111745566129684 -0.0700530782341957 -0.0315842106938362 -0.0196760464459658 0.0582767948508263 0.0307389460504055 0.113979183137417 0.0553907044231892 0.0444350913167 0.116090260446072 0.223943665623665 0.118413127958775 0.150978267192841 0.167634695768356 0.236469715833664 0.0541628710925579 0.131571382284164 0.201406389474869 0.140898749232292 0.114678800106049 0.0638088434934616 -0.0377579405903816 -0.0876723006367683
0.150207757949829 0.208929836750031 0.0522325746715069 0.105866841971874 0.0390786603093147 0.0329159237444401 0.0183757524937391 0.000768638215959072 -0.00167236512061208 -0.0241832192987204 -0.126488119363785 -0.0632657632231712 0.0164224095642567 0.0432265251874924 0.0885938033461571 0.074687235057354 0.0760118067264557 0.00573661038652062 0.0142113296315074 0.0815182477235794 0.106061115860939 0.121417626738548 0.0164241697639227 0.0357173755764961 -0.0542775020003319 0.0765592753887177 0.0372896455228329 0.0571236163377762 0.000991669250652194 0.145637512207031 0.137585833668709 0.127234876155853 0.142550632357597 0.132431745529175 0.197283014655113 0.156837821006775 0.141260087490082 0.129885137081146 0.208137199282646 -0.124682255089283 0.258449584245682 0.120082437992096 -0.00662407837808132
-0.100463785231113 0.0272544510662556 -0.05206398665905 0.0415883846580982 -0.0269918572157621 0.104149788618088 0.164246037602425 0.162979155778885 -0.0175894815474749 -0.0179205611348152 0.0198458768427372 0.0337447635829449 -0.0458997078239918 0.0369295515120029 0.0920035615563393 0.0715634077787399 0.0946266949176788 -0.017117191106081 0.0467504300177097 0.0837322026491165 0.0089252358302474 -0.122393555939198 -0.0319955758750439 0.077254056930542 0.176004558801651 0.0594132915139198 0.089453436434269 0.161449611186981 0.115420803427696 0.184228420257568 0.181618720293045 0.168938860297203 0.0934508144855499 0.110441602766514 0.213763862848282 0.18418562412262 0.151325926184654 0.200453951954842 0.066325418651104 0.101246021687984 0.0924936532974243 0.0443068593740463 -0.000273401179583743
0.0973607525229454 0.102477625012398 -0.00403488241136074 0.0460605397820473 0.035098634660244 0.0544199123978615 0.0409054681658745 0.0304279532283545 0.0431581065058708 0.0903390198945999 0.190793633460999 0.117048017680645 -0.0111383441835642 0.0320582538843155 0.0656426772475243 0.0719825178384781 0.0283444598317146 0.0919088274240494 0.114657863974571 0.0254518482834101 0.0723878145217896 0.0481087639927864 -0.0222825296223164 -0.0560340546071529 0.114878788590431 0.124557174742222 0.0578618682920933 0.110777154564857 0.0626286268234253 0.116778880357742 0.133076101541519 0.0724602788686752 0.397209346294403 0.192929461598396 0.10304718464613 0.155415832996368 0.328051269054413 0.188396334648132 0.148543000221252 0.10142283141613 0.0532838180661201 0.106416113674641 0.0226667355746031
0.0332798808813095 0.113338679075241 0.116767212748528 0.0843300148844719 0.0356324687600136 -0.1118523478508 0.0748825445771217 -0.0260246247053146 0.0252220295369625 -0.0615296959877014 0.0223457384854555 0.0416244305670261 0.104796536266804 0.0986770465970039 0.128555327653885 0.115329571068287 0.0892219394445419 -0.00564962858334184 0.132827773690224 0.123407684266567 0.136318653821945 -0.0252085067331791 0.16844379901886 0.0447230711579323 0.0885405689477921 0.171799167990685 0.0877086594700813 0.114817768335342 0.206559300422668 0.0474732182919979 0.142707750201225 -0.00465135090053082 0.134312123060226 -0.0108512565493584 0.135533645749092 0.158114612102509 0.26335021853447 0.23185683786869 0.180868908762932 0.205846011638641 -0.0137396166101098 0.0198631826788187 0.0652792006731033
-0.0582072399556637 0.18164087831974 0.0563348159193993 0.0838604047894478 -0.0407422631978989 0.0157703682780266 0.0515902303159237 0.0681638568639755 0.0431219041347504 0.146688655018806 0.0812099426984787 0.0411601401865482 0.128011241555214 0.126634165644646 0.091066800057888 0.00221334444358945 0.118069894611835 0.080194890499115 0.112175516784191 0.00989705976098776 0.0735002234578133 0.0973643511533737 0.13450413942337 0.010294059291482 0.110886797308922 0.0417733006179333 0.0330187641084194 0.00378092261962593 0.164508640766144 0.113489367067814 0.0723594576120377 0.0606329403817654 0.120042152702808 0.100538775324821 0.18117393553257 0.169257894158363 0.200887128710747 0.288700968027115 0.0797289684414864 0.0168618764728308 0.122137635946274 0.0149513194337487 -0.0224768240004778
0.0449810922145844 0.0401721447706223 0.0155537286773324 0.0847412571310997 0.0662391483783722 -0.00925159826874733 -0.0661632344126701 0.137179538607597 0.0973788052797318 0.00599028915166855 0.0247441250830889 0.0935345590114594 0.165482386946678 0.0480776131153107 0.15327575802803 0.122474133968353 0.112489476799965 0.0366988629102707 0.144617766141891 0.110430963337421 0.0582578927278519 0.143393501639366 -0.00437799375504255 -0.0308897085487843 -0.0378501825034618 0.199217423796654 0.0435327775776386 -0.0355084724724293 0.113242901861668 0.17541591823101 0.0520901940762997 0.0257840398699045 0.0223044585436583 0.0600355789065361 0.111550442874432 0.116870678961277 0.243315115571022 0.160332411527634 0.289640098810196 0.282428175210953 0.0918218195438385 -0.00895590893924236 0.165165275335312
0.156731322407722 0.129154071211815 0.111783266067505 0.0265400540083647 0.0760155245661736 0.0210627801716328 0.083167664706707 0.0226758569478989 0.0700714141130447 0.0625331178307533 0.0406739749014378 0.0544188395142555 -0.0640487298369408 0.123423263430595 0.0517200417816639 -0.0112880421802402 0.113961137831211 0.0483128055930138 0.0501787886023521 0.113514296710491 0.0371544174849987 0.124558165669441 0.169974341988564 0.0756553113460541 -0.0852008610963821 0.0636142641305923 0.0274751614779234 0.102147586643696 0.119152590632439 0.0850823745131493 0.0463169179856777 -0.0546980351209641 0.0804519727826118 0.0714971199631691 0.241599798202515 0.0604639500379562 -0.022873668000102 0.117433995008469 0.115884199738503 0.0458979234099388 -0.0245539173483849 0.0379327684640884 0.0274167079478502
0.0506183207035065 -0.00486442819237709 0.0670095682144165 -0.0305064246058464 0.0291699636727571 0.037289883941412 0.0366455875337124 0.10970564186573 0.0824163779616356 0.154949575662613 0.105986081063747 0.0513108186423779 -0.0506791286170483 0.0590316206216812 0.0620766021311283 -0.00766276614740491 -0.107791446149349 0.0690129622817039 0.012893938459456 0.0665077790617943 0.174306437373161 0.099794439971447 0.0791577845811844 0.106187634170055 -0.00970786157995462 -0.0991251170635223 -0.0344141460955143 0.150301620364189 0.00338198244571686 0.0817126780748367 0.0902809575200081 0.0189197640866041 0.237819865345955 0.114816255867481 0.0864657685160637 0.175398230552673 0.0800919458270073 0.126320883631706 0.233486101031303 0.113928966224194 0.0840191841125488 -0.0223213173449039 0.122412599623203
