assets/gome_f/processed/ascii/world/gome_sif_world_20130101.asc
NCOLS 720 
NROWS 360 
XLLCORNER -180 
YLLCORNER -90 
CELLSIZE 0.5 
NODATA_value -3.4e+38 
[rows 76 to 94 of 360, columns 430 to 472 of 720]
-999 -999 -999 -999 -999 -999 -999 -999 -999 -999 -999 -999 -999 -999 -999 -999 -999 -999 -999 -999 -999 -999 -999 -999 -999 -0.0556593686342239 0.121597558259964 -999 -0.0998662561178207 0.0323919244110584 -999 -999 -999 -999 -999 -999 -999 -999 -999 -999 -999 -0.158142894506454 -999
-999 -999 -999 -999 -999 -999 -999 -999 -999 -999 -999 -999 -999 -999 -0.0316147021949291 -999 -0.0722568407654762 -999 -0.0975544974207878 -999 -999 -0.140751734375954 -999 -0.0321582779288292 -999 -0.00193544814828783 -999 -999 0.0307234711945057 -0.0754222571849823 0.00373412668704987 -999 0.0586259476840496 -999 -999 0.0934522300958633 -0.0664624571800232 -0.0166041776537895 0.0397254191339016 0.0422783046960831 -999 0.00844543054699898 -999
-999 -999 -999 -999 -999 -999 -999 -999 -0.0520864091813564 -999 -999 -999 -999 0.09554473310709 0.00404633907601237 -0.088054820895195 -999 -999 -0.0607587620615959 -999 -999 0.0256820395588875 -0.035417702049017 -999 -999 -0.0150819476693869 -999 0.00532797630876303 0.0430228710174561 -0.0841185823082924 -999 -999 -0.0259584095329046 -999 0.119973614811897 -0.0176687352359295 -0.0535552129149437 0.0200748406350613 -0.0438062995672226 -0.0914154425263405 0.0373162440955639 -0.0218895245343447 -999
-999 -999 -999 -999 -999 -999 -0.044378999620676 -999 0.138481929898262 -999 -0.119818508625031 -0.0178083870559931 -999 -0.0213909894227982 -0.0197998527437449 0.00915034674108028 -999 -0.0462760105729103 -999 -999 0.0136354025453329 -0.00564776733517647 0.13628850877285 -999 -0.0697836577892303 -999 -999 -0.04148019105196 -0.0287297293543816 -0.0400160066783428 -999 0.111678555607796 -999 -999 0.121930137276649 -0.0235834829509258 -0.0813610628247261 -999 0.0221394337713718 -0.0112290550023317 -0.0328717269003391 0.0857034623622894 -0.102766044437885
-999 -999 -999 -0.0413690507411957 -999 -999 -0.0341867320239544 -999 0.158228531479836 -999 0.0474749431014061 -999 -0.0222131814807653 0.0394241735339165 -999 0.0875042006373405 -999 0.0105556324124336 -999 0.00675580464303493 0.0195940099656582 0.142768725752831 0.0377694331109524 -999 0.0897904559969902 -999 -0.0365659035742283 0.0294032692909241 -0.0155076067894697 -999 -0.0583992749452591 0.0150904851034284 -999 0.0510133057832718 -0.0461956672370434 0.174986004829407 -999 -999 0.100634030997753 -999 -0.0472153350710869 -999 -0.00183409953024238
-999 -0.0518541410565376 -999 -0.0271191671490669 -999 0.0152546297758818 0.0141002256423235 -999 0.093912847340107 -999 -0.0793230012059212 -999 0.00433264160528779 -999 -0.0975640863180161 -999 -999 -999 -999 -999 -999 -0.0638467445969582 0.00612488575279713 0.0049508735537529 -999 0.0110137732699513 0.148223340511322 0.0904511511325836 -0.0935432016849518 -999 -999 -999 -999 0.147947251796722 -0.00349850906059146 0.107252612709999 -999 -0.0097926240414381 -999 -0.0350211970508099 -999 0.0348664708435535 -0.0254349391907454
-0.146718889474869 -0.0772471651434898 -999 -0.014688340947032 -999 -0.0101551497355103 -0.0713664367794991 -0.023417666554451 -999 -0.120999358594418 -999 -999 0.0179194062948227 -999 -999 -999 -999 -999 -999 -999 -0.0861887261271477 -0.0942260324954987 -999 0.152515724301338 0.0440983511507511 -0.0863727033138275 -999 -0.0979804545640945 -0.0290291756391525 0.0152541510760784 -0.0429392755031586 -999 -0.0729392617940903 -999 -999 -999 -999 -0.00802656542509794 -999 0.00175826624035835 -999 -0.0382877998054028 0.0251646414399147
-0.133665576577187 0.0633555501699448 -0.189825445413589 -0.0751793831586838 -999 -0.0677754655480385 -999 -0.136728778481483 -999 -999 -999 -999 -999 -999 -999 -999 -999 -999 -999 0.11461678892374 -0.116212077438831 0.184434488415718 -0.062255647033453 0.109514132142067 0.149300053715706 0.027312058955431 -999 -0.0786198079586029 -0.0665937885642052 0.0277623683214188 -999 -0.0641804859042168 -999 -999 -999 -999 -999 -999 0.105589315295219 -999 -0.0654051974415779 0.0960441902279854 -999
0.0560013800859451 -999 0.126194760203362 0.0976220220327377 0.0294871367514133 -0.0385489612817764 -999 -999 -999 -999 -999 -999 -999 0.0277157127857208 0.0555477365851402 -999 0.0596275180578232 -999 -0.0271401852369308 -999 -0.0519640147686005 0.0808587297797203 -0.029824074357748 -0.123630248010159 -0.166493937373161 0.210214152932167 0.0513691008090973 0.119193159043789 -0.0496299415826797 -0.0321963988244534 -999 -0.0162148345261812 -999 -0.090017206966877 0.0603234432637691 -999 -999 -0.00346167152747512 0.11379886418581 -0.0499761216342449 -0.0411100722849369 -999 -0.0974733531475067
0.0731659606099129 -0.0155647248029709 -0.189245745539665 -999 0.0137060070410371 -999 -999 -999 -999 -999 -999 -999 -999 0.0908472985029221 -0.0207847692072392 0.0359612479805946 -999 0.0889782682061195 -0.0222887191921473 -999 0.0718079805374146 -999 0.21743993461132 0.0382029451429844 -0.0667683333158493 -999 0.00295373424887657 0.0228799339383841 -0.0349236093461514 0.137826457619667 -0.0777562782168388 -999 0.122188799083233 0.0628363639116287 -999 -999 -999 -0.124643914401531 0.0335279479622841 0.0129827158525586 -999 0.0379783399403095 -0.0385940410196781
-999 0.0509132146835327 -0.0691874101758003 0.0748517438769341 0.00461244117468596 0.0690132603049278 -999 -0.194121539592743 -999 0.169664412736893 -999 0.0581033676862717 -0.0604169182479382 0.148079797625542 -999 -0.00653389096260071 -999 0.157901152968407 -999 -999 -999 -999 -999 -999 0.0280190836638212 -999 -0.0500025302171707 -0.11168846487999 -0.0858505815267563 -999 0.121413052082062 -999 -999 -999 -999 -999 0.0392088256776333 0.0591094791889191 0.0532238110899925 0.0344336405396461 -999 0.107952751219273 0.0714806020259857
-0.112104699015617 -0.0222775004804134 -0.0369212813675404 0.0121303796768188 -0.031791940331459 -0.200691148638725 0.249818474054337 -999 -0.0431511141359806 0.0888962671160698 0.366240561008453 -999 -0.0212374106049538 0.0464968010783195 -999 -0.0528278090059757 0.0577196553349495 0.10859801620245 -999 -0.0388320572674274 -999 -999 -999 -0.049918420612812 0.0715089365839958 0.0619839914143085 -0.0690427273511887 -0.0888113752007484 0.038200244307518 0.11568508297205 0.100346498191357 -0.26256075501442 -999 0.0785802826285362 -999 -999 0.0265729073435068 0.152693063020706 0.0117000788450241 -999 -0.0372857600450516 0.175234079360962 -0.0158900357782841
0.0490955151617527 0.0605565197765827 -0.00422470876947045 -0.0821036174893379 0.0801648870110512 -0.0819792002439499 -0.0337331295013428 -0.0179724041372538 0.0995116829872131 0.192542403936386 0.0943845883011818 -999 -0.119342684745789 -999 0.158506527543068 0.0420358963310719 -0.116251260042191 -999 0.292960971593857 -0.00544683262705803 -999 -0.0354725904762745 0.0102657824754715 0.0209005568176508 -999 -0.136495515704155 0.00515209604054689 -0.0258671976625919 -0.0197193678468466 0.0781057178974152 -999 -999 0.0263932719826698 -0.0831650048494339 -999 -999 0.136815935373306 -0.140050858259201 0.0104271844029427 0.0253425408154726 0.0608138889074326 -0.185290351510048 0.073779471218586
0.0063058165833354 -0.0986932143568993 0.000150560095789842 0.0503391586244106 0.0512592159211636 0.249155968427658 -0.0194187015295029 -0.00471259653568268 -0.167601212859154 -0.0946873053908348 -0.0833038091659546 0.04796302318573 0.0482538901269436 0.0831573680043221 0.00783523172140121 -0.0108034815639257 0.0366072654724121 -999 -999 -999 0.196729093790054 0.100738421082497 0.00311769731342793 -0.0649145022034645 0.121159136295319 -0.00328035047277808 0.0253405179828405 0.0247694812715054 -0.0482050403952599 -0.134783267974854 -0.0287172123789787 -999 0.118435986340046 -0.00929560232907534 -999 0.0462989881634712 -0.0749935060739517 0.0285752899944782 -0.0276756007224321 0.0765151903033257 -999 0.138066351413727 0.104532614350319
-0.174613565206528 0.00492982333526015 -0.223762392997742 0.114660695195198 -0.0122278816998005 0.0333405621349812 0.00417427718639374 0.130899921059608 0.146452054381371 0.0871788859367371 0.00169428589288145 -0.0270085167139769 0.0722613036632538 0.0601501129567623 0.040473110973835 0.0937933027744293 -0.319973826408386 -999 -999 -999 0.169817358255386 0.241467177867889 0.154652968049049 -0.10219494998455 0.0332519561052322 0.0195037461817265 0.0125632639974356 0.0165285244584084 0.00289460876956582 -0.0220834296196699 0.0836567059159279 0.0257834531366825 0.0606759190559387 0.0260615460574627 -0.0201518312096596 0.200536847114563 -0.157784208655357 -0.0618334896862507 -999 -999 -999 0.221686810255051 0.00743794953450561
-0.070004865527153 -0.0373529456555843 -0.116870909929276 -0.0369124412536621 -0.0360270626842976 0.0169944036751986 -0.0132382661104202 0.00548849022015929 -0.0539781525731087 0.0670274347066879 0.0211633648723364 0.0955882593989372 0.120244272053242 -0.0294697675853968 -0.0436139293015003 0.192965194582939 -999 -999 -999 -999 0.114157356321812 -0.00109771231655031 -0.0120135601609945 0.0274067223072052 -0.0869031101465225 0.0548672787845135 -0.0151390563696623 -0.0497466512024403 -0.0117113199084997 -0.115599371492863 0.0439413599669933 -0.0250759534537792 -0.116091363132 -0.101858891546726 -0.10237131267786 0.185198351740837 -0.0598264336585999 -0.259256988763809 0.156966879963875 -999 -0.0123192239552736 0.0819811597466469 -0.0307902507483959
-0.00534165883436799 -0.0526172742247581 0.051973968744278 -0.086136668920517 0.0141432844102383 0.00297479191794991 -0.0304396785795689 0.0106734838336706 -0.0515865162014961 0.105479799211025 -0.0211450252681971 0.138112038373947 0.331640601158142 -0.0706001371145248 0.0411429405212402 0.0365386456251144 -0.0744553506374359 -0.00449718721210957 -999 -999 0.188535705208778 -999 -0.0384959727525711 0.0159893240779638 -0.10229529440403 -0.0483869500458241 -0.0476543568074703 -0.0282376203685999 -0.0471522063016891 -0.0319617912173271 0.0228645354509354 -0.0437297485768795 -0.0397210083901882 -0.0669926181435585 -0.0491496101021767 0.0308215636759996 0.119187422096729 -0.0717713609337807 0.000531171564944088 -999 -0.101663134992123 0.1463473290205 0.168884456157684
0.158565998077393 -0.154928728938103 -0.140965908765793 0.0145641062408686 -0.066177986562252 -0.0306135546416044 -0.0706057623028755 0.0253482032567263 0.0319586619734764 0.0759123116731644 -0.143415331840515 -0.132943287491798 -0.106127232313156 -999 0.292129337787628 -999 -0.0405723564326763 -0.064400315284729 0.0830607488751411 0.0722411721944809 -0.137064963579178 0.000650685629807413 0.0350543782114983 -0.00847813207656145 0.0982510894536972 -0.0316346138715744 -0.0964232534170151 0.0624014660716057 -0.0624960511922836 -0.0109635777771473 -0.0180560443550348 0.00294458214193583 -0.0582029409706593 -0.0800017416477203 -0.00877828802913427 0.189235255122185 -0.0702521130442619 0.0447828359901905 -0.0137106105685234 -0.0415619947016239 0.0681813582777977 0.139591559767723 -0.0292371287941933
0.051552027463913 0.0487804301083088 -0.0742040723562241 -0.00250003230758011 0.0696235075592995 -0.118486121296883 -0.0463269874453545 -0.055511113256216 0.0708068534731865 0.0348929725587368 0.0243676640093327 -0.0659703239798546 0.0460698045790195 -0.0964377894997597 -0.101832836866379 -0.222500592470169 -999 -999 -0.00293258298188448 0.045500174164772 -0.00251135230064392 0.0813851654529572 0.121786065399647 0.126156732439995 0.101167090237141 0.033889964222908 0.0934407487511635 0.0575391575694084 0.02912288159132 -0.00538777653127909 0.00257561472244561 -0.0336730815470219 -0.0362605676054955 -0.0151997189968824 -0.0950019732117653 -0.0629371330142021 -0.0532471798360348 0.0137538155540824 0.113866947591305 0.0799689665436745 0.0826040133833885 0.161087095737457 -0.0692031383514404
