assets/gome_f/processed/ascii/world/gome_sif_world_20131201.asc
NCOLS 720 
NROWS 360 
XLLCORNER -180 
YLLCORNER -90 
CELLSIZE 0.5 
NODATA_value -3.4e+38 
[rows 228 to 246 of 360, columns 430 to 472 of 720]
0.251569449901581 0.107959561049938 -0.0124717252328992 -0.00960502028465271 0.0660632476210594 -0.148635014891624 0.0514953769743443 0.0748359337449074 -0.0114799030125141 -0.00278263236396015 -0.0763845145702362 -0.0187111403793097 -0.0235049482434988 0.01114387717098 0.0187811367213726 0.0646755546331406 -0.016815010458231 0.0654627531766891 0.0575129725039005 0.236396208405495 0.271859139204025 0.127065107226372 0.234221994876862 0.322138488292694 0.31450018286705 0.00766951264813542 0.0907820090651512 -0.0326907113194466 -0.0512617826461792 -0.0296636465936899 0.00918805692344904 0.005061199888587 0.0462947972118855 0.0673864036798477 -0.00339984893798828 0.0473656915128231 -0.0534505173563957 0.0236303992569447 -0.000861438340507448 0.055144090205431 0.108133725821972 -0.029833123087883 0.0340261794626713
0.0560064613819122 0.0229961220175028 0.000102102756500244 0.0616341941058636 -0.0135949552059174 -0.0669929459691048 0.0905461087822914 0.0251773539930582 0.102986335754395 -0.052437137812376 0.0968383848667145 -0.0239906813949347 -0.0434056334197521 0.0504969470202923 0.0593647509813309 0.00388023420237005 -0.0191732887178659 -0.0185721032321453 0.0951474532485008 0.281106203794479 0.25886008143425 0.288609564304352 0.248502641916275 0.264480024576187 0.184130311012268 0.0144062619656324 0.0143232401460409 -0.0474115386605263 -0.110692702233791 0.00941836088895798 -0.144057393074036 -0.0497764125466347 -0.131395667791367 -0.0411843508481979 0.022946123033762 0.0577613674104214 0.0872028842568398 0.0355740077793598 -0.0875032544136047 -0.0531919188797474 0.0708839818835258 -0.0032181590795517 0.0348730236291885
0.0117659168317914 0.0256257485598326 0.0735557973384857 0.0214487109333277 0.0889022946357727 -0.0182388667017221 -0.089583620429039 0.123372346162796 -0.0404265001416206 0.0989705175161362 0.10227382928133 -0.00748198945075274 -0.0594230070710182 -0.0143016753718257 0.123252540826797 -0.043289553374052 0.017921069636941 -0.0147324139252305 -0.0517957173287868 0.124855853617191 0.110057145357132 0.285716623067856 0.121852062642574 0.0264552030712366 0.0720990225672722 -0.0616581961512566 0.039526354521513 0.058152224868536 0.040211521089077 -0.0303887818008661 0.0795772820711136 -0.0791467800736427 -0.0260652471333742 -0.0458207204937935 0.0251767039299011 0.074574239552021 0.112862192094326 0.038352757692337 -0.0426638163626194 0.0739868432283401 -0.0289246551692486 -0.0414270795881748 0.0361733697354794
0.0334219075739384 0.112185344099998 0.0265155415982008 0.0739735811948776 0.0863824859261513 -0.00334776588715613 -0.011593016795814 0.108809657394886 0.0804714635014534 -0.0135928299278021 0.0412620157003403 -0.0386933833360672 0.0695619434118271 0.00619285553693771 0.0166931804269552 0.016114380210638 0.085637666285038 0.0506933555006981 0.0942937284708023 -0.0271569825708866 -0.0713667869567871 0.0246008448302746 0.0406668446958065 0.056578740477562 0.059613935649395 0.0811628177762032 0.0671289339661598 -0.0471377298235893 0.0255125910043716 0.0660154446959496 -0.0726957693696022 -0.0789287760853767 -0.0192768722772598 -0.049228373914957 -0.0148384002968669 -0.0535024628043175 0.178569450974464 0.0249331090599298 0.0104550048708916 0.0268006715923548 -0.0436365604400635 -0.0548307187855244 0.0981187745928764
0.0444351769983768 0.106564246118069 -0.0531494989991188 -0.00904798693954945 0.0391094572842121 0.0817834213376045 0.0800617560744286 0.12159325927496 -0.0467975549399853 0.0323866344988346 -0.0268338080495596 0.00259474758058786 0.00784964952617884 0.0288335178047419 -0.0516409650444984 0.0775089859962463 -0.111931271851063 0.0606470666825771 0.0625776350498199 -0.0734520778059959 -0.0320852771401405 0.0483741834759712 -0.00297358795069158 0.192080572247505 -0.00622056005522609 0.0190511457622051 -0.117532357573509 0.047063373029232 0.0425771437585354 -0.0134328352287412 0.0074379313737154 0.023512938991189 0.0364900343120098 0.108052060008049 -0.0930412784218788 -0.0647188797593117 0.152809545397758 -0.107381224632263 0.040782555937767 0.0781884640455246 -0.00324479746632278 0.00491144321858883 -0.0338188968598843
0.101765394210815 0.0451032891869545 -0.0355881974101067 0.0209289658814669 0.00910332053899765 0.0120861735194921 -0.0251675322651863 -0.0105513986200094 -0.0790516287088394 0.0897913500666618 -0.00650497991591692 -0.00891629047691822 -0.0134540274739265 0.0842636972665787 -0.00714869797229767 -0.0442148260772228 0.0960390418767929 -0.0231606140732765 0.0120304217562079 -0.132672339677811 -0.0665133148431778 -0.111195243895054 -0.039255041629076 -0.0436788611114025 -0.00855072867125273 0.0792580842971802 -0.021428557112813 -0.00298539898358285 -0.0878954455256462 -0.0230125859379768 -0.0331690087914467 0.0233833324164152 -0.0460262857377529 0.108126990497112 -0.0222325194627047 -0.0283955149352551 0.0851356983184814 0.0235931593924761 -0.0051334435120225 0.0319846607744694 -0.00330341956578195 -0.0247277971357107 0.0885511934757233
-0.0628799200057983 -0.0698773190379143 0.0272698774933815 0.120369635522366 0.0626608356833458 0.118279971182346 -0.0891681462526321 0.0731055215001106 0.0506945848464966 0.0458534061908722 -0.0755658820271492 -0.0454708449542522 -0.0635566785931587 -0.0971674919128418 -0.0434207357466221 0.0633601173758507 0.0581317432224751 0.0972835868597031 0.0527067668735981 -0.00694629177451134 -0.0798097252845764 -0.0479194074869156 -0.0787606090307236 0.0266046822071075 0.142390295863152 -0.0631821006536484 -0.0384333021938801 0.132591307163239 0.0779887139797211 -0.00447192462161183 -0.0685641393065453 -0.0404589958488941 -0.107261568307877 0.0980950370430946 0.0769678056240082 0.0166850443929434 0.109674647450447 -0.0651012435555458 -0.029248408973217 0.0249290689826012 0.0775842741131783 0.0262793675065041 -0.0300635378807783
0.0177769605070353 0.00524113560095429 0.0462371595203876 -0.0927593559026718 -0.00852931011468172 -0.0746243447065353 -0.0411467850208282 -0.0405162200331688 0.0851202309131622 0.0314003974199295 0.0416905730962753 0.074634812772274 -0.0386882573366165 0.0133375590667129 0.0273570753633976 0.100863456726074 0.0362671576440334 -0.0646001696586609 0.101402960717678 -0.0818261504173279 0.0934187173843384 -0.00405036425217986 -0.0514346435666084 0.00532286847010255 -0.0195822604000568 0.0224742498248816 0.033364575356245 -0.0245215501636267 0.107697136700153 0.035568080842495 0.000891438743565232 -0.0423880144953728 0.0127391815185547 0.157070755958557 -0.0652419924736023 -0.107090346515179 -0.0232894867658615 -0.0193198528140783 -0.0866656973958015 0.0354129076004028 0.0454043410718441 0.0216163229197264 0.0159450676292181
0.0583142042160034 0.0353834815323353 0.0294147208333015 0.00471010524779558 -0.0976928025484085 -0.0692476257681847 0.0103882653638721 0.0371963270008564 -0.0165696237236261 -0.065112479031086 0.0515669919550419 0.0124424723908305 0.0421617403626442 0.0133870132267475 0.06220693141222 0.0286392904818058 0.0975767150521278 0.0268707796931267 0.0947969704866409 0.0300288368016481 0.0404095835983753 -0.0789690315723419 0.0347166359424591 -0.0181806534528732 0.055993590503931 0.0384798943996429 0.074182964861393 0.0320854596793652 0.0546205528080463 0.00761323794722557 0.106531210243702 0.0263954307883978 -0.0312625467777252 -0.00898898299783468 -0.00460586929693818 0.0263521280139685 -0.00069755909498781 0.0642799511551857 -0.0496398881077766 -0.100381374359131 -0.0851388946175575 0.00924251321703196 -0.0112508293241262
0.0214987024664879 -0.00968189164996147 0.0777235180139542 0.0697590112686157 0.0644260197877884 0.0307692382484674 0.00828659720718861 0.040095217525959 0.0918336510658264 0.0529230237007141 -0.0145944645628333 0.0674399212002754 0.0469432435929775 0.0282146967947483 0.072722539305687 -0.0301759876310825 0.0391819924116135 0.106575027108192 -0.0213045608252287 -0.0712614431977272 0.120637238025665 -0.00303248851560056 -0.040768314152956 0.0630072951316833 -0.00340127060189843 0.0434292927384377 0.0857718586921692 -0.00534149212762713 0.0915644019842148 0.00975846406072378 -0.0310364421457052 0.00778331374749541 0.0203050374984741 0.0100596714764833 -0.0848557651042938 0.139389395713806 -0.010825339704752 0.00340140541084111 -0.0255457665771246 0.0453103892505169 -0.0598339736461639 -0.117135979235172 -0.013711323030293
0.026664562523365 -0.0752482116222382 0.0254610665142536 -0.0886503979563713 -0.0275292936712503 -0.0114389890804887 0.0157489813864231 0.097493588924408 0.0907007604837418 0.104345612227917 0.0521022751927376 0.0292942486703396 -0.0775160863995552 0.130279585719109 -0.140170589089394 0.0921942815184593 0.00426722690463066 0.0116530489176512 0.108966328203678 0.0341504253447056 -0.031186155974865 -0.0630043894052505 0.0120588028803468 0.00854200683534145 -0.0108445007354021 0.0219166725873947 0.0614973045885563 -0.0161581989377737 -0.150759607553482 0.0913895592093468 0.0128122149035335 -0.0381853505969048 0.0269952081143856 0.0562600493431091 -0.13679301738739 -0.0305333584547043 -0.0144241377711296 0.0328569263219833 0.0101969121024013 0.100313648581505 -0.0479052513837814 -0.0666312873363495 -0.0864837467670441
-0.0327208004891872 -0.0329554304480553 -0.0118882656097412 0.075930044054985 -0.0835683941841125 -0.0376179702579975 0.184000819921494 -0.029856625944376 0.053518358618021 0.00990506168454885 0.0200310461223125 -0.0301797520369291 -0.0066607971675694 -0.0515415258705616 0.0579856149852276 -0.0582292377948761 0.0726833492517471 -0.120595775544643 -0.129602208733559 0.0694396942853928 -0.0896979048848152 -0.0545600540935993 -0.05531907081604 0.0220604911446571 0.0108674578368664 -0.0371610671281815 0.103978581726551 -0.00307691399939358 -0.113684684038162 -0.126782074570656 -0.0949005261063576 0.046693105250597 -0.0114424852654338 -0.00626820791512728 0.048668634146452 -0.188115075230598 0.0274826902896166 0.0352127850055695 0.0674180015921593 -0.174917340278625 0.133961230516434 -0.0172677487134933 0.0905444547533989
0.00727039389312267 0.0117461169138551 0.152468368411064 -0.125376135110855 -0.0273424480110407 0.012288274243474 -0.052876777946949 0.020308593288064 0.0172449070960283 0.166800037026405 0.0369141213595867 0.0921043232083321 0.0406415238976479 0.0902209132909775 -0.0347702614963055 0.125971525907516 0.0408835336565971 0.0335621125996113 0.112148322165012 0.081236831843853 -0.0316825322806835 0.0187563076615334 0.0412009954452515 -0.128772586584091 -0.0714274272322655 0.0654202699661255 -0.0766039490699768 -0.0287901945412159 -0.042784009128809 0.0231631305068731 -0.0827674642205238 -0.0109928976744413 -0.0763459354639053 -0.0780036374926567 0.0666136294603348 -0.0185790620744228 -0.151340171694756 0.0268113724887371 0.0381245389580727 0.0749573037028313 0.134085074067116 0.0428431704640388 -0.112255252897739
0.0122607052326202 -0.151422619819641 -0.0940849408507347 0.0481090173125267 0.040643248707056 -0.0764884650707245 -0.0117574837058783 -0.0417880788445473 -0.0121644837781787 -0.195909962058067 0.250623822212219 -0.00497585535049438 0.0821787193417549 -0.0639057382941246 0.0282142106443644 0.0567792877554893 0.0276839789003134 0.0870907753705978 -0.0959317609667778 0.0836272463202477 -0.00226944428868592 0.0279711484909058 -0.0379796028137207 -0.0228846371173859 0.046907939016819 0.115174703299999 -0.123748011887074 -0.0870649367570877 -0.0830609500408173 0.0285177417099476 0.158478692173958 -0.00504750199615955 0.0677449107170105 0.0492910593748093 0.161694213747978 -0.0731563419103622 0.0683875903487206 0.0424292273819447 -0.00212206039577723 0.0754777789115906 -0.184382885694504 0.0883100628852844 0.151335835456848
0.00664472579956055 -0.0198277663439512 -0.0384682863950729 0.0584727264940739 0.0516803115606308 0.0630234032869339 0.13297663629055 0.0341271050274372 0.0520210824906826 -0.0345250517129898 0.0585858598351479 -0.0578295849263668 0.00918050389736891 0.0594967603683472 0.0249360706657171 -0.0875992998480797 -0.00316212698817253 0.0191279742866755 0.103302419185638 -0.0509382151067257 0.00954078603535891 0.040693573653698 -0.0899037942290306 0.0151621177792549 -0.0543206818401814 -0.0432256273925304 0.0614646933972836 0.0504998527467251 -0.0228184219449759 -0.0785785764455795 -0.00427174521610141 -0.032303050160408 -0.0309891346842051 -0.0043416153639555 0.00319761270657182 -0.00255161034874618 -0.0359187573194504 0.0144511321559548 0.0505171529948711 -0.0470458120107651 0.0636898949742317 -0.0466830991208553 -0.131856217980385
-0.0710948780179024 0.0363659411668777 -0.11369277536869 -0.00686570908874273 -0.0467951074242592 -0.0532149448990822 -0.0117924679070711 0.0164075251668692 -0.101565018296242 0.0320791006088257 0.0780990645289421 -0.0013113672612235 0.0406599454581738 -0.0611774772405624 -0.00190253183245659 -0.0846070349216461 -0.112905874848366 -0.0420839414000511 -0.00880716647952795 0.0134555343538523 -0.00311220553703606 0.0158424098044634 0.118230849504471 -0.0481472909450531 0.0275924410670996 0.0767280086874962 -0.032968170940876 -0.114055581390858 0.0840150937438011 -0.00426446786150336 0.00895476527512074 0.0152580421417952 -0.0362509377300739 -0.0368849970400333 0.113871060311794 0.00642954930663109 0.104800656437874 -0.053183488547802 -0.0177574101835489 0.0789761915802956 0.048187218606472 0.0908331871032715 0.000950634479522705
-0.079002745449543 -0.0305395126342773 0.00540533661842346 -0.0548789836466312 0.0141412150114775 -0.0333057641983032 -0.0810479298233986 0.0914267152547836 0.0671776309609413 -0.015448953025043 -0.011544949375093 -0.01209681853652 0.0297618731856346 -0.069151371717453 0.0625014305114746 0.0505677163600922 0.0581246316432953 0.0192979834973812 -0.0369040369987488 -0.132917433977127 -0.0840143486857414 0.00612056814134121 -0.0346285700798035 0.024289159104228 -0.0990992337465286 -0.1314797103405 0.0281355101615191 0.00193177862092853 0.026345681399107 0.00787022244185209 -0.0131323076784611 -0.0208310950547457 0.0382804460823536 0.0691284090280533 -0.0326855964958668 -0.0209367834031582 -0.158372983336449 0.0259011927992105 -0.00603564083576202 -0.211643919348717 0.038855217397213 -0.109353356063366 -0.0349675379693508
0.0406502448022366 0.0193239469081163 0.104146614670753 -0.000205903052119538 -0.00224246666766703 0.0212920922785997 -0.0394062958657742 -0.0422492735087872 0.0710093304514885 -0.0500123091042042 0.088439017534256 -0.147003516554832 0.0154982386156917 -0.0548526644706726 -0.0255414787679911 -0.0226406492292881 -0.115833550691605 0.208705693483353 0.0714054256677628 -0.0170512273907661 -0.0216547213494778 0.00321366172283888 -0.10263105481863 -0.0586151704192162 -0.0356332361698151 0.0455320440232754 0.0403639189898968 -0.0188029166311026 0.0632962957024574 -0.0377696976065636 -0.0375695340335369 -0.0212810877710581 0.0883669629693031 0.115977957844734 -0.00358053552918136 -0.0717791020870209 -0.00284730037674308 -0.0755284279584885 0.0698987171053886 -0.0437269024550915 -0.0619642622768879 -0.162113770842552 -0.0191850885748863
-0.08633141964674 -0.00525560555979609 0.0234609544277191 -0.0506542436778545 -0.0325722880661488 0.0146420123055577 0.0468900538980961 -0.00278917863033712 -0.0243719127029181 -0.0477809645235538 -0.0198520943522453 0.038732435554266 0.03491535410285 -0.00786633789539337 0.0629296749830246 -0.0485759116709232 -0.0630081370472908 0.0817993059754372 0.0696638152003288 0.0194326788187027 -0.213301435112953 0.10763193666935 0.0633688569068909 -0.0754741802811623 0.0164053458720446 -0.0384688898921013 0.0811884626746178 -0.0204359851777554 0.0677943080663681 -0.0436434373259544 -0.0510654002428055 -0.0207691453397274 0.0991097092628479 -0.0519187301397324 0.084874652326107 -0.040210273116827 -0.0289942696690559 0.0545720756053925 -0.0177842136472464 0.0487465560436249 -0.130532220005989 0.0884770154953003 0.147238686680794
