assets/gome_f/processed/ascii/world/gome_sif_world_20121101.asc
NCOLS 720 
NROWS 360 
XLLCORNER -180 
YLLCORNER -90 
CELLSIZE 0.5 
NODATA_value -3.4e+38 
[rows 171 to 189 of 360, columns 473 to 515 of 720]
0.0331734530627728 -0.00594659429043531 0.115718521177769 -0.0231224037706852 -0.0116669544950128 -0.02354477904737 -0.021158043295145 0.0403379984200001 0.0448743775486946 0.0250761546194553 0.0397355481982231 -0.066720150411129 -0.000849040574394166 -0.00751566234976053 -0.06896011531353 -0.0217045210301876 0.0587787628173828 -0.0599576830863953 -0.018528250977397 0.0510804653167725 0.0554885715246201 -0.0651545599102974 -0.0853987634181976 0.0947071388363838 0.0525355339050293 0.00758323539048433 0.0346099063754082 0.0583718046545982 0.0217733960598707 -0.0323542207479477 0.0578911937773228 0.0190455950796604 -0.0846033021807671 -0.00378834269940853 0.014963811263442 -0.0177631415426731 0.0822457820177078 -0.0346235260367393 0.111458599567413 -0.0397869758307934 -0.0257894713431597 -0.121074356138706 0.0565017983317375
-0.0176737476140261 -0.0902235060930252 -0.00182071328163147 0.013440627604723 -0.074300691485405 0.0412591472268105 -0.030636353418231 0.0429575741291046 -0.0307726729661226 -0.0464137047529221 0.0636601150035858 -0.0858977809548378 -0.0242904145270586 -0.0570507869124413 -0.0890819057822227 0.0755759030580521 -0.0469115674495697 0.0109266703948379 0.0204116720706224 0.0103297717869282 -0.00139640597626567 -0.097624659538269 -0.0884202420711517 0.0613880082964897 -0.0455509461462498 0.0924879983067513 -0.0312864519655704 0.0109330425038934 -0.0528487451374531 -0.0131472758948803 0.0254312455654144 0.0275256335735321 0.0360027439892292 -0.00875164661556482 -0.0359586402773857 0.00527875823900104 -0.061037003993988 0.0387683250010014 -0.00196510693058372 -0.0119561413303018 -0.0479915775358677 0.0586051121354103 -0.010644837282598
-0.0032638581469655 -0.00145993067417294 -0.0349525362253189 0.0431941598653793 -0.0852340459823608 0.0652020573616028 0.0222134720534086 0.044375691562891 0.048589650541544 -0.0255895685404539 -0.0564735978841782 -0.0306591279804707 0.0554440729320049 -0.0766855999827385 0.0384150370955467 -0.00389717239886522 -0.0102092642337084 0.00407868903130293 -0.0399939343333244 0.104972325265408 0.015928927809 -0.0727213397622108 0.0417524389922619 0.0827738121151924 -0.065339982509613 0.0127628110349178 0.0639915689826012 -0.00502725224941969 0.00985728390514851 0.116796150803566 -0.00752658769488335 0.210262507200241 0.0814897492527962 -0.0869532525539398 -0.0136585757136345 -0.0149751678109169 0.0207320302724838 -0.0772908329963684 0.0775530636310577 -0.0411393567919731 -0.0299502518028021 -0.0365610234439373 0.019057834520936
-0.0361408926546574 0.028283916413784 0.0321754179894924 -0.0352285765111446 0.0790494382381439 0.0135727031156421 0.0361076481640339 -0.0345422886312008 0.0171126686036587 -0.0189792327582836 0.0268041882663965 -0.00532506313174963 0.00986755639314651 2.04852094611851e-05 0.00135038048028946 0.0141721339896321 0.0273657701909542 -0.00107455102261156 0.00855597946792841 0.00268831406719983 0.0606212541460991 0.0874072909355164 -0.0303864702582359 -0.0495804511010647 0.0380305200815201 0.0742747038602829 -0.0493063107132912 0.072175107896328 -0.0275907143950462 0.0970353856682777 0.00956296920776367 -0.162550449371338 -0.0806191936135292 0.0904025584459305 0.0169227123260498 0.0616111420094967 0.0259461253881454 0.0593540631234646 0.0750052183866501 -0.0824017822742462 0.0310554690659046 -0.0868615284562111 0.00960892997682095
-0.0199335236102343 -0.0159085616469383 -0.0676810890436172 0.0603639930486679 0.0384118407964706 0.0329350903630257 -0.00198639999143779 -0.057734876871109 -0.00179684010799974 -0.0160607416182756 -0.0303931869566441 0.00514069059863687 0.0526533573865891 -0.0234063491225243 -0.0223237313330173 -9.46599830058403e-05 0.00562937324866652 0.0187253579497337 0.0338724814355373 0.0535159260034561 -0.037530891597271 0.0130890440195799 0.0312814228236675 -0.0230917036533356 -0.0152843957766891 -0.0354006849229336 0.0206821132451296 -0.0965634286403656 -0.0872495770454407 -0.0137507412582636 -0.0576560124754906 0.018528776243329 -0.012289971113205 0.00328339263796806 0.0155685404315591 -0.0317128114402294 -0.058242455124855 -0.0205657836049795 -0.0436175838112831 -0.020047340542078 0.00912642665207386 -0.0116613581776619 0.0122324032709002
-0.0791069865226746 -0.104954749345779 -0.00616412004455924 -0.0316719561815262 -0.0163126811385155 -0.0144872739911079 -0.0343318022787571 0.00877827033400536 -0.013011128641665 -0.0330106914043427 0.0457859188318253 0.000244744995143265 0.0133172208443284 -0.0851043239235878 -0.00284719141200185 -0.0213549472391605 -0.00621378049254417 -0.0290164239704609 -0.0520118102431297 -0.13481131196022 0.00337915844283998 -0.0378559865057468 -0.0612733438611031 0.107378393411636 0.028383769094944 -0.0103611843660474 0.00834495387971401 -0.020102122798562 0.00420127017423511 -0.039008017629385 0.0524446852505207 -0.0500379800796509 -0.0322203040122986 -0.0515703111886978 -0.0361275896430016 -0.0251279473304749 0.0297656692564487 -0.00554330879822373 0.0876446291804314 -0.04726792126894 -0.0116082718595862 -0.013297364115715 0.00653849914669991
-0.00678414478898048 0.0117902653291821 0.0147530864924192 0.0123820099979639 0.0428192466497421 0.0177650060504675 0.0411403141915798 -0.027907008305192 -0.0125013459473848 -0.0277667324990034 -0.0207495130598545 0.0337762832641602 0.02288500033319 0.0378715954720974 0.0520212836563587 -0.0281134638935328 -0.0784565210342407 -0.0146397817879915 -0.0294628385454416 0.0851708054542542 0.053788423538208 -0.0656143054366112 0.0181746352463961 0.0538861379027367 -0.00453527085483074 0.0112193385139108 -6.60784571664408e-05 -0.0468536615371704 -0.0610309839248657 -0.00472013000398874 0.00121630728244781 0.00955211091786623 0.0467768497765064 0.106578387320042 0.0317738726735115 -0.00539630651473999 0.0217069275677204 0.0317406207323074 -0.0052167815156281 -0.0130913527682424 0.0191232804208994 -0.0194475669413805 0.00144887843634933
-0.0304352696985006 0.00361259048804641 0.0516211539506912 0.0379709042608738 -0.0392687730491161 0.049809142947197 -0.0186281986534595 0.0452915616333485 -0.0881737023591995 0.0251587592065334 -0.0399723276495934 -0.0726654157042503 0.0334989540278912 -0.00914273224771023 0.0342300906777382 0.0103538380935788 0.0954836905002594 0.00717692077159882 0.0600510835647583 -0.0472404472529888 0.0202887151390314 0.0710106194019318 0.0225878711789846 -0.081442803144455 0.0316912308335304 0.00670571625232697 0.0217758137732744 0.0431468449532986 -0.0348870903253555 -0.0586760528385639 0.0370497293770313 0.0501893870532513 -0.0382208712399006 -0.0161120817065239 0.0384135246276855 -0.020660288631916 -0.0960512161254883 -0.00926500000059605 -0.0427526459097862 -0.0398611985146999 0.0134333372116089 -0.00146924331784248 -0.0672911778092384
-0.0988735407590866 0.0428621061146259 0.0461826175451279 0.0416460335254669 0.0327261053025723 0.0926350131630898 -0.0558794923126698 -0.0325299054384232 -0.00687336409464478 0.0431814379990101 -0.0037240379024297 0.00748348329216242 0.0225686077028513 0.0120411226525903 0.0136324325576425 -0.0235218945890665 0.00699761882424355 -0.00122405937872827 -0.0024054478853941 -0.0501532144844532 0.063708707690239 -0.0161608103662729 0.0220431126654148 -0.0556851364672184 -0.00483890250325203 -0.011744006536901 -0.0569885149598122 0.0332038961350918 -0.0453824289143085 -0.0887792930006981 -0.0074864299967885 -0.00555763999000192 0.058350458741188 0.00049645866965875 0.0559480153024197 -0.0426890850067139 0.0125517221167684 -0.0230105649679899 -0.0818223506212234 0.0133681828156114 0.00605987431481481 0.0169817693531513 -0.0185701809823513
0.000350714341038838 0.0412876605987549 0.0302948653697968 0.0141719095408916 0.0729004591703415 0.00118664430920035 0.0132554611191154 0.0104323448613286 -0.0432728826999664 -0.109132885932922 0.0539289005100727 0.050138421356678 -0.0140043692663312 0.0454445667564869 -0.0155030740424991 0.0502345152199268 0.0921395272016525 0.0278644207865 -0.00396620016545057 0.0488441213965416 -0.00282699218951166 -0.0234721601009369 -0.0526399351656437 -0.0170484464615583 0.0625033676624298 -0.0920689105987549 0.0175226684659719 0.0362204201519489 -0.0840064287185669 -0.0189079791307449 0.0305434018373489 -0.0864022374153137 -0.0548046715557575 0.0170991010963917 0.0359854996204376 0.0207391995936632 0.034265011548996 0.052359901368618 0.00450852373614907 0.044144194573164 0.00421999068930745 0.00612820172682405 0.00332989729940891
0.0383344367146492 0.0439326129853725 0.017403032630682 -0.0167484488338232 0.00773998629301786 -0.02520159073174 0.024035943672061 -0.00601949403062463 -0.00201004347763956 -0.0158198177814484 -0.026596000418067 -0.00543682277202606 -0.00627728318795562 -0.0353304296731949 -0.00228781742043793 0.0143546834588051 0.0484028719365597 -0.0837892889976501 0.0526856333017349 0.0223899427801371 -0.038421917706728 0.00649744225665927 -0.00284860492683947 -0.0297256466001272 0.0211579352617264 -0.00581553438678384 0.0289807692170143 0.0914448946714401 -0.0149153526872396 -0.00249096914194524 -0.0186659879982471 0.0490350276231766 -0.0119558507576585 -0.0128493895754218 0.031176870688796 -0.0382377430796623 -0.0807279869914055 0.0254322458058596 0.0456173494458199 -0.00475040869787335 0.00509601552039385 0.00113693193998188 0.0744170024991035
-0.0707306489348412 -0.040216151624918 -0.00482208654284477 0.0259015392512083 0.0299761090427637 -0.0201195012778044 0.0148374075070024 -0.0240578837692738 -0.0977655723690987 -0.0117466850206256 -0.0130423679947853 0.0189658310264349 -0.0470898933708668 -0.0473103038966656 0.0247604977339506 0.00913771986961365 0.0205711871385574 -0.00962784606963396 0.0163521058857441 -0.0490715019404888 -0.00285433977842331 0.00321334460750222 -0.0382895916700363 -0.0426267571747303 0.00864865910261869 0.070607453584671 -0.00990710128098726 0.0349003598093987 0.00109103322029114 0.0243032947182655 -0.008416797965765 -0.0753715485334396 -0.0853310078382492 -0.0190329160541296 0.00996875949203968 -0.0376391559839249 0.0273524150252342 -0.0346484892070293 0.000790362188126892 0.064720906317234 0.0435346551239491 0.0195207670331001 0.0729473978281021
-0.0621553659439087 -0.0270127858966589 -0.138211160898209 0.131737530231476 -0.0353834591805935 -0.00787312164902687 0.0280218347907066 0.0321228839457035 -0.0279234237968922 0.0193202253431082 -0.0107413372024894 0.0111289545893669 0.0144552839919925 0.0133337024599314 0.0370943062007427 0.0548044815659523 -0.0425826087594032 0.0171044673770666 -0.101418323814869 0.0653504803776741 0.0522495731711388 0.0321733839809895 -0.0510937161743641 0.0708687826991081 -0.0330590978264809 0.0114232422783971 0.0289576854556799 -0.0660520792007446 0.000685405684635043 -0.0281839054077864 -0.0162657350301743 -0.0368952453136444 0.026068763807416 0.0241926163434982 0.0571763850748539 -0.00215575797483325 0.00379702495411038 0.0456465668976307 -0.00242087244987488 0.0157125312834978 -0.0272195674479008 -0.0275310426950455 0.0826002210378647
0.0896197855472565 0.0461899489164352 0.0317919626832008 -0.00583532964810729 -0.0272137876600027 0.0282100848853588 -0.0394658967852592 -0.0252395924180746 0.12914714217186 -0.084104597568512 0.00101211236324161 -0.0111033553257585 0.040106114000082 -0.00886813178658485 0.0242102295160294 0.0784398689866066 -0.0520292110741138 -0.0734597966074944 0.0176044460386038 0.0503427907824516 -0.0567337200045586 -0.0707377791404724 -0.0313244760036469 0.0451612025499344 -0.0344117432832718 0.048429898917675 -0.0340888686478138 -0.0184168498963118 0.018968228250742 -0.0249441657215357 -0.0247958898544312 -0.0207009855657816 -0.0468583032488823 0.0709711089730263 -0.0281646158546209 0.0348686799407005 0.025831401348114 0.0759009346365929 -0.0432231165468693 -0.082208551466465 -0.0518554970622063 -0.0300967451184988 -0.0543144755065441
0.0277868062257767 0.0805223807692528 -0.0702098608016968 -0.0525260381400585 0.038177065551281 0.0413950495421886 -0.0343915447592735 0.00854538287967443 0.00300138909369707 -0.021814800798893 0.0786315575242043 -0.0164621938019991 0.0541456788778305 -0.00498986942693591 -0.0120614832267165 -0.0303562637418509 0.0262144990265369 -0.0332268103957176 0.0194919984787703 0.0108220931142569 0.00904017686843872 0.0440419614315033 0.0093214875087142 0.058253712952137 0.0765149369835854 0.0309193562716246 -0.107511483132839 0.0486192256212234 -0.0221792459487915 0.00673254625871778 -0.0200021471828222 -0.008787184022367 -0.0311801172792912 0.0375188440084457 -0.0512055531144142 -0.0784313082695007 -0.0919663533568382 0.0104931015521288 -0.0821401178836823 -0.00742150284349918 0.0344485454261303 0.0704340934753418 0.0293732713907957
-0.0671501308679581 0.090669684112072 0.0194782856851816 0.00269032781943679 -0.107595816254616 0.0102479299530387 0.106151439249516 0.0679787993431091 0.0763333737850189 0.13681922852993 -0.0256867576390505 -0.060278944671154 0.071322463452816 0.0443579219281673 -0.0193697735667229 0.0285560470074415 -0.0267991106957197 -0.00613778317347169 0.0252007059752941 0.0651345029473305 0.0475093089044094 0.0246271323412657 0.00714999670162797 -0.0765012577176094 0.0601158030331135 0.136286541819572 0.00383738172240555 -0.0140703143551946 -0.0205687563866377 0.0183311551809311 0.0380887724459171 -0.088889017701149 0.00634536147117615 0.0506514683365822 -0.0856074318289757 -0.0332740247249603 -0.0572204068303108 0.0874680951237679 0.0302487127482891 0.0542425364255905 0.0859458521008492 0.045002143830061 -0.057788472622633
0.0733962208032608 -0.0122259287163615 0.0320128872990608 0.028875757008791 -0.00931397266685963 -0.0937037691473961 0.0628442242741585 -0.0385787338018417 0.0193919204175472 -0.00990322232246399 -0.0576100647449493 0.0293824262917042 -0.0262577757239342 0.0630571320652962 0.0504281781613827 0.0452389195561409 -0.0332379564642906 0.0946908071637154 -0.0382335111498833 -0.0218682307749987 0.0689847022294998 0.0537167228758335 -0.0468730293214321 -0.0265971664339304 0.000769199687056243 0.0787075385451317 0.0318797044456005 0.0704208686947823 0.0157823730260134 -0.0473854169249535 0.109015420079231 -0.0377167016267776 0.0240550749003887 -0.0281956717371941 -0.00833798479288816 0.0288424845784903 0.0119358720257878 -0.0102892220020294 0.0850391313433647 0.0301156044006348 0.0403779372572899 -0.0194234848022461 -0.0481164120137691
-0.0261853579431772 -0.000714287918526679 0.066651277244091 -0.0444808639585972 -0.0041737942956388 0.0856270268559456 0.042049765586853 0.00891807768493891 0.0403346307575703 -0.0251474734395742 -0.00794881582260132 0.0197475682944059 -0.0333222635090351 -0.00443978002294898 -0.00124736386351287 -0.00672232639044523 0.0740242153406143 -0.0310862138867378 0.0202261433005333 0.0771466270089149 0.081483468413353 -0.0754395574331284 0.010170535184443 0.0135633125901222 0.0177046936005354 -0.0127711510285735 -0.0603079274296761 0.0487319864332676 -0.00638398434966803 -0.105287544429302 0.0634766146540642 -0.0364619717001915 -0.13862906396389 -0.0684233531355858 -0.0322091914713383 0.0738260596990585 -0.000833061814773828 0.0611150860786438 0.0584817640483379 -0.0112584596499801 0.110799558460712 0.108374394476414 0.0166192837059498
0.0537666566669941 0.0166650470346212 0.0592839494347572 -0.00480834860354662 0.0315137952566147 -0.0180247984826565 0.0188383348286152 0.0102150421589613 0.0684365704655647 0.0601508989930153 0.0335741899907589 0.0258040279150009 0.0483081042766571 0.0864307582378387 -0.0490193106234074 -0.0569852888584137 0.00521335890516639 0.0548643991351128 0.0149054797366261 -0.0330927520990372 -0.00535730505362153 0.0885632410645485 -0.0215712804347277 0.084718644618988 0.0359859392046928 -0.0469965897500515 0.0248551201075315 0.0451221354305744 -0.187700524926186 0.0960273742675781 -0.0294674951583147 0.0248748324811459 0.0139375571161509 -0.0587511584162712 0.0145247206091881 0.0695046856999397 0.0020061822142452 0.0467257313430309 -0.0338640511035919 0.0951530337333679 -0.0390281639993191 0.0132404565811157 -0.0511301718652248
