assets/gome_f/processed/ascii/world/gome_sif_world_20131201.asc
NCOLS 720 
NROWS 360 
XLLCORNER -180 
YLLCORNER -90 
CELLSIZE 0.5 
NODATA_value -3.4e+38 
[rows 247 to 265 of 360, columns 172 to 214 of 720]
0.0881459712982178 -0.100548759102821 0.0939595699310303 -0.00460215425118804 0.0525248572230339 0.167993545532227 -0.0349066816270351 0.0805459320545197 0.0307231396436691 -0.022513035684824 0.124229192733765 -0.192169979214668 -0.00988735351711512 -0.122657984495163 -0.0710120871663094 0.0688442513346672 0.214416444301605 -0.26386895775795 -0.115424737334251 0.0173392333090305 0.0945328921079636 -0.243658885359764 -0.0740530490875244 0.149941802024841 0.196554392576218 -0.111971646547318 -0.0165417604148388 0.0671579837799072 -0.100406147539616 0.0238953307271004 -0.24178509414196 -0.0714114233851433 0.0163203440606594 0.00204348075203598 -0.00388050987385213 0.0948237627744675 -0.220014601945877 0.0460768304765224 -0.0643115118145943 -0.207897290587425 0.0352064520120621 0.0324396193027496 0.0281155444681644
-0.00287636648863554 0.0231032148003578 -0.0534191876649857 -0.0599664263427258 -0.119684852659702 0.0402425937354565 0.151237741112709 -0.101671934127808 -0.0364224836230278 0.0351913906633854 -0.066975399851799 0.00549188675358891 0.0837905257940292 -0.0129875205457211 -0.0544188432395458 0.0407746322453022 0.0324745289981365 -0.138038530945778 0.0591527707874775 0.0156634580343962 0.00733458669856191 0.013072076253593 0.132388055324554 0.14367114007473 -0.05135877430439 -0.0943243056535721 -0.031010277569294 -0.228054255247116 0.0934496000409126 0.0825255140662193 0.00944378413259983 -0.0676689520478249 0.00528052821755409 -0.00212328042834997 0.0586027912795544 -0.0825036466121674 0.11632227152586 0.0950607657432556 0.0550176240503788 -0.0271703004837036 0.260009944438934 -0.00465409969910979 0.186620190739632
-0.0601568222045898 0.0647354573011398 -0.0337111093103886 0.071781262755394 0.0423021204769611 0.0239970684051514 0.142251998186111 0.0242687985301018 0.127441897988319 0.193451046943665 0.00494268117472529 -0.0295429416000843 -0.0436087287962437 0.0299592409282923 0.0179282892495394 -0.131614431738853 -0.160872131586075 0.0653125569224358 0.0490888729691505 0.0160089582204819 -0.154073089361191 -0.0753220468759537 -0.0385887585580349 0.00119327951688319 -0.0934105589985847 -0.115202464163303 -0.0692867934703827 -0.139742627739906 0.0542956963181496 0.0875419825315475 -0.0446714200079441 -0.176828056573868 0.0913920775055885 0.0464925691485405 -0.144642412662506 -0.0527043081820011 0.0453014262020588 0.116260692477226 0.210752069950104 -0.256653726100922 -0.11033995449543 -0.132859766483307 -0.111260138452053
-0.0959972143173218 -0.026657622307539 0.0620836950838566 -0.12718665599823 -0.072303295135498 -0.0467422716319561 -0.088992714881897 0.105418778955936 0.199927493929863 -0.0273438449949026 -0.0412467122077942 -0.128992110490799 -0.0450692027807236 -0.00778336264193058 -0.0948935449123383 -0.0332983396947384 -0.00106057967059314 -0.0298686251044273 0.145952492952347 0.114856138825417 0.078824944794178 0.114511623978615 0.0098405983299017 0.114566683769226 -0.0316112115979195 -0.0926594734191895 -0.086716502904892 -0.0265513993799686 -0.0305072534829378 0.0377547666430473 0.0890809744596481 0.109231747686863 -0.000716511392965913 0.0251396093517542 0.0432124771177769 -0.145727589726448 0.015378744341433 0.250818192958832 0.0611876957118511 0.0230716932564974 0.0152132445946336 -0.0441160649061203 0.165232434868813
-0.00692196888849139 -0.0328413844108582 -0.0209850873798132 -0.0107503132894635 -0.145523756742477 0.0542476400732994 0.0151592046022415 0.0186625998467207 0.0112523436546326 0.119155086576939 0.00506703415885568 -0.215742960572243 -0.107887469232082 -0.0811675563454628 0.0120634911581874 -0.133152306079865 0.059868760406971 -0.158751681447029 -0.121963113546371 0.0749767124652863 0.0499044917523861 0.0971283987164497 -0.103363931179047 -0.105820551514626 -0.0286150220781565 0.062157716602087 0.0346272252500057 0.0445526875555515 0.0583405867218971 -0.00201540114358068 -0.0132842566817999 -0.132707759737968 0.00450213113799691 0.0268293991684914 0.0257305335253477 -0.114547543227673 0.0384634807705879 0.264418452978134 0.0746380612254143 0.105095990002155 0.0709949806332588 -0.0229567289352417 0.0758047103881836
0.0825667157769203 -0.0351433344185352 0.0371992848813534 -0.160903841257095 0.11089488863945 0.0538305938243866 0.127071723341942 -0.0131883658468723 0.00259013101458549 -0.217984795570374 0.0499385446310043 -0.0349482595920563 0.151041343808174 -0.0259996224194765 -0.0130266826599836 0.0145094366744161 -0.150608107447624 0.107135206460953 -0.125021800398827 0.0530549064278603 -0.170288890600204 -0.0589769184589386 -0.125946387648582 0.128589063882828 -0.0027272233273834 0.0489975474774837 -0.0399101264774799 -0.153790652751923 -0.0651593804359436 -0.0029183947481215 -0.0341012477874756 -0.0117513947188854 -0.103942595422268 -0.0951785817742348 0.0035403196234256 -0.0811993405222893 0.1631098985672 0.0498664863407612 0.107340678572655 -0.0672337040305138 0.0782442837953568 0.147267758846283 0.252066075801849
-0.0469023920595646 0.0120746232569218 -0.0280322749167681 0.0517557375133038 0.0688365697860718 -0.031453762203455 0.054634440690279 0.0200599115341902 -0.0227602701634169 -0.00495923450216651 -0.229278147220612 0.028586195781827 0.0783438086509705 0.10438510030508 0.0641259774565697 0.003295419504866 -0.0538376159965992 -0.103593975305557 0.115195877850056 -0.0556714907288551 0.000580273568630219 0.00815009605139494 -0.0831230357289314 -0.159229323267937 -0.117282226681709 0.000615753000602126 -0.0030788965523243 0.0117380199953914 -0.121552981436253 -0.0153654674068093 -0.0358298607170582 0.0102186501026154 -0.0410841889679432 -0.0641045123338699 0.0198051873594522 -0.10261857509613 -0.017178637906909 0.154153451323509 0.0535137951374054 0.0381724014878273 0.238046869635582 0.0677018016576767 0.481295078992844
0.116679929196835 -0.0591197535395622 0.0355019830167294 -0.0122208213433623 -0.192654877901077 -0.179265722632408 0.208092913031578 0.0095792543143034 -0.0180261731147766 -0.0245963279157877 -0.105514511466026 -0.00715649034827948 0.0558978505432606 -0.0783073455095291 -0.0363548025488853 -0.037379402667284 -0.103884249925613 0.0321033447980881 0.0628513172268867 -0.0026825696695596 -0.0325422734022141 0.0242178700864315 0.172811016440392 -0.177813395857811 -0.0306437239050865 -0.135262385010719 -0.109308890998363 -0.0352330729365349 0.028054840862751 0.0099980840459466 0.034374050796032 0.0243995189666748 0.15789857506752 0.0915035754442215 -0.0256503913551569 0.0760141685605049 0.00273456540890038 0.0852205827832222 0.0884652957320213 0.121420480310917 0.126302734017372 0.372501790523529 0.676400542259216
-0.0113067328929901 -0.0360887460410595 -0.0367938615381718 -0.161071196198463 0.0126244742423296 0.122909724712372 0.0777650699019432 -0.0514310784637928 0.0353038087487221 -0.100654877722263 0.10626232624054 -0.0962605401873589 0.179594457149506 -0.0861817225813866 0.0894606932997704 0.0420879349112511 0.00925743207335472 0.0517103783786297 -0.0319313928484917 -0.0202063843607903 0.0541106574237347 -0.053326852619648 -0.105872988700867 0.0116968071088195 0.133696347475052 0.114462845027447 -0.00306879333220422 -0.00313677964732051 -0.0346302203834057 0.0326760224997997 -0.139995917677879 0.0740073546767235 0.208424940705299 0.116358943283558 0.0494665391743183 0.0477585010230541 0.185713946819305 -0.0400274768471718 0.0369603708386421 -0.00565300136804581 0.131680741906166 0.493743419647217 0.571952223777771
-0.0616388581693172 -0.0333779826760292 -0.0137328170239925 -0.0814890190958977 -0.0300418436527252 0.118999339640141 -0.0443145334720612 0.0546883158385754 -0.0977986752986908 0.136898085474968 -0.0646103471517563 -0.0489557571709156 0.00446131220087409 0.103964127600193 0.189975559711456 0.0155364340171218 -0.0261905547231436 0.0325884968042374 0.095008485019207 0.0992367416620255 -0.103005766868591 -0.0379306450486183 0.0887855440378189 0.043849054723978 0.0725596770644188 -0.0359960943460464 0.219813823699951 0.12488104403019 0.10168768465519 -0.0120266815647483 -0.0808687135577202 0.0552101992070675 -0.0571516305208206 0.0290854386985302 0.0407092496752739 -0.103043928742409 0.0633136034011841 0.175451844930649 -0.032408457249403 0.0176146347075701 0.00858966261148453 0.349522411823273 0.589888691902161
-0.100637756288052 0.0301116202026606 0.0484630838036537 0.0141230328008533 -0.100023701786995 0.103961177170277 0.215331375598907 0.0294594224542379 0.0227180402725935 -0.0717051327228546 0.115884982049465 0.0939030721783638 -0.18988448381424 -0.120173506438732 -0.0898769721388817 0.00905271153897047 -0.0774659588932991 -0.132304638624191 -0.0508278720080853 0.0310825277119875 0.0463024787604809 -0.145837053656578 0.0606056377291679 -0.0599469654262066 -0.024807358160615 0.0658380463719368 -0.0228163525462151 -0.0155203379690647 -0.0469100847840309 0.180271878838539 0.18555261194706 -0.0522375293076038 -0.0319815762341022 0.105617217719555 -0.00869152881205082 0.00644673220813274 -0.0168498605489731 -0.113976448774338 -0.0320844873785973 0.0676802545785904 0.00774524779990315 0.355427771806717 0.752412378787994
0.103520318865776 -0.0286692678928375 -0.0407510735094547 0.0889734551310539 -0.123399771749973 0.254079937934875 0.446031212806702 -0.0405941978096962 0.00575860217213631 0.3576779961586 0.0374997034668922 -0.0565593056380749 0.103549160063267 -0.0381736755371094 -0.012004166841507 0.00254509318619967 0.0636947453022003 0.0587523579597473 -0.0823934525251389 0.0614907741546631 -0.0372835956513882 0.0131647950038314 -0.0507704131305218 0.13707771897316 -0.117704510688782 0.0445204377174377 0.0236342139542103 -0.0792974978685379 -0.0523469597101212 0.128397211432457 0.0245041120797396 -0.0729367360472679 0.017619488760829 -0.0250755734741688 -0.0293147657066584 -0.0743023231625557 -0.161286219954491 -0.0118709839880466 -0.0286301970481873 0.114446960389614 0.0915404185652733 0.240104705095291 0.647394359111786
-0.0816464424133301 0.0517910048365593 -0.0791586190462112 0.0661060586571693 -0.263836860656738 -0.0105195268988609 -0.0482331663370132 -0.240113735198975 -0.0389051400125027 -999 0.163527697324753 -0.0512084737420082 -0.186179295182228 -0.0244855284690857 -0.231958657503128 -0.00367106683552265 0.0682127475738525 -0.0172727182507515 -0.071643128991127 -0.00494132936000824 0.00490943575277925 0.0967267602682114 0.0341804772615433 0.110650770366192 -0.0194323118776083 0.185308620333672 0.0666945725679398 0.0753250792622566 0.0856441110372543 0.106942936778069 0.121299043297768 0.00362712098285556 -0.000173273685504682 -0.107711032032967 0.0745006799697876 0.00659226253628731 0.0844142809510231 -0.0160144474357367 -0.00102240941487253 0.0437435582280159 -0.0870203748345375 0.344196677207947 0.750391125679016
-0.00318461656570435 -0.0579778514802456 0.0724128782749176 0.0784555450081825 0.0531946457922459 0.0764057263731956 -0.0443489924073219 -0.1495491117239 -0.0908592715859413 -999 0.68669593334198 0.115776851773262 0.232444643974304 0.0318861603736877 -0.174104481935501 -0.154302924871445 0.000416690105339512 -0.0908457413315773 -0.138551875948906 0.227982044219971 0.105816759169102 0.202319338917732 -0.0841985940933228 0.0541861169040203 -0.186088383197784 -0.130722850561142 -0.134663075208664 0.20065076649189 0.0593692883849144 -0.0739582404494286 -0.106492705643177 -0.12704598903656 -0.0640298649668694 -0.000177313384483568 0.036279022693634 0.0139501830562949 0.0891255065798759 -0.17719404399395 0.0918930098414421 0.0439116805791855 0.167482376098633 0.629104912281036 0.7932088971138
0.0804941207170486 -0.0222091041505337 -0.0964630916714668 0.079963356256485 -0.0395753383636475 -0.0692903622984886 -0.0440127365291119 -0.145591452717781 -0.138635605573654 0.0494461432099342 -0.211925312876701 0.0731129422783852 0.0628475174307823 0.237874358892441 0.0254235155880451 -0.15930862724781 0.0985088422894478 -0.0653049722313881 0.0184558853507042 -0.18490082025528 0.0648361891508102 -0.21380378305912 0.137207314372063 -0.0723588168621063 -0.0548326261341572 -0.103135138750076 0.232821196317673 -0.126555755734444 0.366799682378769 0.0891047194600105 -0.118620291352272 0.0624309666454792 0.0174182672053576 0.0818206369876862 0.00609912583604455 -0.0422551222145557 -0.0270789489150047 -0.00454741949215531 -0.0631569102406502 0.100769497454166 0.278260499238968 0.792492151260376 0.723424196243286
0.0275597088038921 -0.0945717468857765 0.0763164907693863 0.164479717612267 -0.0234594084322453 0.303355157375336 0.134048461914062 -0.171966463327408 -0.0376586988568306 0.00651461631059647 -0.154345288872719 0.00184299948159605 -0.0332987420260906 0.113493278622627 -0.0325519256293774 -0.17589370906353 0.0322129428386688 -0.082050047814846 0.147592753171921 0.111894652247429 -0.0639019459486008 0.0830022767186165 -0.271353632211685 0.0545599572360516 -0.124747350811958 0.0291229747235775 -0.0196756329387426 0.081027626991272 -0.122874416410923 0.351756185293198 -0.126433253288269 -0.0398775562644005 0.0453402251005173 -0.0842242762446404 0.0333339124917984 0.0992384627461433 -0.193441897630692 0.00477574486285448 -0.0437078177928925 0.0889977887272835 0.113411366939545 0.975485801696777 0.496683448553085
-0.0358045399188995 -0.091136172413826 -0.223230957984924 -0.0223415773361921 -0.0138827385380864 -0.0248456299304962 0.00659369956701994 -0.190701767802238 0.124999038875103 0.093336820602417 -0.149122089147568 -0.0947261452674866 0.107493601739407 0.0968164503574371 -0.0124870454892516 -0.244038790464401 0.0506884306669235 0.0745400786399841 -0.0407110080122948 -0.049910981208086 0.286810636520386 -0.236014544963837 -0.227457717061043 0.165650308132172 -0.0731171369552612 0.13020795583725 0.338894963264465 -0.0422541461884975 -0.160097971558571 -0.0481163449585438 0.135873571038246 0.202870801091194 0.0782062783837318 0.0025180852971971 -0.0232025813311338 -0.0557786896824837 0.241532370448112 0.0114950817078352 0.101144269108772 0.0988481417298317 0.226313948631287 0.399220645427704 0.335814267396927
-0.0787427350878716 -0.0421470440924168 -0.147386536002159 -0.0655971094965935 -0.235732018947601 -0.0549190044403076 -0.125779792666435 0.0313739664852619 -0.0198466554284096 0.00301451236009598 -0.11275278031826 -0.216228678822517 0.0738380327820778 0.172017008066177 -0.0226219017058611 -0.0897635370492935 -0.0958221554756165 -0.0805023610591888 -0.0766091495752335 0.0459730625152588 0.123545952141285 -0.221370846033096 0.00538795907050371 -0.0691438838839531 -0.318636268377304 -0.0184043347835541 0.0393516719341278 -0.210991084575653 0.143141582608223 -0.0155080100521445 0.376836538314819 0.0667306631803513 -0.00249794614501297 -0.00118706258945167 0.0500707514584064 -0.128845945000648 -0.0440174154937267 0.0112633500248194 0.00209334236569703 0.175206586718559 0.350465565919876 0.181397169828415 0.0524513125419617
0.0325986072421074 -0.213801488280296 -0.103647582232952 0.0510621257126331 0.0676653832197189 -0.0680693686008453 -0.0602440647780895 0.104497455060482 -0.0434955358505249 0.0887521952390671 0.24754986166954 -0.134988471865654 0.00451571540907025 0.06495551019907 0.0200284831225872 0.0988374873995781 -0.161564514040947 -0.141847908496857 0.0504132881760597 0.052759014070034 -0.0751364082098007 0.0232491791248322 0.0856699123978615 0.0289034284651279 -0.163173869252205 -0.407078921794891 -0.262647837400436 0.00558237219229341 -0.317354947328568 -0.066765159368515 0.0593409836292267 -0.109944961965084 -0.0190618615597486 0.00719269551336765 -0.000765795528423041 0.0734836086630821 -0.0458747930824757 0.195607349276543 -0.0748560875654221 -0.0447162613272667 0.350517928600311 0.085299089550972 0.145517453551292
