assets/gome_f/processed/ascii/world/gome_sif_world_20121101.asc
NCOLS 720 
NROWS 360 
XLLCORNER -180 
YLLCORNER -90 
CELLSIZE 0.5 
NODATA_value -3.4e+38 
[rows 323 to 341 of 360, columns 430 to 472 of 720]
-0.123272255063057 -0.179943010210991 0.313030809164047 -0.127876847982407 0.0365143902599812 -0.0108905779197812 0.164376094937325 -0.11649613827467 0.148577511310577 -0.0278744008392096 -0.0677953660488129 -0.0596985258162022 -0.210852801799774 -0.0805095583200455 0.118934862315655 -0.28790870308876 -0.277196794748306 -0.245462998747826 -0.151811823248863 -0.118241548538208 -0.0958468019962311 -0.314795106649399 -0.0700043886899948 -0.0195707231760025 -0.278961628675461 0.139561951160431 -0.0881281718611717 0.0170919094234705 -0.136111870408058 -0.0586399175226688 -0.110317505896091 -0.0324355103075504 -0.0326799973845482 -0.0900666937232018 -0.201036900281906 -0.00319854565896094 -0.048227820545435 -0.0760372877120972 -0.00804052222520113 -0.157516345381737 0.0575919784605503 0.0533444285392761 -0.278374165296555
-0.152031928300858 -0.185802444815636 -0.133269608020782 -0.416053235530853 0.288942873477936 -0.396370351314545 -0.0691327601671219 -0.266608506441116 0.022381704300642 -0.000407191750127822 -0.00461862981319427 -0.0448098070919514 0.107398293912411 0.188707649707794 -0.0551026128232479 -0.0672749429941177 0.0620235688984394 -0.231042489409447 0.153735518455505 0.00146126863546669 -0.0135694984346628 0.204785272479057 0.0976237803697586 -0.332680255174637 -0.243370965123177 0.0013215645449236 -0.244254425168037 -0.09888606518507 -0.162449017167091 -0.0403433069586754 -0.313761949539185 0.0790654420852661 -0.178726300597191 -0.112770400941372 -0.0534378662705421 -0.0947849601507187 0.058216355741024 -0.27393513917923 0.0256836637854576 -0.113178588449955 -0.0697912573814392 0.180513754487038 -0.364873290061951
0.139203786849976 -0.190488532185555 0.0265961699187756 -0.252785325050354 -0.108100168406963 -0.371594220399857 -0.208674728870392 0.0332879386842251 -0.00439742906019092 -0.0269014704972506 -0.0446634627878666 0.199263498187065 -0.241947293281555 0.0378082580864429 -0.147324725985527 -0.113535478711128 0.232199981808662 0.097968153655529 -0.11122553050518 -0.119377993047237 -0.15642061829567 -0.15914985537529 -0.056070864200592 -0.280090749263763 -0.230988562107086 0.0306362807750702 -0.0579757280647755 0.00827072281390429 -0.206092268228531 -0.0587805509567261 0.0101531017571688 -0.0337515249848366 -0.000898801605217159 -0.0883022397756577 -0.105271227657795 -0.2057124376297 -0.222535669803619 -0.149394556879997 -0.239374950528145 0.0232472531497478 -0.200644567608833 -0.0155159682035446 -0.181533485651016
-0.36073911190033 -0.0359800010919571 -0.291826337575912 -0.0760691687464714 -0.0557118207216263 -0.166078940033913 -0.15045154094696 -0.23308590054512 -0.253106862306595 -0.180963933467865 0.00612172344699502 -0.192073941230774 -0.101166225969791 -0.192958533763885 -0.116467021405697 -0.166714683175087 -0.0646868199110031 -0.069330982863903 -0.144832909107208 -0.176124051213264 0.112165078520775 0.093695655465126 -0.225961655378342 -0.0685046091675758 -0.0554561950266361 -0.105977512896061 -0.0838557258248329 0.0556321032345295 -0.200861692428589 0.228346392512321 -0.154443338513374 -0.0611284337937832 -0.185618862509727 -0.104114390909672 0.00116197136230767 -0.170581012964249 0.147871896624565 -0.160698682069778 -0.182208940386772 -0.24380823969841 -0.0891973748803139 0.0783419907093048 -0.0242336094379425
-0.399483501911163 -0.0129399169236422 -0.036016471683979 -0.0616504810750484 -0.316204905509949 -0.148577407002449 -0.0410199649631977 -0.143232613801956 -0.109160855412483 -0.10046698898077 -0.116286046802998 -0.142939284443855 -0.0600403919816017 -0.265617340803146 -0.175408005714417 -0.175939217209816 0.0981248244643211 -0.164768949151039 -0.38202753663063 -0.239840820431709 -0.251994699239731 -0.177864626049995 -0.0416098460555077 -0.0222673751413822 -0.206783264875412 -0.275985151529312 -0.137003734707832 -0.0538493543863297 0.123030424118042 -0.030062397941947 -0.323291510343552 0.11512216925621 -0.0365586429834366 -0.116579122841358 0.0634618476033211 -0.0646981298923492 -0.116109929978848 -0.127565950155258 -0.213128164410591 -0.440020889043808 -0.0440202988684177 -0.0886820778250694 -0.0586397908627987
-0.251993358135223 0.0650179758667946 0.0208387300372124 -0.0956012010574341 -0.172602996230125 -0.153759822249413 -0.0640226230025291 -0.265269190073013 -0.199635729193687 -0.0924925431609154 -0.399802058935165 -0.0202166456729174 0.221886917948723 -0.211370587348938 -0.33242478966713 -0.277976542711258 0.0428597964346409 0.265972912311554 -0.270514607429504 -0.131712943315506 -0.0721816867589951 0.158566072583199 0.14468015730381 -0.0887164548039436 0.119877189397812 -0.351974666118622 -0.0886962115764618 -0.196995839476585 -0.0314949862658978 -0.222762703895569 -0.236391589045525 -0.0398345254361629 -0.00290569895878434 -0.344455003738403 -0.128026649355888 -0.181095466017723 -0.418151557445526 -0.133943498134613 -0.132842123508453 -0.109789296984673 -0.213961884379387 -0.128881841897964 -0.0183201786130667
-0.108596615493298 -0.153695866465569 -0.309972882270813 -0.307514131069183 -0.207740232348442 -0.076264925301075 -0.0479203313589096 -0.275900661945343 -0.0569124296307564 -0.166192308068275 -0.0837976634502411 -0.0669970437884331 -0.00607851287350059 -0.0275518968701363 0.0773970559239388 -0.200323790311813 -0.229464545845985 -0.113400563597679 -0.286472052335739 0.0165621303021908 -0.0767898932099342 0.00661838054656982 -0.452580243349075 -0.26175120472908 -0.0735543817281723 -0.0351713076233864 -0.233454301953316 -0.0671512857079506 -0.408341199159622 -0.0173838902264833 -0.295994907617569 -0.51235431432724 -0.0878692716360092 -0.333895415067673 -0.416678726673126 -0.342013299465179 -0.185438752174377 -0.487021028995514 -0.00356430234387517 -0.0227885879576206 -0.141467124223709 -0.104057677090168 0.187803328037262
-0.199007585644722 -0.106102146208286 -0.127848878502846 -0.224872007966042 0.0149900447577238 -0.0110177146270871 0.156163781881332 -0.115630209445953 -0.227280512452126 -0.0978347137570381 -0.0251495242118835 -0.118248835206032 -0.174374684691429 -0.306339204311371 -0.19590625166893 -0.28791144490242 0.0113135250285268 -0.101664870977402 -0.218298077583313 -0.286256939172745 -0.340708345174789 -0.188662990927696 -0.0532390736043453 -0.264958441257477 -0.105041079223156 -0.0744018852710724 -0.034541018307209 -0.211490973830223 -0.302880585193634 -0.0470995679497719 -0.466746151447296 0.124518550932407 -0.376867324113846 -0.0780146792531013 0.31663990020752 0.312957853078842 -0.295277118682861 -0.131187617778778 -0.0670793801546097 -0.325614273548126 -0.433599472045898 -0.0288211703300476 -0.145533218979836
-0.403089225292206 0.0285283233970404 -0.183195278048515 -0.032087367027998 0.231356874108315 -0.127945572137833 -0.198678508400917 -0.310789287090302 0.0767455771565437 -0.519077479839325 0.0127143207937479 -0.350219488143921 0.362901568412781 -0.421648561954498 0.0108918249607086 -0.181415289640427 -0.351250648498535 0.102382883429527 0.129957795143127 -0.294912487268448 0.110176384449005 -0.363744556903839 0.0350527688860893 0.0928904116153717 -0.444556444883347 -0.618569731712341 0.147487640380859 -0.334240198135376 0.0773345902562141 -0.100243113934994 0.148036390542984 -0.353349238634109 -0.342745512723923 0.00749587081372738 -0.499862730503082 -0.0563616827130318 -0.0328049883246422 -0.299025267362595 -0.0188420433551073 -0.340350300073624 -0.279467761516571 0.0294823683798313 -0.116198174655437
-0.280079752206802 0.0560284629464149 -0.142766088247299 -0.106677941977978 0.00472820410504937 -0.17258782684803 -0.0207250509411097 0.0234915539622307 -0.103070057928562 -0.0927008911967278 -0.374203562736511 -0.0655121877789497 -0.126153290271759 -0.449096471071243 -0.285697132349014 -0.140842229127884 0.0306786336004734 -0.357625722885132 -0.116216458380222 -0.206283256411552 -0.152903527021408 -0.385610312223434 -0.0924132317304611 0.0809488296508789 -0.129389971494675 0.117812618613243 -0.0716480538249016 0.22286194562912 -0.296929866075516 0.0986153036355972 -0.326687335968018 -0.399308234453201 -0.057831846177578 -0.0838041827082634 -0.395618259906769 -0.172687456011772 -0.0540933571755886 0.0257759336382151 -0.164454981684685 -0.126220226287842 -0.181104376912117 -0.331422656774521 -0.0948920845985413
0.0918827056884766 0.217592135071754 -0.319211661815643 -0.135347813367844 -0.341822683811188 -0.10790579020977 -0.0750645995140076 -0.227458328008652 -0.109071984887123 0.0942505300045013 -0.260716021060944 -0.0492256097495556 0.316930085420609 -0.230548724532127 -0.330728977918625 -0.133112549781799 -0.102579832077026 -0.105469755828381 -0.511797785758972 -0.284585684537888 -0.0301695540547371 0.168233677744865 0.192148581147194 -0.125658288598061 -0.128120258450508 -0.0596954040229321 -0.0831401199102402 0.0827636495232582 0.00687193684279919 -0.37628048658371 -0.584948360919952 -0.0818606019020081 -0.384151726961136 0.0290216933935881 -0.270205199718475 -0.164631128311157 0.0406193695962429 -0.0579705685377121 0.000746977457311004 -0.225457355380058 0.134373620152473 -0.142206564545631 -0.0955196470022202
0.0168236903846264 -0.0640581101179123 -0.242127224802971 0.0248548947274685 -0.0612172111868858 0.286709040403366 0.0924349725246429 0.102382056415081 0.133859023451805 -0.215282917022705 -0.391487658023834 -0.187331721186638 -0.1457749158144 -0.199316263198853 0.120609760284424 -0.38255587220192 -0.0165968276560307 0.0289547014981508 -0.218322485685349 -0.0633096173405647 -0.0889836475253105 -0.334840327501297 -0.269560486078262 0.0944352895021439 -0.141293913125992 0.295786768198013 -0.116211287677288 -0.0535303354263306 -0.00573853263631463 -0.148930341005325 0.0872277989983559 0.0852276012301445 -0.0474025681614876 -0.267138600349426 0.0286979619413614 -0.0879180580377579 -0.125908881425858 -0.153736934065819 0.0353925116360188 -0.0461693853139877 -0.114975146949291 0.150921583175659 0.0175755638629198
0.29163122177124 0.309259593486786 -0.330111384391785 -0.278442293405533 -0.185020416975021 0.342271000146866 -0.352640211582184 -0.376241683959961 -0.293406754732132 -0.0152007257565856 0.154813930392265 -0.093040831387043 -0.282890319824219 -0.000150643289089203 -0.559605658054352 -0.121149316430092 -0.315338224172592 -0.0569230802357197 0.0678821802139282 -0.216064736247063 -0.286341965198517 -0.0456833839416504 -0.0233221240341663 0.0925713181495667 -0.075138121843338 0.114220842719078 -0.371368527412415 -0.00630905432626605 -0.0667858645319939 -0.129353374242783 0.134842067956924 -0.0604598149657249 -0.409609109163284 -0.164071172475815 -0.148416742682457 -0.546525299549103 -0.0497313216328621 -0.149844914674759 -0.147110030055046 -0.194294661283493 -0.0733565092086792 -0.36437776684761 -0.428650051355362
0.00542640034109354 -0.0411744154989719 -0.137906461954117 -0.313984334468842 -0.095835916697979 0.180338561534882 -0.183641612529755 0.0887635350227356 0.0786476135253906 0.0622959993779659 -0.141080513596535 0.0884721130132675 -0.254691064357758 -0.232149720191956 -0.194737777113914 0.12184301763773 0.130971610546112 -0.10072822868824 -0.409514725208282 -0.273269295692444 -0.0399090573191643 -0.240926742553711 -0.249994114041328 -0.198915094137192 -0.246779918670654 0.0973672419786453 -0.168972119688988 0.189517289400101 -0.56351500749588 0.351759821176529 -0.240954682230949 0.144747868180275 -0.464963763952255 -0.0240550637245178 -0.398929953575134 -0.453276008367538 -0.135577440261841 -0.192220240831375 -0.256885677576065 -0.00258491048589349 -0.573099493980408 0.280624449253082 -0.010315790772438
0.261664390563965 -0.331658780574799 -0.0241578184068203 -0.396882295608521 -0.223470717668533 -0.169947028160095 -0.118890725076199 -0.111200653016567 0.124540500342846 -0.304654091596603 -0.0753800645470619 -0.0964819639921188 0.0633269920945168 -0.326945692300797 -0.162147134542465 -0.134949281811714 -0.103222593665123 -0.150598034262657 -0.497774600982666 0.00355291366577148 -0.0899130627512932 0.0376042537391186 -0.0514964833855629 -0.25050950050354 -0.0278441235423088 -0.180644124746323 -0.109651565551758 -0.107028022408485 -0.0694605335593224 -0.274949282407761 0.211803451180458 -0.037163257598877 0.0901913791894913 -0.0784511417150497 -0.0444608479738235 -0.211178287863731 -0.276320993900299 -0.0562079921364784 0.0241233874112368 -0.169099122285843 -0.0999723300337791 -0.256797224283218 -0.25111386179924
-0.251853168010712 0.192083612084389 -0.248995378613472 -0.161987021565437 -0.345626473426819 -0.251908600330353 0.208486318588257 -0.10727770626545 -0.217575132846832 -0.286139011383057 -0.0974160730838776 -0.0961401239037514 0.252747535705566 -0.357104986906052 -0.00807886198163033 -0.115928120911121 -0.176133006811142 -0.262792199850082 -0.598469376564026 -0.139937788248062 -0.377896219491959 -0.281829506158829 0.196003645658493 -0.386399418115616 -0.0118369637057185 -0.154619336128235 -0.209063857793808 -0.374703735113144 -0.133332908153534 -0.191079571843147 0.215699955821037 -0.413422048091888 0.014056327752769 -0.154454484581947 -0.626262009143829 -0.155948206782341 -0.197902873158455 -0.287742793560028 0.234646752476692 0.267741054296494 -0.379735380411148 -0.185196354985237 -0.00882298499345779
0.153102532029152 0.0676326155662537 -0.332959085702896 -0.174816325306892 0.014079749584198 -0.132259234786034 -0.395886451005936 -0.645931780338287 0.220913290977478 0.116096079349518 0.400800794363022 -0.202214598655701 0.0508598685264587 0.0805249512195587 0.0606040954589844 0.0744558423757553 -0.13491390645504 -0.36348232626915 -0.0916822925209999 -0.280891507863998 -0.238996401429176 -0.0796404927968979 -0.21514804661274 -0.140673711895943 -0.0198050811886787 -0.265372335910797 -0.281022131443024 0.146234646439552 -0.0475520640611649 -0.521006166934967 -0.158101826906204 -0.293998032808304 -0.530734300613403 -0.535330414772034 -0.357720285654068 -0.100447930395603 0.100860968232155 -0.115453518927097 -0.0623944029211998 -0.123921878635883 -0.313169956207275 -0.109946310520172 0.158895209431648
-0.390151888132095 -0.594048023223877 0.213476538658142 -0.407751172780991 -0.00834683328866959 0.0920712724328041 0.681605875492096 0.124696850776672 -0.162981390953064 -0.100927077233791 -0.2244653403759 -0.231608793139458 0.0997979119420052 -0.431891649961472 -0.50929868221283 -0.223205119371414 -0.147298961877823 -0.309368073940277 -0.635734379291534 -0.205673038959503 -0.0246596187353134 -0.449927479028702 -0.145684957504272 0.149552032351494 -0.363070368766785 -0.231713950634003 -0.205272421240807 -0.417373687028885 0.109745934605598 -0.39241635799408 -0.721327841281891 -0.137583181262016 0.282327711582184 0.297746002674103 -0.451771676540375 0.0279972590506077 -0.602555871009827 -0.5799520611763 -0.330509871244431 -0.172140747308731 -0.0980991274118423 -0.360910534858704 -0.240671738982201
-999 0.0884313657879829 -0.307348251342773 -0.136571153998375 0.343324452638626 0.361003756523132 -0.0596386678516865 -0.242136493325233 -999 -0.70751965045929 -999 0.202555924654007 0.267098605632782 -0.381385773420334 0.197264328598976 -0.0336903743445873 -0.344909638166428 0.119098700582981 -0.0945663005113602 0.429875254631042 0.167439088225365 0.229720324277878 0.229191914200783 -0.116466224193573 -0.242846488952637 0.0213066507130861 -0.644454896450043 -0.120764531195164 -0.268965542316437 -0.390447229146957 -0.160103783011436 -0.285048633813858 -0.000942372716963291 -0.193295925855637 -0.292074859142303 -0.421889364719391 0.188196107745171 -0.19953528046608 -0.347798943519592 -0.398211717605591 -0.16389973461628 -0.000550854194443673 -0.244765281677246
