assets/gome_f/processed/ascii/world/gome_sif_world_20111001.asc
NCOLS 720 
NROWS 360 
XLLCORNER -180 
YLLCORNER -90 
CELLSIZE 0.5 
NODATA_value -3.4e+38 
[rows 171 to 189 of 360, columns 258 to 300 of 720]
0.00385747267864645 -0.0648248419165611 -0.0529026575386524 0.0168898589909077 0.00955057144165039 -0.0542516373097897 0.00776257505640388 -0.00470401626080275 0.0459259748458862 0.0709079280495644 0.0479498393833637 -0.108188971877098 -0.0681132674217224 0.0218724645674229 -0.0472699888050556 -0.0512892976403236 -0.0517957098782063 0.0136991962790489 -0.0526873432099819 -0.0176346693187952 0.0166917350143194 0.0373788513243198 0.0768919661641121 -0.118739128112793 -0.0272743850946426 0.0322967134416103 0.00516445282846689 0.0927732288837433 0.0559183359146118 -0.0631885528564453 0.0244494043290615 -0.0747023671865463 -0.0530052110552788 0.0534315444529057 0.0427404008805752 -0.0544365793466568 -0.0376988239586353 0.067988283932209 0.0121138393878937 0.0102791218087077 -0.00776304909959435 0.0234331656247377 0.0813256129622459
0.130085065960884 -0.00949876103550196 -0.00197314750403166 -0.0212023481726646 -0.110980220139027 -0.109979569911957 -0.0029231533408165 -0.0116231292486191 -0.088003046810627 0.0376101471483707 0.00151023583021015 0.063829593360424 -0.0272004622966051 -0.0135897025465965 0.0637147277593613 0.000561056833248585 0.0228775851428509 -0.02021474391222 0.000816437008325011 -0.00548009108752012 -0.0153931081295013 0.0077615836635232 -0.0136413238942623 -0.0199009664356709 0.00499948300421238 0.00334376096725464 -0.0661359578371048 0.07280582934618 0.0222517848014832 -0.0326594412326813 -0.0179326441138983 -0.0495423078536987 -0.0821862742304802 0.0866752788424492 -0.0241892095655203 0.0206981431692839 0.0753181874752045 0.0206659771502018 0.0100580248981714 0.0561416298151016 -0.0374534465372562 0.0147718461230397 -0.00675666239112616
0.112082585692406 -0.0991612747311592 0.084342822432518 -0.0353898294270039 -0.00594547251239419 -0.0221348777413368 -0.0709343180060387 -0.0484592914581299 -0.0722181424498558 -0.0269784443080425 0.0548812970519066 -0.0191036704927683 0.0240674540400505 0.011863355524838 0.0166790038347244 0.00884367618709803 -0.00914846360683441 -0.0494033023715019 0.0576408393681049 0.129844263195992 0.0167784187942743 0.00611987337470055 -0.0284200385212898 0.0572877004742622 0.13100066781044 -0.040302436798811 0.0297911651432514 -0.00113457872066647 -0.0964213833212852 0.0791203826665878 -0.0380889587104321 0.045867208391428 0.0185830984264612 -0.0317509733140469 -0.0185645148158073 -0.0739396288990974 -0.0797984004020691 0.0238625891506672 -0.0163202583789825 0.0594456940889359 -0.0727836266160011 -0.0287490617483854 0.0283102914690971
0.183509588241577 0.0472242943942547 -0.042192354798317 0.0194635391235352 -0.0817929580807686 -0.0886062458157539 0.000377656455384567 0.0504504889249802 0.154455810785294 0.0138122588396072 0.0188121236860752 -0.00393325835466385 0.0252090040594339 0.0498966909945011 -0.00510303396731615 0.0367886275053024 -0.0171814449131489 -0.0766493007540703 0.0484765879809856 0.0312136467546225 0.106200113892555 0.0178050585091114 -0.0160834118723869 -0.0429853498935699 -0.0921841785311699 0.0764854252338409 0.00506035983562469 0.0445269718766212 0.0349760390818119 -0.0297015532851219 0.0677112266421318 -0.0520232170820236 -0.0509791933000088 -0.0638399943709373 -0.049275491386652 -0.0312357377260923 0.103067204356194 -0.0354739427566528 0.0507178865373135 0.0559563003480434 -0.0988598838448524 0.0769022107124329 -0.025046719238162
0.184271961450577 -0.0465306453406811 -0.0810279175639153 0.00161832920275629 -0.0875320881605148 0.0284588392823935 -0.0453875958919525 0.120920158922672 -0.0027049898635596 -0.02292818762362 -0.0201289504766464 -0.0318882018327713 0.0506772510707378 -0.025771040469408 -0.0787726044654846 -0.0524492934346199 -0.000395026814658195 0.0465753339231014 -0.104490108788013 -0.00655804993584752 -0.0742815509438515 -0.00710484758019447 0.0224707592278719 0.0653268396854401 0.00103833642788231 0.0275362338870764 -0.0314194969832897 0.0639304369688034 -0.0574799776077271 -0.110774926841259 -0.108020842075348 0.00992142595350742 0.0774985626339912 0.031312882900238 0.0244939867407084 -0.0346264056861401 -0.0746172368526459 0.0273355767130852 -0.0266027748584747 -0.0309841632843018 0.00712635088711977 -0.0806830376386642 -0.0724427253007889
0.328642427921295 0.242500394582748 -0.0576809719204903 -0.0620507560670376 -0.0123273907229304 -0.0232002530246973 0.0754919126629829 0.0163466725498438 -0.0251779668033123 0.00715846614912152 -0.0527565404772758 0.0811450034379959 0.00960011221468449 -0.0799796879291534 0.0711098313331604 -0.149636939167976 0.0633863285183907 0.0151964398100972 -0.0686964839696884 0.0840453580021858 -0.0110485209152102 -0.0589157901704311 -0.0172607377171516 -0.0230060890316963 -0.00774325150996447 -0.00252409325912595 -0.0318633019924164 -0.0480657853186131 -0.0402716398239136 -0.0414256155490875 -0.00610370142385364 -0.0102226929739118 -0.164631322026253 -0.00263987225480378 0.0116966105997562 -0.0218991711735725 0.0450121611356735 0.00472570676356554 0.0102400360628963 -0.0466156005859375 0.00761866569519043 -0.0279912296682596 -0.00585603388026357
0.464769065380096 0.416993498802185 0.048871248960495 0.0477766841650009 -0.00740686943754554 -0.0366300642490387 0.0665795803070068 -0.0511490404605865 0.0265373140573502 0.0289274714887142 -0.00930597260594368 -0.0369801558554173 -0.0183219350874424 0.041828989982605 0.0317900814116001 -0.0502211563289165 -0.0425355657935143 0.0393377244472504 0.0415601432323456 0.0744875818490982 -0.00443495810031891 -0.0555242635309696 -0.0663042217493057 0.0505145415663719 -0.0978611558675766 -0.00475566508248448 -0.0721437111496925 0.1286651045084 -0.0461508594453335 0.00613314844667912 0.00863798800855875 -0.070073239505291 0.0276746563613415 0.0131705803796649 -0.0547273419797421 -0.0518889576196671 -0.117373444139957 0.0764596909284592 -0.00463524460792542 0.0616594441235065 0.0725574493408203 0.0830968171358109 0.00823605991899967
0.263481855392456 0.343457877635956 0.0230788663029671 -0.0968731790781021 -0.075766958296299 0.0908485725522041 0.0252386704087257 0.0636762753129005 -0.0662569254636765 -0.0999232232570648 -0.0530613102018833 -0.0787744969129562 -0.0468386150896549 -0.0819977596402168 -0.0174721963703632 -0.050186850130558 -0.075642354786396 0.0140717541798949 -0.0522510409355164 -0.0812871679663658 0.0475935935974121 -0.129880651831627 -0.0296196658164263 -0.024045180529356 -0.0133617892861366 -0.0247127842158079 0.0629578456282616 0.060480710119009 -0.0723323747515678 0.0178060494363308 -0.125166162848473 -0.0721822306513786 0.0234448965638876 0.0792869925498962 0.139362528920174 -0.0837688073515892 -0.033897764980793 -0.0569206066429615 -0.0863944664597511 0.011933502741158 -0.0539831891655922 0.0745907574892044 0.0327128469944
0.301435381174088 0.300777524709702 0.134366855025291 -0.0418221391737461 0.0914684608578682 0.0393170602619648 0.0885000601410866 0.0240027364343405 0.0625465214252472 0.0148627115413547 -0.0444934293627739 0.0576266795396805 -0.0473534502089024 0.0125116994604468 0.0139174433425069 -0.0607563890516758 -0.0916769057512283 0.140435695648193 0.149671956896782 -0.0426301509141922 -0.00756646366789937 -0.0230161063373089 -0.107053942978382 -0.0047638788819313 0.0025151229929179 0.0214149318635464 -0.124212265014648 0.0117952702566981 0.0448233895003796 0.0411287732422352 -0.06138901039958 0.0315470471978188 -0.0799483805894852 0.0188107118010521 -0.029844930395484 0.0549290850758553 -0.0597389452159405 0.0685308277606964 -0.0498493351042271 0.0441454835236073 -0.0278234332799911 0.00126913469284773 -0.0271760150790215
0.464716911315918 0.488814800977707 0.25167527794838 0.178115636110306 0.154379636049271 -0.000479444861412048 -0.0215483065694571 0.0355474837124348 0.0467974282801151 0.0175968948751688 -0.0793874114751816 -0.0244858171790838 -0.00217425357550383 -0.0541378557682037 0.00719982152804732 0.0336764231324196 -0.0482794232666492 -0.0453478880226612 -0.0393073074519634 -0.0520887784659863 -0.000893105694558471 -0.0864648297429085 -0.00672018900513649 0.00793027505278587 0.0146295549347997 -0.0316651128232479 -0.0711915045976639 -0.0856109336018562 -0.0311764385551214 -0.0493917614221573 -0.0315474048256874 0.00976597238332033 -0.0529034286737442 -0.0245137978345156 0.0178548991680145 0.0104263471439481 -0.0188303515315056 -0.0680159255862236 0.0375886298716068 0.0800058394670486 -0.0699645504355431 0.00916924513876438 0.106728136539459
0.54905104637146 0.461758345365524 0.355144917964935 0.277348458766937 0.284200251102448 0.0785892233252525 0.322734236717224 0.287154734134674 0.0795611664652824 0.070417694747448 -0.0393128767609596 0.17896443605423 -0.000214059080462903 0.0121688405051827 0.00801739189773798 -0.0317052900791168 0.152335524559021 -0.0598309077322483 0.0409897528588772 -0.0724623203277588 -0.0408609174191952 0.0885011851787567 -0.00208998564630747 -0.0550454705953598 0.00720332283526659 0.054293230175972 -0.0193455833941698 0.015587018802762 -0.0114572402089834 -0.0396455898880959 -0.0299782697111368 -0.103661373257637 -0.0203549973666668 -0.00643651559948921 -0.0452197901904583 0.0697984546422958 0.0459269359707832 0.139183655381203 0.0923621654510498 -0.0490841791033745 0.0986206009984016 0.115117430686951 -0.147094443440437
0.461842745542526 0.339855849742889 0.404896169900894 0.383591413497925 0.266667783260345 0.15628682076931 0.405807763338089 0.322197377681732 0.391572833061218 0.362594217061996 0.215191811323166 0.0779960229992867 0.0462109856307507 0.0509079322218895 0.0726215094327927 0.0461757108569145 0.0291994493454695 -0.00331882247701287 0.00714036356657743 -0.0165717899799347 -0.00927893910557032 0.0362880900502205 -0.00810574926435947 0.0581489838659763 -0.028503367677331 0.00969065725803375 -0.0595415085554123 -0.00835096929222345 -0.00936029758304358 0.00328521546907723 0.0556041672825813 0.0243613291531801 -0.0655679628252983 -0.0334947183728218 0.00638081971555948 -0.0236105378717184 -0.000199529982637614 -0.0464475378394127 -0.0183565896004438 -0.00705206952989101 -0.0649858042597771 0.00956246722489595 0.0248357485979795
0.657077670097351 0.270677000284195 0.32898685336113 0.245584458112717 0.414150178432465 0.481254637241364 0.23486290872097 0.311038076877594 0.458875328302383 0.107312351465225 0.332613945007324 0.139505937695503 0.213803768157959 0.154507517814636 -0.00416095787659287 -0.0211360994726419 -0.0923075303435326 0.00727744167670608 0.0198714099824429 0.0227027293294668 0.0377607904374599 -0.0398111678659916 0.082116886973381 0.112417250871658 0.0323442555963993 0.049566213041544 -0.00859217997640371 -0.131832242012024 -0.0273466520011425 -0.00422487454488873 0.0309720449149609 -0.0160608030855656 -0.00352864898741245 -0.0135447755455971 0.00144253217149526 0.00724424887448549 0.00184069073293358 -0.0988072603940964 -0.0167260207235813 -0.127848237752914 0.048750352114439 0.0339186489582062 0.0850713923573494
0.433215647935867 0.43082258105278 0.461563497781754 0.321723818778992 0.47478711605072 0.476200491189957 0.363417685031891 0.167769193649292 0.330437004566193 0.393397688865662 0.359710782766342 0.438237309455872 0.251108229160309 0.312775135040283 0.0941939353942871 0.0802246034145355 -0.0690976828336716 0.0497389063239098 0.0159952715039253 -0.138596534729004 -0.0381118915975094 -0.136150479316711 0.0350294783711433 0.197814807295799 -0.0284852422773838 -0.00512282829731703 0.127039775252342 -0.0760494545102119 0.0577839352190495 -0.0349249094724655 0.0436953492462635 -0.0135601600632071 0.00750396773219109 -0.016795115545392 0.0450583770871162 -0.0262399520725012 -0.0664919093251228 0.0355698764324188 0.00943822041153908 -0.0608591064810753 0.0194483194500208 0.0768767669796944 0.0542467795312405
0.456328302621841 0.198318466544151 0.387049466371536 0.383023619651794 0.197326168417931 0.342924058437347 0.330228209495544 0.139471739530563 0.361992925405502 0.521788418292999 0.487027645111084 0.496085286140442 0.213654458522797 0.244299843907356 0.0644952803850174 0.220488950610161 0.320028483867645 0.212415739893913 0.0377697236835957 0.20949886739254 0.16669636964798 0.158502742648125 0.0775045678019524 -0.0464503094553947 -0.020270736888051 0.0383779108524323 0.0212758667767048 -0.0269627925008535 -0.113429002463818 -0.0567709840834141 -0.0823138430714607 0.046998392790556 -0.0619262307882309 0.00785514991730452 -0.00391827337443829 0.0203274954110384 -0.0366329103708267 0.0207940321415663 -0.0746338590979576 0.0055783842690289 0.0957768708467484 -0.00325148203410208 0.0413124151527882
0.729350090026855 0.501810431480408 0.577468633651733 0.56012636423111 0.38806027173996 0.50227016210556 0.402252107858658 0.369436234235764 0.607120335102081 0.311337947845459 0.404434263706207 0.314004898071289 0.507816731929779 0.331108897924423 0.343895822763443 0.297321498394012 0.555481493473053 0.343562245368958 0.339377731084824 0.232312843203545 0.193329840898514 0.329271644353867 0.223157107830048 0.189312696456909 0.144481599330902 -0.0250315647572279 0.0838873758912086 0.0285118147730827 -0.0303598362952471 0.060231227427721 -0.0463916435837746 -0.030720753595233 0.0513214431703091 0.0860133692622185 -0.0476879365742207 -0.00527261663228273 0.0252762269228697 -0.030496958643198 -0.0560481026768684 0.0461375378072262 -0.0707319378852844 -0.0543915219604969 -0.0503260605037212
0.526479840278625 0.112619392573833 0.0139722228050232 0.57759290933609 0.285535871982574 0.391697108745575 0.406221002340317 0.243480861186981 0.118370957672596 0.283442288637161 0.250369071960449 0.199516624212265 0.478067249059677 0.515560209751129 0.29761728644371 0.420575439929962 0.182691156864166 0.199245661497116 0.338103115558624 0.143943727016449 0.282297879457474 0.270806312561035 0.154837742447853 -0.164840176701546 0.214071705937386 0.295201897621155 0.0295284166932106 -0.0565225817263126 -0.047735296189785 -0.0340268164873123 -0.105045206844807 0.0924185141921043 -0.0330562740564346 0.0697155594825745 -0.109275653958321 0.0588953904807568 0.0476058050990105 -0.0358338765799999 -0.248863637447357 0.0608348846435547 -0.104223884642124 -0.0130281634628773 -0.0673045888543129
0.21023465692997 0.30006268620491 0.144544243812561 0.365802764892578 0.343612670898438 0.105508729815483 0.099994108080864 0.177906900644302 0.453367173671722 0.268609672784805 0.350983470678329 0.635277688503265 0.488732427358627 0.235831514000893 0.642043650150299 0.442843914031982 0.352564811706543 0.283119857311249 0.383317828178406 0.0147856278344989 0.199910715222359 0.119245178997517 0.181104883551598 -0.0477487631142139 0.256055146455765 0.332562059164047 0.242843002080917 -0.0334971956908703 -0.0172318629920483 -0.0151988677680492 -0.0274451412260532 0.0452008470892906 -0.0283094551414251 -0.0537977926433086 -0.0352594964206219 0.02890694886446 -0.00296945124864578 -0.0450169332325459 0.0401919484138489 0.0904375538229942 0.0238582082092762 -0.0608483552932739 0.0269884746521711
0.530767917633057 0.339914590120316 0.51636004447937 0.287874400615692 0.11364009976387 0.750296652317047 0.406584084033966 0.32909020781517 0.679208040237427 0.490091502666473 0.15838386118412 -0.0148992240428925 0.249903202056885 0.38994437456131 0.207557991147041 0.173586830496788 0.262968152761459 0.196453168988228 0.286960661411285 0.0645431652665138 -0.0822766944766045 -0.0260558668524027 0.0615487992763519 0.0642712637782097 0.179187014698982 0.0921263247728348 0.272905051708221 0.170565813779831 0.02154441177845 0.0406623855233192 0.043515507131815 -0.0278558321297169 -0.0374489612877369 0.0326813049614429 -0.00381812453269958 -0.0897390022873878 0.0409849211573601 -0.0511473082005978 -0.0504423528909683 -0.00907486956566572 -0.0242145285010338 -0.0445792227983475 -0.0225851200520992
