assets/gome_f/processed/ascii/world/gome_sif_world_20110301.asc
NCOLS 720 
NROWS 360 
XLLCORNER -180 
YLLCORNER -90 
CELLSIZE 0.5 
NODATA_value -3.4e+38 
[rows 285 to 303 of 360, columns 559 to 601 of 720]
0.131571128964424 -0.0830996558070183 -0.114211231470108 0.160944238305092 -0.088682547211647 -0.00413799146190286 0.0264061093330383 0.133366867899895 0.0173378884792328 -0.214653059840202 0.023721631616354 -999 0.203967213630676 -0.249973446130753 -0.0904368013143539 -0.131887808442116 0.0234908163547516 -0.045194998383522 0.179936945438385 0.0863772332668304 -0.0271143186837435 0.0706524699926376 0.137461543083191 -0.085386298596859 -0.056014072149992 -0.236210718750954 -0.163501024246216 -0.33103609085083 -0.0151202334091067 -0.0623840242624283 -0.123669907450676 0.0439584255218506 -0.337553441524506 0.098242849111557 -0.167565539479256 -0.272319048643112 -0.153440311551094 -0.117852486670017 0.0700387209653854 -0.417188435792923 -0.00900576263666153 0.441660404205322 0.357789844274521
-0.0229088012129068 -0.234848469495773 0.118556074798107 0.0864483565092087 0.145226120948792 -0.17908763885498 0.0643725171685219 0.132306665182114 -0.256257355213165 0.0350513681769371 -0.063101552426815 -0.0907564982771873 0.0015279637882486 -0.13856928050518 -0.00139033980667591 0.0205909200012684 -0.0775249749422073 -0.0649378821253777 0.0512009710073471 -0.0376541651785374 -0.174908101558685 0.283029437065125 -0.0100557254627347 -0.251507312059402 -0.0747148990631104 -0.068708248436451 0.0501697063446045 0.255012601613998 -0.179345592856407 -0.273925572633743 -0.250835984945297 0.249439850449562 -999 -0.129724279046059 0.0132516277953982 0.0132137686014175 -0.353542476892471 -0.118647791445255 -0.0850156545639038 0.0687304958701134 0.0765000134706497 0.0503874272108078 -0.101482428610325
0.128163561224937 -0.0314791016280651 0.123082414269447 -0.0914589762687683 -0.0359247401356697 0.0568796880543232 -0.0266798511147499 -0.0689100697636604 -0.0325847715139389 -0.0841080620884895 0.278686374425888 -0.166556686162949 -0.0294321570545435 0.187879592180252 0.219134792685509 -0.0674100145697594 0.0440368168056011 -0.0660634264349937 -0.218865990638733 -0.0719070062041283 0.0474595092236996 0.122716091573238 0.0347076430916786 -999 0.0429262891411781 0.0217964872717857 0.138571202754974 -0.307978749275208 -0.0596129670739174 0.124677933752537 0.159864380955696 0.170939430594444 -0.632191777229309 -999 -0.131220936775208 -0.0261672586202621 0.0657471641898155 -0.164343908429146 0.591427683830261 0.00778315961360931 0.179217398166656 -0.0339798666536808 0.0818585082888603
-0.175961092114449 0.157801240682602 -0.21265059709549 0.0379218943417072 0.0106044672429562 0.148434087634087 -0.0940216854214668 0.127536028623581 0.00683496007695794 0.240328162908554 -0.0682757124304771 -0.136906310915947 -0.144550949335098 0.0671907588839531 0.128277063369751 -0.168180495500565 -0.0199170801788568 -0.0455805435776711 0.0041467696428299 0.0337526723742485 -0.102826908230782 0.0700496509671211 0.0366614311933517 0.20520293712616 0.0282510444521904 0.247699379920959 0.135902643203735 0.177868008613586 0.0897123143076897 -0.227260768413544 0.300543874502182 -0.109440855681896 0.0131354825571179 -0.0474027283489704 0.136594891548157 0.0362432897090912 0.0591800212860107 0.0282345954328775 0.0267045702785254 -0.00548993656411767 -0.0288594868034124 -999 0.0175513047724962
0.0433488041162491 -0.113945342600346 0.0607344917953014 -999 0.0902362763881683 -0.0404149331152439 0.0928234234452248 -0.00113347836304456 -0.0939997658133507 0.133750915527344 -0.144591271877289 -0.391252547502518 -0.153784528374672 -0.0494312085211277 -999 -0.056380957365036 -0.0150450766086578 -0.134397894144058 -0.0336385369300842 -999 0.125090658664703 -0.121867343783379 -0.0300008244812489 0.0521626770496368 -0.0147642092779279 0.0781089067459106 -0.097440242767334 -0.240808621048927 -0.273864507675171 0.131077215075493 -0.193016231060028 0.0520804114639759 -0.272777855396271 -0.163758769631386 0.0330478101968765 0.14374577999115 -0.0384956151247025 0.195629820227623 -0.00909845810383558 -0.431431293487549 -0.169990554451942 -0.0540958046913147 0.125754460692406
0.14902326464653 0.0806150957942009 -0.0197159852832556 -0.066935658454895 0.16713872551918 -0.0468643270432949 0.033929105848074 0.101950161159039 -0.149266108870506 -0.143379405140877 0.0516232140362263 0.240983888506889 -0.162615373730659 0.170890331268311 -999 -0.248880699276924 0.116855263710022 -0.00538163725286722 0.295061886310577 -0.10211393982172 -0.123081751167774 0.126332193613052 -0.122322134673595 0.265886873006821 0.150736704468727 -999 0.0945317149162292 0.110205307602882 -0.00357007328420877 -0.1441710293293 -0.246774673461914 0.0976342931389809 -0.0483541786670685 -0.226857230067253 -0.104854345321655 0.0682236477732658 0.0227858331054449 -0.168506503105164 -0.149903863668442 0.0520994439721107 -0.167134448885918 -0.0280368030071259 -0.357348680496216
-999 -0.211416006088257 -0.0568268895149231 -0.0397226922214031 -0.066581130027771 -0.10437934845686 0.13338814675808 0.100742727518082 -0.0261935442686081 -0.18307463824749 -999 -0.239562854170799 -0.00705090165138245 0.115751504898071 0.019577331840992 -0.115408353507519 -0.167159646749496 -999 -999 -0.102742001414299 -0.0152490874752402 0.0429147481918335 -0.233616441488266 0.1674924492836 -0.0630008801817894 -999 -0.207983314990997 0.0717374384403229 -0.138960957527161 -999 0.0831769853830338 -0.0560712814331055 0.228188768029213 0.0349384397268295 0.225969955325127 0.192655920982361 0.00387557339854538 0.164843201637268 -0.129036337137222 -0.0142923183739185 0.0927813127636909 -0.203607991337776 0.0922641754150391
-0.0379607081413269 -0.366570174694061 -0.271241188049316 0.0410734079778194 0.0782903209328651 0.108302637934685 0.00299393571913242 -0.0541378073394299 -999 -0.00409889221191406 -0.101837672293186 -0.414286851882935 -0.019275976344943 -999 -0.167893350124359 0.010137458331883 -999 0.181460604071617 -0.194053933024406 -999 -0.0161098651587963 0.207092612981796 -999 -0.0778938308358192 -999 0.325169175863266 -0.193984463810921 0.00513659603893757 0.182763531804085 -999 -0.318138986825943 -0.123767517507076 -0.103793077170849 0.00606757402420044 0.00303655723109841 -0.0973447635769844 -0.0316742844879627 0.193665415048599 0.290915459394455 -0.0762157142162323 -0.137780368328094 0.176794692873955 0.0417722426354885
0.0724275633692741 0.0765455886721611 -0.0220633950084448 -0.106049574911594 -0.0476532131433487 -0.315314322710037 0.108712337911129 -0.0204033274203539 0.574665188789368 0.160729601979256 -0.00742720160633326 0.0114669902250171 0.344392091035843 -0.0321688242256641 -0.0490933693945408 0.0404410362243652 -0.335650146007538 -999 -999 -999 0.0609166324138641 0.0269485972821712 -999 -999 0.189531534910202 0.0200408343225718 -0.11632314324379 -0.15489599108696 1.03181254863739 -999 -0.201705932617188 -999 -0.147470995783806 0.134545892477036 0.11155378818512 0.189341679215431 -0.0981074124574661 -0.0128453010693192 0.16507263481617 0.141422778367996 0.337602972984314 0.0413623787462711 -0.126912176609039
-0.200151145458221 -999 0.266348719596863 -0.0499308966100216 -0.0868963301181793 -0.0643804296851158 0.346084654331207 -999 0.159425988793373 -999 -999 -0.00556620908901095 0.0753368735313416 0.117856308817863 -0.0429453700780869 -0.0611881650984287 0.266538143157959 -999 0.139628544449806 -0.311236143112183 -0.126072987914085 0.0769405886530876 -999 -0.190316990017891 0.125251412391663 -0.18804307281971 0.0474994592368603 0.0521476864814758 -999 0.111460171639919 0.516732692718506 -999 -0.234374612569809 -0.0533415153622627 -0.0654720291495323 -999 -0.18462610244751 0.0419937707483768 0.0290529634803534 0.116422869265079 -0.445124328136444 0.032857608050108 -0.331710815429688
-0.228613913059235 0.0470174588263035 0.12764810025692 -0.248999357223511 -999 0.0846874639391899 -0.178253188729286 0.147523000836372 0.165457040071487 -999 -0.320467829704285 0.0467633791267872 0.0634039118885994 0.112421296536922 -0.0641515478491783 0.368219792842865 0.215719282627106 -0.161657869815826 0.129944428801537 -0.163086876273155 0.00951718911528587 -0.039087537676096 -0.239993885159492 0.37581592798233 0.0255032274872065 -0.160156905651093 -0.203929930925369 -999 -0.377073109149933 0.0262532755732536 -999 0.138858661055565 0.0317541286349297 -999 0.147039175033569 0.157640099525452 -0.0143382698297501 -0.115809507668018 0.187686085700989 -999 -0.27605989575386 -0.0964570268988609 -999
-0.309580892324448 0.129529774188995 -0.214803263545036 -999 -999 -999 -999 -999 -999 -999 -0.0516875609755516 0.0961120128631592 -0.00247260276228189 0.0975059568881989 -0.360466659069061 -0.31364905834198 -999 0.00471955165266991 0.0709607899188995 -999 -0.0473714545369148 0.123842321336269 0.0565726980566978 0.0735443085432053 0.0713469088077545 -999 0.144911155104637 -999 -0.147458732128143 -0.247626766562462 -999 -0.396279186010361 -999 -999 -0.131416037678719 0.190635800361633 -999 0.185964822769165 -999 -999 -0.0133526129648089 -0.339827865362167 -999
0.231453657150269 -0.177386626601219 0.229836001992226 0.351076245307922 0.293749153614044 -999 -0.331034243106842 -999 -999 0.142194017767906 0.330397635698318 0.0182407796382904 -0.0858902707695961 -0.0714877247810364 0.354478865861893 -0.0336822904646397 -0.034890178591013 -0.0549729019403458 -0.0863038599491119 -0.0524914264678955 -0.0649197474122047 0.245114266872406 -0.00840032566338778 0.0118611762300134 0.241040766239166 -999 -999 0.257872074842453 -999 0.110330291092396 -0.223300695419312 -999 -999 0.0941597372293472 -999 0.0165051370859146 -999 -999 0.16097891330719 -0.0363245792686939 0.0747676193714142 0.360177278518677 0.178038999438286
0.248017698526382 -0.206696033477783 -0.0286887679249048 0.0877000987529755 -999 -0.23576757311821 -0.290848612785339 -0.158132433891296 0.0944292619824409 0.0824405252933502 -999 0.29921954870224 0.272795021533966 -0.128314957022667 -0.022565346211195 0.214475303888321 0.106872424483299 0.220484092831612 -0.2083400785923 0.0972973480820656 -0.0638632476329803 -999 -999 0.188239261507988 -999 -999 -0.35299688577652 8.61053995322436e-05 -999 0.0728700160980225 -999 0.48675349354744 -999 -999 -999 -0.368724942207336 -999 -999 0.0267619118094444 -0.2592394053936 -999 0.298339068889618 -0.033703550696373
-999 -0.0423254333436489 -0.28413462638855 -0.183970749378204 -0.834176123142242 -0.228464096784592 -0.155993431806564 -999 0.0552947744727135 -0.05579624325037 0.0556540600955486 0.0794564560055733 0.0463973060250282 0.0376008823513985 -0.178862884640694 0.111804701387882 -0.0712123811244965 -0.177537575364113 -0.126062199473381 0.21228963136673 -0.0716393366456032 -999 -999 -0.0440674163401127 -999 -999 0.0495744608342648 0.0325876139104366 0.0375013574957848 -0.128378748893738 0.251613587141037 -0.0649923160672188 -999 0.0482632629573345 -0.106263168156147 -999 -999 -0.341859251260757 -0.471734434366226 -999 -0.0680072158575058 -0.0258032828569412 -0.106299743056297
0.176172867417336 0.0225861370563507 -999 0.116470076143742 -0.13189360499382 -0.0510908737778664 0.0108637260273099 -999 -0.429898649454117 -999 -0.109775073826313 0.0551587752997875 0.0362297296524048 -0.0823004022240639 0.166612029075623 0.0879818052053452 0.155009359121323 0.154202863574028 0.102180168032646 -0.13251194357872 0.0603286102414131 -999 -0.078897051513195 0.0629612356424332 -999 -999 -0.0910269394516945 -0.154748722910881 -0.181406304240227 -0.110138222575188 0.131662592291832 0.216735929250717 0.0179057940840721 -999 -0.181421861052513 -999 0.475351214408875 -0.0649456530809402 0.379550188779831 0.0771831721067429 0.298484146595001 0.0211516916751862 0.082957923412323
-0.0748960748314857 -0.144929945468903 0.150487765669823 -0.733611464500427 0.00984542071819305 -0.0266094114631414 0.140854984521866 0.110333144664764 0.470236539840698 0.113782957196236 0.0153581202030182 -999 0.293760627508163 0.168569296598434 0.349088042974472 -999 0.160491481423378 -0.430227994918823 -0.335056602954865 -0.0743696987628937 0.0494743995368481 -0.0198836959898472 0.348530441522598 -0.0552840866148472 0.0517395287752151 0.24202273786068 0.209048673510551 0.0603462420403957 0.0586974546313286 0.101347707211971 -0.0022559177596122 0.110077559947968 -0.128452986478806 0.0696918368339539 -0.0489739961922169 -0.285346865653992 -999 0.0410897247493267 0.118710577487946 -0.0786821916699409 0.065665103495121 -0.0838180258870125 0.19157737493515
0.299137651920319 0.0515334010124207 -0.0192155428230762 -0.0358867794275284 -0.0383431352674961 0.179424345493317 -0.0305256638675928 -0.273252427577972 -999 0.264564603567123 -999 -999 0.166650801897049 -999 -999 -999 -0.0199291259050369 -999 -0.156706407666206 0.128305271267891 0.0621427446603775 -999 0.0519620515406132 0.0291335936635733 0.456992328166962 -0.109372176229954 -0.034680649638176 0.0864598900079727 -0.394183665513992 -999 0.707670450210571 -1.04474484920502 -0.0296882018446922 -0.0859569981694221 -0.133648708462715 -999 -999 -0.362458765506744 -0.169445544481277 -0.0726012587547302 -0.921922326087952 0.110403478145599 0.589800119400024
-0.059312529861927 0.0532471388578415 0.152870088815689 -0.0679528564214706 0.326668441295624 -0.240136280655861 0.153123110532761 -999 -0.159308075904846 0.286927729845047 -999 -0.0855094492435455 -999 -999 -0.360746145248413 -999 0.046502098441124 -999 -0.114095002412796 0.00968830939382315 -0.225532308220863 -0.198882475495338 -0.159731715917587 -0.395661622285843 -0.0982906520366669 -999 0.467117637395859 -0.12287276238203 0.453605145215988 0.233544155955315 -999 0.116556271910667 -0.230297029018402 -999 -999 -0.0565159507095814 -0.592375874519348 -0.0307550877332687 0.0560502409934998 0.0713022351264954 -999 0.124604940414429 0.0288618355989456
