assets/gome_f/processed/ascii/world/gome_sif_world_20121201.asc
NCOLS 720 
NROWS 360 
XLLCORNER -180 
YLLCORNER -90 
CELLSIZE 0.5 
NODATA_value -3.4e+38 
[rows 304 to 322 of 360, columns 215 to 257 of 720]
0.195495307445526 -0.382469087839127 -999 0.44086366891861 -0.154963567852974 -0.0571356453001499 -0.18205052614212 0.199561730027199 0.315283298492432 -0.163583859801292 -0.32845014333725 0.0137245282530785 0.0338747426867485 -0.288846284151077 0.0119812553748488 0.00320991314947605 -0.0572474971413612 0.13254950940609 0.0787546187639236 0.0737955793738365 0.0657683536410332 0.0813364535570145 -0.00823821406811476 -999 -999 0.0161571819335222 -0.182204112410545 -999 -999 0.121657751500607 -0.080348052084446 -999 -999 -0.0654105097055435 -0.225414380431175 -0.287300109863281 -999 -999 -999 -999 -999 -999 -999
-0.0631201639771461 -0.170167714357376 -999 0.182010322809219 0.703485727310181 0.0809065997600555 -0.0923346281051636 0.00665247440338135 0.0842020660638809 -0.31068941950798 0.101783528923988 0.0807773247361183 0.0618218183517456 0.137563928961754 0.0559017769992352 -0.142782926559448 -0.164397045969963 0.137282773852348 0.0542042665183544 0.0603789947926998 0.0085807777941227 -0.0166060328483582 -0.175329208374023 -999 -999 -0.0757002830505371 -0.234819307923317 -999 -999 0.113524071872234 0.0562316253781319 -999 -999 0.139435261487961 -0.440511256456375 -0.154130339622498 0.113222308456898 -999 -999 -999 -999 -999 -999
0.263609319925308 -999 -999 0.155041500926018 0.471363425254822 0.140711218118668 -0.189559176564217 -0.122539006173611 -0.0296920165419579 0.265032261610031 -0.088467575609684 0.000870006158947945 -0.275588303804398 0.203247025609016 0.0527482777833939 0.117441534996033 0.245769679546356 0.0589226149022579 0.115000106394291 -0.097715936601162 -0.0565299354493618 0.0347705222666264 0.0464632026851177 -999 -999 -999 -999 -999 -999 0.218306303024292 0.0895126089453697 -0.0463728420436382 -0.305633753538132 0.103781759738922 0.874230802059174 -0.486937522888184 -999 -999 -999 -999 -999 -999 -999
-0.288557291030884 -999 -0.180149421095848 -999 0.115901604294777 0.0598865821957588 -0.0649703666567802 0.161979734897614 0.227110370993614 -0.127319023013115 -0.2577084004879 -0.0231296643614769 -0.160781010985374 -0.18664176762104 -0.0318684689700603 -0.367841571569443 0.00716517539694905 0.0523481667041779 0.127073481678963 0.1336679905653 -0.113373473286629 -0.0362360142171383 0.0408024042844772 -999 -999 -999 -999 -999 -999 -0.0776501968502998 -0.0849154815077782 -0.107200957834721 -0.038718655705452 0.055249959230423 -0.231816276907921 -999 -999 -999 -999 -999 -999 -999 -999
-0.0459842756390572 0.0273231789469719 0.266115814447403 0.201508730649948 0.128049477934837 0.0347619727253914 -0.19524210691452 0.00444989884272218 -0.361533761024475 -0.376692026853561 0.0718397051095963 0.132627293467522 -0.0322089195251465 -0.199714928865433 -0.0962585806846619 -999 -999 -999 -999 -0.520219206809998 -999 -999 -999 -0.143192768096924 0.0495174638926983 -0.41909721493721 -999 -999 -999 0.398329257965088 0.103648453950882 -999 -999 -999 -999 -999 -999 -999 -999 -999 -999 -999 -999
-999 0.0481361150741577 -0.268863350152969 0.149989664554596 0.307062804698944 -0.152932599186897 0.0490782782435417 -0.0393628254532814 -0.107727266848087 0.00130531878676265 -0.0417960174381733 -0.0602062530815601 -0.303179323673248 -0.0771886259317398 -0.113826490938663 -999 -999 -999 -999 -0.122131027281284 -0.0284680146723986 0.23765455186367 0.224263116717339 0.387187570333481 -0.208765268325806 -999 -999 -999 -999 0.182646229863167 0.230895832180977 -999 -999 -999 -999 -999 -999 -999 -999 -999 -999 -999 -999
-999 0.0806626453995705 -0.1239098533988 -0.212182939052582 -0.0714041963219643 -0.190518334507942 -0.253103256225586 -0.328233897686005 -0.0871153101325035 0.113308385014534 -0.0573895424604416 -999 -999 -999 -999 -999 -999 -999 -999 0.134264558553696 -0.0418700240552425 -999 -999 -999 -999 -999 -999 -999 -999 -999 -999 -999 -999 -999 -999 -999 -999 -999 -999 -999 -999 -999 -999
0.368983268737793 -0.225130051374435 0.408149242401123 0.256126433610916 -0.151000812649727 -0.258256494998932 0.0114284940063953 -0.299114137887955 0.00741178309544921 0.17146298289299 -0.403292030096054 -999 -999 -0.275593370199203 -0.872928559780121 -0.293812453746796 -0.0913195386528969 -0.568506181240082 -0.0226645469665527 0.139930799603462 -0.0340026840567589 -999 -999 -999 -999 -999 -999 -999 -999 -999 -999 -999 -999 -999 -999 -999 -999 -999 -999 -999 -999 -999 -999
-0.416124075651169 0.696420788764954 -0.328222453594208 -0.178638488054276 -0.464598417282104 0.150679051876068 -0.355209678411484 -999 -999 -999 -999 -999 -0.27666562795639 0.790777683258057 1.42648112773895 -0.0757736563682556 0.0571150183677673 0.0224766358733177 0.15592235326767 -0.0305366292595863 0.502751588821411 0.0532253012061119 0.177619621157646 0.295519918203354 0.0645170360803604 -999 -999 -999 -999 -999 -999 -999 -999 -999 -999 -999 -999 -999 -999 -999 -999 -999 -999
0.315798580646515 -0.0298749208450317 0.112300105392933 -999 0.0883676782250404 -0.410745978355408 -0.401436418294907 -999 -0.0825244709849358 -999 -999 0.289264351129532 -0.0946774482727051 0.135735496878624 0.305988758802414 0.0382054336369038 0.224494352936745 0.147868186235428 0.164611652493477 -0.10842027515173 -0.0624063946306705 0.0637895166873932 -0.0079520745202899 0.191969439387321 -0.0569130256772041 -999 -999 -999 -999 -999 -999 -999 -999 -999 -999 -999 -999 -999 -999 -999 -999 -999 -999
-0.237692534923553 -0.149521544575691 -0.0776380896568298 0.21416012942791 -0.0520510412752628 -999 0.480332583189011 -999 -999 -0.0730470269918442 -0.0709696486592293 0.109433494508266 0.34176766872406 -0.750698804855347 -0.0109531804919243 0.210435211658478 0.381227910518646 0.0706400647759438 0.43897333741188 -0.190918311476707 0.219023391604424 -0.105580762028694 0.0738029852509499 0.181236326694489 0.202546000480652 -999 -999 -999 -999 -999 -999 -999 -999 -999 -999 -999 -999 -999 -999 -999 -999 -999 -999
-999 0.269686013460159 0.268112748861313 -0.119053184986115 -0.0165995806455612 -999 -999 -999 -999 -0.290039956569672 -0.321582466363907 0.0281221121549606 -0.112995706498623 -0.169190958142281 -0.0838462710380554 0.0275545958429575 0.128364041447639 0.190503552556038 -0.00322146038524806 0.158529594540596 0.170430898666382 0.244195312261581 0.51543116569519 0.0211694873869419 0.249662920832634 -999 -999 -999 -999 -999 -999 -999 -999 -999 -999 -999 -999 -999 -999 -999 -999 -999 -999
0.385167747735977 -999 -999 -999 -999 0.0278325863182545 0.079386480152607 -0.153900399804115 -0.077648401260376 -0.021816898137331 -0.410117715597153 -0.218630030751228 0.148174494504929 0.014626782387495 -0.0376534089446068 0.128068655729294 0.160273253917694 -0.113790899515152 -0.385091006755829 -0.191429316997528 0.195501640439034 0.288487195968628 0.0880723372101784 0.134712859988213 0.105284653604031 0.0713828057050705 0.183618262410164 0.0780323818325996 0.0598347783088684 -999 -999 -999 -999 -999 -999 -999 -999 -999 -999 -999 -999 -999 -999
0.22554312646389 -999 -999 -999 -999 0.385531306266785 -0.108935140073299 -0.335268765687943 -0.204596504569054 -0.0823107734322548 -0.0457713156938553 0.124323084950447 0.225247099995613 -0.0742580443620682 0.210360199213028 0.0139171108603477 0.245166555047035 0.360167622566223 0.358152627944946 0.219701126217842 0.606341898441315 0.0602833218872547 0.00814151391386986 0.211676016449928 0.211174711585045 0.0348985269665718 0.155773401260376 0.090209923684597 -0.137302652001381 -999 -999 -999 -999 -999 -999 -999 -999 -999 -999 -999 -999 -999 -999
-0.0428867936134338 -0.148770540952682 -0.110828675329685 0.195465564727783 0.526936888694763 -0.148214891552925 0.313249319791794 -0.124046094715595 -0.0748932138085365 -999 0.0448787361383438 0.0835020542144775 -0.00213735667057335 -0.00720729911699891 0.0234829299151897 -0.0224614292383194 0.0664916709065437 0.0584438592195511 0.265165477991104 0.384382545948029 -0.201527968049049 0.100386440753937 0.0407406650483608 0.0361632853746414 0.17346066236496 0.360238969326019 -0.204444363713264 -999 -999 -999 -999 -999 -999 -999 -999 -999 -999 -999 -999 -999 -999 -999 -999
0.435553908348083 0.118409931659698 -0.0599614456295967 -0.00863323081284761 0.155772104859352 0.168863549828529 -0.147018641233444 -0.22344084084034 0.1711465716362 0.0580430179834366 -0.118790380656719 -0.0173030719161034 0.257876127958298 0.143208637833595 0.14255765080452 0.111687444150448 -0.0747243016958237 0.00418601324781775 0.141000926494598 -0.0904916748404503 0.48065659403801 0.00911625754088163 0.279334098100662 0.0533500835299492 0.0994485318660736 0.176062628626823 0.0629765167832375 -999 -999 -999 -999 -999 -999 -999 -999 -999 -999 -999 -999 -999 -999 -999 -999
0.178970858454704 -0.0458715111017227 0.157827973365784 -0.00649777520447969 0.226453542709351 -0.143626570701599 0.216835662722588 -0.0312409996986389 0.157300621271133 0.233553305268288 0.159934267401695 0.179563358426094 0.0320083759725094 -0.0783020704984665 -0.195787012577057 -0.0727256834506989 -0.132941365242004 0.0450075678527355 0.188129365444183 -0.103238798677921 0.162944197654724 -0.188191115856171 0.013176592066884 0.265241891145706 0.004715695977211 -999 -999 -999 -999 -999 -999 -999 -999 -999 -999 -999 -999 -999 -999 -999 -999 -999 -999
0.136740550398827 -0.103598393499851 -0.1699348539114 -0.0220118276774883 0.203234151005745 0.025746988132596 0.175575584173203 -0.0626801699399948 -0.0841811075806618 0.055354405194521 0.154550090432167 -0.0645411908626556 0.184934630990028 0.247561931610107 0.248594120144844 0.0829359069466591 0.0209817700088024 0.107775077223778 -0.0677536502480507 -0.0100071700289845 0.108714200556278 -0.0128136994317174 0.134665042161942 -0.0816611796617508 0.0882199481129646 -999 -999 -999 -999 -999 -999 -999 -999 -999 -999 -999 -999 -999 -999 -999 -999 -999 -999
0.0306253284215927 -0.0239523090422153 0.18125319480896 -0.0293398592621088 0.0715144127607346 0.00707462057471275 0.139506921172142 0.0455273799598217 0.280826151371002 0.101883843541145 -0.150501355528831 -0.142412900924683 -0.282019257545471 -0.0116862393915653 0.314311146736145 0.0393820442259312 0.0175211019814014 -0.23814831674099 -0.0200279001146555 0.0673449039459229 0.0482408851385117 0.318302482366562 -0.00964340195059776 0.0758134573698044 0.259296119213104 -999 -999 -999 -999 -999 -999 -999 -999 -999 -999 -999 -999 -999 -999 -999 -999 -999 -999
