assets/gome_f/processed/ascii/world/gome_sif_world_20120401.asc
NCOLS 720 
NROWS 360 
XLLCORNER -180 
YLLCORNER -90 
CELLSIZE 0.5 
NODATA_value -3.4e+38 
[rows 152 to 170 of 360, columns 559 to 601 of 720]
0.506001114845276 0.327962070703506 0.264097601175308 0.330827206373215 0.473764419555664 0.254334717988968 0.221149101853371 0.279552102088928 0.239476755261421 0.37548816204071 0.498818814754486 0.583877325057983 0.56574022769928 0.553983509540558 0.555046439170837 0.400643587112427 0.484518438577652 0.356964290142059 0.608063340187073 0.376672357320786 0.00256617437116802 0.0244525242596865 0.0226523410528898 -0.0295220836997032 -0.0133607611060143 0.00822360999882221 -0.0287677478045225 -0.0205334108322859 0.0929008945822716 -0.0943458825349808 -0.0216165501624346 -0.0190663523972034 -0.0237106252461672 0.0162126179784536 -0.0150404023006558 -0.0679661184549332 -0.0303652323782444 0.00972505006939173 -0.000408923748182133 -0.0281282160431147 0.00844484753906727 -0.0297100953757763 0.101009413599968
0.452647119760513 0.192431956529617 0.228146925568581 0.338884770870209 0.62544572353363 0.567094922065735 0.274560511112213 0.352977365255356 0.35809588432312 0.421686291694641 0.462097615003586 0.550625443458557 0.422230929136276 0.508937954902649 0.391489923000336 0.467948496341705 0.489221274852753 0.376853674650192 0.500742733478546 0.294157594442368 0.082744374871254 -0.0192429907619953 -0.0108505301177502 -0.00443784240633249 0.0300774462521076 0.0631502866744995 0.0288098305463791 -0.0415755659341812 -0.0136435693129897 -0.0180328413844109 -0.0453880876302719 -0.0542543269693851 -0.0218782220035791 -0.0210200045257807 0.0776651501655579 -0.0609013326466084 0.0557647943496704 0.0460796132683754 0.000205813645152375 0.0638238340616226 0.0170413348823786 0.0720973163843155 0.07679682970047
0.392026513814926 0.170267418026924 0.0800983980298042 0.176904082298279 0.289874315261841 0.529494762420654 0.67861270904541 0.506674766540527 0.445133835077286 0.396080136299133 0.420937269926071 0.557444274425507 0.513536095619202 0.592278897762299 0.445244550704956 0.590475857257843 0.469048082828522 0.478133857250214 0.388231605291367 0.429105192422867 0.102748356759548 0.0510560758411884 -0.0135710285976529 -0.0144358100369573 0.0431600995361805 0.0699807107448578 -0.00960222817957401 -0.00626429310068488 -0.0623092837631702 0.0532084070146084 -0.0210016090422869 0.00801981147378683 -0.0745546892285347 0.00517116859555244 0.0339098758995533 -0.0863756015896797 -0.0849077329039574 -0.0481714829802513 -0.0209687575697899 0.0468629449605942 0.0396575480699539 -0.086448960006237 0.117862075567245
0.326368629932404 0.15181502699852 -0.0734355971217155 0.0115841925144196 0.0405215136706829 0.241589620709419 0.482393771409988 0.678702652454376 0.57132875919342 0.343209594488144 0.258406102657318 0.3456871509552 0.475712478160858 0.52988874912262 0.566517889499664 0.657727122306824 0.547662198543549 0.508399128913879 0.504768550395966 0.311364680528641 0.046263549476862 -0.0410691797733307 -0.0321990810334682 0.0333326011896133 -0.0568594820797443 -0.018959516659379 -0.0390195026993752 0.00654320465400815 -0.0708566606044769 0.0126568851992488 -0.0501149259507656 -0.0051722046919167 -0.0216133762151003 -0.0254410542547703 -0.0123464297503233 0.0224200952798128 0.0347051844000816 0.0153240980580449 -0.0617767684161663 -0.0300548896193504 0.0247093550860882 -0.00703349057585001 -0.0999427959322929
0.258352786302567 -0.00475792400538921 -0.0474894009530544 -0.0507003329694271 0.0435128435492516 0.0255634151399136 0.037490364164114 0.364408314228058 0.47255265712738 0.386606067419052 0.228339195251465 0.371543109416962 0.455632209777832 0.380551338195801 0.553584575653076 0.588282763957977 0.56585818529129 0.478513687849045 0.467606723308563 0.152377083897591 -0.0141271650791168 0.013364864513278 -0.0491677410900593 -0.0760216191411018 0.034082219004631 0.0078822635114193 -0.0934075489640236 0.0697890892624855 -0.0194538775831461 -0.0447496473789215 0.0560020208358765 -0.0557169914245605 -0.0200590379536152 -0.0877676010131836 0.0769234672188759 -0.096953772008419 -0.0405134856700897 -0.00670188013464212 -0.0572682395577431 -0.0246938299387693 0.0667895302176476 0.132868602871895 0.0338392071425915
0.300952792167664 0.0109351919963956 0.0137155978009105 0.0819429606199265 0.0119247427210212 -0.100740134716034 0.0123442197218537 0.204297363758087 0.375042825937271 0.477345854043961 0.487170398235321 0.360030859708786 0.316991746425629 0.495946288108826 0.59541255235672 0.53220272064209 0.504218816757202 0.36371037364006 0.246955022215843 -0.00918058771640062 -0.00529710482805967 -0.0739701017737389 -0.0414408706128597 -0.0122217396274209 -0.102994382381439 0.00865670014172792 0.0800976157188416 -0.034593041986227 0.0628955066204071 0.0464937537908554 -0.0216800980269909 0.0226362068206072 -0.00801118277013302 -0.0495031774044037 -0.022513834759593 0.0045634969137609 -0.0609251968562603 0.0312812961637974 -0.0155085474252701 0.0840422138571739 0.145059362053871 0.0322223901748657 0.0118486853316426
0.194408193230629 0.0472413673996925 0.017667256295681 0.0054421229287982 0.0271893255412579 -0.00287701934576035 -0.102850377559662 0.0730897188186646 0.19960618019104 0.355968713760376 0.259504288434982 0.279282569885254 0.400691032409668 0.321730941534042 0.392635554075241 0.347115248441696 0.237932473421097 0.109475344419479 0.0635941624641418 -0.0161141622811556 0.0067111155949533 0.0419742688536644 0.0445715449750423 -0.0231444574892521 -0.0706335008144379 0.0430743992328644 -0.0788337364792824 0.0783630907535553 0.0540812984108925 0.0917634516954422 -0.0117170531302691 -0.0228833202272654 0.032791294157505 0.0377852842211723 -0.0256345011293888 0.0499278083443642 -0.00291665131226182 0.0113054607063532 -0.0631764158606529 0.137385174632072 0.202652618288994 0.00567532982677221 0.0401727221906185
0.071673758327961 -0.0254281722009182 0.0181961990892887 -0.127911999821663 -0.0271807312965393 -0.056382205337286 -0.0627777501940727 -0.0445738434791565 -0.0534615144133568 0.123531341552734 0.0483816787600517 0.360269159078598 0.573614418506622 0.482493489980698 0.202378109097481 0.0308911520987749 0.123013019561768 -0.0431428588926792 -0.0311166010797024 0.0332837551832199 -0.124704644083977 0.00534733384847641 -0.0665227994322777 -0.023016445338726 0.00217773159965873 0.0291379392147064 -0.031007207930088 0.00743804126977921 0.0242282152175903 0.0195793062448502 -0.0500870160758495 -0.0725205615162849 0.00551363034173846 -0.0119369029998779 -0.0269926283508539 -0.10995901376009 -0.0303329229354858 0.0910788550972939 0.168450459837914 0.179196894168854 0.0365754850208759 -0.0170851200819016 -0.00508522475138307
0.0340755172073841 0.0922655537724495 0.00193404580932111 -0.0110530508682132 0.0610921233892441 0.0033262656070292 0.0365674234926701 -0.056245930492878 -0.0460432209074497 0.0753954499959946 -0.0583645664155483 0.196833088994026 0.31965246796608 0.282098114490509 0.126468762755394 0.0602485649287701 0.0594244562089443 -0.0048079788684845 -0.0628257617354393 -0.0396544598042965 -0.06162478774786 -0.0146209606900811 -0.0669558346271515 -0.078267440199852 -0.0681029707193375 -0.116541214287281 0.0096454881131649 -0.0642459914088249 -0.035883005708456 0.0790974348783493 0.0194657798856497 -0.014564492739737 0.0189851149916649 0.0190799590200186 -0.0135307619348168 -0.0568607151508331 0.0792268589138985 0.046958114951849 0.160734802484512 0.0556350164115429 -0.0627565830945969 -0.0988572612404823 -0.0262082032859325
0.399442851543427 0.0784140601754189 0.00320096919313073 0.0299822427332401 -0.0333191975951195 0.0130751207470894 -0.0501211583614349 -0.0517660304903984 -0.0247393399477005 0.0281205009669065 -0.0874139964580536 0.0488565862178802 0.0642501264810562 0.0578689426183701 -0.0705598741769791 -0.14059080183506 -0.0294572617858648 -0.0662264749407768 0.0189746674150229 -0.0169505905359983 0.00131515669636428 -0.0545282959938049 0.0434919819235802 -0.00479111634194851 0.0195780824869871 -0.0720352157950401 0.0515380762517452 -0.103218227624893 0.00864581484347582 -0.0688179805874825 -0.00286357966251671 -0.033182755112648 -0.105304203927517 -0.0297769345343113 -0.0363282561302185 0.0387889184057713 0.13494236767292 0.1106813326478 0.0210503209382296 -0.0858019217848778 -0.0915033668279648 0.00318503938615322 -0.0490655861794949
0.585996627807617 0.218557834625244 0.106642439961433 -0.0856534838676453 -0.000326032430166379 -0.064889557659626 0.0203681141138077 -0.0976054519414902 -0.0107663460075855 -0.0112448129802942 -0.0155713995918632 0.0856882929801941 0.0379895642399788 0.012790547683835 -0.0320727378129959 -0.0294665712863207 -0.00457221642136574 -0.0376761369407177 -0.0228924099355936 -0.0367040000855923 -0.0338399633765221 0.0665097311139107 -0.00749687198549509 -0.0253549478948116 -0.0110628688707948 -0.0163355991244316 0.0150488531216979 -0.0527474582195282 -0.0469409003853798 -0.0574961826205254 0.0144692035391927 -0.00766258360818028 -0.159650430083275 -0.0213947109878063 0.078494518995285 -0.00210228539071977 0.0833119302988052 -0.0179858263581991 -0.0506696589291096 0.0277432799339294 -0.0086194546893239 0.00407354021444917 0.000362478196620941
0.700716853141785 0.312743753194809 0.0927038043737411 -0.0399735681712627 -0.0121408700942993 -0.0864923149347305 -0.0716929137706757 0.0570462644100189 -0.0216475389897823 0.0104343062266707 0.0149465799331665 -0.0266959182918072 -0.00807545706629753 0.0579587370157242 -0.0158060602843761 -0.0330293402075768 -0.0420234724879265 -0.0703665316104889 -0.0119075225666165 -0.117756471037865 -0.0155146420001984 -0.0263660922646523 -0.0278533007949591 -0.0225424952805042 -0.0320018716156483 -0.0785528272390366 0.0246046595275402 -0.0512722954154015 -0.10219931602478 -0.0328659825026989 -0.035456046462059 -0.0856613144278526 -0.109099127352238 -0.0717869475483894 0.0251388158649206 0.0957526192069054 -0.0444845072925091 0.0323750525712967 0.023796085268259 -0.116087757050991 0.0114089846611023 0.0624938756227493 0.018251171335578
0.634271502494812 0.410430014133453 0.0307542830705643 -0.0383861809968948 -0.046796340495348 -0.0304880626499653 0.0491785444319248 0.0373225472867489 -0.0255440436303616 -0.046561349183321 -0.0473417714238167 -0.00238176295533776 -0.0261957738548517 0.0835501253604889 -0.0462581068277359 -0.0909862369298935 -0.0582191571593285 -0.0797128230333328 0.0292535070329905 -0.00569279119372368 -0.047121848911047 -0.00643154699355364 -0.0755958184599876 -0.00219838926568627 -0.0360208414494991 -0.0621231645345688 -0.0690353885293007 0.00716800056397915 -0.00679445592686534 -0.00379866361618042 -0.0503628998994827 -0.0757339149713516 -0.0503334738314152 -0.0776632279157639 0.0373393446207047 0.0250519886612892 -0.0210412349551916 -0.0588237121701241 -0.0142277395352721 -0.0237388536334038 -0.0983192026615143 -0.0584899261593819 -0.0571879930794239
0.344959437847137 0.526160836219788 0.223461076617241 -0.0108631467446685 -0.115762703120708 -0.00180757872294635 -0.0740381106734276 -0.0857038870453835 -0.0361641831696033 -0.013453820720315 -0.0391519479453564 0.0537142194807529 -0.015574517659843 0.0789513811469078 0.0786203444004059 -0.0506449937820435 -0.0186527147889137 0.0030902752187103 -0.0351976156234741 0.044046837836504 -0.0425582304596901 -0.147815689444542 -0.0268551148474216 0.0660482943058014 -0.0480397529900074 0.0296896174550056 -0.0295412372797728 0.0311104245483875 0.0708454772830009 -0.0507280007004738 -0.00733523769304156 -0.0213610846549273 -0.0687475129961967 0.0597986653447151 0.0607053488492966 0.0527747087180614 0.0491563007235527 0.00780686922371387 -0.0212327670305967 0.0151833612471819 -0.0597354471683502 -0.0135918594896793 -0.0560831055045128
0.25639533996582 0.407634019851685 0.556791067123413 0.60421484708786 0.309224367141724 0.100586108863354 0.0951617807149887 0.0190456863492727 -0.0374710448086262 0.0573719963431358 -0.0248585566878319 -0.0292968340218067 -0.00624544778838754 -0.0276337675750256 0.0552460886538029 -0.0059699984267354 -0.00176798517350107 -0.123765967786312 -0.00436522532254457 -0.0482115559279919 -0.00323683372698724 0.0426008217036724 -0.0563441775739193 -0.00888807140290737 -0.060738317668438 0.0435117334127426 0.0972599312663078 -0.0910047292709351 -0.0115250609815121 -0.0221469420939684 0.0158094763755798 0.0551746189594269 0.0433590970933437 0.037733182311058 0.21370404958725 0.308994263410568 0.100221037864685 -0.042972456663847 -0.00608007656410336 -0.00780180608853698 0.0126953963190317 0.0347922146320343 -0.0369453802704811
0.0909952148795128 0.23156650364399 0.655853152275085 0.526038944721222 0.536552429199219 0.267336875200272 0.0333686135709286 0.00985059328377247 0.104424566030502 -0.0180109906941652 -0.0467607080936432 -0.00973534118384123 -0.0481363572180271 -0.0689171701669693 0.0275091994553804 -0.0178520437330008 0.00928771402686834 0.0106143727898598 0.0219136718660593 -0.0902601405978203 -0.00450381962582469 0.0035296157002449 -0.0235590077936649 -0.0200602449476719 -0.0019020113395527 -0.0854420065879822 -0.0667265579104424 -0.0711744874715805 -0.0781912356615067 -0.115357913076878 -0.0997382327914238 0.0469223000109196 -0.00352867087349296 0.334103465080261 0.507811367511749 0.528778374195099 0.22093391418457 -0.0125645101070404 0.0167293697595596 -0.01944600045681 0.0236551016569138 0.0142186880111694 0.0545439682900906
0.166284739971161 0.135698154568672 0.578921735286713 0.59756463766098 0.616862714290619 0.576302528381348 0.237353205680847 -0.0660812929272652 -0.120780661702156 -0.0283042080700397 -0.0690532773733139 -0.000360546255251393 -0.0135829923674464 -0.0125647997483611 -0.00971972662955523 -0.141255557537079 -0.0252991542220116 0.0395062528550625 -0.0895598232746124 -0.0252384003251791 0.0142153967171907 -0.0683075115084648 0.102534003555775 -0.0771337002515793 -0.101587347686291 -0.0274533983319998 0.0162337925285101 -0.015738345682621 0.0209780018776655 -0.0815011113882065 -0.0143473399803042 0.0812361240386963 0.305484026670456 0.353043407201767 0.460866689682007 0.614561140537262 0.563612163066864 0.482365936040878 0.246212914586067 0.0850440636277199 0.0188176706433296 0.0373273976147175 0.0414118878543377
0.0350813418626785 0.240002825856209 0.514370441436768 0.505833804607391 0.52380895614624 0.553373336791992 0.491294652223587 0.243944898247719 0.0266849678009748 0.0634388476610184 -0.025672921910882 0.00929795857518911 -0.0211872849613428 -0.00606962712481618 -0.0126342298462987 0.0166709963232279 -0.0240249764174223 0.024183901026845 0.114785701036453 0.0312649682164192 0.00524352490901947 -0.021533178165555 -0.0170529447495937 0.0397535301744938 0.0601866915822029 0.0137472301721573 0.00158181728329509 0.0541932731866837 -0.0524295419454575 -0.0388760976493359 0.0520556718111038 0.0849849283695221 0.345817416906357 0.485341787338257 0.445391029119492 0.526813685894012 0.555654227733612 0.397854000329971 0.44091272354126 0.151397436857224 0.0343606695532799 0.0736793354153633 0.125103920698166
-0.00435786973685026 0.0229466874152422 0.273207426071167 0.507170677185059 0.64669007062912 0.474524915218353 0.474412262439728 0.563161373138428 0.117380917072296 0.0331791266798973 -0.0225674938410521 -0.0381083078682423 0.0560861118137836 -0.00916393008083105 -0.0333467535674572 -0.0594163425266743 0.0628167316317558 0.00621580332517624 0.0322641804814339 -0.0104671036824584 0.0184691213071346 -0.0291908290237188 0.0338937044143677 0.0347248464822769 0.0688827559351921 0.063368134200573 -0.043961189687252 0.00579627277329564 0.0457455031573772 0.208439841866493 0.406988352537155 0.507721483707428 0.478986442089081 0.434807926416397 0.552999556064606 0.492462337017059 0.572486698627472 0.504553616046906 0.257146805524826 0.0255058147013187 0.0151991127058864 -0.0252470802515745 -0.0273972861468792
