assets/gome_f/processed/ascii/world/gome_sif_world_20110901.asc
NCOLS 720 
NROWS 360 
XLLCORNER -180 
YLLCORNER -90 
CELLSIZE 0.5 
NODATA_value -3.4e+38 
[rows 171 to 189 of 360, columns 172 to 214 of 720]
-0.0477874390780926 -0.0143893770873547 0.0424372032284737 0.0195121355354786 -0.0602498240768909 -0.048804197460413 -0.0898347944021225 -0.168250545859337 -0.0219698213040829 0.143999189138412 0.0733668878674507 0.0234154462814331 -0.0333112850785255 0.0526779294013977 -0.0553944818675518 0.0653271973133087 0.0562275536358356 0.00702711381018162 -0.127131149172783 -0.0274829417467117 0.103495351970196 -0.205245539546013 -0.04743367806077 0.0519974678754807 -0.0419434942305088 0.0573388710618019 0.0822753086686134 -0.0516683757305145 -0.196770504117012 0.0679709985852242 -0.344129234552383 -999 -0.166611403226852 0.121575303375721 0.578607678413391 0.287906855344772 0.456596672534943 0.488022476434708 0.427409082651138 0.303299069404602 0.257763147354126 0.492175459861755 0.359790474176407
0.053573414683342 -0.0301476754248142 -0.182196095585823 -0.004269037861377 -0.107704095542431 -0.0239486694335938 0.00638594059273601 -0.108100675046444 -0.0434639118611813 0.0420372746884823 0.0462084263563156 0.102894365787506 0.11124849319458 0.102520897984505 -0.168942078948021 0.0102122230455279 -0.1547030210495 0.0498053394258022 -0.0455288700759411 -0.021282946690917 -0.0488431826233864 -0.0132778733968735 -0.158151537179947 -0.159175351262093 -0.00400420278310776 0.00507864775136113 0.0213264767080545 -0.23644332587719 -0.153447881340981 0.0323366932570934 0.0284444391727448 -0.0504109598696232 -0.0399706624448299 0.334432721138 0.370831876993179 0.430823653936386 0.409929990768433 0.491096258163452 0.421950787305832 0.273342490196228 0.485440373420715 0.488275319337845 0.369061380624771
0.0631112083792686 -0.114036798477173 0.0481660664081573 -0.000819910317659378 -0.198642566800117 0.0845072716474533 0.0661876276135445 0.0938611328601837 -0.0792886763811111 0.100116990506649 0.0157918483018875 0.0141030680388212 -0.045743066817522 -0.0344939455389977 -0.0539346672594547 -0.0291157364845276 0.0228376109153032 -0.00135606236290187 0.0228619705885649 -0.0392111465334892 -0.00428466964513063 0.0650820210576057 -0.144164070487022 -0.0563127063214779 -0.00969058927148581 0.0153541397303343 0.0837464481592178 -0.0737751945853233 -0.138258665800095 0.00102676451206207 -0.112101875245571 0.301782518625259 0.304231822490692 0.214360326528549 0.323284715414047 0.351410835981369 0.519262135028839 0.480218976736069 0.57778388261795 0.418474435806274 0.504544615745544 0.461043179035187 0.467392444610596
0.29096046090126 -0.444249629974365 -0.299190521240234 -0.11807195097208 0.111884213984013 0.197145268321037 -0.204964727163315 -0.0283283665776253 -0.0300108138471842 0.0668436363339424 -0.0327933505177498 0.0216521136462688 -0.0561507605016232 -0.0271200388669968 0.118436470627785 0.088288240134716 0.0279486179351807 -0.0128476349636912 -0.0157401151955128 0.0240856688469648 0.0538247264921665 -0.104445718228817 -0.0578170567750931 0.0167072936892509 -0.198529049754143 -0.220486998558044 -0.187677457928658 0.0536724627017975 -0.0563564896583557 -0.0116775929927826 -0.029524490237236 0.299974083900452 0.0876892656087875 0.315993577241898 0.36780309677124 0.636730313301086 0.482085973024368 0.373258054256439 0.69755345582962 0.727672040462494 0.484786868095398 0.636772871017456 0.507473766803741
-0.126486048102379 -999 -999 -0.245946809649467 -0.00310295075178146 -0.226997137069702 0.0142057836055756 0.2694451212883 -0.1290572732687 0.0106963012367487 0.12033249437809 -0.0800902247428894 0.0764840394258499 -0.0316887721419334 -0.0462756529450417 0.0258931647986174 -0.00414810748770833 0.0634181722998619 -0.0700094252824783 0.0161167476326227 -0.00507499882951379 -0.0713333934545517 0.0888703390955925 -0.0538852103054523 0.0177246779203415 0.0785042271018028 0.02477234788239 0.0528578981757164 -0.147237062454224 0.0508008413016796 -0.0778354331851006 0.224331676959991 0.199355736374855 0.469332575798035 0.470550179481506 0.399809926748276 0.395826429128647 0.341654181480408 0.684912323951721 0.603920638561249 0.546944856643677 0.531103491783142 0.582946121692657
-999 -999 -0.266677051782608 -0.196037277579308 -0.0609497986733913 -0.141698509454727 -999 -0.298184335231781 -0.0482645928859711 0.0325767621397972 -0.111153438687325 -0.0758636221289635 0.0847273543477058 0.181228220462799 0.0525546632707119 -0.0468010939657688 0.0157601628452539 0.00769950309768319 -0.000294696190394461 0.10523633658886 -0.0109989773482084 -0.0849568769335747 0.0258687045425177 0.0504840798676014 0.0435447320342064 -0.00792019069194794 -0.129771187901497 0.106862634420395 -0.10506858676672 -0.112148813903332 0.0517964586615562 0.344519853591919 0.45812314748764 0.426077723503113 0.506601572036743 0.527726709842682 0.324070811271667 0.396493941545486 0.32828813791275 0.81574535369873 0.360479772090912 0.412720441818237 0.464771211147308
-999 0.0466762594878674 0.0481059812009335 -0.377330809831619 -0.149048089981079 0.134711101651192 -0.0649843215942383 -0.178431153297424 0.132598176598549 -0.214747697114944 -0.0547483153641224 -0.081179678440094 -0.084906630218029 -0.0104410210624337 0.0532483644783497 0.143087074160576 -0.0308428220450878 -0.160412400960922 0.115791618824005 -0.0593276210129261 0.0490440353751183 0.0239464528858662 -0.0619630999863148 0.234780237078667 -0.21208718419075 0.0816651433706284 -0.115862160921097 -0.218164011836052 0.0560287460684776 0.1115527972579 0.534724712371826 0.333785593509674 0.623947441577911 0.184580370783806 0.41188246011734 0.422146409749985 0.510199427604675 0.608034670352936 0.584273219108582 0.725973665714264 0.522497534751892 0.44926655292511 0.469392329454422
-999 -0.00667912280187011 -0.0233903527259827 0.0458338037133217 -0.136675879359245 -0.12077009677887 0.15129654109478 0.0304215457290411 0.303008854389191 -0.221213907003403 0.217913761734962 -0.0880631804466248 -0.0938060432672501 -0.167490929365158 0.0730195567011833 0.0697312727570534 0.000318062084261328 0.117536276578903 0.117904923856258 0.0967181399464607 0.0195799376815557 -0.0642831102013588 0.138955503702164 -0.2658651471138 -0.0201460607349873 0.670921981334686 0.0675370320677757 0.0139916762709618 0.0902294814586639 0.413050889968872 0.373832881450653 0.288791805505753 0.385436505079269 0.250476896762848 0.579221069812775 0.29399511218071 0.48034006357193 0.438476532697678 0.867989361286163 0.444292068481445 0.372436016798019 0.319440454244614 0.355719089508057
0.010883224196732 0.0189889464527369 -0.17559726536274 0.000871975847985595 -0.06672103703022 -0.0621397905051708 -0.118359200656414 -0.0270963590592146 -0.138150855898857 -0.0426339358091354 0.074716180562973 -999 -999 0.0610913448035717 0.0323358103632927 -0.04088094830513 0.0238818656653166 0.0121809197589755 0.272116363048553 0.0389605090022087 0.0516370534896851 -0.0218507163226604 -0.0160804633051157 -999 -0.140716418623924 -0.262785017490387 0.2431361079216 0.0742525160312653 -999 0.295788615942001 0.624151349067688 0.316900759935379 0.538353204727173 0.425388097763062 0.79729175567627 0.475008338689804 0.580151915550232 0.36876454949379 0.565371990203857 0.383247554302216 0.441021203994751 0.533118963241577 0.498426705598831
-0.0704441219568253 -0.0394605435431004 0.0135388886556029 -0.0739587470889091 0.0586803406476974 0.000356050208210945 0.0293568726629019 -0.0864254459738731 -0.0641153156757355 -0.107898831367493 0.0229968558996916 0.0491871237754822 0.00806808937340975 0.114642575383186 0.114033281803131 -0.308950901031494 -0.0327724516391754 -0.0730459615588188 -0.141018643975258 -0.000577129423618317 -0.0558544993400574 -999 0.0625521019101143 -0.0856120213866234 -0.315284192562103 0.172665610909462 -0.0485059693455696 0.197075292468071 -999 0.544134557247162 0.570299565792084 0.295081913471222 0.365968585014343 0.326027393341064 0.483225762844086 0.666281044483185 0.298735916614532 0.393389850854874 0.346087515354156 0.51699286699295 0.473141700029373 0.607437789440155 0.436974048614502
-0.0867184102535248 -0.120964594185352 -0.0830149725079536 0.0923189595341682 -0.0301017425954342 -0.115212604403496 0.0915618911385536 -0.0807695314288139 -0.109528973698616 -0.109804317355156 0.0457755364477634 0.00940150581300259 -0.255646169185638 -0.0452406108379364 -0.107894375920296 -0.0761876255273819 0.161280050873756 -0.229393914341927 -999 -0.311386197805405 -0.163213223218918 0.0763622522354126 -0.0179091729223728 -0.0726810246706009 0.53303462266922 -0.222586438059807 0.0587864518165588 0.168353378772736 0.113600887358189 -999 0.425761193037033 0.29844605922699 0.377349942922592 0.501459658145905 0.630752623081207 0.563490509986877 0.457937628030777 0.480965137481689 0.625860810279846 0.556057691574097 0.336411237716675 0.572545170783997 0.311715334653854
-0.0358809418976307 0.131217420101166 -0.0483429692685604 -0.0694848746061325 -0.112412549555302 -0.0851594284176826 -0.060321070253849 -0.075805626809597 0.0884884372353554 -0.0969800055027008 -0.0923901423811913 -0.0506393797695637 -0.104779936373234 0.0249949209392071 0.0886994600296021 -0.116511300206184 -0.0145373027771711 0.115458458662033 -0.212248623371124 0.115827925503254 -0.263027548789978 0.259076774120331 -999 0.136828377842903 -0.245039314031601 -0.125893339514732 0.337618112564087 0.392963409423828 0.305183440446854 -999 0.477476596832275 0.306353569030762 0.455357939004898 0.529765903949738 0.476855754852295 0.544623255729675 0.674682915210724 0.51439893245697 0.530243456363678 0.505650877952576 0.450540691614151 0.438937544822693 0.495839029550552
-0.116276502609253 -0.00689372047781944 -0.0730977952480316 -0.0262500196695328 -0.102940827608109 -0.158702492713928 -0.116946943104267 -0.0991330519318581 0.0924327373504639 -0.000647073960863054 0.0362729467451572 -0.00525445118546486 -0.107328750193119 -0.00812977831810713 -0.0760927349328995 -0.05006318166852 -0.0878803059458733 -0.0493516586720943 -999 -0.0692319199442863 -999 -0.197015434503555 -999 -0.0044163572601974 -999 -999 0.106877520680428 0.114992558956146 0.0893725827336311 -999 0.527046978473663 0.510696947574615 0.520525097846985 0.435781389474869 0.726503252983093 0.436158537864685 0.608124077320099 0.603131949901581 0.417964965105057 0.519248723983765 0.48119381070137 0.41546818614006 0.569124042987823
-0.144170299172401 0.0924931466579437 0.0648799389600754 -0.00119891413487494 -0.0249201916158199 -0.0491508021950722 -0.0951021611690521 0.0439759939908981 -0.0535271354019642 0.00490908185020089 -0.103722184896469 -0.0989378243684769 0.219128608703613 0.141101807355881 0.237362384796143 -0.0220254585146904 -0.103694647550583 -0.198857665061951 -0.112536035478115 -0.176566004753113 0.0157871004194021 0.277909725904465 -999 -999 -0.057592835277319 -0.171632334589958 -0.0343117415904999 0.1280657351017 0.251207530498505 -999 0.402260214090347 0.400795638561249 0.51811695098877 0.474460452795029 0.649159789085388 0.599626898765564 0.469583302736282 0.60295832157135 0.600180208683014 0.529549419879913 0.620962917804718 0.503835558891296 0.431528508663177
0.0556260347366333 0.0537657402455807 -0.0702809393405914 -0.0589930675923824 0.0325714237987995 0.0716727003455162 -0.016618549823761 -0.0160562675446272 0.01565957441926 0.0463216081261635 -0.141748160123825 0.019145131111145 0.00530656194314361 0.0931941419839859 -0.176349669694901 -0.163088604807854 -0.250959485769272 0.0831374078989029 -0.188236445188522 0.0111513435840607 -0.126395046710968 -999 -999 -999 -0.208892852067947 -0.165911853313446 -0.250132620334625 0.0168720185756683 -0.244941174983978 0.52177107334137 0.053537905216217 0.445113450288773 0.503452181816101 0.596465826034546 0.574568212032318 0.483825534582138 0.434141725301743 0.718432784080505 0.531020879745483 0.636065244674683 0.476886123418808 0.287796705961227 0.612152218818665
-0.00437879841774702 0.0706228464841843 -0.0975011438131332 0.00351245445199311 0.0542111210525036 0.00925070978701115 -0.0872683003544807 -0.012702789157629 -0.163825660943985 0.00344478944316506 0.0851098671555519 -0.0755884870886803 0.300602823495865 0.117379546165466 -0.276342391967773 0.000548186304513365 -0.0585685633122921 0.0173495355993509 -0.0561710484325886 0.0649934411048889 -0.0734587758779526 -999 -999 -999 0.19270721077919 0.0502727292478085 -0.108946718275547 -0.528035938739777 -999 0.130022972822189 0.427654683589935 0.464448273181915 0.74099326133728 0.677494585514069 0.556685745716095 0.505731999874115 0.494737833738327 0.379002690315247 0.473176062107086 0.389480739831924 0.653260827064514 0.608245611190796 0.403173983097076
-0.0769680291414261 0.0126023078337312 0.063698410987854 0.100540794432163 -0.138488054275513 -0.0933180898427963 -0.0753779709339142 -0.0348865129053593 0.0547059550881386 -0.0622960925102234 -0.264998823404312 0.068412110209465 -0.0332791432738304 -0.172847077250481 0.00262841582298279 -0.0531000457704067 -0.131215080618858 -0.00826707202941179 0.0675825178623199 0.23190101981163 -0.124396182596684 -0.124973632395267 -999 -0.0365382395684719 0.0408394262194633 0.0629347339272499 0.0640040785074234 0.0986873731017113 0.0382330678403378 0.183912545442581 0.451957643032074 0.926252722740173 0.398481220006943 0.601604163646698 0.570187389850616 0.30126741528511 0.419319331645966 0.446500897407532 0.547552943229675 0.412457674741745 0.430889099836349 0.463153064250946 0.507839500904083
-0.0364329442381859 -0.0114034544676542 -0.0493849106132984 -0.0704132840037346 -0.0340910218656063 -0.134068354964256 -0.163921043276787 -0.108172178268433 0.0473932102322578 0.000704377889633179 0.0610663294792175 -0.111949093639851 0.14823417365551 0.0214986074715853 0.107144020497799 0.0118303839117289 -0.0173382684588432 0.0688674598932266 -0.056493055075407 -0.0665851011872292 -0.228298231959343 -0.224328070878983 -999 -0.152507454156876 0.153541773557663 -0.0363738462328911 0.0985573828220367 0.115884013473988 0.150514930486679 0.212455525994301 0.47043514251709 0.552940428256989 0.788966655731201 0.540023267269135 0.643182337284088 0.406349003314972 0.545154809951782 0.432271897792816 0.460997104644775 0.453061699867249 0.356308877468109 0.411750376224518 0.454019725322723
0.102447554469109 -0.0529765486717224 -0.141981095075607 -0.140059351921082 -0.0915447771549225 0.102549955248833 -0.0497280694544315 -0.113050907850266 -0.0276041124016047 -0.0284843929111958 0.115233041346073 -0.0421069115400314 0.157757043838501 -0.0907463803887367 0.0859431177377701 0.0786110684275627 0.0773966610431671 0.00995619688183069 -0.00934181641787291 -0.167159035801888 -0.0490659736096859 -999 -999 -0.113991647958755 0.065573550760746 -0.0356175974011421 0.0448495894670486 0.0926949009299278 0.0282222758978605 0.317130506038666 0.315900057554245 0.421407133340836 0.489426255226135 0.54451596736908 0.447153359651566 0.497910469770432 0.549445807933807 0.51966255903244 0.493515908718109 0.663763105869293 0.43390816450119 0.385545313358307 0.469997704029083
