assets/gome_f/processed/ascii/world/gome_sif_world_20131201.asc
NCOLS 720 
NROWS 360 
XLLCORNER -180 
YLLCORNER -90 
CELLSIZE 0.5 
NODATA_value -3.4e+38 
[rows 95 to 113 of 360, columns 645 to 687 of 720]
0.0597156882286072 0.00320448097772896 0.051161989569664 0.00638463161885738 0.0546941645443439 -0.0101450448855758 0.000445405778009444 0.0587870106101036 0.108209423720837 0.0514706969261169 0.0459143370389938 -0.00588970258831978 0.0404144488275051 -0.0563303269445896 0.022886598482728 0.00185561180114746 0.00944718066602945 0.066584900021553 -0.079633928835392 0.0114858001470566 -0.0290058888494968 -0.0211669187992811 -0.012590117752552 -0.0966951549053192 0.027513800188899 -0.00998240523040295 -0.0323231555521488 -0.0429022312164307 -0.0306171718984842 0.00820961315184832 -0.0249972995370626 -0.00940854661166668 -0.0291145760565996 0.0510177500545979 -0.0120643088594079 0.00405562901869416 0.038265660405159 -0.0521802939474583 0.0787381455302238 0.0258972458541393 0.0358791910111904 0.0112813776358962 0.0352897942066193
0.0499591045081615 -0.0413494519889355 0.0702410861849785 0.0118959844112396 0.111611694097519 -0.0897496864199638 0.0812976509332657 -0.0480177477002144 0.0555309168994427 -0.0417677834630013 0.00689330184832215 0.0537231080234051 0.0472194217145443 0.00490429997444153 0.033973403275013 0.0680447816848755 0.0319222658872604 -0.0415087528526783 -0.0142496889457107 -0.137319028377533 -0.0617887265980244 0.0346074216067791 0.0845581069588661 -0.00876604672521353 0.0186864044517279 -0.00243697525002062 0.0246036648750305 0.0266543664038181 0.0269629191607237 -0.0101215168833733 0.083870142698288 -0.0184817891567945 0.0860215276479721 0.0697752833366394 -0.0450984165072441 0.0280532836914062 -0.0568495504558086 0.000345674896379933 -0.0884799137711525 -0.146294265985489 -0.0168225895613432 0.0860130563378334 -0.0508852452039719
0.0957932099699974 -0.0301541853696108 0.038188960403204 -0.0793127119541168 0.0243999883532524 -0.00404881918802857 0.00589336594566703 -0.0496915951371193 -0.0813402831554413 -0.0491501428186893 -0.0412771552801132 -0.0148716317489743 -0.00274031609296799 -0.0314153619110584 -0.0584178380668163 1.75474724528613e-05 -0.0200476236641407 0.0420669876039028 -0.0185549482703209 -0.0481724590063095 -0.0044828187674284 0.00312974047847092 0.0762493312358856 0.0102042211219668 0.0156372524797916 -0.0440129786729813 0.00701544806361198 0.00222396338358521 -0.0361845903098583 -0.0354761332273483 0.0304394271224737 -0.0130785787478089 0.0630970820784569 -0.0648644492030144 -0.0136344721540809 0.0957130268216133 -8.23069058242254e-05 0.0691612660884857 0.0282222162932158 -0.0484392642974854 -0.128537967801094 0.0249471571296453 0.020643699914217
-0.017020795494318 -0.0365113504230976 -0.12347300350666 -0.0630895644426346 0.079891711473465 0.117959901690483 0.0135874236002564 0.0789720118045807 0.0334383361041546 -0.042519498616457 -0.0401712357997894 0.00111464411020279 0.0196371302008629 -0.0294108111411333 0.107437498867512 0.070684514939785 -0.0152287017554045 0.00756416982039809 -0.0586505308747292 -0.091193325817585 -0.0367859937250614 -0.0337917730212212 -0.0684621185064316 -0.0586209706962109 -0.0377983301877975 0.0219550039619207 0.00263029080815613 0.032576747238636 0.029443034902215 -0.0239741764962673 -0.0195963550359011 -0.0281565673649311 -0.0535469278693199 -0.0160020478069782 0.00469622481614351 0.00973797775804996 -0.0367987267673016 -0.00641629612073302 0.101938724517822 -0.048075582832098 -0.0244962703436613 -0.01036411896348 -0.0347270891070366
-0.0317989066243172 0.016327079385519 -0.0111643141135573 0.114342771470547 -0.0372768379747868 0.0155277857556939 0.0449348948895931 0.0173427555710077 0.0223376769572496 -0.076533630490303 -0.0129740452393889 -0.0130697637796402 -0.119311228394508 -0.198424160480499 0.0613068081438541 -0.00797702092677355 -0.0300902668386698 -0.0348268486559391 -0.0814012438058853 -0.0223727412521839 -0.0864235088229179 0.0410829856991768 0.0249966643750668 0.0271818414330482 0.0344349965453148 0.0153027540072799 0.00676967389881611 -0.000471986248157918 0.0278610959649086 -0.00806132331490517 -0.0263361111283302 0.0607989616692066 -0.0150192817673087 0.00484967231750488 0.0172025244683027 0.0329596363008022 -0.00892389751970768 0.0104532930999994 -0.0190714634954929 -0.0153005970641971 0.0583254471421242 -0.027747668325901 -0.0417138263583183
0.00344309373758733 -0.0957021266222 -0.0691763907670975 -0.102410539984703 0.0429684966802597 0.0223371796309948 -0.0236987974494696 0.0979111567139626 0.0511286035180092 0.0185775365680456 0.0244803391396999 -0.0790601521730423 0.0882844254374504 -0.0329322405159473 -0.062710739672184 0.107722036540508 0.0109067857265472 0.0571613647043705 0.0282008536159992 0.0693347081542015 0.0879753306508064 -0.0406412407755852 -0.0640259087085724 -0.0532189980149269 -0.00435259798541665 -0.00577994296327233 -0.0377706997096539 0.0400888733565807 -0.0261922664940357 0.0115943839773536 -0.003133459482342 -0.0205647442489862 -0.0478815697133541 -0.0462372004985809 0.00301598268561065 -0.0419997721910477 0.103128276765347 -0.0264543704688549 0.0347584746778011 0.116571493446827 -0.00271452427841723 -0.0158465281128883 -0.0647447407245636
-0.00657387590035796 0.0789457187056541 0.06042804941535 -0.0141552789136767 0.0955219641327858 -0.0408359915018082 0.0196821689605713 0.0281100571155548 0.14152005314827 -0.0576597861945629 0.0159020889550447 -0.0276261568069458 0.0511823520064354 -0.0085512101650238 -0.0144109446555376 0.0690545812249184 -0.00104224251117557 0.0984485968947411 0.00905314739793539 -0.0248647760599852 -0.024815009906888 -0.0522133521735668 0.0463628433644772 0.0353818573057652 0.0362590998411179 0.0138990841805935 0.048475805670023 0.0309250727295876 0.0356170833110809 0.00983820948749781 -0.0600822158157825 -0.0524768009781837 -0.127680823206902 0.0669578313827515 -0.0127638652920723 0.0694022104144096 0.0139292031526566 -0.0508039407432079 -0.0185171086341143 -0.0543477237224579 -0.0269229467958212 -0.0747330337762833 0.0295977592468262
-0.0342441536486149 -0.0788945853710175 -0.00176644173916429 0.0661094561219215 0.00407682918012142 0.0672696828842163 -0.118106693029404 -0.00216365233063698 0.0327055305242538 -0.0430624149739742 0.016971355304122 -0.0710090920329094 -2.4847686290741e-05 -0.038657434284687 -0.118526458740234 -0.072009451687336 -0.0662817433476448 0.0110456608235836 0.00106668577063829 0.0697982385754585 -0.0183565262705088 0.0319528132677078 0.0476716943085194 0.0251086317002773 -0.00273582991212606 0.166529014706612 0.0187370385974646 0.0686697661876678 0.00396685861051083 0.0446700304746628 0.0429327599704266 0.00318102585151792 -0.00494669564068317 0.0401407144963741 -0.0246656145900488 0.0268662758171558 -0.0354192294180393 -0.0306638367474079 -0.00282449298538268 0.0491884462535381 0.0109226126223803 -0.0145894102752209 -0.0281495954841375
-0.0134258922189474 0.00747906230390072 0.0227066222578287 -0.0425051227211952 -0.037841934710741 0.00459341192618012 0.113668575882912 0.042636651545763 0.0433900877833366 0.0169160459190607 0.0201796982437372 0.08974639326334 0.0405065640807152 0.00283679738640785 -0.0187597926706076 -0.0221881102770567 0.025349760428071 0.131528154015541 0.00654156878590584 -0.0413232184946537 0.0363739542663097 -0.0355593599379063 0.0150442020967603 0.0170046053826809 0.00970500521361828 0.0473852083086967 0.0356034934520721 -0.0280407760292292 -0.0323492959141731 -0.0234886836260557 -0.00169531477149576 -0.100606039166451 0.0383372157812119 -0.0411594212055206 -0.0100311813876033 -0.000273418438155204 -0.0242659505456686 -0.0868784040212631 -0.00171855767257512 0.0301751513034105 0.0606844760477543 -0.0282176043838263 -0.0569649152457714
-0.0352242328226566 -0.0191729012876749 -0.0974936187267303 0.00680429255589843 0.0765769481658936 -0.0261910296976566 -0.00666567357257009 -0.0116177387535572 0.0107409628108144 -0.0581692345440388 0.0823261216282845 -0.00866727251559496 0.0377920493483543 0.016977321356535 -0.0348747596144676 -0.0817492827773094 -0.0048458706587553 0.0241825450211763 0.0796859562397003 -0.0445013716816902 -0.0635083541274071 -0.0333227440714836 -0.0159911550581455 -0.0238343756645918 0.0300542041659355 0.00092884578043595 -0.0430376641452312 0.0367050282657146 -0.00043448485666886 0.00245969113893807 0.0302791148424149 -0.00110856490209699 -0.0495540238916874 -0.11645270884037 0.00517803989350796 0.0410859920084476 0.0881093591451645 0.0149508332833648 0.101331137120724 0.0211462341248989 0.0230794847011566 0.0597303546965122 0.0268281046301126
-0.0400728769600391 -0.0219513587653637 0.0350470580160618 -0.00210483651608229 -0.0751642286777496 -2.14144583878806e-05 0.0442903339862823 0.0189413130283356 -0.0153798693791032 -0.0512238033115864 -0.00162187812384218 0.0246189590543509 -0.0312971547245979 0.0841763317584991 -0.00800992269068956 -0.00147989951074123 0.0500882267951965 -0.0863471627235413 0.0771932154893875 0.00378674268722534 -0.0551283955574036 0.00577613525092602 0.0254262275993824 0.000914087344426662 0.0101411687210202 -0.00727999629452825 -0.00289059523493052 -0.0658840835094452 -0.043349664658308 0.0536068491637707 0.00911063142120838 -0.0383054055273533 -0.0921051204204559 -0.00723508512601256 0.00585061032325029 -0.00201975530944765 0.00282421568408608 -0.00606297934427857 0.0670545324683189 -0.00147873826790601 -0.0115090496838093 -0.0297032184898853 0.0341226980090141
0.0193202681839466 0.0821104869246483 -0.139604613184929 0.0677823126316071 0.120499521493912 0.0836468487977982 -0.0531098954379559 0.0223066303879023 -0.0150542538613081 0.0852360501885414 0.0428354628384113 -0.024835804477334 0.0198192298412323 -0.0511614121496677 0.0478092096745968 0.000173240434378386 0.0423823520541191 0.0145528102293611 -0.0545055791735649 0.0515411682426929 0.0786403641104698 -0.0744296610355377 0.0216755215078592 0.0568378493189812 0.0258785076439381 0.0329770445823669 -0.0114931287243962 0.0642378702759743 -0.0579308532178402 0.00961080193519592 0.0268196668475866 0.0315635912120342 0.0155374379828572 -0.0335691533982754 0.016644548624754 0.00363660417497158 0.0111491102725267 0.0467750579118729 0.08173618465662 0.0665727332234383 -0.056592658162117 -0.0336640700697899 -0.0095832971855998
0.0395463332533836 -0.0379787534475327 -0.105421923100948 0.00672005861997604 -0.0670968815684319 0.114145867526531 0.0312848575413227 -0.00622466951608658 -0.0633975192904472 -0.0633183568716049 -0.0130891082808375 0.049750741571188 -0.0314342491328716 -0.0650322213768959 0.129827618598938 -0.128944367170334 0.033191304653883 0.0624941699206829 0.099387526512146 -0.10807391256094 0.0397073291242123 0.0357270799577236 0.0127773648127913 0.0926988944411278 0.0450810194015503 -0.0159995369613171 -0.0441166311502457 -0.0521652698516846 0.0182062312960625 0.0647364631295204 0.0357261337339878 0.0298645179718733 -0.088179737329483 0.0298754535615444 -0.00834030378609896 -0.0443810969591141 -0.00670950813218951 -0.0407803729176521 0.0860121473670006 -0.0111397700384259 -0.00653144204989076 -0.0221480373293161 0.0188842434436083
-0.0781160816550255 0.00350423902273178 0.0900503993034363 -0.0102635826915503 0.11844277381897 -0.146665647625923 0.0134126488119364 -0.0584718026220798 -0.0384885780513287 0.0307843219488859 0.123341120779514 -0.0473092794418335 0.0369225330650806 -0.0598672814667225 -0.0558135472238064 0.0124612869694829 0.0563405156135559 0.0056446036323905 -0.0208773091435432 0.0188827197998762 0.0717279762029648 -0.0584142990410328 -0.0231867041438818 -0.0119748366996646 0.126656547188759 -0.046980794519186 0.0549575053155422 0.0514731518924236 0.0525678545236588 -0.00387873686850071 0.0457258932292461 -0.0364459902048111 0.0927580520510674 -0.0158518832176924 -0.00892382115125656 -0.0643742904067039 0.0496223345398903 -0.0962811633944511 0.117365650832653 -0.0326440930366516 0.0432347878813744 -0.101450473070145 0.0964420363306999
-0.0174758452922106 0.212101802229881 0.115014754235744 -0.088558204472065 0.0733159556984901 0.110903069376945 -0.039700236171484 -0.048719484359026 -0.120473146438599 -0.0578451342880726 0.0848540067672729 0.0179176479578018 0.0187247097492218 -0.0356271527707577 0.00108570407610387 -0.0697536766529083 -0.061906810849905 -0.00460614077746868 -0.138919994235039 0.0246139988303185 0.00188637315295637 -0.0421637110412121 0.0427531935274601 0.0376127511262894 0.00684793805703521 0.114047288894653 -0.0463346429169178 0.012764684855938 -0.00962776225060225 0.0981175303459167 0.00416461797431111 -0.0148546518757939 0.0205484237521887 0.0847791284322739 0.0168271213769913 0.0253049489110708 0.00579862575978041 -0.0141616277396679 0.0464856661856174 0.0600132569670677 -0.0200817808508873 -0.106257997453213 0.00646800827234983
-0.0234930869191885 0.0214217156171799 -0.0272224154323339 0.036284614354372 0.00772688398137689 0.0266866628080606 0.0752781331539154 0.00422924431040883 -0.0170441456139088 0.0873500853776932 -0.0127842621877789 0.0491633787751198 -0.0404004231095314 0.0318596735596657 -0.0593674257397652 -0.0112852156162262 0.0154219996184111 0.0708463862538338 0.0956971198320389 0.00210411148145795 -0.0223168879747391 0.0504152067005634 0.129143953323364 0.0345889776945114 0.102776750922203 0.0145800495520234 -0.0225767139345407 0.0736318230628967 0.01772734336555 0.0601373873651028 0.0179898459464312 0.0473571568727493 -0.00932688824832439 -0.0469323508441448 0.0442249365150928 0.0307241566479206 0.0575793012976646 0.0527010448276997 -0.0206672791391611 -0.018082570284605 -0.136778831481934 -0.045170970261097 -0.0598820559680462
0.146364003419876 -0.0755730867385864 0.0488181449472904 0.069595493376255 -0.0971449166536331 0.103357844054699 -0.0661484524607658 0.0460957773029804 -0.0659410133957863 -0.00617761444300413 0.0350425243377686 0.035145491361618 -0.0347825698554516 -0.0363478027284145 -0.0236810408532619 -0.0606846995651722 0.00253014452755451 -0.0173515435308218 0.0109845036640763 -0.014582047238946 -0.171155005693436 0.0266783870756626 0.121027007699013 0.00281093223020434 -0.0560677200555801 0.0102543439716101 -0.0354342274367809 -0.0280245319008827 -0.0548781007528305 0.0264943651854992 0.0997209623456001 0.0671728551387787 -0.0398344807326794 -0.0412081703543663 -0.0591788329184055 -0.12163332849741 -0.0388521142303944 0.0399597249925137 -0.0180348437279463 0.00933691952377558 -0.03848847001791 -0.00984195340424776 0.106951028108597
0.00359292817302048 0.0803887546062469 -0.13915379345417 0.138070628046989 -0.0262281633913517 0.0910746827721596 0.133707836270332 0.0362925119698048 -0.0894640386104584 0.0669877305626869 -0.00271415431052446 -0.019293487071991 -0.0026169007178396 0.00534492451697588 0.0226127561181784 -0.00420127715915442 0.0403233990073204 -0.00995868816971779 -0.114575624465942 -0.0385169349610806 0.0652543306350708 0.0629497915506363 -0.00223621795885265 -0.0452244989573956 -0.0943895503878593 0.0494696386158466 0.0437924116849899 0.00400573899969459 -0.0242570526897907 0.0366754531860352 -0.0471991971135139 -0.0166001543402672 -0.0365128330886364 -0.102717578411102 0.0068198018707335 0.002437878632918 0.0420328453183174 0.155855685472488 -0.0743210911750793 0.0628616437315941 -0.0182360410690308 -0.0980069786310196 0.00962631031870842
0.0302686244249344 0.138217926025391 0.00026021376834251 -0.00780877564102411 -0.0134816709905863 -0.0757030621170998 0.0210318248718977 -0.00667569786310196 -0.126301750540733 0.0548388250172138 0.0509836375713348 -0.00259555620141327 0.030556496232748 -0.100094951689243 -0.00458783423528075 0.0664869248867035 -0.0136271324008703 -0.00786385964602232 0.0918000936508179 -0.0147217232733965 0.0775875225663185 -0.0199120063334703 0.0243157017976046 -0.0203902516514063 0.00660135038197041 0.00642233993858099 -0.0274858064949512 -0.0267233811318874 -0.0272172447293997 0.036930188536644 -0.058299757540226 0.093229316174984 -0.0177762862294912 -0.0481656789779663 0.0887117609381676 0.0164298694580793 0.0524451285600662 0.0923714190721512 0.0306065380573273 0.0124302878975868 0.0440680533647537 -0.050905603915453 0.0169190894812346
