assets/gome_f/processed/ascii/world/gome_sif_world_20110701.asc
NCOLS 720 
NROWS 360 
XLLCORNER -180 
YLLCORNER -90 
CELLSIZE 0.5 
NODATA_value -3.4e+38 
[rows 133 to 151 of 360, columns 129 to 171 of 720]
0.0437509827315807 -0.120746225118637 0.00256459973752499 -0.0344627760350704 0.0254186373203993 0.138549223542213 -0.0336863920092583 0.00581596605479717 0.00585582852363586 -0.0696750208735466 -0.0206798017024994 0.0122879976406693 -0.0271706823259592 0.0520723685622215 0.0514361001551151 -0.027229642495513 -0.0280144922435284 0.0950095057487488 0.384043544530869 0.439913779497147 0.315295159816742 0.275549709796906 0.119394481182098 0.102357760071754 0.126437291502953 0.173488795757294 0.0839600190520287 0.0276217833161354 0.12907937169075 0.153906583786011 0.175820395350456 0.301871478557587 0.382535725831985 0.610410690307617 0.563890397548676 0.561284303665161 0.0612791776657104 0.0228082500398159 -0.115833707153797 -0.0301195979118347 0.0110120167955756 -0.0938646048307419 0.0535635836422443
0.028605692088604 0.0388613790273666 -0.038496732711792 -0.025703078135848 -0.0477286241948605 0.0546375997364521 0.0508287101984024 -0.0971059501171112 0.00653711892664433 0.00091770978178829 -0.0499492026865482 -0.0339066199958324 0.0249131564050913 0.0323227047920227 0.05199920758605 0.0699371844530106 -0.0235177166759968 -0.0244712010025978 0.13102100789547 0.33001908659935 0.530650854110718 0.367381304502487 0.254774332046509 0.15595643222332 0.127995178103447 0.10431943833828 0.0321768037974834 0.06430334597826 0.111394010484219 0.102949663996696 0.223542407155037 0.399819105863571 0.404183775186539 0.529009759426117 0.340045154094696 0.29410195350647 0.0690759718418121 0.0137950303032994 0.0272970031946898 0.0223442260175943 0.053012914955616 -0.00393798528239131 0.0444828644394875
0.0524970665574074 0.0265950728207827 0.0416485965251923 0.0318454056978226 -0.0642166659235954 0.0398519262671471 0.0907190889120102 0.00784271955490112 0.0792593657970428 0.080046571791172 0.0575078502297401 -0.0354594253003597 0.124851025640965 0.0144221307709813 -0.00450392346829176 0.0297114048153162 0.0802468657493591 -0.0524218715727329 0.0188255608081818 0.127746626734734 0.251621663570404 0.485638320446014 0.344502031803131 0.303506284952164 0.245069727301598 0.176147490739822 0.102485351264477 0.195744350552559 0.12984599173069 0.247276782989502 0.287412762641907 0.350969642400742 0.281986981630325 0.515471935272217 0.286532551050186 0.108656421303749 0.069632962346077 -0.0247530248016119 0.0228613223880529 -0.0390210002660751 -0.0698087811470032 0.0342696756124496 0.0382663011550903
-0.15826091170311 0.0319567732512951 -0.0104409847408533 -0.0358292460441589 -0.0288249645382166 -0.00921793840825558 0.0018257349729538 -0.0311956238001585 -0.0110597154125571 0.0126988040283322 -0.0298444572836161 -0.0213199146091938 0.0147773949429393 0.0134695414453745 0.036318127065897 -0.0438973717391491 -0.026464244350791 0.047587051987648 0.0527722388505936 0.0489377565681934 0.328903377056122 0.678539395332336 0.489180356264114 0.523982107639313 0.320908814668655 0.332406371831894 0.210297599434853 0.1946731954813 0.132878363132477 0.214474588632584 0.230418547987938 0.351204812526703 0.609472572803497 0.521299481391907 0.520250797271729 0.2762271463871 0.214843466877937 0.0641967132687569 -0.0369695648550987 0.0443288236856461 0.028730096295476 0.031702134758234 0.0658688992261887
-0.0591787025332451 0.0780648291110992 0.00071792711969465 0.0473009496927261 -0.0253305807709694 -0.0347655527293682 -0.0739583894610405 -0.021792171522975 0.000634599011391401 -0.0467644110321999 0.0276301298290491 0.020666217431426 -0.00955517403781414 -0.0474036298692226 -0.0840117484331131 -0.0575008504092693 0.0530479811131954 0.0291835647076368 0.12044332921505 0.154693230986595 0.27296707034111 0.527273714542389 0.438880175352097 0.576473474502563 0.437443226575851 0.600411772727966 0.322042137384415 0.259498566389084 0.272501945495605 0.197527021169662 0.236959129571915 0.252375513315201 0.50964879989624 0.569922804832458 0.55088210105896 0.433125197887421 0.27497610449791 -0.0137245375663042 0.0102726835757494 -0.0230845864862204 0.0327371992170811 0.0180164743214846 0.0181796737015247
-0.0539032779633999 0.0175624322146177 -0.0821700394153595 -0.0624268874526024 -0.00994646176695824 -0.129717275500298 0.0630735456943512 -0.0553968511521816 0.0425307713449001 -0.0206132773309946 0.00510625494644046 -0.0275098606944084 0.0149682816118002 0.0333994552493095 -0.0537399835884571 0.0616177804768085 0.0747487172484398 -0.113859534263611 0.0514875091612339 0.0185323022305965 0.41967910528183 0.608552575111389 0.570717215538025 0.512559711933136 0.45380961894989 0.566728293895721 0.37220025062561 0.39493003487587 0.349089741706848 0.250723630189896 0.206609591841698 0.35082870721817 0.300105780363083 0.489040851593018 0.540704011917114 0.456884384155273 0.415556043386459 0.12102946639061 0.042137399315834 -0.0387515127658844 -0.039299126714468 -0.00925779901444912 0.107953675091267
0.000744289951398969 -0.0872173681855202 -0.0410002321004868 0.084446482360363 -0.0704628005623817 0.00991000235080719 0.13168577849865 0.0877022966742516 -0.0499839894473553 0.00917112547904253 -0.0637199133634567 0.0197729673236609 0.0234752390533686 0.0433135740458965 0.0875220224261284 -0.00104710762389004 0.0643151476979256 0.0541103444993496 -0.0925229862332344 0.119856283068657 0.384845733642578 0.624176144599915 0.452975571155548 0.508069396018982 0.488866597414017 0.466731250286102 0.437618643045425 0.581282913684845 0.499480068683624 0.273038655519485 0.340389966964722 0.244066879153252 0.438710898160934 0.338865876197815 0.617364525794983 0.539728939533234 0.462983518838882 0.427119940519333 0.193006440997124 -0.0202840585261583 0.0742839425802231 -0.0970795005559921 -0.027425667271018
0.0872064903378487 0.0972269251942635 -0.0811650231480598 -0.0721732154488564 0.0439903512597084 -0.0485528670251369 0.0348636098206043 -0.0821696445345879 0.0012796203373 0.0499997101724148 -0.00126427283976227 0.00618383008986712 0.0391545481979847 -0.0560095980763435 0.0574380159378052 -0.0607598051428795 -0.0632118061184883 -0.0314361825585365 0.0274351239204407 0.0250575412064791 0.341377586126328 0.530723392963409 0.593625664710999 0.461404174566269 0.583540976047516 0.621008276939392 0.43999394774437 0.533083975315094 0.473594784736633 0.447876393795013 0.435525149106979 0.491139143705368 0.361339330673218 0.238460540771484 0.443247407674789 0.330255150794983 0.411639332771301 0.503707468509674 0.262246459722519 -0.062968485057354 0.0840454027056694 -0.116930082440376 0.00115804432425648
0.0448075421154499 -0.0311239752918482 0.0649690628051758 -0.00466675730422139 0.0295620765537024 -0.0470005087554455 0.1103800162673 -0.0512527637183666 0.0391852110624313 0.0803199335932732 0.0330227911472321 -0.00972258951514959 0.0302452053874731 -0.0338459983468056 -0.0304848402738571 0.0203222203999758 -0.0826760530471802 -0.0532446503639221 0.0393181256949902 -0.0729987770318985 -0.00456594536080956 0.243767365813255 0.511145889759064 0.701070725917816 0.548338651657104 0.65775740146637 0.621713280677795 0.465692132711411 0.453775852918625 0.611463069915771 0.562996566295624 0.434246212244034 0.41053831577301 0.336550623178482 0.421355903148651 0.485740810632706 0.403477847576141 0.459535479545593 0.454787164926529 0.119342297315598 0.00420043943449855 -0.137972146272659 -0.00450012227520347
-0.0133516807109118 -0.00962742231786251 -0.0125362137332559 -0.00630010711029172 0.0176615249365568 0.0302910134196281 -0.107029631733894 0.00576398056000471 0.00295825535431504 0.0179914087057114 -0.00682697491720319 -0.0877371802926064 -0.0287699662148952 -0.0327689610421658 -0.0852071344852448 -0.0175743699073792 -0.032742865383625 -0.128609389066696 -0.016102148219943 0.0963762253522873 0.0879632234573364 0.051817711442709 0.205680981278419 0.291695177555084 0.629532694816589 0.432191640138626 0.641656458377838 0.569800853729248 0.887932777404785 0.558785915374756 0.593436062335968 0.44636470079422 0.735016167163849 0.442262709140778 0.38684070110321 0.31719833612442 0.516763031482697 0.570231556892395 0.661445260047913 0.387333303689957 0.508474230766296 -0.0797045528888702 0.124045461416245
-0.0254206210374832 0.0680775120854378 0.0818180218338966 -0.0346688441932201 -0.102664016187191 0.0571343079209328 0.013954171910882 -0.0681730285286903 -0.0277910232543945 -0.0319606997072697 -0.0232435967773199 -0.00887215603142977 -0.101984769105911 -0.0106198536232114 0.109801664948463 -0.130710035562515 -0.00351280439645052 -0.12022753059864 -0.0574197061359882 -0.0444845892488956 -0.0323012508451939 0.0615314245223999 0.000270102784270421 0.0306590646505356 0.198216781020164 0.42357936501503 0.482052594423294 0.603905916213989 0.57071053981781 0.61562567949295 0.637787342071533 0.68422132730484 0.56154203414917 0.741870105266571 0.584676504135132 0.423239976167679 0.464226722717285 0.323315590620041 0.521081984043121 0.708195149898529 0.652780830860138 0.581482172012329 0.398495733737946
-0.0283845011144876 0.00118193170055747 0.0628982856869698 0.0183707531541586 0.0181811023503542 0.0455008707940578 0.0184195395559072 0.0702140629291534 0.033418595790863 0.0496704690158367 0.0220560170710087 0.0570121556520462 0.0363118499517441 0.0540929213166237 -0.0363419502973557 0.0944966822862625 -0.0865925252437592 0.0269355829805136 0.0537339746952057 -0.140710189938545 -0.0274211522191763 0.00498242862522602 -0.0266703348606825 0.0412907004356384 0.0470061600208282 0.037898987531662 0.0893683731555939 0.286348819732666 0.458137273788452 0.468286454677582 0.623003721237183 0.566024839878082 0.56122499704361 0.397822022438049 0.490969926118851 0.430009543895721 0.253738313913345 0.36353075504303 0.502641499042511 0.928896844387054 0.674872398376465 0.72943240404129 0.785064280033112
0.039974071085453 0.0379488989710808 0.00594815146178007 -0.000765847915317863 0.0702580064535141 -0.110092543065548 -0.0463451854884624 0.0181397404521704 -0.062592901289463 -0.0919369831681252 -0.0288313757628202 0.0320757851004601 -0.0318778678774834 -0.078758992254734 -0.0170924235135317 -0.035932969301939 -0.00594941433519125 0.0203335136175156 -0.0584194324910641 0.0253222715109587 -0.0800848081707954 0.0705488100647926 0.0211719106882811 -0.00276244175620377 0.0294771548360586 -0.0229386705905199 -0.0575620159506798 -0.01297050062567 0.110026568174362 0.330815136432648 0.554907381534576 0.609185636043549 0.519414007663727 0.409916669130325 0.495307564735413 0.360879331827164 0.333082407712936 0.143500834703445 0.108447819948196 0.631863534450531 0.643186450004578 0.866456091403961 0.658010721206665
0.00589240714907646 -0.000588239112403244 0.0022972475271672 0.104789726436138 -0.0054305731318891 0.0386525318026543 0.0570564866065979 -0.0378909260034561 -0.0464594997465611 0.0248966012150049 0.0792466700077057 -0.0347896069288254 -0.0224144607782364 0.00371455261483788 -0.0914854407310486 0.0417787842452526 0.100729733705521 0.0367619320750237 -0.13378818333149 -0.00712838629260659 -0.0715290680527687 0.0512518361210823 0.0535712093114853 -0.0457423068583012 -0.032152496278286 0.0398828834295273 -0.00588674610480666 0.0987324491143227 -0.0432731918990612 0.0264605917036533 0.137482643127441 0.12834794819355 0.424383997917175 0.568392813205719 0.736746430397034 0.454890042543411 0.302961111068726 0.4849713742733 0.411205768585205 0.75822526216507 0.587391257286072 0.649266600608826 0.673715174198151
0.0616500377655029 0.0634757429361343 -0.0129166264086962 0.012316576205194 0.0432625152170658 -0.049190379679203 -0.0681952387094498 0.0960201993584633 0.0121148163452744 0.0284264553338289 -0.0397700928151608 -0.0581736899912357 -0.00755805661901832 0.00901072286069393 -0.0143319265916944 -0.0185743924230337 -0.000311869836878031 -0.00884077977389097 -0.0956045389175415 -0.0264653190970421 -0.0269608311355114 0.0449930280447006 0.0685209780931473 -0.118962019681931 -0.0894095897674561 0.0252715591341257 -0.00516426144167781 -0.0561714582145214 -0.0373348295688629 0.0459804236888885 0.0202404242008924 -0.0553073883056641 0.141657486557961 0.103784941136837 0.266800671815872 0.531992793083191 0.550937473773956 0.500194489955902 0.589067935943604 0.880939662456512 0.357558995485306 0.309802740812302 0.471058905124664
0.00424551824107766 -0.00895215477794409 0.00851921085268259 0.0444057770073414 0.00123941153287888 -0.187225162982941 -0.0358647294342518 -0.0173717085272074 0.0338795334100723 -0.0176669675856829 -0.0357267186045647 -0.0252910684794188 0.00697107426822186 0.0257277172058821 0.0207891687750816 0.0206479635089636 -0.029050026088953 -0.00471344729885459 0.0199420750141144 -0.0071818889118731 0.0813955590128899 0.0830219238996506 0.0789354220032692 0.00245713442564011 0.0900721848011017 0.00137244910001755 0.0343107543885708 0.047484278678894 -0.059020571410656 -0.0632112473249435 -0.0364481322467327 0.0617819428443909 -0.0907797366380692 0.0200317278504372 0.065618708729744 0.166214719414711 0.239995986223221 0.252340406179428 0.435994178056717 0.194041103124619 0.150796234607697 0.0380113981664181 0.0402629561722279
0.00386899197474122 0.0293512605130672 0.0871229246258736 0.0142795527353883 0.0285851005464792 0.0016058711335063 0.0527885779738426 -0.000991708366200328 -0.0181220956146717 0.13238513469696 0.0068540507927537 -0.0177449639886618 -0.073628306388855 -0.0127533851191401 -0.00369431963190436 0.0334886200726032 0.0745318681001663 -0.0167762320488691 -0.0040075327269733 0.0550640672445297 -0.0489902421832085 0.0437200106680393 -0.0079949414357543 -0.00852999743074179 -0.0845320895314217 -0.0282186735421419 -0.00647030863910913 -0.0374063402414322 -0.0841468721628189 -0.0678054019808769 0.0416888669133186 0.0498610585927963 0.0746193155646324 0.0472026839852333 0.0345678701996803 -0.0824493020772934 0.0282341372221708 0.039182148873806 0.127407759428024 -0.00743678072467446 -0.0695937126874924 0.0193038806319237 -0.0386755801737309
0.0638794675469398 -0.0823487564921379 0.00269550993107259 -0.00453242752701044 0.115006975829601 0.0177010297775269 -0.0136344144120812 -0.0454781726002693 -0.0311166141182184 -0.0538721792399883 -0.0295631140470505 -0.0552553571760654 0.0335771590471268 0.0713014081120491 0.142809554934502 0.0214414913207293 0.0698679089546204 -0.0705751329660416 -0.0338817499577999 -0.0101436683908105 0.0560137145221233 -0.0616560205817223 -0.0295144189149141 -0.0468109883368015 -0.0875193476676941 0.13449527323246 -0.0593121647834778 0.0602176524698734 0.0222000535577536 -0.146976590156555 -0.0715960562229156 0.121069096028805 0.0868831872940063 0.0458744131028652 -0.0474012829363346 0.0574927106499672 -0.078553281724453 0.0162504054605961 0.119601875543594 -0.0325458124279976 0.0886149704456329 -0.0914952382445335 -0.0468792803585529
-0.0289395563304424 0.0729293450713158 0.0153846452012658 -0.0298692621290684 -0.0747825056314468 0.0278531406074762 0.028784517198801 0.00798667035996914 0.0545736663043499 0.128501698374748 0.0376062542200089 0.108445070683956 0.00120780768338591 -0.0539717152714729 0.0138769717887044 -0.0513870641589165 -0.0496663115918636 0.0546960756182671 -0.0180570632219315 0.0220389608293772 -0.139818027615547 0.0164322145283222 -0.0243795774877071 0.00972260255366564 -0.0812641903758049 0.088059738278389 -0.11161245405674 -0.0663431882858276 0.00305898301303387 0.0989347398281097 -0.0146748814731836 0.0578727871179581 0.0298634003847837 0.0416621305048466 0.0212310794740915 -0.0663843303918839 -0.0044606002047658 0.160392329096794 0.023760175332427 -0.0681462809443474 -0.0382993184030056 0.119518756866455 0.0297622829675674
