assets/gome_f/processed/ascii/world/gome_sif_world_20120601.asc
NCOLS 720 
NROWS 360 
XLLCORNER -180 
YLLCORNER -90 
CELLSIZE 0.5 
NODATA_value -3.4e+38 
[rows 171 to 189 of 360, columns 559 to 601 of 720]
0.0201518125832081 0.00485181994736195 0.267811685800552 0.470659375190735 0.441869348287582 0.38832500576973 0.375550240278244 0.367743730545044 0.111893385648727 -0.0933831259608269 -0.008888422511518 0.0409553535282612 -0.104464650154114 0.0905145481228828 -0.0222574044018984 -0.0480799973011017 -0.107063516974449 -0.0457192994654179 0.0558969378471375 0.160311207175255 0.0284009650349617 0.00238041649572551 -0.0305332262068987 -0.111079894006252 0.0249167084693909 0.0385040901601315 -0.0291179027408361 -0.0169972218573093 0.163399010896683 0.285327702760696 0.578763663768768 0.438583254814148 0.307673126459122 0.385106086730957 0.547324359416962 0.279158383607864 0.250445127487183 0.0505835115909576 0.0519747026264668 -0.0471637472510338 -0.0876386910676956 0.080359049141407 0.0319264978170395
0.0251473002135754 0.0383774153888226 0.157833307981491 0.348034054040909 0.350134938955307 0.330002695322037 0.415504932403564 0.300235241651535 0.120357848703861 -0.00409858440980315 -0.0646045878529549 -0.0460664741694927 0.0242526791989803 0.0349447391927242 0.145722255110741 -0.0593234002590179 -0.031756155192852 0.08961121737957 0.0251860544085503 0.113397210836411 -0.0162383522838354 0.0190869458019733 0.0264355726540089 -0.0628717020153999 0.0207847133278847 0.00799206364899874 -0.00270178914070129 0.136244386434555 0.32664492726326 0.314117968082428 0.483780384063721 0.53359442949295 0.498496830463409 0.343470692634583 0.343277037143707 0.274354577064514 0.184237688779831 0.0433352999389172 -0.0341729894280434 -0.036302924156189 -0.0506772734224796 -0.048068642616272 -0.0121111804619431
0.269392609596252 -0.10276798158884 -0.102038219571114 0.203677594661713 0.346588104963303 0.39478000998497 0.38478696346283 0.487089216709137 0.167663216590881 -0.0399677231907845 -0.0998059585690498 -0.143836975097656 0.0342114269733429 0.0796906501054764 -0.0301756430417299 0.0382224544882774 -0.0863126069307327 0.0219811014831066 -0.0559600293636322 0.0332841277122498 -0.0468263886868954 -0.0313855931162834 0.0257019344717264 0.00974007043987513 0.073987141251564 0.135987415909767 0.198071911931038 0.320153176784515 0.412392944097519 0.468931406736374 0.432581126689911 0.446417659521103 0.397220343351364 0.284168034791946 0.419267922639847 0.264813780784607 0.143215909600258 0.0110486838966608 -0.0345520190894604 0.0482173748314381 0.0690948516130447 0.0490335822105408 0.0494377724826336
0.398327082395554 0.221540585160255 0.0431057885289192 -0.00186089181806892 0.0705395042896271 0.514645516872406 0.461713373661041 0.31343087553978 0.235256031155586 -0.0285465884953737 0.0344488397240639 0.0174218788743019 0.0209048893302679 -0.110311329364777 -0.0315071158111095 0.0354161448776722 -0.082889087498188 -0.0716868191957474 0.0276806876063347 0.0172131285071373 0.0105931079015136 0.0455671772360802 0.108685381710529 0.0765957832336426 0.244459420442581 0.290258854627609 0.394200533628464 0.382022589445114 0.476266920566559 0.438588261604309 0.317559808492661 0.301380753517151 0.289396554231644 0.26096373796463 0.393873900175095 0.547370851039886 0.365284860134125 0.0923258438706398 -0.069805696606636 0.0189537554979324 -0.0943069085478783 0.0696946829557419 0.00763783883303404
0.397036761045456 0.398212671279907 0.292280644178391 0.315037131309509 0.0878917947411537 0.141839101910591 0.347058534622192 0.391314387321472 0.407268196344376 0.155541300773621 0.0511643700301647 0.00231376849114895 -0.0622856952250004 0.0636080801486969 0.0620633475482464 -0.071616418659687 0.0332305990159512 -0.105554737150669 0.0854107365012169 0.0132479621097445 0.101235561072826 -0.0016706173773855 -0.0479657873511314 0.154199361801147 0.353844046592712 0.425490260124207 0.375598967075348 0.405740976333618 0.333032637834549 0.430911540985107 0.384236186742783 0.390992313623428 0.29520371556282 0.462900966405869 0.384085297584534 0.428158760070801 0.412906289100647 0.0129664959385991 0.0577174089848995 0.00689993891865015 -0.0093057993799448 -0.0410376526415348 -0.0167624596506357
0.490636944770813 0.54649692773819 0.423484742641449 0.426899313926697 0.214512869715691 0.132724165916443 0.0703923404216766 0.144970789551735 0.292784750461578 0.31668284535408 0.136299386620522 0.0604141466319561 -0.0600045286118984 -0.061824019998312 -0.00917684566229582 -0.0108556840568781 0.023216225206852 0.0439590439200401 0.0512372404336929 0.108991645276546 0.357275485992432 0.315789550542831 0.197585001587868 0.257120877504349 0.496569722890854 0.312969565391541 0.352899640798569 0.420222163200378 0.418655335903168 0.316312909126282 0.433014631271362 0.298368811607361 0.388876348733902 0.426993191242218 0.418145805597305 0.353905498981476 0.345131635665894 0.297738283872604 0.0152381798252463 0.0155353611335158 -0.035731703042984 0.0218166783452034 0.0648264661431313
0.433041304349899 0.446926176548004 0.449689835309982 0.524846017360687 0.421220153570175 0.394914597272873 0.227037712931633 0.00420413259416819 0.176813840866089 0.112315230071545 0.0546758994460106 -0.00532760191708803 -0.00313621084205806 0.0372149609029293 0.00485593266785145 0.0425103977322578 -0.0836668461561203 -0.0132738258689642 0.0560905821621418 0.373661875724792 0.458170831203461 0.454882383346558 0.559233069419861 0.434320569038391 0.498362153768539 0.357778966426849 0.45712012052536 0.3756944835186 0.48994180560112 0.360068559646606 0.353151500225067 0.442261695861816 0.282848298549652 0.405623376369476 0.37776443362236 0.503336489200592 0.298260390758514 0.456164002418518 0.289835005998611 0.104945935308933 -0.00204638484865427 0.0357208997011185 0.0684362500905991
0.425301373004913 0.466389149427414 0.425791203975677 0.455771535634995 0.481062144041061 0.325684636831284 0.242089733481407 0.292218506336212 0.0359291657805443 0.0273542236536741 0.112817578017712 0.0888548269867897 -0.0562099292874336 -0.0120753515511751 -0.0830168873071671 0.0455752164125443 0.0399518050253391 -0.0171868056058884 0.179311349987984 0.315941959619522 0.50728839635849 0.40351790189743 0.385269850492477 0.441250115633011 0.472374528646469 0.415883243083954 0.346300601959229 0.394926160573959 0.411991387605667 0.380950301885605 0.243058323860168 0.380000323057175 0.398070007562637 0.403664708137512 0.373734384775162 0.528725683689117 0.342773646116257 -0.000281141576124355 0.197775110602379 0.0595957860350609 0.0543179996311665 0.179920434951782 0.268819957971573
0.39262655377388 0.475423812866211 0.423502892255783 0.333077698945999 0.370194286108017 0.225516900420189 0.375880241394043 0.341805577278137 0.123099818825722 -0.0262891985476017 -0.0169401876628399 -0.0789938569068909 0.0307722203433514 0.0382278710603714 0.0417131967842579 0.00429786881431937 0.0110517619177699 0.0139064192771912 0.0270848236978054 0.262584447860718 0.415426701307297 0.449782907962799 0.444007366895676 0.432263076305389 0.495355904102325 0.356345742940903 0.386802166700363 0.349371403455734 0.377464771270752 0.273369014263153 0.402981013059616 0.467770159244537 0.346691340208054 0.316353291273117 0.407854735851288 0.332966834306717 0.13921745121479 -0.0365150347352028 -0.0156329125165939 0.108840219676495 0.0501400046050549 0.200480595231056 0.229202210903168
0.0698084905743599 0.269077599048615 0.382388651371002 0.379917353391647 0.390404254198074 0.3609858751297 0.482957750558853 0.420314431190491 0.263800710439682 0.0584460347890854 0.100642696022987 0.0952331274747849 -0.00210227142088115 0.00561289815232158 0.0106187826022506 -0.0148828476667404 -0.0426258556544781 -0.00493990676477551 0.0197888594120741 0.165244430303574 0.460452795028687 0.344399303197861 0.506699681282043 0.477879345417023 0.374331653118134 0.368462443351746 0.382017195224762 0.276991277933121 0.441798239946365 0.274387925863266 0.418843775987625 0.249765396118164 0.30989083647728 0.302403181791306 0.272214949131012 0.377495229244232 0.220602184534073 -0.106398224830627 0.100667774677277 0.122457563877106 0.0869728699326515 0.145896434783936 0.030524730682373
0.0261834654957056 0.073340892791748 0.226835876703262 0.298846900463104 0.377227634191513 0.416791021823883 0.499879390001297 0.341761976480484 0.242531999945641 0.157519653439522 -0.0333109274506569 -0.0243079885840416 0.0264236610382795 -0.0141203999519348 -0.10545340180397 0.0352739989757538 -0.0200656447559595 -0.00319948280230165 0.0682409256696701 0.168987557291985 0.313569843769073 0.363681495189667 0.425317198038101 0.490111112594604 0.411534667015076 0.387783080339432 0.346407413482666 0.290541589260101 0.268162399530411 0.289325922727585 0.415351957082748 0.382550209760666 0.481081873178482 0.436558246612549 0.462435781955719 0.31746643781662 0.0563597902655602 -0.0417262278497219 -0.038386445492506 0.0673545300960541 0.12995271384716 0.187353983521461 0.0339154489338398
0.101526834070683 -0.000546220690011978 0.109187811613083 0.394673258066177 0.342808157205582 0.370025217533112 0.480203777551651 0.377384424209595 0.277249395847321 0.350793302059174 0.143451139330864 -0.0231454446911812 0.0508963987231255 -0.0069710798561573 -0.052833903580904 0.025791684165597 -0.0248172525316477 -0.0147941624745727 0.0990447551012039 0.0396462678909302 0.0886145234107971 0.334520071744919 0.377892673015594 0.413237541913986 0.402579545974731 0.390082776546478 0.33241394162178 0.245318010449409 0.2419213950634 0.240600615739822 0.294562697410583 0.459668964147568 0.375377267599106 0.357539266347885 0.320326030254364 0.158057063817978 -0.0579736568033695 -0.0488788522779942 0.0279924236238003 0.176851212978363 0.367318391799927 0.252567559480667 0.412513613700867
0.0255165584385395 0.0267985183745623 0.0761283040046692 0.382766842842102 0.539482474327087 0.220939323306084 0.425488173961639 0.373258382081985 0.367086231708527 0.433215111494064 0.18771918118 0.145052716135979 0.202086374163628 0.155332282185555 0.0351759232580662 -0.030046109110117 -0.0806992873549461 -0.0431388095021248 -0.0425909496843815 -0.00686624320223927 0.0386095456779003 0.210336253046989 0.363525569438934 0.444393038749695 0.313687652349472 0.230000540614128 0.367755740880966 0.421271592378616 0.249153599143028 0.304747521877289 0.347335606813431 0.203716620802879 0.428146481513977 0.265401870012283 0.0930013135075569 0.019351476803422 -0.0179291050881147 0.0255575533956289 -0.0215438660234213 0.127836585044861 0.300210297107697 0.217435985803604 0.236639872193336
0.0362961366772652 0.092496432363987 0.0349248833954334 0.176129728555679 0.373660862445831 0.485126823186874 0.399387031793594 0.324530899524689 0.465507924556732 0.445498287677765 0.369529843330383 0.263588219881058 0.242175668478012 0.252423763275146 -0.00597637007012963 0.0631551817059517 0.0814045518636703 0.0129639888182282 0.050515316426754 0.0764504224061966 -0.0104657895863056 0.11246433109045 0.351696580648422 0.443185299634933 0.439690589904785 0.41948413848877 0.309915751218796 0.319756865501404 0.335229992866516 0.334797143936157 0.368900865316391 0.307107299566269 0.446030974388123 0.290066361427307 0.120496936142445 0.0029299259185791 0.0437625013291836 0.053728960454464 0.0687461346387863 0.0918835997581482 0.393664836883545 0.237246111035347 0.261824607849121
0.00267807999625802 0.0909251868724823 0.0927253514528275 0.227242082357407 0.407639920711517 0.353726595640182 0.282771855592728 0.42249396443367 0.546147048473358 0.383830279111862 0.364509403705597 0.387753009796143 0.251958042383194 0.222621589899063 0.128762856125832 0.0784381106495857 0.146115690469742 0.274102032184601 0.0476715564727783 -0.00571439322084188 0.088710755109787 0.0731850787997246 0.131262868642807 0.281921923160553 0.418640226125717 0.210720226168633 0.308948308229446 0.334279716014862 0.426707834005356 0.25142565369606 0.348664194345474 0.344019204378128 0.273689031600952 0.474688053131104 -0.00858881697058678 0.00698897754773498 0.0144128575921059 -0.0305588822811842 0.131714582443237 0.31780993938446 0.331975042819977 0.341249287128448 0.207681760191917
0.0270081013441086 0.0727230235934258 0.0239675808697939 0.0655830278992653 0.218721598386765 0.32669273018837 0.324151575565338 0.420725107192993 0.320631593465805 0.409582108259201 0.430398941040039 0.389384508132935 0.326702356338501 0.0979175120592117 0.106083728373051 0.022271141409874 -0.0143654020503163 0.0582861676812172 -0.0587268732488155 -0.0221790689975023 -0.0664839595556259 -0.000644211075268686 0.0924437195062637 0.0348491258919239 -0.0723091810941696 0.239121526479721 0.161673575639725 0.16069433093071 0.0996424108743668 0.239824444055557 0.411105632781982 0.379890352487564 0.471393525600433 0.252608716487885 0.0261321887373924 -0.0240975581109524 -0.0508987717330456 0.0216581765562296 0.0735946819186211 0.222900435328484 0.296705812215805 0.354569286108017 -0.021608030423522
0.104480780661106 -0.0622913204133511 0.0791789516806602 -0.011504472233355 0.0724564865231514 0.148551627993584 0.42543163895607 0.536691606044769 0.313334673643112 0.412858515977859 0.395621478557587 0.362383395433426 0.263585209846497 0.0305088497698307 -0.053127508610487 -0.0563938729465008 -0.0273267570883036 -0.0367847792804241 -0.0541750304400921 0.013029133901 -0.0232394244521856 -0.00721889128908515 -0.011736523360014 -0.0015987652586773 0.0428670905530453 -0.085829108953476 0.00922934804111719 -0.0146899791434407 -0.0490280501544476 -0.0255759283900261 0.121528975665569 0.163774698972702 0.161040216684341 0.177393972873688 -0.0200547706335783 -0.0244623124599457 -0.0487093515694141 -0.00585490930825472 0.0406860262155533 0.0145868938416243 0.200693905353546 0.222211688756943 0.036361750215292
-0.0898930132389069 -0.0267585795372725 0.048531424254179 -0.108285292983055 0.0126561559736729 0.0785139575600624 0.184436142444611 0.375486314296722 0.50546008348465 0.269723773002625 0.46195775270462 0.376593798398972 0.231952384114265 0.0256937369704247 -0.0111685646697879 0.0580522827804089 0.0370649062097073 -0.0822363048791885 0.0848030969500542 0.0367577262222767 0.0628463700413704 0.0314111784100533 -0.131892174482346 -0.0154879363253713 0.000372370093828067 -0.0251994244754314 -0.0549366883933544 0.0701662451028824 -0.117976702749729 -0.0367286615073681 -0.00762480823323131 -0.0112322866916656 0.00828141905367374 0.018293647095561 4.40090880147181e-05 0.00874093174934387 -0.0231775473803282 -0.03652099147439 -0.00611464120447636 -0.107632972300053 0.231115609407425 0.232018560171127 0.296116799116135
-0.0576431304216385 -0.00948007870465517 -0.0138816218823195 0.0034710643813014 -0.0568109825253487 0.0151076884940267 0.104963593184948 0.121482267975807 0.276837706565857 0.421164333820343 0.428133428096771 0.326530963182449 0.231757685542107 0.0927333831787109 -0.0342583395540714 -0.0151933459565043 -0.0814562886953354 0.0222471989691257 0.00505133578553796 0.0429351814091206 0.0545845329761505 0.0311169512569904 0.0148365022614598 -0.0589845478534698 -0.0515551529824734 -0.105920426547527 -0.0637323707342148 0.0230583492666483 -0.0447115749120712 -0.0710483938455582 -0.00623302953317761 0.0317130424082279 -0.09902174025774 -0.0496740788221359 0.00262084905989468 -0.0448447950184345 -0.0716082528233528 -0.0269334632903337 0.0230876468122005 -0.00888942368328571 0.162853956222534 0.415909320116043 0.113764144480228
