assets/gome_f/processed/ascii/world/gome_sif_world_20120501.asc
NCOLS 720 
NROWS 360 
XLLCORNER -180 
YLLCORNER -90 
CELLSIZE 0.5 
NODATA_value -3.4e+38 
[rows 19 to 37 of 360, columns 344 to 386 of 720]
-999 -999 -999 -999 -999 -999 -999 -999 -999 -999 -999 -999 -999 -999 -999 -999 -999 -999 -999 -999 -999 -999 -999 -999 -999 -999 -999 -999 -999 -999 -999 -999 -0.184346213936806 -999 0.719839453697205 -0.401317059993744 -0.349162071943283 -0.142228066921234 -0.169943496584892 -0.187569290399551 -0.0231259763240814 -0.060596514493227 -0.327213376760483
-999 -999 -999 -999 -999 -999 -999 -999 -999 -999 -999 -999 -999 -999 -999 -999 -999 -999 -999 -999 -0.467860341072083 -999 -999 0.621305525302887 -0.0756604969501495 1.29762256145477 -999 0.0715025886893272 -0.349817991256714 0.144037336111069 -0.346679985523224 0.170288592576981 -0.0973267033696175 0.0244615152478218 -0.154886320233345 -0.158355936408043 -0.0111095728352666 -0.24120981991291 -0.078433483839035 -0.269055902957916 -0.0605779737234116 -0.090160608291626 0.0220366958528757
-999 -999 -999 -999 -999 -999 -999 -999 -999 -999 -999 -999 -999 -999 -999 -999 -999 0.340428113937378 -0.0050390399992466 0.0232808124274015 -0.120763912796974 -0.0422320701181889 -0.205030679702759 0.266408354043961 0.194231703877449 0.465951383113861 -0.264265507459641 0.0127028226852417 0.19833992421627 0.145709842443466 0.161696344614029 -0.119744561612606 -0.171067237854004 -0.186417311429977 -0.0526961609721184 -0.0326823964715004 -0.0825532823801041 -0.178486600518227 -0.370595008134842 -0.284815669059753 -0.210405617952347 -0.491384625434875 -0.638113379478455
-999 -999 -999 -999 -999 -999 -999 -999 -999 -999 -999 -999 -999 -999 -999 -0.581297397613525 0.323962509632111 0.221881091594696 0.15314570069313 -0.248410552740097 -0.00705946097150445 -0.236313462257385 0.260787636041641 -0.244852319359779 0.103093884885311 -0.052162230014801 0.152377843856812 0.0431875810027122 -0.087564691901207 -0.0366086103022099 -0.217773199081421 -0.00245724525302649 0.134954497218132 0.0147371487691998 0.110035128891468 -0.0634676963090897 0.0103136552497745 -0.0322062894701958 -0.05500103905797 -0.430954486131668 -0.345691949129105 -0.400191336870193 0.143538504838943
-999 -999 -999 -999 -999 -999 -999 -999 0.50292831659317 0.522461652755737 0.30630686879158 0.231224223971367 -0.116042375564575 -0.028344189748168 0.254226982593536 0.00739051913842559 0.0369771756231785 0.0506821013987064 -0.189997091889381 -0.12688609957695 0.0621100403368473 -0.0839768350124359 0.20094995200634 0.112529411911964 0.129675731062889 0.048606414347887 0.125279098749161 -0.102087885141373 0.0203493293374777 0.137908697128296 -0.152341216802597 -0.0948027521371841 -0.0168934985995293 0.0610171891748905 -0.104812398552895 -0.182033583521843 0.0183959323912859 -0.113015949726105 -0.0964461490511894 -0.116695366799831 -0.115141108632088 -0.108761854469776 -0.202074930071831
-999 -999 -999 -999 -999 -999 -999 0.543083250522614 -999 0.388096958398819 0.0713194534182549 -0.17826072871685 0.142206892371178 0.296203166246414 0.449748873710632 0.197234079241753 0.154619142413139 -0.13579486310482 0.0336061045527458 0.131806954741478 0.108232885599136 0.262073457241058 0.00493591371923685 -0.00812032446265221 -0.127054065465927 -0.0717063546180725 -0.0683032721281052 -0.250680983066559 -0.0567989237606525 0.23474545776844 -0.050200592726469 -0.331278920173645 0.0438290387392044 0.0274575278162956 0.0350262895226479 -0.0584513247013092 0.132144689559937 -0.110520981252193 -0.0843128487467766 0.0015666838735342 -0.0373879261314869 0.0176111161708832 -0.0370640195906162
-999 -999 -999 -999 -999 -999 -999 -999 0.507076382637024 0.624743700027466 -0.190393447875977 0.161650449037552 -0.0811656713485718 0.139072448015213 0.357670038938522 0.168524712324142 0.210967406630516 0.27792027592659 0.0301465224474669 -0.00501582305878401 -0.0212806519120932 -0.120026029646397 0.00956094637513161 0.00576610350981355 0.146504342556 0.0295803528279066 0.108313538134098 0.0363150462508202 0.0419858768582344 -0.139644473791122 -0.0397632867097855 -0.0984910354018211 0.236716523766518 0.15499572455883 -0.125338971614838 0.0255806185305119 -0.192894801497459 -0.0303653366863728 -0.142941355705261 0.0626028776168823 -0.0350071415305138 0.0239150170236826 0.0158239249140024
-999 -999 -0.430460780858994 0.00205385684967041 0.0634468793869019 0.130002379417419 0.116975218057632 0.0713363587856293 -0.127126172184944 0.0333474464714527 0.143870234489441 0.109309785068035 -0.0616116710007191 -0.0277158319950104 -0.178126767277718 0.047731276601553 0.143291652202606 -0.123622588813305 0.0185322854667902 -0.308178156614304 0.0293756555765867 -0.0154190985485911 0.0362382158637047 0.0283195674419403 -0.12206157296896 -0.0992865636944771 0.334888637065887 -0.0788170695304871 -0.0723074227571487 -0.481861710548401 -0.0766135007143021 -0.000837539962958544 0.0670585036277771 -0.066121332347393 0.0033223032951355 0.0885025411844254 0.069726787507534 -0.0278076156973839 -0.0732221305370331 -0.113394625484943 0.154700726270676 -0.0319339111447334 0.042217280715704
-999 0.256145119667053 -0.348687410354614 -0.159281402826309 -0.0860744416713715 0.0696111768484116 0.0859840661287308 -0.0560697726905346 -0.0196890216320753 0.106447339057922 -0.0635398328304291 0.0243808347731829 -0.0730795934796333 -0.152520507574081 -0.200024291872978 0.0311957933008671 -0.12752428650856 0.014544365927577 0.0352912321686745 0.119412958621979 -0.209030970931053 -0.000471585313789546 0.557735323905945 -0.0116978138685226 -0.197540372610092 -0.111939579248428 -0.0428438074886799 0.0661458820104599 0.0727639347314835 -0.182784110307693 0.122709214687347 -0.367625087499619 0.205466225743294 -0.0735059455037117 -0.0178369078785181 0.676008343696594 -0.141095191240311 -0.10050305724144 -0.296307533979416 0.146054416894913 0.119378946721554 0.0626653432846069 -0.143532320857048
0.00523813953623176 0.112934283912182 0.0238538440316916 0.230655997991562 -0.296170890331268 0.0468698404729366 -0.0640558674931526 -0.0339699648320675 0.172814503312111 -0.0463098771870136 -0.0644986853003502 -0.0866298750042915 -0.0886654555797577 0.127066195011139 -0.13392685353756 -0.0179169904440641 -0.119176246225834 -0.0671325027942657 0.00471450900658965 -0.195141807198524 -0.168252497911453 -0.0510503351688385 -0.117951579391956 0.0888979956507683 0.0476644113659859 0.0809174552559853 -0.00952007900923491 -0.298911422491074 -0.605414927005768 -0.595786392688751 -0.342510908842087 -0.0462015196681023 -0.427254050970078 0.274145632982254 0.200573548674583 -0.481637954711914 -0.0947856605052948 -0.241734102368355 0.258087277412415 0.0144079746678472 -0.139264196157455 -0.147219151258469 0.104994595050812
0.229718446731567 0.0220827590674162 -0.013870844617486 -0.0485873222351074 -0.223330050706863 0.139700904488564 -0.453111559152603 -0.0273557808250189 0.0258056204766035 -0.138115271925926 0.0182786900550127 -0.240043044090271 0.00264772539958358 -0.128845065832138 -0.0114883333444595 0.00826340634375811 -0.132011830806732 -0.0713448449969292 -0.00410065799951553 -0.06516233086586 -0.00849278178066015 -0.0979654714465141 -0.153308838605881 -0.212433621287346 0.0164845548570156 -0.136790618300438 0.0848495662212372 -0.312156498432159 0.192363679409027 -0.078279010951519 -0.230388328433037 0.390627264976501 -0.28907698392868 -0.15110881626606 0.100568100810051 -0.0575017035007477 0.168576300144196 -0.282816588878632 -0.127159714698792 -0.317891061306 0.0474791489541531 -0.209918648004532 0.0364268831908703
0.129560485482216 -0.00618618726730347 0.0540364645421505 -0.0672346279025078 0.102744363248348 -0.0926268324255943 0.092874564230442 -0.0724726244807243 -0.190224274992943 -0.0799445733428001 -0.0216972958296537 0.00742895249277353 -0.223273947834969 0.0804961770772934 -0.149596735835075 0.0513211600482464 -0.0637267380952835 0.0198094639927149 -0.131662160158157 -0.13766822218895 0.00280184927396476 -0.083253301680088 -0.131067976355553 -0.0529929846525192 -0.15707728266716 -0.160167664289474 -0.00655095046386123 -0.306839942932129 -0.0463971421122551 -0.0201433505862951 -0.0975856855511665 0.100734412670135 -0.074918195605278 -0.182043045759201 -0.214707434177399 0.0341874063014984 -999 0.346023797988892 -0.0977132171392441 0.136979892849922 0.430248141288757 0.195213541388512 -0.217887878417969
-0.183720171451569 -0.105272486805916 0.00582893425598741 0.168003976345062 -0.0542184896767139 0.207289278507233 -0.0831892266869545 0.054097231477499 0.0631153658032417 0.00338169327005744 -0.0266499128192663 -0.117139391601086 0.0208259522914886 -0.0808432698249817 -0.0849133729934692 -0.0198498703539371 0.113037630915642 -0.269073694944382 -0.035332728177309 0.0605174861848354 -0.16647581756115 -0.0567361675202847 0.0500836819410324 0.054450798779726 -0.0415591299533844 -0.0324008204042912 -0.0181286185979843 0.0210175197571516 -0.140656307339668 0.138383403420448 0.0805113166570663 -0.0692858099937439 -0.116806529462337 -0.0340504609048367 -0.00869055092334747 -0.146084532141685 -0.138386338949203 0.0678401589393616 -0.0266897324472666 0.0834992602467537 -0.104167409241199 -0.0282733291387558 -0.286102622747421
0.105822838842869 0.010331111960113 -0.0372506305575371 -0.0619410127401352 -0.111228808760643 -0.0630680769681931 -0.00119143421761692 -0.0423150584101677 -0.211552366614342 -0.0967371985316277 -0.101894356310368 -0.139396369457245 0.0371439009904861 -0.0323802158236504 -0.142966210842133 0.00713272672146559 -0.094832219183445 -0.159754484891891 -0.0774076133966446 0.0982578471302986 -0.0419524237513542 0.00611544447019696 0.038670539855957 -0.027405833825469 -0.00014123618893791 0.039414145052433 0.135350376367569 -0.132469281554222 0.0958001613616943 -0.0502353087067604 0.0132697327062488 -0.236431241035461 -0.283116310834885 -0.0358288586139679 0.0219987668097019 -0.243803128600121 -0.00288525852374732 -0.10608983039856 -0.0601069405674934 0.227431535720825 0.0540608502924442 0.0809177756309509 0.0164185874164104
0.0737128630280495 -0.0395778715610504 0.0472136028110981 -0.0949887856841087 -0.00759075814858079 -0.0279168225824833 -0.0861136987805367 -0.0187187511473894 0.0675672218203545 -0.0500201247632504 0.15102481842041 0.0970196723937988 -0.192244321107864 -0.000424444675445557 -0.0420162454247475 0.0283063128590584 0.0930381268262863 0.109072715044022 -0.026467002928257 0.0172035470604897 -0.000780960894189775 -0.0806884467601776 0.0855062156915665 -0.197077050805092 0.0198687445372343 -0.0488483756780624 0.0455173701047897 0.0768643692135811 0.0521711818873882 -0.126601606607437 0.054794404655695 -0.174704626202583 -0.309149593114853 -0.153821274638176 -0.146670624613762 -0.209081068634987 -0.0474701151251793 0.278188705444336 0.0967497453093529 0.169998168945312 -0.105641886591911 -0.0247715711593628 -0.00305480882525444
-0.00345996813848615 -0.0660862922668457 0.0850171446800232 0.107199117541313 -0.0697617381811142 0.0577604658901691 -0.0684996023774147 -0.185068622231483 0.0117704188451171 -0.00504621304571629 -0.158291473984718 -0.0593497231602669 0.00925461761653423 0.0859154984354973 0.0499486662447453 -0.0228235740214586 -0.0510773099958897 0.0193380303680897 -0.018049418926239 -0.00096161913825199 -0.353968977928162 -0.0732192620635033 -0.0309769809246063 -0.066295437514782 -0.0114861400797963 -0.122102774679661 -0.0371208861470222 -0.175691902637482 -0.305863916873932 0.11996029317379 -0.105236701667309 0.0506830029189587 -0.0287276431918144 -0.0899232476949692 -0.0462562181055546 0.0386280082166195 0.244371220469475 -0.355665445327759 0.0978382676839828 -0.0222982242703438 0.0540798604488373 0.0630764961242676 0.0517703332006931
-0.101849839091301 -0.186027646064758 -0.189128234982491 0.126866459846497 0.139376625418663 -0.138900101184845 -0.193298816680908 -0.0720543712377548 0.0678762272000313 0.0722728595137596 0.12322960048914 0.0482817851006985 0.135762333869934 0.0484500080347061 0.126318499445915 -0.0572198703885078 -0.0226249601691961 -0.0479699373245239 0.012174466624856 0.160652816295624 0.0369208864867687 0.0290962886065245 -0.129440858960152 -0.00912544876337051 -0.141303285956383 0.102288655936718 -0.173356056213379 0.0126025099307299 -0.389261245727539 0.067898616194725 -0.012627512216568 0.0514397211372852 0.00487907463684678 0.0286838803440332 -0.102975204586983 -0.0848651677370071 -0.0719524994492531 -0.103865422308445 -0.0263980813324451 0.0678596124053001 -0.12606218457222 0.150073856115341 -0.077843613922596
0.209413215517998 -0.123180367052555 -0.314985066652298 -0.00387718784622848 0.0829383060336113 0.0655201077461243 -0.156312331557274 -0.13261042535305 0.0577880144119263 0.0606286451220512 -0.0131118381395936 0.0727414265275002 -0.145160973072052 -0.0677227228879929 -0.143508404493332 0.0106923338025808 -0.242247492074966 -0.069659598171711 0.00223068264313042 -0.204322546720505 -0.147973969578743 0.00411913869902492 0.000382322818040848 -0.137950778007507 0.191103845834732 0.0656243041157722 0.0269484966993332 0.00885921716690063 0.0523847490549088 -0.011718513444066 -0.176601305603981 -0.117364764213562 0.103843949735165 0.0742195546627045 -0.0221649091690779 -0.0212098900228739 -0.0708689391613007 0.0167928766459227 -0.117224849760532 -0.0034172534942627 0.0356033965945244 -0.0208659172058105 -0.017521470785141
-0.0544886812567711 0.11150074005127 -0.0520245395600796 -0.198690161108971 0.137790665030479 0.10297954082489 -0.0963350981473923 -0.0970531702041626 0.193678632378578 0.0774240642786026 0.0428252704441547 0.173280760645866 -0.022417725995183 0.0607688426971436 0.0394157432019711 0.139172181487083 -0.0747205018997192 0.133211001753807 0.0628407001495361 0.13267520070076 -0.143894791603088 0.118792645633221 0.188392415642738 -0.0897101908922195 0.188025951385498 0.00667686108499765 0.165432587265968 0.169658690690994 -0.0950619503855705 -0.0633649379014969 -0.0894706100225449 -0.25254562497139 -0.174720644950867 0.010378235951066 -0.0492401123046875 0.0924694016575813 0.0260265078395605 0.16241842508316 -0.123767860233784 0.0354421325027943 0.198924526572227 0.0117732845246792 -0.00584877515211701
