assets/gome_f/processed/ascii/world/gome_sif_world_20130901.asc
NCOLS 720 
NROWS 360 
XLLCORNER -180 
YLLCORNER -90 
CELLSIZE 0.5 
NODATA_value -3.4e+38 
[rows 190 to 208 of 360, columns 215 to 257 of 720]
0.457633316516876 0.498312175273895 0.390821874141693 0.554800808429718 0.297424226999283 0.409907579421997 0.440674930810928 0.605186641216278 0.293334126472473 0.356508284807205 0.592557847499847 0.452066421508789 0.385005295276642 0.607625663280487 0.53534722328186 0.638278841972351 0.521058201789856 0.419685065746307 0.477425277233124 0.444031417369843 0.517429769039154 0.562752842903137 0.474512219429016 0.607444167137146 0.464648962020874 0.369490921497345 0.587993681430817 0.595744729042053 0.357379049062729 0.445877939462662 0.663247525691986 0.429320096969604 0.442212998867035 0.44265004992485 0.584930181503296 0.516154706478119 0.568104147911072 0.611581444740295 0.579163253307343 0.529091596603394 0.648070454597473 0.63201904296875 0.533544540405273
0.45916223526001 0.482986658811569 0.556506752967834 0.628861784934998 0.252380967140198 0.363997638225555 0.405372679233551 0.290595918893814 0.373777240514755 0.407758265733719 0.423244327306747 0.444853097200394 0.489294677972794 0.362750291824341 0.499638766050339 0.48828798532486 0.427251607179642 0.341186553239822 0.37597069144249 0.408198624849319 0.471989333629608 0.573386132717133 0.51643294095993 0.538420140743256 0.494224071502686 0.520489275455475 0.407117545604706 0.528176188468933 0.524527311325073 0.594275295734406 0.582091331481934 0.464713871479034 0.542200446128845 0.482463717460632 0.557901680469513 0.619707703590393 0.329408377408981 0.323551535606384 0.596411228179932 0.548919379711151 0.498964667320251 0.361409246921539 0.561756014823914
0.595721781253815 0.584069967269897 0.503414452075958 0.397211343050003 0.531500697135925 0.737790942192078 0.333674758672714 0.589045822620392 0.593273758888245 0.197813019156456 0.484376847743988 0.383081912994385 0.534690320491791 0.391425013542175 0.336293667554855 0.58456552028656 0.499435126781464 0.528341293334961 0.440626740455627 0.61879700422287 0.512267649173737 0.490782648324966 0.500190377235413 0.329147577285767 0.587760865688324 0.588293015956879 0.48535144329071 0.462846040725708 0.516575574874878 0.37915363907814 0.578808665275574 0.56524384021759 0.551156222820282 0.754228413105011 0.554729580879211 0.494617789983749 0.643150568008423 0.237011387944221 0.437339961528778 0.433383345603943 0.372214108705521 0.595498025417328 0.582497537136078
0.466998100280762 0.531427562236786 0.43340602517128 0.582962334156036 0.77380496263504 0.714185535907745 0.507519125938416 0.752128005027771 0.29908087849617 0.579332828521729 0.546853065490723 0.660279273986816 0.496109664440155 0.337243974208832 0.358071029186249 0.462494224309921 0.511574685573578 0.672576367855072 0.477420151233673 0.594175517559052 0.412360668182373 0.452528446912766 0.635230600833893 0.423414051532745 0.62884134054184 0.444798141717911 0.513913035392761 0.515251219272614 0.642374336719513 0.505683541297913 0.504393577575684 0.454837888479233 0.462988585233688 0.790097534656525 0.418816030025482 0.561977624893188 0.546179473400116 0.567322790622711 0.609958171844482 0.434793204069138 0.534182369709015 0.350815534591675 0.431290626525879
0.387852013111115 0.43948769569397 0.700467765331268 0.611154675483704 0.407094419002533 0.50907975435257 0.601272583007812 0.647523701190948 0.670854568481445 0.567486226558685 0.398173332214355 0.518592536449432 0.624644577503204 0.557084202766418 0.389124065637589 0.560938358306885 0.53542560338974 0.45548152923584 0.348412960767746 0.535366296768188 0.350677460432053 0.567670047283173 0.457002133131027 0.26039046049118 0.477177858352661 0.46327605843544 0.366232484579086 0.42427870631218 0.501217484474182 0.564222037792206 0.526627600193024 0.527219951152802 0.577763438224792 0.513579189777374 0.485516726970673 0.569267868995667 0.468473583459854 0.524178564548492 0.711015641689301 0.551085948944092 0.525688529014587 0.661788582801819 0.608636379241943
0.651867389678955 0.475146859884262 0.599218249320984 0.239378184080124 0.516926646232605 0.670831739902496 0.695406317710876 0.379158228635788 0.588352918624878 0.651367247104645 0.491891622543335 0.553610920906067 0.491411685943604 0.690820753574371 0.610623955726624 0.35550531744957 0.448307901620865 0.37652376294136 0.649772882461548 0.402791708707809 0.252748668193817 0.55324000120163 0.384796440601349 0.439444690942764 0.426395446062088 0.499380439519882 0.498946756124496 0.535135507583618 0.339771658182144 0.534597277641296 0.584323585033417 0.501697182655334 0.524093389511108 0.780385732650757 0.639018356800079 0.448838651180267 0.689253926277161 0.559426724910736 0.595410168170929 0.584409117698669 0.701176226139069 0.708507776260376 0.526958823204041
0.61484557390213 0.492588818073273 0.539134919643402 0.6576167345047 0.57077157497406 0.562624573707581 0.563270747661591 0.66617888212204 0.578851282596588 0.444323629140854 0.40190315246582 0.416113495826721 0.452932596206665 0.482551336288452 0.495750159025192 0.507433235645294 0.413390785455704 0.496172577142715 0.551760077476501 0.642363309860229 0.464753538370132 0.446375340223312 0.464610457420349 0.68858802318573 0.36175873875618 0.372701108455658 0.493852168321609 0.611528933048248 0.574708104133606 0.683971107006073 0.407521367073059 0.574913382530212 0.647431612014771 0.654912829399109 0.700784862041473 0.466732084751129 0.500038504600525 0.610658526420593 0.557381451129913 0.69428551197052 0.575151205062866 0.534795105457306 0.51262903213501
0.542225420475006 0.49729597568512 0.674196302890778 0.622550129890442 0.420967698097229 0.578723967075348 0.549311459064484 0.697284638881683 0.4187972843647 0.474574357271194 0.35834127664566 0.387485980987549 0.73134970664978 0.433639824390411 0.378577381372452 0.488927572965622 0.374047160148621 0.382086753845215 0.526320219039917 0.311671912670135 0.491355895996094 0.363002389669418 0.351067900657654 0.451407909393311 0.35673576593399 0.401110947132111 0.438101559877396 0.641106367111206 0.386165022850037 0.610726535320282 0.63388580083847 0.696453332901001 0.664544582366943 0.498072057962418 0.37881076335907 0.439095377922058 0.613869071006775 0.499816477298737 0.622255504131317 0.550669848918915 0.459387540817261 0.467870324850082 0.417396992444992
0.477167278528214 0.433830678462982 0.504454612731934 0.507156431674957 0.510851263999939 0.556099057197571 0.42060786485672 0.530730307102203 0.567434728145599 0.434695780277252 0.532598972320557 0.452074021100998 0.406623303890228 0.681894779205322 0.348431468009949 0.406409174203873 0.316992551088333 0.457734614610672 0.520221471786499 0.695593535900116 0.437337607145309 0.459875583648682 0.37018233537674 0.0852959230542183 0.295867741107941 0.57016134262085 0.29653325676918 0.502336025238037 0.481484562158585 0.649457335472107 0.459045499563217 0.403272122144699 0.362890869379044 0.5130455493927 0.397587776184082 0.472858041524887 0.466783374547958 0.53549063205719 0.404922842979431 0.606727778911591 0.474676311016083 0.47665473818779 0.241109952330589
0.543784081935883 0.610100090503693 0.442282199859619 0.468527287244797 0.515170574188232 0.628606796264648 0.408992320299149 0.54902982711792 0.532895803451538 0.333730518817902 0.141667291522026 0.376523226499557 0.43192395567894 0.430944710969925 0.521084249019623 0.558939754962921 0.550386786460876 0.376210689544678 0.410491734743118 0.414610922336578 0.445037454366684 0.56581974029541 0.497350186109543 0.656319797039032 0.556041061878204 0.534162700176239 0.520333349704742 0.457677274942398 0.365613639354706 0.385315239429474 0.461594700813293 0.404347449541092 0.338145047426224 0.459502398967743 0.514780640602112 0.555117189884186 0.532733380794525 0.343271166086197 0.606891334056854 0.509325325489044 0.447535037994385 0.396401852369308 0.471819669008255
0.578038990497589 0.423088908195496 0.668005526065826 0.507744073867798 0.457755833864212 0.491888612508774 0.724549949169159 0.574455678462982 0.628205835819244 0.252734899520874 0.385810881853104 0.358459055423737 0.481109946966171 0.422116637229919 0.312156826257706 0.520765244960785 0.325372248888016 0.445676863193512 0.538058459758759 0.47060427069664 0.387421876192093 0.551438629627228 0.572199523448944 0.603252768516541 0.326953172683716 0.512943506240845 0.683720111846924 0.429199129343033 0.443583011627197 0.301675707101822 0.389852404594421 0.509960353374481 0.454475581645966 0.393592834472656 0.425489962100983 0.298002779483795 0.285106241703033 0.617390334606171 0.678666830062866 0.277336895465851 0.334289103746414 0.290486007928848 0.391024440526962
0.655598998069763 0.536615550518036 0.429800420999527 0.522549688816071 0.417248129844666 0.552725672721863 0.402313530445099 0.46850249171257 0.717982828617096 0.448984235525131 0.250223010778427 0.608297646045685 0.355098277330399 0.36005711555481 0.431243628263474 0.3636754155159 0.56571090221405 0.667652070522308 0.399898380041122 0.355894893407822 0.43799090385437 0.399665117263794 0.629128038883209 0.465510308742523 0.673726081848145 0.562855005264282 0.451252192258835 0.353957772254944 0.583647072315216 0.20025609433651 0.566018462181091 0.498140722513199 0.367427408695221 0.398894280195236 0.327021688222885 0.443455815315247 0.339521944522858 0.583202302455902 0.49993833899498 0.458246141672134 0.168751031160355 0.418941527605057 0.404508054256439
0.595762133598328 0.57231330871582 0.402704536914825 0.628638565540314 0.549873232841492 0.606944620609283 0.564636886119843 0.403507322072983 0.534785091876984 0.576934218406677 0.446939885616302 0.473875492811203 0.41513654589653 0.409961014986038 0.445917695760727 0.522099792957306 0.197383016347885 0.59035849571228 0.462581992149353 0.393110603094101 0.249933794140816 0.228183850646019 0.266409695148468 0.373666793107986 0.494231224060059 0.621611654758453 0.614874243736267 0.556887745857239 0.403365254402161 0.366952866315842 0.365338355302811 0.485644787549973 0.314718335866928 0.423494786024094 0.466353207826614 0.312506347894669 0.352877259254456 0.676331341266632 0.260939747095108 0.375248849391937 0.214359477162361 0.187718093395233 0.330291241407394
0.40434941649437 0.633810222148895 0.489842653274536 0.597783207893372 0.498074352741241 0.450140297412872 0.373832672834396 0.591578423976898 0.632960498332977 0.723727464675903 0.459869235754013 0.424372941255569 0.441178739070892 0.285434752702713 0.396422564983368 0.573435008525848 0.393123209476471 0.449285417795181 0.466555148363113 0.47533905506134 0.32246807217598 0.202629059553146 0.245890751481056 0.214897215366364 0.540215015411377 0.422847598791122 0.653947949409485 0.53408294916153 0.488217920064926 0.398470789194107 0.388794481754303 0.274094343185425 0.354420453310013 0.222748890519142 0.196675017476082 0.419408619403839 0.549373090267181 0.453621208667755 0.562346279621124 0.454726219177246 0.402001947164536 0.0979341641068459 0.114743456244469
0.59125292301178 0.0582767724990845 0.452540665864944 0.563563466072083 0.502281725406647 0.369738310575485 0.432031482458115 0.411836445331573 0.603609144687653 0.45953357219696 0.4135861992836 0.222346946597099 0.301920890808105 0.354508638381958 0.433436810970306 0.277658224105835 0.199994489550591 0.496669948101044 0.24314321577549 0.748762488365173 0.38807076215744 0.255414724349976 0.296231925487518 0.326880604028702 0.448195964097977 0.65507435798645 0.390827149152756 0.318960338830948 0.492251545190811 0.261185318231583 0.307749778032303 0.405998200178146 0.355457127094269 0.368844419717789 0.140587851405144 0.479717373847961 0.436808556318283 0.438637316226959 0.440636932849884 0.46647036075592 0.137459561228752 0.688453018665314 0.289264470338821
0.151753917336464 0.758124887943268 0.862776279449463 0.166410103440285 0.484846323728561 0.782530009746552 0.512660622596741 0.46175941824913 0.246873050928116 0.318067669868469 0.528988242149353 0.340773403644562 0.138561218976974 0.155497789382935 0.18813744187355 0.25001522898674 0.554637372493744 0.397005677223206 0.490451693534851 0.480606973171234 0.577618837356567 0.279042094945908 0.336949169635773 0.253434866666794 0.426667988300323 0.543988823890686 0.262788951396942 0.063460148870945 0.37429216504097 0.458092957735062 0.517319917678833 0.222897335886955 0.211409255862236 0.265243709087372 0.46954357624054 0.329906702041626 0.505232095718384 0.191971763968468 0.343353241682053 0.421435207128525 0.164787471294403 0.366668164730072 0.252127826213837
0.110859535634518 0.0604202412068844 0.280467599630356 0.49570894241333 0.511839330196381 0.56785774230957 0.586157619953156 0.590251684188843 0.454172909259796 0.22278456389904 0.389370679855347 0.238477662205696 0.141375735402107 0.129759341478348 0.113865621387959 0.0846599563956261 0.154093384742737 0.353183060884476 0.393317937850952 0.307697385549545 0.424009293317795 0.457304626703262 0.290188521146774 0.173847138881683 0.514263868331909 0.294551908969879 0.189676403999329 0.0575665533542633 -0.0279729198664427 0.385410606861115 0.507046580314636 0.326419085264206 0.304380029439926 0.0854300335049629 0.39759087562561 0.380196332931519 0.350040167570114 0.104795441031456 0.381674885749817 0.209155470132828 0.358546316623688 0.043296217918396 0.18291200697422
0.225726202130318 -0.10966718941927 0.0718032047152519 0.225726395845413 0.39773827791214 0.0554949641227722 0.633075654506683 0.554587304592133 0.409444779157639 0.576841473579407 0.487382888793945 0.0876525491476059 0.210866436362267 0.156203344464302 0.136322259902954 0.16079169511795 0.175600990653038 0.339306861162186 0.269981235265732 0.554888486862183 0.637824058532715 0.39222639799118 0.262481302022934 0.350970417261124 0.180846437811852 0.374366492033005 0.333477705717087 0.221770420670509 0.173405274748802 0.105920635163784 0.255894154310226 0.386641323566437 0.429480344057083 0.242971554398537 0.30563896894455 0.381253212690353 0.276282370090485 0.26743283867836 0.141208082437515 0.2889084815979 0.0803862661123276 0.420252829790115 0.0450741052627563
0.13349512219429 0.161595433950424 0.204813852906227 0.00799109321087599 0.0040015815757215 0.164915293455124 0.0683213546872139 0.369023740291595 0.561911702156067 0.384247273206711 0.426208227872849 0.470930159091949 0.319284290075302 0.262712925672531 0.213871538639069 0.180443093180656 0.398269414901733 0.392289876937866 0.599156618118286 0.483582109212875 0.552797317504883 0.455939561128616 0.444614678621292 0.277873605489731 0.198343619704247 0.257243573665619 0.20088891685009 0.0394044332206249 0.0714856013655663 0.122068859636784 0.249953359365463 0.299874931573868 0.294711828231812 0.167689681053162 0.335781961679459 0.249375283718109 -0.0262321829795837 -0.107827633619308 0.0161026883870363 -0.087091788649559 0.23584221303463 0.161333993077278 0.279410064220428
