assets/gome_f/processed/ascii/world/gome_sif_world_20120801.asc
NCOLS 720 
NROWS 360 
XLLCORNER -180 
YLLCORNER -90 
CELLSIZE 0.5 
NODATA_value -3.4e+38 
[rows 152 to 170 of 360, columns 559 to 601 of 720]
0.604300141334534 0.403401076793671 0.559751093387604 0.511609494686127 0.575250566005707 0.524028897285461 0.540498793125153 0.414203554391861 0.442036867141724 0.650377810001373 0.616525828838348 0.550949811935425 0.600142061710358 0.65203869342804 0.554820120334625 0.886366426944733 -999 0.614062130451202 0.710036039352417 0.456756323575974 0.134879395365715 -0.00926266983151436 -0.0462763272225857 -0.028800105676055 -0.10035152733326 -0.00917339324951172 -0.0229832790791988 -0.0914662554860115 -0.0209491867572069 -0.0385976321995258 -0.0614039115607738 -0.0748864486813545 -0.0472865886986256 -0.0753267854452133 -0.0364592112600803 -0.00324355228804052 0.0189987625926733 -0.0249023493379354 0.0764379650354385 -0.0580235905945301 -0.0167031977325678 0.178054466843605 0.218228667974472
0.451810956001282 0.112896218895912 0.102233976125717 0.514914631843567 0.816848874092102 0.577033221721649 0.523056328296661 0.550497114658356 0.270285576581955 0.278304517269135 0.454402923583984 0.812397718429565 0.623168289661407 0.609695613384247 0.530519723892212 0.495276927947998 0.437503904104233 0.392015427350998 0.521409749984741 0.257287234067917 0.01890804246068 0.00685706036165357 -0.0247876681387424 -0.0513802841305733 -0.0248593464493752 -0.00739054474979639 0.024268040433526 -0.0060147768817842 -0.0249588526785374 -0.105725288391113 -0.0796496570110321 0.0944003686308861 -0.156073898077011 -0.117397725582123 -0.0727441608905792 0.122407287359238 0.158460646867752 -0.115339182317257 0.0752970278263092 0.0269440300762653 -0.0263516083359718 -0.0560370534658432 0.218785658478737
0.451320201158524 0.246247977018356 0.0367936193943024 0.254416197538376 0.294044226408005 0.640116512775421 0.691948115825653 0.522110760211945 0.486104369163513 0.351552486419678 0.360638171434402 0.534736394882202 0.50641405582428 0.478936672210693 0.644429802894592 0.51494574546814 0.548901617527008 0.5345099568367 0.637259602546692 0.376341372728348 0.0618954859673977 -0.0455416738986969 -0.0457764156162739 -0.0218248032033443 0.0226936936378479 0.071774385869503 -0.0334930792450905 0.0119303530082107 -0.0525620803236961 0.0256451200693846 0.0421808697283268 0.0390168130397797 -0.0829504132270813 0.0131976865231991 0.0186109002679586 0.147205919027328 -0.0353757329285145 -0.0451571047306061 0.0573188439011574 0.00130322924815118 -0.0382366254925728 0.0762848630547523 0.120760254561901
0.213680416345596 0.184678137302399 -0.0289484038949013 -0.0127435009926558 -0.0285843629390001 0.150535508990288 0.41250815987587 0.455819875001907 0.557276487350464 0.43090957403183 0.462115168571472 0.430542588233948 0.580237567424774 0.52476555109024 0.562053382396698 0.41995370388031 0.552776455879211 0.807453334331512 0.525989770889282 0.482455790042877 0.00742713268846273 -0.0541894920170307 0.0125373089686036 -0.0162493549287319 -0.0408716090023518 -0.0929641723632812 -0.0640890598297119 -0.016833795234561 0.0206526964902878 -0.0220019891858101 -0.126239031553268 -0.044905386865139 -0.0448222495615482 -0.0346787646412849 -0.0491012670099735 0.0622915923595428 -0.178177297115326 -0.0602526180446148 0.0599868856370449 0.0998962223529816 0.0619499310851097 0.00954791717231274 0.0345158539712429
0.296345889568329 -0.0442817434668541 0.0197321977466345 0.179414048790932 -0.0577425584197044 -0.164386913180351 0.0613247230648994 0.515191197395325 0.390198677778244 0.462709367275238 0.534878432750702 0.392917811870575 0.458516120910645 0.661804616451263 0.632914125919342 0.468135476112366 0.384702205657959 0.168632984161377 0.52315366268158 0.195172637701035 -0.00918488297611475 0.00982143450528383 0.00886646471917629 -0.0492157340049744 0.0342714972794056 0.0233171228319407 -0.0383199080824852 0.00323191052302718 0.00234326859936118 -0.0548236444592476 -0.0143490545451641 0.103313513100147 0.022468188777566 0.0100262360647321 -0.0846534296870232 0.163879722356796 -0.0325870215892792 -0.00712754018604755 -0.0238359943032265 0.0230211671441793 -0.0418034419417381 0.178129985928535 0.000113034620881081
0.227489694952965 0.00190960103645921 0.0249156393110752 -0.113990403711796 -0.0160913337022066 -0.00680647231638432 -0.0796556994318962 0.149266734719276 0.475940823554993 0.491387903690338 0.399336487054825 0.369552999734879 0.379940807819366 0.458212673664093 0.474484771490097 0.396810233592987 0.365291237831116 0.433243453502655 0.237986043095589 -0.0122629841789603 0.00729105249047279 0.00399095611646771 -0.0375438779592514 -0.0264393463730812 -0.042724434286356 0.0453727580606937 0.0750597789883614 -0.0605534985661507 0.0395263768732548 -0.0747190564870834 -0.0494880303740501 0.0412128455936909 0.0134623227640986 -0.0177819486707449 0.0369062796235085 0.0106634916737676 -0.00867668446153402 -0.00651422515511513 0.0808094069361687 0.0186327770352364 0.110347516834736 0.0554944090545177 0.00581398606300354
0.0740789771080017 -0.0297003109008074 -0.0809586867690086 0.0541101209819317 0.0117465686053038 -0.0338303931057453 0.0342138260602951 -0.109320312738419 0.170265555381775 0.288266509771347 0.431688517332077 0.345385521650314 0.275625497102737 0.584010481834412 0.335048377513885 0.425223469734192 0.32315856218338 0.046740934252739 0.0940319895744324 0.00432191975414753 -0.0827341675758362 -0.0181656908243895 -0.0685493871569633 -0.0222826544195414 -0.0534627065062523 0.0174812916666269 0.00195237318985164 0.072712317109108 -0.033747598528862 0.0518411174416542 -0.0751422718167305 0.129406437277794 0.0504739098250866 -0.0256437286734581 0.0199342388659716 -0.105808272957802 -0.0170129593461752 0.0139318043366075 0.0291268117725849 0.169144108891487 0.250493794679642 0.0870006158947945 0.00428093736991286
-0.0422983728349209 -0.00345657160505652 -0.0252161771059036 -0.148919478058815 0.00224582315422595 0.00513426354154944 0.00424653012305498 0.0579470433294773 -0.0370128080248833 0.0612244196236134 0.18902188539505 0.345125555992126 0.677019357681274 0.535788834095001 0.184812262654305 0.0611935965716839 -0.0210659001022577 -0.0384812280535698 -0.00505373068153858 0.0250680092722178 -0.0839754194021225 -0.00733066303655505 -0.018544590100646 -0.0513028502464294 -0.149668574333191 0.0252611767500639 0.0311425924301147 -0.019703721627593 -0.0650580897927284 0.0878516361117363 -0.0440163724124432 0.0516661964356899 -0.0127150062471628 0.043938372284174 -0.109516404569149 -0.157796025276184 0.0577937625348568 0.0259259659796953 0.145830705761909 0.134554371237755 0.110179163515568 -0.00486188987269998 0.0220042485743761
0.0205674227327108 0.0295144412666559 -0.0135979289188981 -0.119375742971897 0.0026334694121033 -0.0226071327924728 0.0216746609658003 -0.0956861451268196 -0.0369636714458466 -0.0103860460221767 0.0692771822214127 0.320200026035309 0.51483941078186 0.437239289283752 0.0765796601772308 0.0353411659598351 0.0777008831501007 -0.0244105365127325 -0.00736070750281215 -0.0430492013692856 0.0275726579129696 -0.0137086324393749 -0.128282815217972 0.0189844593405724 0.0292703062295914 0.0782782882452011 0.0640210509300232 0.15738645195961 -0.0020434558391571 -0.0080265561118722 0.00823098234832287 -0.000632010400295258 -0.0481351539492607 -0.119907356798649 -0.0654808878898621 -0.0220566634088755 -0.0683018863201141 0.0132410768419504 0.179815292358398 -0.0326572582125664 -0.00842284504324198 0.0336462184786797 0.0791912823915482
0.265318483114243 0.00765705248340964 -0.0840953141450882 -0.00279169832356274 -0.0165901519358158 -0.0138654615730047 -0.0309905391186476 0.0386103354394436 -0.0481765680015087 -0.142637953162193 0.0438253842294216 0.16210849583149 0.005170036572963 0.191838398575783 0.0173698849976063 0.00613481737673283 -0.0707055106759071 -0.0883957296609879 -0.0176494028419256 -0.0682146027684212 0.0106185022741556 -0.0734569206833839 -0.0638181492686272 -0.0807670429348946 -0.0425496399402618 0.0120120560750365 -0.0316655002534389 0.0521169155836105 -0.142528384923935 -0.0669827833771706 0.0563459359109402 -0.0613344758749008 -0.0381734035909176 0.0323821566998959 0.0563842318952084 0.0144023429602385 0.144875764846802 0.240504816174507 0.0496967025101185 0.0857374519109726 -0.015924533829093 -0.0407894775271416 -0.053816556930542
0.390670865774155 0.257175177335739 -0.0118003413081169 -0.0154119916260242 -0.031898096203804 0.017256760969758 -0.0151327075436711 -0.120231412351131 0.0416535995900631 -0.0221604388207197 0.095348447561264 0.0589131712913513 0.0969002917408943 0.126636698842049 -0.111996501684189 -0.0345496013760567 0.051618218421936 -0.0220791138708591 -0.0191748477518559 0.00192125199828297 0.0654881596565247 0.00483456859365106 0.0336205251514912 -0.0344852581620216 -0.00428995117545128 0.000796924403402954 0.0268160458654165 -0.000863781839143485 0.0183180440217257 -0.101505592465401 -0.023485891520977 -0.0719347596168518 -0.0463142357766628 0.0405312217772007 0.0476445741951466 -0.0163224581629038 0.11804885417223 0.11411090195179 -0.00783608946949244 0.0451922081410885 0.0631243288516998 -0.00658129574730992 0.00884983688592911
0.50867360830307 0.216243103146553 -0.0541338659822941 0.0933637246489525 -0.0436665117740631 -0.0578408055007458 -0.112424813210964 0.0162666719406843 -0.0388553477823734 -0.0516896955668926 -0.0854876115918159 -0.150151476264 -0.0259209889918566 0.016336515545845 -0.0723032727837563 -0.00862334109842777 0.0451944880187511 -0.0136621156707406 0.0329000949859619 -0.0828264653682709 -0.069309875369072 0.010695556178689 0.0718400552868843 -0.0407502204179764 0.0691421553492546 -0.051062285900116 -0.0110366819426417 -0.0454313978552818 0.000898979953490198 -0.0372616089880466 -0.0629666894674301 0.0553730428218842 -0.0544111654162407 -0.0301151759922504 0.0212143752723932 0.0127101503312588 0.131525784730911 0.0276818014681339 0.0455174446105957 -0.0291992649435997 0.0167870074510574 -0.00574668450281024 -0.0394095592200756
0.510426223278046 0.178681597113609 0.0348801575601101 -0.0078299967572093 -0.044400293380022 -0.00991207361221313 -0.0883984193205833 0.0216365773230791 -0.0847857743501663 -0.135156407952309 -0.00994365010410547 -0.0236819889396429 0.145567715167999 0.0602604486048222 -0.0683991760015488 -0.0314840488135815 -0.0677635669708252 -0.105042353272438 0.0232714507728815 -0.0607192851603031 -0.0132086668163538 0.0675480663776398 0.00463675986975431 -0.0919284820556641 -0.0193365216255188 -0.0301094111055136 -0.0273824036121368 -0.0152434725314379 -0.0473125092685223 -0.0407757312059402 -0.0699452683329582 -0.0649605020880699 0.0292878616601229 0.0103400032967329 0.0230150427669287 -0.0643319562077522 -0.005606300663203 -0.0529593378305435 -0.0333220846951008 -0.0170973371714354 0.0392170660197735 0.0758472830057144 0.0132129406556487
0.238256856799126 0.512606382369995 0.172295689582825 0.0223146751523018 -0.0369664542376995 0.0236150696873665 -0.0228714849799871 -0.015516359359026 -0.0562950968742371 0.0931627228856087 -0.0453142188489437 -0.0101073943078518 -0.0996680557727814 0.0988578051328659 0.00228465814143419 -0.123439736664295 0.0605132579803467 0.0225857179611921 0.0174586363136768 -0.00139772891998291 -0.0364075116813183 0.0533296167850494 -0.0482612624764442 -0.0682139843702316 0.0130605455487967 -0.105364874005318 -0.130778282880783 0.0101749915629625 -0.0396647937595844 0.0495380461215973 0.0260200016200542 0.0122568188235164 -0.0706898048520088 -0.00647062016651034 0.0119104944169521 0.105725511908531 0.0195407625287771 0.0801911130547523 -0.009324686601758 0.0168743617832661 -0.0390020720660686 0.0553679168224335 0.0136541910469532
0.0542215183377266 0.396587342023849 0.433320969343185 0.358398646116257 0.281453907489777 -0.0570065975189209 -0.149502605199814 0.0292353499680758 -0.110934354364872 0.0617582835257053 -0.123241558670998 0.0494357533752918 -0.0742113962769508 -0.0280461367219687 -0.0224444400519133 -0.0172364059835672 -0.0788023993372917 -0.0788961723446846 -0.0154111115261912 -0.0333515331149101 -0.0655688941478729 0.131820172071457 0.0473076179623604 -0.0231910571455956 0.115219101309776 0.0147223277017474 0.104536116123199 0.0651225373148918 -0.0418408028781414 0.00246412074193358 -0.00821011606603861 0.0531669817864895 -0.0342893563210964 0.0587996020913124 0.24028243124485 0.348653018474579 0.0643649250268936 -0.00659885630011559 0.00825561489909887 0.0604445524513721 0.00497203832492232 -0.0284462925046682 0.00444272486492991
0.0153942601755261 0.111130513250828 0.487379968166351 0.421375453472137 0.437886953353882 0.24362812936306 0.165450021624565 -0.0720247626304626 -0.0894393026828766 -0.123503051698208 0.00655171368271112 0.041072491556406 -0.046313151717186 -0.00863484852015972 -0.0167667232453823 -0.0178674124181271 -0.0822608768939972 0.00959627982228994 0.0163751989603043 0.0290428753942251 0.0562829598784447 -0.02938636764884 -0.0237129703164101 -0.0247342847287655 0.0174584146589041 -0.0720109194517136 0.0081753907725215 -0.0143154338002205 0.0127051910385489 0.000660418823827058 -0.102879360318184 0.0268325414508581 0.00116544659249485 0.297716528177261 0.408148437738419 0.562302231788635 0.362499058246613 -0.000266777962679043 -0.0326816700398922 -0.0281480494886637 -0.00378590822219849 0.0472655296325684 0.0129675408825278
-0.0550812147557735 0.107986859977245 0.364322036504745 0.354870915412903 0.555800974369049 0.40986043214798 0.192932546138763 -0.0121513744816184 0.0111017469316721 -0.0734566673636436 -0.00323235243558884 -0.100731335580349 0.0482103936374187 -0.0274782180786133 -0.0890699028968811 -0.0189393982291222 0.0346152856945992 -0.0603196993470192 0.0530199706554413 -0.038424413651228 0.0921401903033257 0.0477880164980888 -0.102657161653042 -0.0956915616989136 -0.0770822018384933 0.0164547450840473 0.0392169542610645 -0.0228439047932625 0.0500546582043171 -0.0102120479568839 -0.0251535661518574 0.0748082771897316 0.239778190851212 0.356967657804489 0.453923314809799 0.493877410888672 0.460246831178665 0.507635653018951 0.225141003727913 0.0186712201684713 0.0302894040942192 -0.0684151500463486 0.00647357851266861
0.0008474012138322 0.0722663998603821 0.424437344074249 0.444466143846512 0.540915668010712 0.547226011753082 0.424933701753616 0.23132698237896 0.00760306604206562 -0.0816637873649597 0.0113564692437649 0.00594857335090637 -0.0814391523599625 -0.0677412822842598 -0.0200570989400148 0.0475564002990723 -0.0714478194713593 -0.0720659196376801 -0.105901882052422 -0.081159882247448 0.00816464982926846 0.0445909462869167 0.019146554172039 0.0101233404129744 -0.0307785514742136 0.0462262853980064 -0.00119428837206215 0.0630214512348175 0.0443667098879814 0.0195102542638779 -0.0259336326271296 0.0350318588316441 0.327061176300049 0.568512439727783 0.590627372264862 0.46199831366539 0.559063673019409 0.552708148956299 0.390574365854263 0.226260513067245 -0.0397979468107224 0.0772288218140602 -0.0954845994710922
-0.142040953040123 -0.0423549227416515 0.1899334192276 0.552391469478607 0.364065557718277 0.659542143344879 0.313921421766281 0.379216372966766 0.141034796833992 0.0327913053333759 -0.0673443078994751 0.0493561215698719 -0.0298301223665476 0.00202752207405865 0.12340485304594 0.0364458337426186 -0.0285616014152765 0.06928850710392 -0.0147456862032413 0.0068956920877099 -0.0298398248851299 -0.0560183189809322 0.0115044191479683 -0.0217929799109697 0.0308759901672602 0.0242819171398878 -0.0273325368762016 -0.00260217324830592 -0.0149564445018768 0.208246633410454 0.230227991938591 0.494005292654037 0.466606050729752 0.387337535619736 0.500148892402649 0.506020963191986 0.585288882255554 0.429565697908401 0.204950049519539 0.0405491702258587 0.0554585456848145 -0.0136207500472665 0.0305467937141657
