assets/gome_f/processed/ascii/world/gome_sif_world_20110801.asc
NCOLS 720 
NROWS 360 
XLLCORNER -180 
YLLCORNER -90 
CELLSIZE 0.5 
NODATA_value -3.4e+38 
[rows 190 to 208 of 360, columns 602 to 644 of 720]
-0.0368985459208488 0.0444136559963226 0.101104363799095 0.244349882006645 0.176232159137726 0.0849503576755524 -0.0600391402840614 0.0451629012823105 -0.0924964398145676 0.0286337602883577 -0.00136507349088788 -0.106316812336445 0.0808062329888344 0.00508727878332138 -0.0240532569587231 -0.0575889348983765 -0.0877282097935677 -0.0380797833204269 -0.00789317954331636 0.0717182457447052 -0.0366767756640911 0.0824362859129906 0.0385100953280926 -0.155638083815575 -0.0117574026808143 0.00373853393830359 -0.0823081731796265 -0.25047168135643 0.0149253904819489 0.470964670181274 -999 -0.0840511322021484 -0.0314338393509388 0.12233904004097 -999 0.0699749886989594 -999 -999 0.266776740550995 -0.0902480185031891 0.277950167655945 0.238268852233887 0.389973193407059
0.0468711107969284 0.0364313796162605 0.118006557226181 -0.0285563860088587 0.0895645394921303 -0.0190061628818512 0.0184753406792879 -0.0373590216040611 -0.0241078305989504 0.0105503927916288 0.0197803229093552 0.00441862270236015 -0.0288214329630136 -0.0124712809920311 0.0101628182455897 -0.00838697701692581 0.00583630288019776 -0.0693877786397934 -0.0449771732091904 0.0288159511983395 -0.0119187161326408 -0.103187307715416 0.00302154221571982 0.00710709532722831 0.0169207826256752 0.0113229863345623 -0.132666498422623 0.195658266544342 -0.197114273905754 -0.167515426874161 0.333182960748672 0.0429947823286057 0.244290232658386 0.00511138373985887 0.092009998857975 -0.0482159331440926 0.137374058365822 0.267528891563416 0.155377417802811 0.288423866033554 0.339240252971649 0.191400393843651 0.243568748235703
0.0449687913060188 0.00310512958094478 -0.0151928411796689 0.0103951850906014 0.0451869964599609 0.0458491481840611 -0.0265937615185976 -0.0327861234545708 -0.0678490102291107 -0.0551083199679852 -0.00478441687300801 0.0304747000336647 -0.00806304812431335 0.037801381200552 0.0353637486696243 -0.0242408737540245 -0.0401426069438457 0.0245930012315512 0.00750265549868345 0.00639749970287085 -0.0555103309452534 -0.0379840359091759 0.0116789937019348 -0.0183972399681807 -0.071618527173996 -0.0884000360965729 -0.019611831754446 0.234547838568687 0.0111479414626956 -0.0273585375398397 0.0286188218742609 -0.0919795855879784 0.0986034870147705 0.118636302649975 0.0874248072504997 0.12331235408783 0.191832855343819 0.104699678719044 -0.0109147801995277 0.0983007699251175 0.148430943489075 0.351045787334442 0.305432260036469
-0.0127767976373434 -0.0171827618032694 -0.0122229643166065 0.0579406693577766 0.00182691565714777 -0.0278218928724527 0.0102075776085258 -0.0542502515017986 -0.0348407328128815 -0.0737233459949493 -0.0212021265178919 0.0344380363821983 -0.073896124958992 0.103248156607151 -0.05032829195261 0.0615286827087402 -0.0368763133883476 -0.00718156062066555 -0.0181433986872435 0.0718268603086472 -0.0354766435921192 0.048221979290247 0.058187510818243 0.0347292125225067 -0.0346289351582527 -0.105639569461346 0.0402968525886536 0.270149320363998 0.0105981845408678 -0.135421052575111 0.0277810953557491 0.026899067685008 -0.0621367879211903 -0.04817034304142 -0.025898015126586 0.320740729570389 0.358914405107498 0.299917638301849 0.301166594028473 0.329726725816727 0.388529688119888 0.31633797287941 0.263880789279938
0.0103955371305346 0.0441741831600666 -0.0596477761864662 0.0233121756464243 0.0337064303457737 0.0311324670910835 0.0603971630334854 -0.0177112985402346 -0.0449138768017292 -0.0679002106189728 0.0658945590257645 0.0128296203911304 -0.0308301374316216 -0.00663466099649668 0.0260181315243244 -0.0674620792269707 -0.0128482105210423 0.0312283635139465 0.029056629166007 0.0550765134394169 0.0336601883172989 0.0922797843813896 0.0501745082437992 0.0647884905338287 0.0232671424746513 -0.0630125626921654 -0.0135397939011455 -0.0817162543535233 0.0379371717572212 0.00887162797152996 -0.0449572578072548 -0.0500495843589306 -0.0605202354490757 0.0600629113614559 -0.00158750510308892 0.197626784443855 0.351993530988693 0.273425996303558 0.181658342480659 0.0474162511527538 0.306644350290298 0.228985622525215 0.307210564613342
0.00937217101454735 -0.0220099352300167 -0.00521140825003386 0.0407195538282394 -0.0202785357832909 -0.0192669946700335 -0.025781512260437 -0.0279470533132553 0.0109516838565469 0.0368297882378101 0.109746143221855 0.086986355483532 0.0703360810875893 2.05607375391992e-05 0.105363599956036 -0.0211952235549688 -0.0185153782367706 0.071073941886425 0.0525966212153435 0.0329585187137127 0.00738398591056466 0.115437410771847 -0.0619858540594578 -0.0436590015888214 0.00443260371685028 -0.0306278318166733 -0.0254493318498135 -0.00949657149612904 0.0949836149811745 0.0118256425485015 -0.0157667864114046 -0.0673727840185165 0.0597695894539356 0.0847490206360817 0.184710368514061 0.279679864645004 0.194135755300522 0.211594939231873 0.336580336093903 0.274635344743729 0.37175789475441 0.207300752401352 0.333247303962708
0.0848826393485069 0.0515324026346207 0.0494876280426979 0.0298631023615599 0.0716173350811005 0.0890804380178452 0.125123709440231 0.15949672460556 0.0709694251418114 0.0257716625928879 0.0666335746645927 0.0959595888853073 0.12788662314415 0.0275734458118677 0.0352322198450565 -0.0715774148702621 0.0365749523043633 0.0103222476318479 -0.0411159880459309 0.0453513078391552 0.0221652574837208 -0.00322365458123386 -0.0555036142468452 -0.0348231084644794 0.102262653410435 -0.000675942748785019 0.00650015519931912 -0.02586873434484 0.0641099587082863 0.0195142570883036 0.0268315952271223 0.0526086874306202 -0.00712130311876535 0.197975859045982 0.163560539484024 0.170796766877174 0.114147312939167 -0.157406017184258 0.145680576562881 0.317254394292831 0.349507570266724 0.24507363140583 0.151799991726875
0.207077100872993 0.229869768023491 0.124478578567505 0.108805470168591 0.069152258336544 0.0474745519459248 0.0355564840137959 0.0320083610713482 0.223603710532188 0.254074484109879 0.176497101783752 0.134917065501213 0.0979495346546173 0.0453711897134781 0.010337432846427 0.0369045436382294 -0.0143814831972122 0.0416352897882462 0.0133287934586406 0.0473164692521095 0.00765921175479889 -0.10509280860424 -0.0537201911211014 -0.0560768209397793 0.0220596753060818 0.035380095243454 -0.021485298871994 -0.0150483204051852 0.0107343718409538 -0.0410233847796917 0.0173499546945095 -0.00244312989525497 -0.0690596252679825 0.0407328456640244 -0.0231231786310673 0.00182661006692797 -0.0656987726688385 -0.0390700809657574 -0.0989392399787903 0.187653034925461 0.256158918142319 0.342634618282318 0.150019153952599
0.0336561016738415 0.00398550042882562 0.0799030214548111 0.0218564849346876 0.0447116605937481 0.0577700398862362 0.0753561407327652 0.17590220272541 0.155950769782066 0.140424638986588 0.0078953355550766 0.0496985986828804 0.0140681592747569 -0.034766286611557 -0.051537312567234 0.0331351161003113 0.0141741177067161 0.00722522335126996 0.0193431973457336 -0.0543806068599224 0.00561157986521721 0.0148828746750951 0.0207270532846451 0.0238991510123014 -0.038413904607296 0.0411563739180565 -0.0414184741675854 -0.0699225142598152 0.0897595211863518 -0.105677343904972 -0.01889075525105 -0.0640242174267769 0.00415710033848882 0.0285430438816547 -0.0625033527612686 -0.0514385215938091 0.0617716312408447 0.0660362467169762 0.0238289833068848 -0.0255328193306923 0.0144003955647349 0.0621832758188248 0.0686729922890663
0.017863167449832 0.0509640611708164 -0.0188721790909767 0.058091226965189 -0.0226161405444145 0.130335763096809 0.238084897398949 0.157852470874786 0.0147460326552391 0.0272184815257788 -0.0517492219805717 0.00937306694686413 -0.0204529017210007 -0.00969370733946562 0.0445175021886826 -0.0658527538180351 -0.0535062924027443 -0.0537728704512119 -0.0913869738578796 0.049927145242691 -0.00191121129319072 0.0309869386255741 0.0124778905883431 -0.0518969744443893 -0.0363165810704231 0.0150767499580979 -0.0401494950056076 -0.0444252490997314 -0.00763775920495391 0.0344984382390976 -0.0494348928332329 -0.0162723436951637 -0.0182977877557278 -0.0154380202293396 0.0549292154610157 0.0326971188187599 0.0769184678792953 -0.00861343648284674 -0.0152578791603446 0.0524832122027874 -0.0297842752188444 0.00848106946796179 0.0270012114197016
0.0762118846178055 0.0593691915273666 -0.0230881068855524 0.0145107116550207 0.0413230881094933 0.0635820180177689 0.0383912995457649 0.0302443690598011 -0.0075577013194561 -0.0886375531554222 -0.0525437593460083 0.0459115207195282 -0.0315342508256435 -0.0200312118977308 -0.0249598957598209 0.00873358268290758 -0.0191491767764091 -0.0656541660428047 0.045551385730505 0.0560836344957352 -0.0125545971095562 0.041208665817976 -0.0396552048623562 -0.0247994475066662 -0.0474231094121933 0.0190563425421715 -0.0051988335326314 0.0593869909644127 -0.112565264105797 -0.0902572721242905 -0.0202527903020382 0.0262854713946581 -0.0557885095477104 -0.050807062536478 -0.0436428561806679 0.0116427782922983 0.0196724701672792 0.0277998745441437 0.0399650149047375 0.0275284852832556 0.072864294052124 0.0111761735752225 -0.0627755597233772
0.0500834137201309 0.0638114437460899 -0.0778389349579811 0.00216097035445273 -0.029067499563098 -0.0179816242307425 0.0102654686197639 -0.0442443117499352 -0.034957829862833 0.0468684881925583 0.0615728795528412 -0.00403940584510565 0.114425927400589 -0.0215664710849524 0.00765823572874069 -0.0116719659417868 -0.00508850952610373 -0.00657432479783893 -0.134682714939117 -0.045420091599226 -0.081110030412674 0.0229294896125793 -0.06759362667799 -0.0294285286217928 -0.0113426269963384 -0.0667476952075958 0.0029283685144037 -0.00246502528898418 0.0134985176846385 -0.024597680196166 0.00242063007317483 -0.0312056373804808 0.00878685899078846 -0.024307981133461 0.0528895147144794 0.0229654107242823 0.000342243787599728 -0.0127605935558677 -0.018586277961731 -0.00296468357555568 0.00820281077176332 -0.0643380060791969 0.0459182783961296
-0.0194236412644386 0.0336702950298786 -0.0295455232262611 -0.0621988624334335 0.0425929613411427 0.048159271478653 -0.0058784824796021 0.00383624108508229 -0.00846445839852095 0.00261016027070582 -0.0110873077064753 -0.00471040979027748 0.00666900957003236 0.052013237029314 -0.0647056251764297 0.008099808357656 -0.0285140536725521 0.0248237047344446 0.0546523593366146 0.1084800735116 0.0673677250742912 -0.0534230768680573 0.0303943976759911 0.083431787788868 0.054848488420248 0.0227454248815775 0.0919668301939964 -0.000314152654027566 -0.0361295863986015 0.00766558106988668 -0.0494022443890572 0.0202643927186728 0.0559237487614155 -0.0178115777671337 0.0275878328830004 -0.0422229133546352 0.0276208501309156 0.014498638920486 0.0553443245589733 -0.0024339344818145 -0.0571975335478783 0.0179849229753017 0.0306190997362137
0.00442200200632215 0.04465476796031 0.00409847777336836 -0.0204216651618481 0.0271634049713612 0.0374286323785782 -0.0207152534276247 -0.0207137707620859 -0.011023779399693 -0.127511605620384 -0.0319749489426613 0.00103399052750319 -0.0640365779399872 -0.0270595457404852 0.00613134494051337 -0.0110661583021283 0.0563114248216152 -0.0213737729936838 0.0444463230669498 0.0506955422461033 0.0372854992747307 -0.0415872558951378 0.0706656351685524 0.0144221801310778 0.0669805034995079 0.112375162541866 0.109437525272369 0.0562919415533543 -0.0486689917743206 0.056552417576313 0.0101639963686466 0.0399492159485817 0.00443406775593758 0.0102876229211688 0.00582966534420848 0.0143896481022239 -0.0175570733845234 0.0301580987870693 -0.0199367552995682 0.0634831413626671 -0.0380789339542389 -0.0107879508286715 0.0865131318569183
-0.0168429799377918 0.0318352393805981 -0.0397021993994713 -0.00183582282625139 0.0264480877667665 -0.0149712776765227 0.0652401819825172 0.0208708941936493 -0.0127758430317044 0.00538468733429909 -0.0139673361554742 -0.031756978482008 0.0488901101052761 -0.0318688526749611 -0.0109026664867997 -0.00416320376098156 -0.0701204463839531 -0.00881135929375887 0.00301147811114788 0.0402997173368931 0.0821553394198418 0.123054310679436 0.0998615622520447 0.167122051119804 0.1174640879035 0.162769094109535 0.163169547915459 0.19465683400631 0.144251048564911 0.0976494550704956 0.107016853988171 0.0973247811198235 0.069949559867382 0.0418371260166168 0.0326291546225548 0.0375764258205891 0.015390838496387 0.0295502375811338 -0.0667732730507851 0.0156621858477592 0.0563701987266541 0.00734898541122675 0.132182434201241
-0.0597461052238941 0.00942340493202209 0.0281189773231745 0.0227520614862442 -0.0228920467197895 -0.0128121450543404 0.00174223585054278 0.0192006826400757 -0.023571303114295 -0.0225319527089596 0.0161668285727501 0.0305114910006523 -0.0278491843491793 -0.0249690897762775 -0.0734830424189568 -0.00361826526932418 0.0253792498260736 0.0895343348383904 0.0157462600618601 0.0506781339645386 0.180221304297447 0.149289384484291 0.212591871619225 0.195613518357277 0.176288411021233 0.138993993401527 0.134663835167885 0.0975554212927818 0.140970438718796 0.210490733385086 0.164545193314552 0.0853984653949738 0.0244613979011774 -0.0111588584259152 0.0126390838995576 0.0514825358986855 0.0898595526814461 0.0381850376725197 0.00528405699878931 -0.0032307633664459 -0.0196199808269739 0.0464342422783375 0.163842529058456
-0.0552516393363476 0.0165740121155977 0.0159891713410616 -0.00181138690095395 -0.00394065491855145 0.00620021112263203 -0.0115433735772967 0.0109698874875903 0.016594497486949 0.0468382798135281 0.0333546064794064 0.0385240577161312 0.0713508650660515 -0.00788259971886873 0.00287021556869149 -0.0287997033447027 -0.058452595025301 0.0385431759059429 0.091508686542511 0.0560562871396542 0.146305605769157 0.107979409396648 0.152743741869926 0.114471040666103 0.117304980754852 0.110759899020195 0.150062933564186 0.121889807283878 0.136322677135468 0.145363315939903 0.102577120065689 -0.0211940538138151 -0.0438732504844666 -0.00755629036575556 0.0414120890200138 -0.00440712040290236 0.0333945043385029 0.0224848780781031 0.0529723912477493 -0.0158082358539104 0.0114164091646671 0.0917716100811958 0.138477191329002
-0.104080706834793 0.0144649539142847 -0.0210026036947966 -0.0508401915431023 -0.00279748975299299 -0.0534354746341705 -0.0094939861446619 0.00273818569257855 0.047159630805254 0.0163723193109035 0.00422075903043151 0.078157439827919 -0.00928752310574055 0.04715770855546 0.0636982023715973 -0.0667307749390602 -0.0301129687577486 0.0687737613916397 0.0789453983306885 0.0166968498378992 0.0685455128550529 0.19627782702446 0.132365882396698 0.121005102992058 0.128859162330627 0.113514021039009 0.155735418200493 0.174937203526497 0.206951782107353 0.0683965235948563 -0.0198089405894279 -0.0243307240307331 0.0127685153856874 0.0266134236007929 -0.110322237014771 -0.0341629944741726 -0.0176642537117004 0.0216297823935747 -0.0470504015684128 0.0534146018326283 0.0489375032484531 0.058242205530405 0.232390031218529
-0.013635509647429 -0.00389272044412792 0.0212299656122923 -0.0399457924067974 0.0153080420568585 -0.00277690892107785 0.0138044115155935 -0.0258031468838453 0.0456840880215168 0.0444128476083279 0.0477266646921635 0.154832765460014 0.10259585827589 0.0847868770360947 0.0461955741047859 0.00550228729844093 -0.0467883571982384 0.133398532867432 0.117764040827751 0.180335089564323 0.14235033094883 0.148245930671692 0.133461862802505 0.174543842673302 0.120181828737259 0.197547286748886 0.183769315481186 0.0554196983575821 0.0856036841869354 0.0221742279827595 0.0427624732255936 0.10001390427351 0.0031347528565675 -0.0149494493380189 0.028893981128931 -0.0453969091176987 0.0305367559194565 -0.044489897787571 -0.0438855290412903 -0.0240126773715019 0.00284999306313694 0.111995466053486 0.0532916821539402
