assets/gome_f/processed/ascii/world/gome_sif_world_20130701.asc
NCOLS 720 
NROWS 360 
XLLCORNER -180 
YLLCORNER -90 
CELLSIZE 0.5 
NODATA_value -3.4e+38 
[rows 171 to 189 of 360, columns 430 to 472 of 720]
0.0197871644049883 -0.0564914643764496 -0.0936705768108368 -0.0316789783537388 0.0351114198565483 -0.0506471879780293 0.0131406141445041 0.145090013742447 0.0406140796840191 0.120084956288338 -0.169841736555099 -0.0666649416089058 0.0968386009335518 -0.0551259852945805 -0.0197608042508364 0.127650886774063 -0.127209469676018 -0.0621169432997704 -0.0340014062821865 -0.0418886840343475 0.00636823708191514 -0.12349571287632 -0.0131780281662941 -0.0359062030911446 -0.0914309844374657 -0.0470876656472683 -0.0599117167294025 -0.0417554304003716 0.0128005035221577 0.0376741476356983 -0.0639775991439819 -0.0162253305315971 -0.0330851525068283 0.00749292271211743 -0.00564218685030937 -0.0552757978439331 0.0413912162184715 0.0325532555580139 0.0658003985881805 -0.0568573176860809 -0.0046688225120306 -0.0170807745307684 0.0368035808205605
0.0242300182580948 -0.00467277551069856 0.0187112931162119 -0.0675623491406441 0.0161919482052326 -0.0400881506502628 -0.0454955399036407 0.285785913467407 0.218131989240646 0.00433224439620972 0.130310639739037 -0.00255554681643844 -0.0201871450990438 0.0832317844033241 0.0306528639048338 -0.0279978979378939 -0.0820800438523293 0.0437724441289902 -0.0636096820235252 0.0956104174256325 -0.0743409767746925 0.00463375309482217 0.0968893393874168 0.00925060268491507 0.00530915334820747 0.0610085614025593 -0.00465010851621628 -0.0327950902283192 -0.0390718579292297 -0.0871645212173462 -0.0233333986252546 -0.0206771288067102 -0.0102534890174866 0.0219456013292074 -0.0767072737216949 -0.0151288462802768 -0.0772962272167206 -0.10568068921566 0.0277779214084148 -0.059602465480566 0.0223420634865761 0.0362042225897312 -0.0727506801486015
0.0497333109378815 0.114011466503143 -0.019727336242795 -0.0646567121148109 -0.0403377935290337 -0.154167309403419 -0.198112010955811 0.114199876785278 0.12408909201622 0.0974626839160919 -0.054077684879303 0.0947542935609818 0.0519560016691685 0.10886013507843 -0.0780385211110115 -0.0745485126972198 -0.052165824919939 0.052891343832016 0.0605125464498997 -0.0240956302732229 0.13455031812191 0.182282939553261 -0.0113416500389576 0.0143142659217119 -0.0156719256192446 -0.0144222844392061 -0.0245051514357328 -0.0111588537693024 -0.0286870002746582 0.037452258169651 -0.00302214710973203 -0.0398402102291584 0.00270068156532943 -0.028556764125824 -0.0170259717851877 0.0131544386968017 -0.0286218486726284 -0.0384028665721416 -0.0176909789443016 0.0374194420874119 -0.0277476385235786 -0.0705880671739578 -0.0117813292890787
0.00674244156107306 -0.0318196341395378 -0.0210930816829205 -0.0356135815382004 0.0141256060451269 0.000684543221723288 -0.062798872590065 0.0744954571127892 0.0174863263964653 0.0490330383181572 0.0231579598039389 0.0558560155332088 0.217732802033424 0.0417879037559032 0.0111126396805048 0.0970952659845352 0.202795088291168 0.0553538799285889 0.0690253600478172 0.0796817243099213 0.00350956944748759 0.179489955306053 -0.0508310534060001 -0.0179382413625717 -0.00837384257465601 0.0233118571341038 -0.0420068465173244 0.021089855581522 0.0212265402078629 -0.125244826078415 0.0980025008320808 -0.0237483568489552 -0.0827900990843773 -0.0775422975420952 -0.0125414179638028 -0.0162966363132 0.0422607250511646 0.0347835533320904 0.000676042342092842 -0.0481578186154366 -0.0272724255919456 -0.0283737517893314 -0.0730695128440857
0.14230552315712 0.0415592007339001 -0.0486834272742271 -0.00346426479518414 -0.0472151152789593 -0.0189209096133709 0.0393522754311562 -0.0901106223464012 0.0293133556842804 -0.08210389316082 -0.0561436787247658 -0.0191612783819437 -0.0153395580127835 0.0440612211823463 0.0440653823316097 0.148956596851349 0.115342549979687 0.0162227600812912 0.117902278900146 0.261393666267395 0.0692376419901848 0.0741995126008987 0.0229902435094118 -0.0401106961071491 -0.0015116702998057 -0.0570218935608864 -0.0202557966113091 -0.0311025828123093 0.0250103082507849 -0.0617516487836838 -0.0429461896419525 -0.0748636648058891 -0.103965938091278 -0.0355312488973141 -0.00354876928031445 0.0907412990927696 -0.090951107442379 -0.02861437946558 -0.0547560937702656 0.00494980812072754 -0.00286409654654562 -0.00367191666737199 0.0340659469366074
0.155047014355659 0.135714128613472 -0.0159669201821089 0.101421572268009 0.0807563662528992 -0.019877040758729 -0.0283243954181671 -0.107063427567482 -0.0720129981637001 -0.00182576978113502 -0.0271812099963427 0.0238107740879059 0.0562242493033409 0.0651248767971992 0.0812473967671394 0.0230753272771835 0.0808731243014336 0.203475579619408 0.226718366146088 -0.0345288477838039 0.0375664308667183 -0.00729146879166365 -0.0456219762563705 -0.0532949417829514 -0.0171716455370188 -0.051653515547514 -0.0794589221477509 -0.0214351359754801 -0.00935467705130577 0.0114753348752856 0.0561364367604256 -0.000946622749324888 0.0132609130814672 -0.00445904722437263 0.00836096052080393 0.01584292948246 -0.0246092472225428 -0.0154177211225033 -0.032740842550993 0.0508325174450874 -0.0378640368580818 -0.00603711605072021 -0.0534515529870987
0.362076967954636 0.202792420983315 0.110818840563297 0.195935994386673 0.104853741824627 0.0989893302321434 -0.024951608851552 -0.0667723640799522 -0.0486791543662548 -0.026858801022172 -0.0100523047149181 -0.0687291547656059 0.0136017883196473 0.0466998517513275 0.0908535495400429 0.0930805578827858 0.277540743350983 0.30051064491272 0.0241963192820549 0.0339297130703926 -0.0543896034359932 0.0953544527292252 -0.0607661828398705 0.0438635870814323 0.0524470917880535 0.0184153541922569 0.0481459349393845 -0.0320420786738396 -0.00356828747317195 0.00948128942400217 0.0128547297790647 0.0127420052886009 0.0688147619366646 -0.0570491291582584 -0.0438844934105873 0.0515040904283524 -0.0271699894219637 -0.0220631659030914 0.0155709031969309 0.0721696689724922 -0.0571629516780376 -0.07251887768507 0.0098600247874856
0.472306102514267 0.379701226949692 0.292545676231384 0.328954070806503 0.0386442504823208 -0.043643482029438 -0.012595372274518 -0.0481574609875679 0.000347785447956994 0.0546946674585342 -0.00952284224331379 -0.040727972984314 -0.0289061944931746 0.127607971429825 0.191848739981651 0.140310287475586 0.164935886859894 0.0619335472583771 -0.0255346372723579 -0.0250831730663776 0.0723428428173065 -0.0157032515853643 -0.0871024057269096 0.0461323000490665 -0.0266903825104237 0.0476923212409019 -0.0423523485660553 0.0238265227526426 0.0090423421934247 -0.0662954226136208 -0.0141846062615514 0.0172688290476799 -0.0201840959489346 -0.0550803318619728 -0.00475797476246953 0.0152644347399473 0.00198435317724943 0.0439798310399055 0.0819593891501427 -0.0115585848689079 -0.0769777074456215 0.0566875226795673 -0.0070597748272121
0.417440682649612 0.332544445991516 0.36829999089241 0.127046212553978 0.202591016888618 0.142976671457291 0.0706321746110916 -0.00894941575825214 -0.0364351682364941 -0.0735062137246132 -0.122561573982239 0.0888586193323135 -0.00940689351409674 0.15460504591465 0.0966014042496681 0.253762722015381 -0.00480477092787623 -0.0407862700521946 -0.0143642723560333 0.00411848025396466 -0.0327019579708576 -0.0740925371646881 -0.000633788993582129 -0.0327272564172745 -0.0148764112964272 0.0527382791042328 -0.00371107668615878 0.00187712407205254 0.0545596890151501 0.0177583079785109 -0.0112700639292598 0.0352973975241184 0.0743851959705353 -0.0615301206707954 0.0819985046982765 -0.00676189688965678 -0.0109808472916484 -0.0199348218739033 0.0629044622182846 0.0394696891307831 -0.0243194419890642 0.0456223450601101 -0.0382272973656654
0.375966101884842 0.395795345306396 0.345118045806885 0.327141642570496 0.341414570808411 0.0940069258213043 -0.0289742462337017 -0.0165431816130877 -0.0610528700053692 -0.0411814525723457 0.0884756594896317 -0.00559611385688186 0.0583525523543358 0.111222445964813 0.174885049462318 0.0978145375847816 -0.0206442438066006 0.0199776757508516 -0.0274641830474138 0.0209635142236948 -0.0324097275733948 0.0434860289096832 -0.0366015993058681 -0.0100757898762822 0.0225843098014593 0.00529189221560955 -0.0582844726741314 -0.0952378809452057 -0.0820085629820824 -0.0143582485616207 -0.0237172842025757 -0.0776563361287117 -0.000619680678937584 -0.0749496668577194 -0.0728655457496643 -0.0803001224994659 -0.0442066639661789 -0.00123315933160484 -0.0121982907876372 -0.0198899563401937 0.0505734495818615 -0.0362740308046341 -0.00165311538148671
0.324734389781952 0.37985834479332 0.335266619920731 0.327115088701248 0.171112850308418 0.259215354919434 0.137873589992523 0.0250906087458134 -0.0665769726037979 -0.0570406019687653 0.0173174943774939 0.0268018562346697 0.242818742990494 0.101146459579468 0.127664759755135 -0.0233320966362953 -0.105464205145836 0.0105738183483481 0.0347583927214146 -0.0959598496556282 -0.0153106460347772 0.00236548040993512 0.0600197799503803 -0.0546280182898045 0.0128852473571897 -0.110081672668457 -0.0514432713389397 0.0407086871564388 0.0218039825558662 0.02488131262362 -0.0222158655524254 -0.0313161574304104 -0.0433479808270931 -0.0305823348462582 -0.0103012761101127 -0.0804555341601372 -0.0451687090098858 0.0311573315411806 0.0169866420328617 0.0189214274287224 0.0445761196315289 0.00320989964529872 -0.0318091027438641
0.275995820760727 0.169780284166336 0.144698575139046 0.10026291757822 0.0975042656064034 0.0817690566182137 0.0596227943897247 0.0583752617239952 0.00180992786772549 0.0434821546077728 -0.0389319360256195 0.142112195491791 0.222252786159515 0.168293058872223 0.0220988057553768 -0.0261822417378426 0.0306984130293131 -0.0546924136579037 -0.0275419950485229 -0.020438177511096 0.00858330354094505 0.00917950738221407 -0.043832927942276 -0.0218933671712875 -0.0493776872754097 -0.0126496199518442 -0.0535532049834728 -0.00146611488889903 0.00674960296601057 -0.0041598379611969 -0.0590479336678982 0.039780106395483 0.0113796647638083 0.0369789302349091 -0.060956098139286 -0.0263687297701836 0.00253288843668997 -0.0394407249987125 0.0145742576569319 -0.00461888825520873 0.00308140669949353 0.0181607119739056 -0.057932872325182
0.0916121155023575 0.179291859269142 0.137807682156563 0.223280176520348 -0.00228580762632191 0.226420789957047 -0.00484905065968633 -0.0216082576662302 0.0301855504512787 -0.0404400639235973 0.19648015499115 0.178075775504112 0.219523474574089 0.0336758121848106 0.112742893397808 0.0500980913639069 0.0938748046755791 0.0134140215814114 0.0799371153116226 0.0620905011892319 -0.0072615840472281 -0.099808044731617 -0.0149195771664381 -0.00862915627658367 -0.0477692037820816 -0.0704502314329147 -0.0160108376294374 -0.0589193664491177 0.00482781324535608 0.00823654234409332 0.0478433892130852 0.0636858195066452 0.0311708748340607 -0.0649398490786552 -0.020731944590807 0.0368707329034805 -0.0158879049122334 0.0869142189621925 -0.0162734184414148 -0.0565303936600685 0.00236139702610672 0.00431095855310559 -0.00380962435156107
0.0413532964885235 0.107936002314091 0.115365795791149 0.0328264720737934 0.211174145340919 0.0237873829901218 0.112367555499077 0.00174041022546589 0.00583466375246644 -0.0185866989195347 0.141111627221107 0.187316983938217 0.110402815043926 0.00679426873102784 -0.0102979112416506 0.00790200103074312 -0.0343108996748924 -0.00921796634793282 0.0245304107666016 -0.0326126553118229 0.00790068134665489 -0.00372123043052852 0.0309720635414124 0.0133778750896454 -0.0189572088420391 0.0483506582677364 0.0322383604943752 0.0498037450015545 0.0115955406799912 -0.0778931751847267 -0.0216830391436815 0.038285531103611 -0.0120614478364587 0.0150261325761676 0.0169752966612577 -0.00930711813271046 -0.0173558332026005 -0.00301017565652728 -0.103289626538754 -0.0193640030920506 0.0180689580738544 0.00356832891702652 -0.000911279174033552
0.106738552451134 0.0396543741226196 0.103305146098137 0.0365581028163433 0.0992383509874344 0.144686087965965 0.0753132030367851 -0.0188042800873518 -0.00953113660216331 0.214790940284729 0.143242329359055 0.164419203996658 0.00287089007906616 -0.0214887987822294 0.0109882093966007 0.0674620792269707 0.0168708916753531 0.0277436655014753 -0.0345363058149815 0.00467587262392044 0.0246439892798662 -0.0282016191631556 -0.0234020184725523 -0.022147074341774 0.0586901232600212 -0.00621589971706271 -0.0873055085539818 -0.0202624257653952 -0.0690527334809303 -0.0615678057074547 -0.0455516092479229 -0.00802392978221178 -0.0190372783690691 0.0122104315087199 0.0118086645379663 -0.0606032870709896 -0.0111503517255187 -0.0675273090600967 0.0384204685688019 -0.0110368458554149 -0.0798691734671593 -0.0512868277728558 -0.0675580576062202
0.06622014939785 0.201791420578957 0.16444855928421 0.172204673290253 0.234593480825424 0.175030320882797 0.0656004250049591 0.05301408842206 0.0595111325383186 0.175985351204872 0.199350401759148 -0.019573051482439 -0.0679282918572426 -0.0529145710170269 -0.0209675803780556 0.0453602932393551 -0.0208494309335947 -0.0141661092638969 0.0571009069681168 -0.0075381794013083 -0.00643159495666623 -0.0290339551866055 0.129696011543274 0.0176453273743391 -0.00226345448754728 0.00212691235356033 0.0340972244739532 0.00829770695418119 -0.037633053958416 -0.0388077422976494 0.0371253117918968 -0.0629279091954231 0.0837227553129196 -0.0193540845066309 0.000327113142702729 -0.0190433729439974 0.0444009862840176 -0.0857668519020081 0.0124752605333924 0.0908746868371964 0.035229530185461 -0.00535522634163499 0.0115829417482018
0.168010786175728 0.257010966539383 0.242344662547112 0.162341773509979 -0.0192409809678793 0.00447771744802594 0.0196930598467588 0.0950335785746574 -0.00271585863083601 0.0627466142177582 0.0602803789079189 0.0256388206034899 0.00543495267629623 0.0168546251952648 0.00286535429768264 0.043702095746994 0.0289435442537069 -0.0563790239393711 -0.0121342875063419 -0.0509163215756416 0.00493021681904793 -0.0339739099144936 0.0190097615122795 0.00457803625613451 0.0516329035162926 0.0362812951207161 -0.00901526398956776 0.056283600628376 0.0555173717439175 -0.00819372106343508 0.0179059468209743 -0.0570829696953297 0.0226687360554934 0.101723730564117 -0.0309676192700863 -0.00885243061929941 0.0722920298576355 -0.0165112409740686 0.00109401193913072 0.00495910411700606 0.0446029305458069 -0.0409550294280052 0.0842119306325912
0.171750113368034 0.236331760883331 0.135951697826385 0.115495257079601 0.185924291610718 0.0775123238563538 0.0542447566986084 0.113900408148766 0.301799088716507 -0.0515293441712856 0.0963051915168762 -0.0739080980420113 -0.0580008737742901 0.0606184564530849 0.0428020916879177 0.0220129881054163 -0.0176839772611856 0.0210282746702433 0.0926598533987999 -0.0109746493399143 0.0300754103809595 -0.0129664102569222 0.0141367074102163 -0.0261641498655081 0.00520301749929786 0.0394596755504608 0.0990113839507103 -0.0707124918699265 0.00348659791052341 -0.0238898508250713 -0.00932198949158192 0.0927725955843925 0.0740684792399406 0.0182620212435722 0.0460313595831394 0.007703663315624 -0.0401778258383274 -0.0465738996863365 0.00163542514201254 0.05323351547122 -0.0600387193262577 -0.0085321357473731 -0.0672738775610924
0.0386617593467236 0.242698565125465 0.0197081714868546 0.111679442226887 0.10367789119482 0.0723759457468987 0.18267534673214 0.0966904163360596 0.157167449593544 0.0177893992513418 0.0943137556314468 -0.127358645200729 0.047844223678112 0.0430754907429218 -0.0368078947067261 -0.0300015918910503 -0.105547554790974 -0.124843142926693 -0.0115526216104627 -0.0239467322826385 -0.115798071026802 0.0290164202451706 0.0136406449601054 -0.0102245844900608 -0.0183752551674843 -0.00220934976823628 -0.0564574934542179 -0.00217832042835653 0.0141659798100591 -0.0578612349927425 -0.0436942912638187 0.086158461868763 -0.00455164257436991 0.0438588298857212 0.00170434347819537 0.0817433297634125 -0.125171139836311 0.0174760166555643 -0.0151484720408916 0.0170161575078964 -0.00967372674494982 -0.0184846967458725 -0.014524900354445
