assets/gome_f/processed/ascii/world/gome_sif_world_20130801.asc
NCOLS 720 
NROWS 360 
XLLCORNER -180 
YLLCORNER -90 
CELLSIZE 0.5 
NODATA_value -3.4e+38 
[rows 152 to 170 of 360, columns 172 to 214 of 720]
-0.118599526584148 -0.015995416790247 -0.0915398746728897 0.0736078768968582 0.036836426705122 0.103339001536369 0.178777575492859 0.217042729258537 0.532034754753113 0.647128343582153 0.714811682701111 0.641141176223755 0.505488634109497 0.518403947353363 0.648513436317444 0.539420187473297 0.699805796146393 0.727503061294556 0.627045691013336 0.683728992938995 0.507555246353149 0.082609049975872 0.0895020067691803 -0.0127670364454389 -0.033275056630373 0.00889971107244492 -0.0287181232124567 -0.043561227619648 -0.0316359922289848 -0.0390666276216507 -0.0434131845831871 -0.0249029211699963 0.00309703056700528 -0.00439500855281949 -0.00765735097229481 0.0158430058509111 0.0126507338136435 -0.0539912991225719 -0.0239559710025787 0.00167304277420044 0.0742612704634666 -0.0232435893267393 0.011314008384943
0.0254645943641663 0.0296387784183025 -0.00469475239515305 0.00394642120227218 -0.0275002773851156 0.0429047606885433 -0.0300557184964418 -0.0220324620604515 0.0364143326878548 0.186392262578011 0.262898176908493 0.399690598249435 0.242978125810623 0.431606531143188 0.595832467079163 0.565439760684967 0.787956595420837 0.667266488075256 0.752568125724792 0.401573687791824 0.242705136537552 0.0771804079413414 -0.0809971541166306 -0.00724313408136368 -0.0717505589127541 -0.0351235941052437 0.0501356385648251 0.0515968054533005 -0.00172841700259596 0.0423126965761185 -0.0136010097339749 0.0118856597691774 0.0589157491922379 0.0194431450217962 -0.0486769862473011 0.0475905351340771 -0.0178865175694227 -0.0396479181945324 -0.0213086269795895 0.0597970299422741 0.0262007601559162 -0.0489368662238121 -0.0654229670763016
-0.0587812587618828 0.0828975960612297 -0.0407895520329475 0.0418579466640949 -0.115772552788258 -0.0543781146407127 0.0376562289893627 0.0738259553909302 -0.0274326335638762 0.0330796577036381 0.0655533596873283 0.00342991296201944 0.0898708254098892 0.291689693927765 0.528359055519104 0.608625113964081 0.521240830421448 0.695566236972809 0.711719036102295 0.62834107875824 0.385365873575211 0.0856199413537979 -0.0567724704742432 -0.0559574849903584 -0.12113744020462 -0.0132688554003835 0.00684753898531199 -0.034565232694149 0.054816659539938 0.164153292775154 -0.0650316476821899 -0.0175279695540667 -0.0315828658640385 -0.0162852872163057 0.00969533529132605 -0.0153389861807227 -0.0111289182677865 -0.0211895909160376 0.0271795485168695 -0.00923110730946064 -0.0272545143961906 0.0250691622495651 -0.0206271056085825
-0.00743177346885204 0.014513430185616 -0.0238226559013128 0.0114499945193529 -0.0220095440745354 -0.0859847664833069 0.148103132843971 -0.0123109612613916 -0.031435951590538 0.017488606274128 -0.069884680211544 0.00654435157775879 -0.0329860337078571 0.0661199316382408 0.284596383571625 0.443174421787262 0.534933149814606 0.500568926334381 0.504862189292908 0.404817819595337 0.650938630104065 0.0689270719885826 -0.0527875684201717 -0.0642902553081512 -0.0235226973891258 -0.0102165648713708 -0.0843032151460648 -0.0770696327090263 -0.0519418492913246 -0.0232271794229746 0.0630411058664322 -0.0552984289824963 0.0185904782265425 -0.00490743387490511 -0.00736779207363725 -0.041521392762661 0.00611021695658565 -0.0252108555287123 0.0387587361037731 -0.0980045199394226 -0.0548298917710781 -0.0666244775056839 0.0106305703520775
-0.00374687369912863 0.00195317342877388 -0.00592861836776137 -0.088329017162323 -0.00507748313248158 -0.0060784388333559 0.0162369944155216 0.024247121065855 0.00787010788917542 0.0576325356960297 0.105069302022457 0.0392271839082241 -0.0611359216272831 -0.0624816007912159 -0.0370480269193649 0.47013646364212 0.354119867086411 0.341311633586884 0.635550022125244 0.579074203968048 0.0898994952440262 -0.13712814450264 0.127186223864555 -0.0429627560079098 -0.0699106231331825 -0.0643659606575966 -0.0219301097095013 -0.076325424015522 0.0765333995223045 0.0236499439924955 0.0601506344974041 -0.0564164444804192 -0.00347621599212289 -0.0158862508833408 -0.116070546209812 -0.0324672870337963 -0.184750333428383 -0.0180317219346762 0.0028632739558816 -0.0803098231554031 0.0458790250122547 -0.003525385633111 -0.0193506889045238
-0.00904313288629055 -0.0605899542570114 0.10772018879652 0.0160735826939344 -0.0552127957344055 0.00312591786496341 -0.0285364501178265 -0.0366265326738358 0.000199815942323767 0.0951609462499619 -0.106592826545238 0.000905922730453312 0.00172331102658063 -0.0583191253244877 0.0221789795905352 0.108154579997063 0.382732510566711 0.270194202661514 0.349452286958694 0.577471017837524 0.438310116529465 0.0180269964039326 -0.0450862087309361 -0.0454254597425461 -0.0285532623529434 0.0324559845030308 -0.0943319201469421 -0.0411646068096161 0.028926333412528 -0.00498979073017836 -0.0676520019769669 -0.0255415383726358 -0.107766754925251 0.0643287152051926 -0.0974792838096619 -0.00787796918302774 -0.0516298115253448 0.0923959091305733 0.0481207817792892 0.230714425444603 0.328088492155075 0.348139882087708 0.395741283893585
-0.015493543818593 0.00811351090669632 0.0782201960682869 -0.0522764772176743 0.0201595854014158 0.0140126431360841 -0.0876796618103981 -0.0556047074496746 0.0162281431257725 0.0491477474570274 0.0950979068875313 -0.0505599230527878 0.0237767640501261 -0.0256297588348389 -0.0669386014342308 -0.0656149759888649 0.205693110823631 0.622412621974945 0.606679677963257 0.259315818548203 0.330098748207092 0.110462263226509 0.00840508937835693 0.0640145018696785 0.0263518802821636 -0.0129371108487248 0.0231534410268068 0.01368089299649 -0.147830918431282 -0.0330923795700073 -0.0417831055819988 -0.0592568255960941 -0.0183455254882574 -0.00297088571824133 0.0109234815463424 -0.140117391943932 -0.0209792871028185 0.182287588715553 0.648667395114899 0.585918843746185 0.414609044790268 0.568348228931427 0.488228052854538
0.0433687306940556 0.0633683502674103 -0.0218340065330267 0.0233770459890366 -0.0304605048149824 -0.045678835362196 -0.029504781588912 0.00336065771989524 0.0388608165085316 0.0575607940554619 0.00793689396232367 -0.0214699488133192 -0.155535638332367 -0.0399341061711311 0.0180456005036831 0.0296347178518772 0.328593820333481 0.650020718574524 0.420332580804825 0.48134708404541 0.605192065238953 0.597423374652863 0.13110014796257 0.0662737488746643 0.0491488166153431 -0.0466231852769852 -0.0399734079837799 -0.0707831531763077 -0.141877248883247 -0.0621065683662891 0.00983377359807491 -0.0336388163268566 -0.0713857263326645 -0.0504493378102779 -0.0144605208188295 0.0264914594590664 0.0337677262723446 0.501757919788361 0.503779411315918 0.699640393257141 0.613368690013885 0.715734004974365 0.57319712638855
-0.0188611969351768 0.0093839718028903 0.0241679884493351 0.0202288795262575 -0.00788619183003902 0.00060554692754522 0.00388682587072253 0.0668646246194839 0.0118133071810007 0.0816602408885956 -0.00999678950756788 -0.0208149943500757 0.0589303784072399 -0.0432668775320053 -0.103645153343678 0.0376145951449871 0.123382568359375 0.0740026831626892 0.332968026399612 0.420951575040817 0.594359040260315 0.642984390258789 0.2444237023592 -0.0937029272317886 0.0873960256576538 -0.0331715010106564 -0.0558035969734192 0.0363066010177135 0.0188205875456333 0.19615538418293 -0.0668934136629105 -0.0146080767735839 0.0702817589044571 0.00384163204580545 0.123261712491512 0.0333976484835148 0.296207129955292 0.658413648605347 0.512907922267914 0.660143554210663 0.574148714542389 0.589062213897705 0.803901970386505
-0.00487390672788024 0.0618073828518391 0.0127577185630798 -0.00321310176514089 0.0919578522443771 0.0686994194984436 -0.0198313482105732 0.0506968833506107 -0.0226632002741098 0.110494665801525 0.00477170525118709 -0.0107146361842752 0.0941968262195587 0.0562992841005325 -0.00275537371635437 0.00239228876307607 -0.0542129352688789 0.0471846647560596 0.0721826255321503 0.0748468041419983 0.365762203931808 0.542769372463226 0.566102266311646 0.226021081209183 0.03141775354743 -0.0103096151724458 0.071881577372551 0.0964095592498779 0.297878175973892 0.422873228788376 0.377238631248474 0.388510793447495 0.0464377589523792 0.0373675003647804 0.0734189078211784 0.453874826431274 0.758354008197784 0.735108852386475 0.711315929889679 0.666273474693298 0.42625880241394 0.754015207290649 0.6976118683815
-0.0586144216358662 0.17513582110405 0.0802149772644043 0.120584405958652 0.0177737660706043 -0.0122000705450773 0.0121670812368393 -0.0118171041831374 0.0197442304342985 0.00265900930389762 0.0322706811130047 0.0154148256406188 0.0188144724816084 -0.00312373880296946 0.0116138253360987 0.0184534471482038 0.0885500907897949 0.0411188416182995 -0.0302417818456888 -0.00296883494593203 0.265209347009659 0.481660783290863 0.386224895715714 0.51144003868103 0.491264224052429 0.432700872421265 0.360537827014923 0.530786395072937 0.237421363592148 0.125834405422211 0.286610543727875 0.464128464460373 0.364280819892883 0.0504168458282948 0.205581098794937 0.48733839392662 0.789409041404724 0.550564467906952 0.431350708007812 0.471674412488937 0.453094750642776 0.646685063838959 0.669646620750427
-0.158867374062538 0.105213567614555 0.0151854455471039 0.0782851353287697 -0.0442699864506721 0.0477718189358711 0.027934692800045 -0.118941716849804 -0.0161514170467854 0.0557316429913044 -0.0370228439569473 0.0251269042491913 -0.0159948617219925 -0.0241380613297224 -0.0681562051177025 0.0361933149397373 0.0200174618512392 -0.0676330775022507 0.124839462339878 0.110158629715443 -0.0136364251375198 0.0543484389781952 0.221949979662895 0.327359616756439 0.30266597867012 0.615889966487885 0.400092780590057 0.266428291797638 0.0947218760848045 -0.0165152661502361 0.2094656676054 0.391127586364746 -999 -0.00769416894763708 0.428915739059448 0.532950758934021 0.589664340019226 0.61049211025238 0.470815449953079 0.486133247613907 0.519630312919617 0.409972786903381 0.641482889652252
0.255208104848862 0.00462759472429752 -0.00466274190694094 -0.0612406842410564 0.169626161456108 -0.0688671097159386 -0.0946906805038452 -0.0563144870102406 0.0154820522293448 0.0270742774009705 -0.0121449716389179 -0.0477162078022957 0.0155611578375101 0.0137284882366657 0.127859607338905 0.157343477010727 -0.149031475186348 -0.0803932249546051 -0.0613902285695076 -0.010663983412087 -0.0422268509864807 0.344471782445908 -0.0255195200443268 0.0891838669776917 0.240181386470795 0.323618113994598 0.39894911646843 0.645599484443665 0.0819759219884872 -0.00825109053403139 0.0326548218727112 0.245544373989105 0.516298174858093 0.407122850418091 0.356180727481842 0.778668761253357 0.36978542804718 0.628164410591125 0.470408350229263 0.541353106498718 0.478294283151627 0.494025319814682 0.390624672174454
-0.233109995722771 0.13323663175106 -0.202520325779915 0.0874397456645966 0.110221855342388 0.0386905372142792 -0.0702344328165054 -0.021182244643569 0.158787101507187 -0.0421173758804798 -0.0506279766559601 0.0592265501618385 -0.0353583805263042 0.000406540930271149 -0.000225454568862915 -0.0271930657327175 -0.0500330813229084 -0.0796436220407486 -0.0251864492893219 0.061525397002697 -0.0306987501680851 0.114192396402359 -0.0446802303195 -0.0421891994774342 -0.107496947050095 0.00796250347048044 0.067101389169693 0.333489954471588 0.0460539869964123 -0.0137894963845611 0.101766504347324 0.219014346599579 -0.000747736135963351 -999 0.342329531908035 0.515415012836456 0.492545604705811 0.670568287372589 0.56264191865921 0.557386159896851 0.55415290594101 0.42368158698082 0.354933589696884
-0.0445454567670822 0.069801077246666 -0.0172199662774801 0.0152554363012314 -0.121952690184116 -0.123304285109043 -0.0912658199667931 -0.148827418684959 0.138781309127808 -0.0690454319119453 0.050338689237833 -0.0360270068049431 0.0794142857193947 0.0789674744009972 -0.0488930754363537 0.029685951769352 0.0276115871965885 -0.0478592626750469 0.125589072704315 -0.044222567230463 -0.00432189041748643 -0.0168807208538055 -0.0508605055510998 0.121009185910225 0.0674533843994141 -0.0877526998519897 -0.00353858526796103 -0.115350745618343 -0.0170696601271629 0.100528933107853 -0.141855910420418 0.0597731731832027 0.0221744123846292 -999 0.367716699838638 0.404866099357605 0.382843285799026 0.555326461791992 0.55859500169754 0.532710433006287 0.6527179479599 0.435681790113449 0.443093806505203
0.0524991676211357 -0.0537023171782494 -0.059114009141922 -0.123577192425728 0.12381137162447 -0.149258375167847 0.0175973195582628 0.0394716523587704 0.0319328941404819 -0.0859691351652145 0.0230044778436422 -0.113500706851482 -0.0714791566133499 -0.0128740174695849 -0.0147759849205613 0.0363620705902576 0.0369703583419323 -0.0576416999101639 -0.0927547439932823 0.0865401104092598 0.0601465031504631 -0.00170391052961349 -0.00374259194359183 0.0177787095308304 0.219889879226685 0.0675305649638176 0.122249074280262 0.145678371191025 -0.0062528932467103 -0.148613408207893 -0.115499794483185 0.0943964868783951 0.050684854388237 0.427932888269424 0.574389338493347 0.407171726226807 0.369141846895218 0.497668087482452 0.602206289768219 0.591316044330597 0.586634039878845 0.400143951177597 0.268587648868561
0.0894256830215454 0.162453129887581 0.0456047132611275 0.0327991396188736 -0.0922368466854095 0.0512007474899292 -0.168967574834824 -0.166988790035248 -0.114252872765064 0.0252873040735722 -0.114909797906876 -0.00811738055199385 -0.0902223065495491 0.0275638625025749 0.0253662969917059 0.0311589892953634 -0.0480221658945084 -0.060517143458128 -0.0983703285455704 0.0226755440235138 -0.0390439368784428 -0.223481267690659 -0.0353573262691498 -0.0583706125617027 0.0848883613944054 0.105218648910522 0.227864801883698 0.017259057611227 0.158690437674522 -0.192133411765099 -0.167647123336792 -0.133697554469109 0.0814902856945992 0.460558176040649 0.142906427383423 0.303426802158356 0.485958099365234 0.387833327054977 0.618403017520905 0.441657513380051 0.611420512199402 0.371162474155426 0.465702027082443
-0.110724352300167 -0.0519862025976181 -0.0689755454659462 0.0092174531891942 -0.0799631997942924 0.0500306710600853 -0.0881350040435791 -0.0823463127017021 0.023532060906291 -0.077147364616394 0.0471739247441292 -0.13118377327919 -0.0598556995391846 0.0521369092166424 -0.254643946886063 -0.19234125316143 -0.00458995765075088 -0.0483240336179733 -0.0782952681183815 0.0174594912678003 0.0758008807897568 -0.0792857259511948 -0.066746212542057 -0.13498742878437 -0.0565998554229736 -0.0277623254805803 0.0412502586841583 0.0597696490585804 -0.140821531414986 -0.0577509514987469 -0.257853776216507 0.073002390563488 0.305026829242706 0.551109552383423 0.855215430259705 0.584214746952057 0.22440966963768 0.476706773042679 0.582689940929413 0.629143536090851 0.403014004230499 0.612081050872803 0.0876858830451965
0.0178854167461395 -0.014605363830924 0.0267260558903217 -0.00901375338435173 0.0469641983509064 -0.103208102285862 -0.107433691620827 -0.0439547151327133 -0.0785612165927887 -0.0206606164574623 -0.11335289478302 -0.101931490004063 -0.0254150107502937 -0.0660667642951012 -0.0381162352859974 0.0881443992257118 -0.0644042119383812 0.0756700932979584 -0.00173129641916603 -0.0890376344323158 0.0267203450202942 -0.0716863572597504 -0.168510645627975 -0.138359367847443 0.0953897163271904 -0.204337641596794 -0.159063383936882 -0.0201742053031921 -0.0573599264025688 -0.00702186673879623 -0.0574519261717796 -0.298819690942764 -999 -999 0.634534299373627 0.396071493625641 0.39713853597641 0.355482876300812 0.422073721885681 0.295083105564117 0.365667939186096 0.202360853552818 0.43889108300209
