assets/gome_f/processed/ascii/world/gome_sif_world_20120401.asc
NCOLS 720 
NROWS 360 
XLLCORNER -180 
YLLCORNER -90 
CELLSIZE 0.5 
NODATA_value -3.4e+38 
[rows 152 to 170 of 360, columns 645 to 687 of 720]
-0.0867123454809189 0.000425217149313539 0.0114741306751966 -0.0130451852455735 0.0101915709674358 0.028090400621295 0.0192836709320545 -0.0782230570912361 -0.0129061723127961 -0.0128068402409554 0.0165937766432762 -0.033173494040966 -0.0440953075885773 0.0153460400179029 -0.0445525906980038 -0.0426831915974617 -0.0694353878498077 0.0550180710852146 0.0239948239177465 0.0493969321250916 -0.0384382344782352 -0.0525115095078945 -0.0395657420158386 0.00182161445263773 0.0458212420344353 0.0843661278486252 0.121686585247517 0.0279354844242334 -0.0452349819242954 -0.0287484601140022 0.0260275471955538 0.0141300102695823 -0.0542614459991455 -0.105564348399639 -0.000727833714336157 0.0379763208329678 -0.0110677182674408 0.0134900175035 -0.0162807628512383 0.0125182131305337 -0.0464065745472908 -0.0944124534726143 -0.0231116823852062
-0.0399912223219872 -0.0298777222633362 -0.0819594636559486 0.0426106005907059 -0.0202046036720276 0.0337009876966476 0.017826596274972 -0.0754309892654419 0.0531143210828304 -0.0508002489805222 -0.0133308172225952 0.000978248543106019 0.0552680790424347 -0.0199513379484415 0.0505430437624454 0.00509096449241042 -0.00481735682114959 0.00703231757506728 -0.0269636604934931 -0.0103101395070553 -0.0189826916903257 0.0216776337474585 0.0179132986813784 -0.0224331710487604 -0.00687045510858297 0.0128234680742025 -0.0167446210980415 -0.0829259231686592 0.040195032954216 -0.0432153716683388 -0.0491431057453156 -0.0151600325480103 -0.0823606997728348 -0.0193577222526073 -0.087021142244339 -0.0659504234790802 -0.0274167023599148 -0.0702553167939186 0.00252382596954703 0.0641656368970871 -0.0430344790220261 0.0197541508823633 0.0175470001995564
-0.00202793022617698 0.0134603967890143 -0.0421041063964367 -0.0427813827991486 -0.0284767560660839 -0.0155239496380091 -0.0106861470267177 0.00495863100513816 0.0180412922054529 -0.0269260872155428 -0.0314960367977619 0.0675331950187683 -0.106545120477676 -0.0216359123587608 -0.0673498809337616 0.0409420840442181 -0.0531725250184536 -0.0608798190951347 0.0213661212474108 0.0294907875359058 -0.0850589796900749 0.0235071014612913 0.0820607021450996 -0.0800988152623177 -0.0775262415409088 0.0306773018091917 0.0440325327217579 -0.067209966480732 0.0985342338681221 -0.0123331360518932 -0.109641969203949 0.0541246496140957 -0.0435784906148911 -0.0202437415719032 -0.0135980220511556 -0.0275504905730486 -0.104767322540283 0.0133919063955545 -0.014884696342051 -0.00748087046667933 -0.0500251427292824 0.0729117840528488 -0.0110429432243109
0.0201695282012224 -0.0647339373826981 -0.0336862802505493 0.0950869172811508 -0.0929767340421677 -0.00979495886713266 0.0117781162261963 0.0223763771355152 -0.0387578718364239 0.00832239910960197 -0.0561197474598885 -0.0296006388962269 0.0259045548737049 -0.0129329124465585 0.0531946010887623 0.0363042876124382 0.0413287356495857 -0.0314803943037987 0.0170478112995625 -0.0246414635330439 -0.139588236808777 0.0787603780627251 -0.0188874863088131 0.0261197276413441 -0.0117067452520132 0.0306192226707935 0.0766965001821518 -0.0524385236203671 -0.0712885782122612 0.0110122673213482 -0.059076152741909 -0.0561179630458355 -0.0187045317143202 -0.00706244772300124 -0.0205940287560225 -0.0359010361135006 -0.146355509757996 -0.0307455603033304 0.0867741703987122 -0.00583073729649186 -0.00882749445736408 -0.0115352161228657 -0.0583762004971504
0.0607420913875103 0.0522470436990261 -0.0294333547353745 0.0498116090893745 0.00592140480875969 0.0212322156876326 0.0185351204127073 0.00122503272723407 0.0247139614075422 0.00615540612488985 -0.0300494600087404 0.000291115633444861 0.00647842464968562 -0.0034830616787076 -0.00507908454164863 0.0220557935535908 -0.0388564988970757 0.0360793061554432 -0.0391314774751663 0.00818262435495853 -0.0343102514743805 0.0251980274915695 -0.0540354028344154 -0.0186676494777203 0.00782520417124033 0.0532642416656017 0.024433447048068 -0.0278078634291887 0.00969331432133913 0.0350008420646191 0.00383724528364837 -0.0826829075813293 -0.126402154564857 0.0458611249923706 0.031668521463871 -0.0272181555628777 0.101768381893635 0.0404235348105431 -0.0781525820493698 -0.055024228990078 -0.007640540599823 -0.0200485903769732 -0.0129910809919238
-0.0578246042132378 -0.0209277365356684 0.0813180357217789 0.0180505122989416 -0.0480024479329586 -0.0422577522695065 -0.0453502424061298 -0.036318302154541 -0.0775410979986191 -0.00814395025372505 0.01869554258883 -0.0679097920656204 -0.0119022745639086 -0.0470414236187935 -0.0535251460969448 0.0830111280083656 -0.0271493177860975 -0.0983292385935783 -0.10241761058569 -0.0695772171020508 -0.0309923347085714 0.00474641099572182 -0.0786025002598763 0.00251072738319635 -0.0429456532001495 0.114667892456055 0.0347692184150219 -0.0314877927303314 -0.0165147837251425 -0.153935194015503 0.0549581050872803 -0.00814453791826963 -0.014836885035038 -0.0174075234681368 -0.0140497935935855 -0.0493254140019417 -0.0540600493550301 -0.0206947661936283 -0.0389078557491302 -0.0569677762687206 -0.0372292064130306 -0.0514607839286327 0.0222983732819557
0.0316681601107121 0.034805316478014 -0.0607945621013641 0.0151769788935781 -0.00761291990056634 0.0423140972852707 -0.0489095114171505 0.0117531511932611 0.0105188963934779 0.0572529621422291 -0.000404041667934507 -0.0299946013838053 -0.0209349449723959 -0.000923686369787902 0.0858864188194275 0.0332024246454239 -0.0743292048573494 0.0309064984321594 -0.0302255637943745 -0.0167605876922607 -0.0430798567831516 0.00728217419236898 0.0212140642106533 0.0130977462977171 -0.0475838221609592 -0.0537435710430145 -0.0262017827481031 0.0277175363153219 0.0500959418714046 -0.0811215043067932 -0.0578555688261986 0.0135709522292018 0.0185964833945036 -0.0219583250582218 -0.0787205174565315 -0.0430071577429771 -0.0307863596826792 0.0501365065574646 0.0114009296521544 -0.061829462647438 -0.0514842793345451 -0.0756533294916153 -0.0067244996316731
0.0137438885867596 0.0629465579986572 -0.0568660274147987 -0.00676487246528268 0.0465510152280331 0.00157241825945675 -0.0454040244221687 -0.0287042688578367 0.0273315794765949 -0.0304782912135124 0.0404957421123981 0.0324307568371296 0.0217159986495972 0.00145380268804729 0.00730085000395775 -0.00252959015779197 -0.0480237528681755 0.00444444175809622 -0.0116737270727754 -0.00860670395195484 -0.0720566362142563 -0.0768944546580315 -0.0675373747944832 -0.127031356096268 0.0825600698590279 0.0213328879326582 0.0093565545976162 -0.0899013057351112 -0.0442277826368809 0.00104107800871134 -0.0357660688459873 -0.0550858154892921 -0.00356255169026554 0.0200703293085098 -0.0331048592925072 0.00261845951899886 -0.00826448295265436 0.0489269345998764 -0.0014452695613727 -0.00209103315137327 0.0689486563205719 0.0178469698876143 -0.0837533921003342
-0.0547470301389694 -0.0766536146402359 -0.04952672123909 0.0131705375388265 -0.0104281362146139 -0.010328721255064 0.0650442466139793 -0.0790937468409538 -3.89282686228398e-05 0.00970128178596497 0.0601345039904118 -0.0068750511854887 0.00386546878144145 -0.00502790603786707 -0.0855105742812157 -0.0894889608025551 0.00388923566788435 0.00850845407694578 -0.0082220109179616 0.0494288019835949 0.000380563229555264 -0.0790844410657883 -0.0517154298722744 -0.0609355457127094 0.0588014237582684 -0.0329521037638187 -0.00251588691025972 0.0431956499814987 0.0227646008133888 -0.0850798338651657 -0.00686815427616239 -0.129441171884537 -0.0767961591482162 -0.000910506932996213 0.00580971036106348 -0.0766681507229805 -0.0476900637149811 -0.0984964966773987 0.010558775626123 -0.100236877799034 -0.14104537665844 -0.0458425842225552 -0.0743328332901001
-0.015986230224371 -0.0971551463007927 -0.0553266070783138 -0.0291128754615784 -0.0324688777327538 -0.0661809369921684 -0.0159528087824583 -0.0545368455350399 -0.0112632215023041 0.0160738192498684 -0.0295933596789837 -0.00202364893630147 -0.0154406521469355 0.0394179634749889 0.058521531522274 -0.00264552910812199 0.0878298878669739 -0.107849068939686 -0.0662091448903084 -0.00542469928041101 -0.0599519722163677 0.0676273331046104 -0.0907151624560356 -0.0371642410755157 0.0200288780033588 0.0522951036691666 -0.0802519097924232 -0.000778907793574035 -0.0367191322147846 0.00358533463440835 -0.0837128609418869 -0.051198735833168 -0.020467933267355 -0.0588088929653168 -0.023080850020051 0.0316799655556679 0.0259136781096458 -0.0153311872854829 0.00678750593215227 -0.0742224529385567 -0.104470051825047 -0.00595768354833126 -0.0408243574202061
-0.0198110360652208 0.0149953933432698 -0.0206436943262815 -0.0462684817612171 -0.0820041820406914 0.0367689952254295 -0.0538638159632683 -0.0379712022840977 -0.0530826784670353 -0.0651993900537491 0.109563261270523 -0.0285886209458113 -0.0392504334449768 -0.0360435135662556 -0.123544812202454 -0.0882135704159737 -0.0433675423264503 -0.0179759468883276 -0.0432928055524826 0.0286023020744324 -0.00863244384527206 0.0328874811530113 -0.0357630252838135 0.00165708863642067 0.0157323349267244 -0.0263408236205578 -0.0345480255782604 0.0146101554855704 -0.0388806201517582 -0.00784692075103521 0.0342762544751167 -0.0825654193758965 -0.0524656251072884 -0.191909268498421 -0.0238037202507257 -0.121278963983059 -0.0760803446173668 -0.00144447758793831 -0.0805622190237045 -0.0315753407776356 -0.0784517899155617 -0.00702297454699874 -0.0678457245230675
-0.0413551665842533 0.0295198243111372 -0.0700477659702301 0.0172517690807581 0.00195152312517166 -0.033781535923481 -0.014638165012002 0.0539220869541168 0.0329058095812798 -0.0735353901982307 -0.0692325457930565 0.0236563924700022 0.0130510535091162 -0.00763413729146123 0.0368073545396328 -0.0672735944390297 -0.0669614151120186 -0.015137130394578 -0.0854474753141403 0.00286376336589456 -0.011105515062809 0.038312416523695 -0.0937701091170311 0.00444919569417834 -0.028815396130085 -0.015446150675416 -0.00932866800576448 0.0386304445564747 -0.0557096339762211 -0.00167805887758732 0.00456317840144038 -0.0283160582184792 0.0831867158412933 -0.000661796308122575 0.102751232683659 -0.00205237488262355 -0.0409927368164062 5.55238111701328e-05 0.0321032106876373 -0.0658435747027397 0.0831569582223892 -0.107636451721191 -0.0336369462311268
-0.00682149082422256 -0.0499169640243053 0.041943147778511 -0.116503722965717 -0.123311102390289 -0.0668850615620613 -0.0121680796146393 -0.0321056023240089 -0.1183120906353 -0.094077967107296 -0.0457714833319187 -0.0915051028132439 0.00731528690084815 -0.0844444036483765 -0.105220295488834 0.0732157826423645 -0.0316182263195515 0.0642067715525627 -0.0137665523216128 -0.0552431903779507 -0.0417201146483421 0.0788150727748871 -0.111736960709095 -0.0371143408119678 -0.0266899429261684 -0.0393169224262238 0.0549811497330666 -0.0512926131486893 0.0120687885209918 0.0191194415092468 -0.0786042213439941 0.0265333782881498 0.0481744445860386 -0.0712936669588089 -0.119417048990726 0.0590250082314014 -0.0219836421310902 -0.0479981601238251 -0.0895754620432854 0.0239408761262894 0.0119561851024628 -0.0310629121959209 -0.0150303114205599
-0.0117582865059376 -0.0826063305139542 0.0864598825573921 -0.022994851693511 -0.0173951648175716 0.0406457372009754 -0.0219069328159094 0.00927847251296043 -0.00513801071792841 -0.0675223991274834 0.0558442659676075 -0.0425290130078793 -0.0229231212288141 -0.0213138144463301 -0.0083594461902976 -0.0833439156413078 -0.114259302616119 0.0679525509476662 0.0748655647039413 -0.0230339281260967 -0.0964002460241318 -0.036726038902998 -0.0320202298462391 0.0536063276231289 0.00204896787181497 -0.0426434949040413 -0.0294488444924355 -0.0801869556307793 -0.0490114502608776 -0.0458001606166363 0.0591575354337692 -0.0213380102068186 0.0064557883888483 -0.0386955440044403 -0.0603635609149933 -0.0437738485634327 -0.00162765034474432 -0.0209143664687872 -0.123685337603092 -0.0688799321651459 -0.0044597196392715 0.0581936091184616 -0.0319856144487858
-0.0269021634012461 -0.0117975743487477 -0.108243972063065 -0.0461778119206429 -0.0504032261669636 0.00533159170299768 -0.00663188006728888 0.0203644130378962 -0.131629839539528 -0.0930813550949097 0.0128045929595828 -0.0924081429839134 0.0664025470614433 -0.0497217960655689 -0.0286479406058788 0.0890574976801872 -0.0428704395890236 -0.05842524766922 -0.0277901366353035 -0.0762478783726692 -0.0396274365484715 0.0844906717538834 0.0476972945034504 -0.00051522598369047 -0.123740471899509 -0.0441615507006645 -0.0488966293632984 -0.0263570845127106 -0.0475203469395638 -0.0702494457364082 0.0027317872736603 -0.00451380014419556 -0.0116846607998013 0.0252936203032732 0.0208163186907768 0.0151752326637506 -0.037078071385622 -0.00273109506815672 -0.0243933163583279 -0.0455809086561203 0.091571219265461 -0.0298032965511084 0.0173283237963915
0.0763571485877037 -0.0561927556991577 -0.00808414537459612 0.0381520576775074 0.0279734469950199 -0.0534577369689941 0.130945637822151 -0.0333759225904942 -0.0611788593232632 -0.0760954543948174 0.0382090993225574 0.00710444897413254 -0.0740536153316498 0.0238017588853836 -0.019219595938921 -0.0181224215775728 0.0154782915487885 -0.0325718708336353 -0.0319819338619709 -0.0327093452215195 -0.108904860913754 0.0243648048490286 -0.133185178041458 -0.0508790239691734 -0.027327835559845 -0.103821888566017 -0.0427686646580696 -0.0189865678548813 -0.104212060570717 0.0229094047099352 0.00768600171431899 -0.0385770574212074 -0.0284029431641102 -0.0575449094176292 -0.0860876962542534 -0.073824442923069 -0.0460257902741432 -0.0423904061317444 -0.0945379436016083 -0.0368345379829407 -0.0371077433228493 0.0283005647361279 0.0522662810981274
-0.0203897729516029 -0.0213721506297588 -0.0676683261990547 -0.037963405251503 -0.111527666449547 -0.0346932783722878 -0.0666914507746696 0.0816691294312477 -0.0277302861213684 -0.0502549596130848 -0.00897443480789661 -0.122378058731556 0.0668639689683914 -0.0313894525170326 -0.0149236004799604 -0.0106140971183777 0.0124037954956293 -0.00786750670522451 -0.0254778228700161 0.000486842473037541 -0.0826421976089478 -0.00630566477775574 0.0428162291646004 0.0207776743918657 -0.0469836667180061 -0.0538546368479729 -0.00274662440642715 0.0756384432315826 -0.060447983443737 0.0166248679161072 0.0680189281702042 -0.121161699295044 -0.0498284958302975 -0.0449314191937447 0.0841090381145477 0.0279893837869167 -0.0326281152665615 0.0786953046917915 0.012307926081121 -0.037167876958847 0.0441802330315113 0.00899626687169075 0.0146271418780088
0.0267631448805332 -0.0157565176486969 0.0777992904186249 -0.0286758709698915 -0.0324144810438156 0.025148767977953 0.0523864068090916 -0.0306884851306677 0.038284607231617 -0.0760101452469826 0.0105321137234569 -0.0280180852860212 -0.111016862094402 0.0424664542078972 0.0185204651206732 0.0306499972939491 0.00443856697529554 -0.0294594541192055 0.0976495668292046 0.00467897718772292 -0.141523689031601 -0.0918300226330757 0.0153875453397632 -0.0521837249398232 -0.0577682554721832 0.0228117574006319 0.000610485556535423 0.0994540080428123 -0.0442632250487804 -0.0289356466382742 -0.0127300806343555 -0.0117794023826718 0.0248412303626537 -0.042314387857914 -0.0377948619425297 0.0508889183402061 -0.0530160218477249 0.0162488874047995 -0.210353076457977 -0.0445418879389763 0.0577832199633121 0.0479293055832386 -0.0860142260789871
0.0556715168058872 0.035754919052124 -0.0372221581637859 0.0032150826882571 -0.102831147611141 -0.0563681051135063 -0.0546614937484264 -0.0254944302141666 -0.0176967941224575 -0.111103400588036 0.0533156394958496 -0.0352197960019112 -0.0552407018840313 -0.0381176695227623 -0.0213366132229567 0.0507686994969845 0.01533342897892 -0.0222540721297264 -0.0300838928669691 0.015787398442626 -0.0731189996004105 -0.0364969857037067 -0.00646072905510664 0.0240590739995241 -0.181596145033836 0.0826977416872978 -0.0180633701384068 -0.0217815432697535 0.0466611683368683 0.0827580988407135 -0.00491948379203677 0.0513572543859482 -0.0625448599457741 -0.0706447884440422 0.0227028857916594 -0.147201955318451 0.0295979883521795 0.047360934317112 -0.00891595892608166 0.0429594442248344 0.0452249422669411 0.00542848510667682 -0.0146698551252484
