assets/gome_f/processed/ascii/world/gome_sif_world_20110901.asc
NCOLS 720 
NROWS 360 
XLLCORNER -180 
YLLCORNER -90 
CELLSIZE 0.5 
NODATA_value -3.4e+38 
[rows 285 to 303 of 360, columns 516 to 558 of 720]
-0.123077645897865 -0.163550898432732 -0.0845664516091347 -0.13649819791317 -0.15880461037159 -0.138296514749527 -0.127663969993591 -0.0392058789730072 0.216618254780769 0.117614321410656 -0.00416530529037118 -0.00822172127664089 -999 0.0427589640021324 0.0812883004546165 -0.0751227289438248 -0.217460438609123 -0.159392297267914 -0.385565191507339 -0.441681981086731 -999 -0.0341487601399422 -0.0588557608425617 0.160469979047775 -0.207869574427605 -0.00529058277606964 0.0806333646178246 -0.15680043399334 0.0771804600954056 -0.0354375652968884 -0.00495778908953071 -0.0236036833375692 -0.337717026472092 -0.0417901277542114 -0.155844151973724 0.040411613881588 -0.193554908037186 -0.108130268752575 0.0474606119096279 0.0992217510938644 -0.13713227212429 0.00895831268280745 -0.0356328226625919
-0.032802302390337 0.0375052392482758 0.0317332036793232 0.103387542068958 0.168076634407043 -0.0724781900644302 -0.103012539446354 0.0232415106147528 0.155973210930824 -0.0957780629396439 -0.0746749043464661 0.0522504784166813 -0.0816422328352928 -0.10198600590229 -0.00231524556875229 -0.0986205190420151 -0.375263333320618 -0.0159901715815067 -0.0474269092082977 0.00559695437550545 -0.118298530578613 -0.133339554071426 0.281042516231537 -0.0922412872314453 0.0516191422939301 -0.280851602554321 -0.0814223885536194 0.0878248512744904 0.0195047184824944 0.0859682634472847 0.0891769230365753 -0.0735977366566658 -0.229925528168678 -0.00701626623049378 0.0557446777820587 -0.143940269947052 0.215905398130417 -0.0318973436951637 -0.109718129038811 0.0414802506566048 0.18795220553875 -0.0597948431968689 0.0246708616614342
-0.0239140465855598 -0.0222835466265678 0.0150544224306941 -0.0924108028411865 0.0647808462381363 -0.0959610715508461 -0.0815487951040268 -999 0.154116243124008 0.274072974920273 -0.0298330020159483 0.228733494877815 0.13637313246727 -0.0453938357532024 0.0800871625542641 -999 0.0407721735537052 -0.0756651759147644 0.206483766436577 -0.118208684027195 0.113020464777946 -0.18047197163105 -0.0946905985474586 -0.230446815490723 0.188391774892807 -0.0510190837085247 0.0909806787967682 0.176945522427559 -0.0881184563040733 0.0612969510257244 -0.0341285467147827 0.0864403992891312 0.155351683497429 0.0513536930084229 0.409897923469543 0.153527960181236 -0.138051196932793 -0.0566020756959915 0.00143029168248177 -0.117620885372162 -0.0532890930771828 0.0671805888414383 -0.129283726215363
-0.01905657351017 -0.101679250597954 0.0679452493786812 0.0691757500171661 -0.179807245731354 0.0375250577926636 0.286518663167953 0.0320065170526505 0.0899804905056953 0.171304956078529 0.00561287999153137 -0.17948941886425 0.142245382070541 -0.0262598637491465 -0.241210475564003 0.0521211810410023 -999 -999 0.016370452940464 -0.189028173685074 -0.0384243577718735 0.149901032447815 0.0566590614616871 -0.328182458877563 -0.139310136437416 0.181258499622345 0.0884688645601273 0.0135408043861389 -0.00158260262105614 0.111505024135113 0.311769604682922 -0.196740105748177 0.294400364160538 0.139634758234024 -0.115120701491833 -0.0452551133930683 0.0198596101254225 -0.128231510519981 -0.125496447086334 0.102791361510754 0.131865411996841 0.0240852553397417 -0.0130610950291157
-0.127991557121277 0.142550602555275 0.0311069488525391 -0.0411436520516872 0.202387988567352 -0.0419781915843487 -0.397258371114731 -0.122415095567703 0.0465681366622448 -0.0759644508361816 -0.141221731901169 -0.206321150064468 0.168446078896523 -999 -999 0.156672731041908 -0.483592003583908 -999 -999 -0.0686788558959961 0.00289525324478745 -999 -0.14044876396656 0.00558922439813614 -0.120543263852596 0.00774376839399338 0.365477621555328 0.0601379051804543 -0.0272596701979637 -0.119219183921814 -0.0963731035590172 -999 -0.0915289670228958 0.0229747276753187 -0.125105530023575 -0.132348597049713 0.0185330174863338 0.199805364012718 0.0274971202015877 -0.138942569494247 -0.130850732326508 -0.235577762126923 -0.0501997172832489
-0.0122665837407112 -0.0366093516349792 -0.060429573059082 -0.350961118936539 0.0709627494215965 0.0584771148860455 0.156039640307426 -0.1133713722229 -999 -0.110360361635685 0.0414788201451302 -0.0824932530522346 -0.146064773201942 -999 -999 -999 -0.145284175872803 -0.118832513689995 0.00844994466751814 0.261048197746277 -0.0115736797451973 -0.0217203702777624 0.430574417114258 -0.181196764111519 -0.0550199598073959 -0.0868284106254578 0.243960246443748 -0.115899421274662 -0.0964882522821426 -0.0723159983754158 -0.197631269693375 -0.0862898528575897 0.26481619477272 -0.156757771968842 0.188149809837341 0.228453725576401 0.0576939955353737 -0.0178845021873713 0.0597933083772659 -0.0448726490139961 0.256221055984497 0.116723597049713 0.0381283052265644
-0.333059370517731 0.0849554315209389 0.0299167931079865 0.0690475553274155 0.0692950040102005 -0.269030213356018 -0.01804543659091 -0.0172038096934557 -0.286933183670044 0.05072370916605 0.194402232766151 -0.211934238672256 0.0579130910336971 0.226248055696487 -999 -999 -999 0.0157567635178566 0.000926417589653283 0.0269935037940741 -0.0943654775619507 0.158508285880089 -0.0621784068644047 -0.0783360302448273 0.158469706773758 0.0483618266880512 0.10124571621418 -0.078709565103054 0.137732893228531 0.179933428764343 -0.0874732732772827 -0.132746070623398 -0.312354862689972 0.00417010858654976 -0.150442704558372 0.0177261382341385 -999 0.0308781433850527 -0.147956177592278 -0.087494857609272 0.243586853146553 -0.0660250037908554 0.193374469876289
-0.472982794046402 -0.0799854248762131 -0.0627400279045105 0.290096342563629 -0.0166366752237082 0.0751053094863892 0.0529637858271599 -0.1844422519207 0.339317381381989 0.212906897068024 0.180076852440834 -0.238098695874214 -0.0219983775168657 -0.165786951780319 -0.0332191996276379 -0.247614160180092 -999 -0.191266804933548 0.0206587258726358 -999 -0.0342146754264832 0.196194007992744 -0.0416474230587482 -0.0170010589063168 0.118742138147354 0.191364526748657 0.434421181678772 0.0558684766292572 -0.00465312087908387 -0.0185161083936691 -0.0937435999512672 0.174797520041466 -0.160046830773354 -0.143764451146126 0.0884500443935394 -0.150848805904388 0.108096666634083 -0.152667924761772 0.0496261119842529 -0.00149136630352587 0.324257135391235 -999 0.0687958523631096
0.0346604138612747 -0.0878325775265694 -0.00305155990645289 -0.363029062747955 0.190712511539459 0.128171652555466 0.00341760367155075 -999 -0.0483003035187721 0.2484090924263 -999 -0.336973011493683 -0.0279527269303799 -999 0.246560350060463 -0.00819111801683903 -999 0.432353407144547 0.0849971175193787 -0.632220983505249 -999 0.114819750189781 0.193830788135529 0.0447527393698692 0.263963788747787 -0.0782280787825584 -0.0138188041746616 0.15864272415638 -999 -0.0726842656731606 -0.0338498651981354 -0.107221633195877 0.109805822372437 -0.0591200366616249 -0.0119083719328046 0.0751195028424263 -0.0939985290169716 -0.389752417802811 0.125984996557236 0.103711925446987 -0.0256022308021784 -999 0.0049674604088068
-0.123343542218208 -0.00854927767068148 -999 -0.120266973972321 -999 -999 -999 -999 0.452143043279648 0.142198488116264 -0.0655572637915611 -0.0577919781208038 -999 -999 0.0719071254134178 -999 -999 0.0234856847673655 0.364736407995224 -0.112492144107819 -999 0.296216189861298 0.116855144500732 -999 -999 -0.313725650310516 -0.055929146707058 -0.244612455368042 0.0961357280611992 -0.0410731211304665 0.0966296643018723 0.0843357369303703 -0.0873789340257645 0.280738294124603 -0.0406825058162212 -0.0771233290433884 -0.414218187332153 0.0675636976957321 0.0230858325958252 0.104845516383648 0.116556107997894 0.0604824461042881 0.127082020044327
-999 0.0434752777218819 -999 0.0871663019061089 -999 -999 -999 -999 -999 -999 0.214160308241844 -999 -999 0.475370615720749 -0.0148572521284223 -0.0175204984843731 -0.237765774130821 -0.269939571619034 -999 -0.135902419686317 -999 -999 -999 -999 -999 -0.60772031545639 -999 0.138045057654381 -999 0.00940295495092869 -0.336157768964767 0.0648225769400597 -0.0424225032329559 0.248926430940628 -0.228876233100891 -0.0335133373737335 0.161049872636795 -999 -999 -0.0868034958839417 0.157712012529373 -999 0.134421572089195
-999 -999 -999 -999 -999 -999 -999 -999 -999 -999 -999 -999 -999 0.298902273178101 -999 -0.126477539539337 -0.128254115581512 -999 0.0263128876686096 -0.187950640916824 -999 -999 -999 -0.0720758959650993 -999 0.229948103427887 -999 -999 0.0858005210757256 -0.230332762002945 -0.202358067035675 0.0548432320356369 -0.0359899625182152 0.0414673015475273 0.264374017715454 -0.0286809056997299 -0.265279322862625 -999 -999 0.152774155139923 -0.319111466407776 -999 -0.00738394260406494
-999 -999 -999 -999 -999 -999 -999 -999 -999 -999 -999 -999 -999 -999 0.138263583183289 -0.0682684704661369 0.106183603405952 -0.0852302610874176 -0.0541536659002304 -999 -999 -999 -999 -999 -999 -0.135150521993637 -999 0.167517334222794 0.00425364216789603 0.0350596345961094 -0.463911354541779 0.130091086030006 -0.0753094330430031 0.280303001403809 -0.409540385007858 -0.0435502044856548 -999 -0.0724603533744812 0.056472223252058 0.32833257317543 -0.08698720484972 -0.0866709426045418 -999
-999 -999 -999 -999 -999 -999 -999 -999 -999 -999 -999 -999 -999 -999 -999 -999 -999 -999 -0.124649792909622 0.29053270816803 0.267002403736115 0.321264535188675 0.146525502204895 -0.0877441316843033 -999 0.155701473355293 0.1436537951231 -0.324130773544312 -0.101414762437344 -0.123605467379093 0.0411185398697853 -0.160414606332779 -999 0.587574899196625 0.0268120262771845 0.0969365909695625 0.111434683203697 -0.0457438081502914 -999 -999 0.589958131313324 -0.00706393411383033 -999
-999 -999 -999 -999 -999 -999 -999 -999 -999 -999 -999 -999 -999 -999 -999 -999 -999 -999 -999 -999 -0.0325411669909954 -999 0.0105264941230416 0.0709025636315346 -0.0107346195727587 -999 -999 -0.00955863762646914 -0.123881727457047 -999 -0.0215768627822399 -0.0676450952887535 -999 -999 0.160266146063805 -999 -0.0660935789346695 0.187670469284058 -0.0255759488791227 0.0832283720374107 -0.0226947739720345 -0.002547487616539 0.224648252129555
-999 -999 -999 -999 -999 -999 -999 -999 -999 -999 -999 -999 -999 -999 -999 -999 -999 -999 -999 -999 -999 -999 -999 -999 -0.425104558467865 -999 -0.187813341617584 0.107920698821545 0.119808740913868 -999 0.156333923339844 0.230627477169037 -999 -999 0.0839687883853912 0.264151722192764 0.317112296819687 0.159351140260696 0.155345052480698 0.0915472134947777 -0.127045080065727 -0.34946882724762 0.089561440050602
-999 -999 -999 -999 -999 -999 -999 -999 -999 -999 -999 -999 -999 -999 -999 -999 -999 -999 -999 -999 -999 -999 -999 -999 0.264656782150269 -999 -999 -0.0344928987324238 -0.0420233644545078 -0.125677168369293 0.098729781806469 -999 0.180883750319481 -999 -999 -999 0.153024882078171 -999 -999 0.147840589284897 -0.117871254682541 0.0839302986860275 0.183978334069252
-999 -999 -999 -999 -999 -999 -999 -999 -999 -999 -999 -999 -999 -999 -999 -999 -999 -999 -999 -999 -999 -999 -999 -999 -0.0910404101014137 -999 -999 -999 -999 -999 -999 -999 -999 -999 -999 -999 -999 -999 -999 -999 -999 -999 0.0210286919027567
-999 -999 -999 -999 -999 -999 -999 -999 -999 -999 -999 -999 -999 -999 -999 -999 -999 -999 -999 -999 -999 -999 -999 -999 -999 -999 -999 -999 -999 -999 -999 -999 -999 -999 -999 -999 -999 -999 -999 -999 -999 -999 -999
