assets/gome_f/processed/ascii/world/gome_sif_world_20130401.asc
NCOLS 720 
NROWS 360 
XLLCORNER -180 
YLLCORNER -90 
CELLSIZE 0.5 
NODATA_value -3.4e+38 
[rows 57 to 75 of 360, columns 516 to 558 of 720]
-999 0.0646529942750931 0.0362813100218773 -999 0.0527645982801914 -0.0966637209057808 0.0590224452316761 -0.0309269372373819 -0.102918848395348 0.687750279903412 -999 -0.566043436527252 -999 -999 -999 -999 -999 0.180352061986923 -0.176338016986847 0.0577664375305176 0.0611271038651466 0.11562243103981 -0.124750904738903 0.146105960011482 0.0151050630956888 -0.0564275458455086 0.0880210399627686 0.10478314012289 0.0179258231073618 0.0620420090854168 0.0318284928798676 0.0822725519537926 0.0249633155763149 -0.176624029874802 0.149707198143005 0.0712911188602448 0.166598424315453 0.293473035097122 0.0381360128521919 -0.364018321037292 0.0514306277036667 -999 -999
0.140477955341339 -999 -999 -999 0.167550280690193 -0.118220463395119 0.312288850545883 -0.0609062239527702 0.16025909781456 -0.0592178888618946 -999 0.220592021942139 -0.486930668354034 -999 -999 -999 -999 -999 -999 -999 -999 -0.0159205310046673 -999 0.0730593949556351 0.382286310195923 0.0239077117294073 0.140346378087997 -0.0179074835032225 -0.081539198756218 -0.0755525007843971 0.138532072305679 0.19930736720562 0.109887503087521 0.0256067998707294 -0.0293379966169596 0.0583401136100292 -0.042981494218111 -0.114501595497131 -0.13772189617157 -0.171666219830513 0.0785008147358894 -0.157113537192345 -0.203242853283882
0.139362156391144 -999 0.243785992264748 0.13985687494278 0.070032149553299 0.126830086112022 0.0234552789479494 -999 -999 -0.10986390709877 -999 -999 -999 -999 -999 -999 -999 -999 -0.0128950253129005 0.179069191217422 0.00757010653614998 -999 0.0721468478441238 -0.0469918549060822 0.0782121494412422 0.148779541254044 -0.0231304075568914 -0.0434767417609692 0.0825137123465538 -0.00555285159498453 -0.00482824072241783 0.283563375473022 0.0784222707152367 0.100060380995274 0.210104003548622 0.0783885717391968 -0.0395410060882568 0.00369841349311173 0.0469257012009621 -0.0493684448301792 -0.0139990020543337 0.0179562866687775 0.275292545557022
0.0652904435992241 0.236368149518967 0.0795300081372261 -0.166883647441864 -0.1383116543293 0.0931544303894043 -999 0.234702914953232 -0.244198203086853 -0.12119448184967 0.158671349287033 -999 -999 -999 -999 -999 -999 -999 -999 -999 0.207148179411888 0.088309720158577 0.0490778982639313 0.175486445426941 0.133540198206902 -0.0255425572395325 0.0528780408203602 -0.00563076138496399 0.0237148739397526 -0.021645525470376 -0.0903410390019417 0.151858508586884 0.106538690626621 0.105951465666294 0.00666022393852472 -0.160895064473152 -0.056002501398325 0.120930790901184 0.127488330006599 -0.021886695176363 -0.182003065943718 -0.0212675705552101 -0.0810296759009361
0.0524209998548031 -0.146618187427521 -0.09398153424263 -0.0406933017075062 -0.0561779327690601 -0.0115812430158257 -999 -0.0357402563095093 -999 -999 -999 -0.0813388079404831 0.473749548196793 0.0569376870989799 -0.113795772194862 0.401036351919174 -999 -999 0.344904869794846 -999 -0.0983820557594299 0.172129839658737 0.408003509044647 0.0533759891986847 -0.00729577196761966 0.120623849332333 0.129213735461235 0.0586592629551888 0.140792697668076 0.0311707202345133 0.0441779457032681 0.066113643348217 0.106606341898441 0.137551441788673 0.124026946723461 0.169424906373024 -0.14714440703392 -0.0496431365609169 -0.193253993988037 0.0269531309604645 -0.00891999900341034 -0.0217857006937265 -0.0145902186632156
-0.0961975157260895 -0.14512525498867 -0.039915069937706 -0.0553343594074249 0.0572924837470055 0.0470568537712097 -0.223144978284836 0.124813102185726 0.135373696684837 -0.0587706491351128 -0.440182894468307 -0.0803932771086693 -0.0317028388381004 -0.0149368979036808 -999 -0.246080070734024 0.283389031887054 -999 0.0303327683359385 0.328973650932312 0.128528490662575 0.107643343508244 -0.0451317019760609 0.00378190353512764 0.0947721600532532 0.221593886613846 0.0951006188988686 0.154217898845673 0.199796751141548 0.0208844263106585 -0.00273885391652584 0.0117675988003612 0.0258918646723032 -0.0299641266465187 0.0633296892046928 -0.00869775842875242 0.0478956773877144 0.178501442074776 0.0301239192485809 0.0642895326018333 -0.316344887018204 0.045027107000351 0.160171687602997
0.056270856410265 -0.0302926227450371 -0.0127477673813701 0.0595943853259087 0.187787294387817 -0.0345836244523525 -0.354324698448181 0.0291248019784689 0.351969212293625 0.162121340632439 0.2577785551548 -0.00324936327524483 0.225971579551697 0.0805122330784798 0.133210688829422 0.0341075360774994 -0.107498645782471 0.0638383105397224 0.0114569291472435 0.0686879903078079 -0.0263685286045074 0.150714173913002 0.0409201122820377 -0.0871919989585876 0.322408944368362 0.113112516701221 -0.0314524918794632 -0.134847953915596 -0.144864305853844 0.212398305535316 0.0479237250983715 0.0612938813865185 0.112072966992855 0.0426949635148048 0.0623075030744076 -0.143057405948639 -0.0287862028926611 0.199692130088806 0.133969843387604 0.123374380171299 0.100570105016232 0.122948087751865 0.078515388071537
0.0633035972714424 0.0606275610625744 -0.144793376326561 0.221111834049225 -0.0462426319718361 0.0833287760615349 0.0776820331811905 0.168446108698845 -0.0268675610423088 0.0454942658543587 0.187466979026794 -0.109648138284683 0.0700166299939156 -0.137409999966621 0.0947545617818832 0.187224432826042 0.127349734306335 0.0171926952898502 0.0615198686718941 0.1109888702631 0.0166658200323582 0.0570323914289474 -0.0494367033243179 0.137242987751961 0.189228817820549 0.0438468419015408 -0.0369718074798584 -0.0738101825118065 -0.219533339142799 -0.134233921766281 0.0124895870685577 -0.0117702018469572 0.104293517768383 -0.00941755715757608 0.112116679549217 0.173031613230705 0.040527231991291 -0.049261923879385 0.109671019017696 0.051732562482357 0.192693814635277 0.0822665020823479 -0.00667376583442092
0.0253448933362961 0.127977505326271 -0.0761309415102005 -0.00833036750555038 0.0570630207657814 -0.0410916358232498 0.107494629919529 -0.0704307109117508 0.0764378905296326 -0.0547829456627369 0.216769605875015 -0.169100001454353 0.177316129207611 0.064759649336338 0.105473943054676 0.198382690548897 0.0810402557253838 0.220976456999779 0.000933980918489397 0.0995384305715561 -0.0824256017804146 0.0162940435111523 -0.0781936720013618 0.0621220767498016 0.105338618159294 0.12387378513813 0.136011928319931 0.19118158519268 0.214617311954498 -0.0523074269294739 0.0344154573976994 0.186515375971794 0.0872869268059731 0.050904106348753 0.116923049092293 0.134665980935097 -0.0931402519345284 0.20907735824585 0.021490192040801 0.100805975496769 -0.00127021467778832 0.20307619869709 -0.0568806752562523
0.0319476462900639 -0.074070930480957 0.0759756341576576 -999 0.0635814964771271 0.050214808434248 0.0372746922075748 0.00729152793064713 0.0804968699812889 -0.122564256191254 0.048698864877224 -0.034706387668848 0.314278125762939 -0.158968225121498 -0.00642723683267832 0.112352162599564 -0.00653718784451485 0.207893088459969 0.175849422812462 0.0566871836781502 -0.0126235075294971 0.0768793970346451 0.0814480632543564 0.0537491552531719 0.0888096913695335 -0.0362115167081356 -0.0233624875545502 0.15145605802536 0.0902814939618111 -0.0748978406190872 0.199585303664207 0.119448818266392 0.143027499318123 0.0809470042586327 0.184367284178734 -0.107250407338142 -0.079340361058712 -0.0492097735404968 -0.0215727873146534 -0.00462486734613776 0.0857366323471069 0.131847873330116 0.0820387601852417
-999 0.150241866707802 0.112515330314636 -0.244406223297119 0.0563664771616459 -0.0166153237223625 0.0509935468435287 0.076372042298317 0.159505769610405 -0.0527252070605755 0.178967759013176 -0.224429085850716 0.0338437519967556 0.0949084684252739 -0.0146120144054294 0.103060819208622 0.0374766699969769 0.0300250463187695 -0.222169131040573 -0.0535278432071209 -0.0634539052844048 0.135814532637596 0.171648129820824 -0.239845097064972 -0.0865134969353676 0.0325892865657806 -0.0791966617107391 -0.0976261496543884 0.0406780950725079 0.0380821824073792 0.0486236587166786 -0.033254761248827 0.00549741834402084 0.101879268884659 0.0389050953090191 0.0597278848290443 -0.0497363582253456 0.0363955572247505 0.0433992967009544 0.0444336347281933 0.0414090305566788 0.0860699936747551 0.0717013850808144
-0.0427848286926746 -0.091230221092701 0.199384689331055 0.0666110962629318 0.0470801554620266 0.0169117469340563 0.16864812374115 -0.00363595481030643 -0.150191903114319 0.0620238855481148 -999 0.0470181331038475 0.100845851004124 -0.0480427742004395 -0.0598737187683582 -0.281982839107513 0.0648020878434181 0.0708329230546951 -0.0708427205681801 0.0899517312645912 -0.0299113411456347 0.0560727566480637 -0.135638222098351 -0.118697270750999 -0.0180421993136406 0.00962183438241482 0.0368803963065147 0.127800524234772 0.136913120746613 0.118211321532726 0.0555946566164494 0.0106342732906342 0.155410066246986 0.0384776964783669 0.00431254087015986 0.0613554753363132 0.124059461057186 0.176572844386101 -0.0341697558760643 0.0398065373301506 0.136835411190987 0.190952926874161 0.160980954766273
-0.066713273525238 -0.119854308664799 0.472937494516373 0.0594126284122467 0.17517001926899 0.0815414562821388 0.109056226909161 -0.164053201675415 0.0912163257598877 0.432217806577682 0.081262968480587 0.136418610811234 0.121750101447105 0.145756542682648 0.0738252103328705 -0.115419082343578 -0.0113695114850998 0.0751547664403915 0.00164682953618467 0.0979133322834969 0.150192841887474 -0.00600359449163079 0.0697783380746841 0.0387114249169827 -0.0617733411490917 -0.196764662861824 -0.198786661028862 -0.16806323826313 -0.0472114570438862 -0.0600176714360714 -0.0136094857007265 0.0737008452415466 0.0885647237300873 0.0871215462684631 0.0605075284838676 0.0417636893689632 0.283984363079071 0.116820879280567 0.0678307563066483 0.0781979933381081 0.0984011813998222 0.0518726333975792 -0.0856913030147552
-0.265210121870041 -0.085136853158474 -0.0429237149655819 0.0268934760242701 -0.109184354543686 -0.269104540348053 -0.0601314790546894 0.0836019888520241 0.13078698515892 -0.155100613832474 0.000691014225594699 -0.0248731467872858 -0.155630767345428 0.0706784948706627 0.041398860514164 -0.126552730798721 0.173772558569908 0.00520265055820346 0.0110203074291348 0.0123031958937645 0.13439454138279 0.128388553857803 0.000122396013466641 -0.0855404362082481 -0.103018894791603 -0.00373936630785465 -0.029860720038414 -0.0446419045329094 0.137483447790146 0.0198303405195475 -0.0342441536486149 0.0469787567853928 0.0723959058523178 -0.0998606309294701 0.182024821639061 -0.0118654919788241 0.0887921676039696 0.0393300503492355 -0.0108110941946507 -0.0026930826716125 -0.0295573882758617 -0.0515307113528252 0.0523547381162643
-0.100920855998993 0.058257520198822 -0.077397845685482 -0.115295097231865 -0.0255895256996155 0.108910657465458 0.0288725551217794 0.141422748565674 0.080298088490963 -0.12678587436676 0.0434527136385441 0.142996177077293 0.120395846664906 0.146061211824417 0.121704421937466 -0.0576073527336121 0.177968487143517 -0.0517787709832191 0.0833775103092194 -0.0459637083113194 0.0401130393147469 0.52892655134201 0.164066910743713 0.083173044025898 -0.0871159434318542 -0.100115291774273 -0.0310400873422623 -0.0724970698356628 -0.135336324572563 -0.179485872387886 -0.0050486228428781 0.193609178066254 -0.157532155513763 0.150128364562988 -999 -999 -999 -0.400421261787415 -999 -0.069882333278656 0.135244190692902 -0.0524281747639179 -0.0956268608570099
-0.00620786473155022 -0.0672956258058548 0.00941112264990807 -0.0118049811571836 -0.0334137938916683 -0.0587919317185879 0.0576007664203644 0.148840308189392 0.0108803994953632 0.114662051200867 0.0217008795589209 -0.127252608537674 -0.104037366807461 0.118240356445312 0.0701170936226845 -0.219128474593163 0.0666464194655418 0.229835167527199 0.195525363087654 -0.0077107073739171 -0.0288177151232958 -0.100399509072304 -0.224042907357216 0.124126151204109 -0.103751540184021 0.111448727548122 0.0493759363889694 -0.00977631472051144 0.0166988484561443 -0.139087602496147 0.0314176306128502 -0.120153501629829 -0.21962171792984 0.152139976620674 0.0183362569659948 -999 -999 -999 -999 -999 -0.129697665572166 0.0197123419493437 0.131599381566048
0.177184820175171 0.0875787362456322 -0.0380710028111935 0.0700608789920807 -0.0175549723207951 0.0981898903846741 0.00780827086418867 0.0832431018352509 0.0872266516089439 -0.0813889503479004 0.00566629413515329 0.0945230573415756 0.0405391044914722 0.172747135162354 -999 0.0205213073641062 -0.0212804973125458 -0.0428231135010719 -0.00182315707206726 -0.0280360411852598 0.12351980060339 0.0795209258794785 0.0675613209605217 0.0365252308547497 0.0521307215094566 -0.0113795949146152 0.0416598357260227 -0.0216263309121132 -0.0995148345828056 0.150956064462662 0.0559364445507526 0.213515430688858 0.191797569394112 0.0752222314476967 -0.262674808502197 -0.0795948207378387 0.0327018946409225 -0.279565840959549 -999 -999 -999 -999 -999
-0.053996205329895 0.0790553167462349 0.00655982410535216 0.0280835460871458 0.102663829922676 0.0195113457739353 0.0779943093657494 0.0647977292537689 -0.043106522411108 0.0343912281095982 -0.00051417452050373 -0.0687011256814003 -0.0554195269942284 -0.0342941246926785 0.0473192632198334 -0.119894124567509 0.0524101555347443 0.138495177030563 0.178421199321747 0.0386934690177441 0.12280248850584 0.153285786509514 0.213305398821831 -0.0367729477584362 0.0698295757174492 0.0988453105092049 0.177120551466942 0.0718735158443451 0.109741494059563 0.00616151886060834 0.136627823114395 -999 0.0362603329122066 0.136424690485001 0.0893131196498871 0.0392707958817482 -0.0557910539209843 -0.11640851944685 0.225932464003563 0.350281953811646 -999 -999 -999
0.0121431993320584 0.0800969377160072 -0.0327798128128052 9.57663214649074e-05 0.178898930549622 0.047254029661417 0.0842427611351013 0.157402172684669 0.0397264510393143 0.109593719244003 0.0865237191319466 -0.0419237390160561 -0.0113509576767683 0.0452973172068596 0.074650302529335 0.135002434253693 0.0608793459832668 -0.0158567875623703 0.0740400329232216 0.167914822697639 0.146611616015434 -0.0802368521690369 0.164003863930702 0.0695707052946091 0.00319117237813771 0.0667144656181335 -0.0062995133921504 0.01119264960289 0.0653704777359962 0.0729809701442719 0.0128818703815341 -0.0445296131074429 -0.199681282043457 -0.128590986132622 0.450406849384308 0.200933262705803 0.0331870466470718 0.0915276184678078 0.139629423618317 -999 -999 -999 -999
