assets/gome_f/processed/ascii/world/gome_sif_world_20110901.asc
NCOLS 720 
NROWS 360 
XLLCORNER -180 
YLLCORNER -90 
CELLSIZE 0.5 
NODATA_value -3.4e+38 
[rows 57 to 75 of 360, columns 215 to 257 of 720]
0.0197662319988012 -0.150865018367767 -0.0532714873552322 -0.0387530848383904 0.00856729876250029 -0.0334269627928734 0.075121283531189 -0.0561439171433449 -0.0577892884612083 0.139270484447479 -0.0056684035807848 0.0235550291836262 -0.0224343128502369 -0.00982812792062759 -0.0184006486088037 0.0383405983448029 0.0821345150470734 0.0579022392630577 0.131885901093483 -0.0797760337591171 -0.115002751350403 0.0754888877272606 0.0163670089095831 -0.0407619401812553 -0.0603966638445854 -0.0240529198199511 -0.0793473646044731 -0.043795432895422 -0.223474860191345 0.0302421059459448 -0.193220987915993 0.0881342664361 0.0146094793453813 -0.00648049032315612 0.0305198952555656 0.00940208695828915 -0.140350937843323 -0.0695815533399582 0.0385670028626919 0.0684635490179062 -0.0118203423917294 -0.0274128634482622 0.0689788833260536
-0.0114682167768478 0.0611007362604141 0.149812713265419 -0.0702582225203514 -0.0200006365776062 0.0408232845366001 0.0666687414050102 0.0661904662847519 0.119288824498653 0.00377995520830154 0.0465307608246803 0.026012821123004 0.0579873472452164 -0.0928528904914856 -0.0387248173356056 0.0983059406280518 0.0366768091917038 -999 0.0200528968125582 -0.140741556882858 -0.0285916924476624 0.0478999651968479 0.0936701744794846 -0.070779412984848 0.0307353381067514 -0.0613018050789833 0.0926891341805458 -0.0277978256344795 0.0463634133338928 -0.0301012732088566 0.00180783192627132 0.0999594926834106 0.0201941914856434 0.0191272739320993 0.0611409619450569 0.0523581765592098 0.0446318313479424 -0.140632450580597 -0.00597350718453526 0.0458713322877884 0.0444834306836128 -0.0225057918578386 0.0414478592574596
0.150006577372551 0.128383606672287 -0.0378333516418934 0.201054990291595 -0.162728413939476 -0.110264599323273 0.00696556642651558 -0.0967922732234001 -0.122430875897408 -0.0816946476697922 0.0982697829604149 -0.0713946968317032 -0.0871582627296448 0.0189513899385929 -0.0374874919652939 0.155896529555321 -0.0381169617176056 -0.167799532413483 0.0471440628170967 0.0716931596398354 -0.0183114856481552 0.00688803801313043 0.0071086660027504 -0.0291808601468801 0.0425926335155964 -0.0283679813146591 -0.168742045760155 0.0393530316650867 0.00877590477466583 -0.157608196139336 -0.0470760203897953 0.0215217266231775 -0.089684970676899 0.0961757972836494 -0.0413855127990246 -0.131199970841408 0.0678932070732117 0.121380567550659 0.0389238744974136 -0.0225757509469986 0.0130357826128602 0.0181724317371845 -0.0468396581709385
0.138684391975403 0.0250227246433496 0.075084388256073 0.00915958732366562 -0.0980127230286598 -0.00277713034301996 0.157690182328224 -0.119624584913254 0.0131714390590787 -0.137890934944153 0.16118623316288 -0.11734751611948 -0.228052094578743 -0.123657986521721 -0.0812124684453011 -999 -0.0405796580016613 0.0738373994827271 0.137392416596413 0.000417672097682953 0.029033537954092 -0.0170501358807087 -0.145949244499207 -0.109642848372459 -0.0524511374533176 0.00663746241480112 0.0364204384386539 -0.0789699405431747 -0.0567759647965431 -0.00592690473422408 0.0942111387848854 -0.0771743431687355 0.140379726886749 0.0583207868039608 -0.129626587033272 -0.174004882574081 -0.0146811893209815 0.112020283937454 0.110365726053715 0.007017123978585 0.111994728446007 -0.000574904202949256 -0.0805661752820015
-0.00200562924146652 0.0362792946398258 0.0256493594497442 0.200936079025269 0.149600148200989 0.223376229405403 0.00396780902519822 -0.0441169515252113 0.0222762040793896 -0.0190786868333817 0.0954592674970627 -0.0570403933525085 0.100016869604588 -0.0692524984478951 -999 0.153888806700706 -999 0.0974348038434982 0.0430568493902683 0.0636142268776894 0.0361124277114868 0.0133627019822598 -0.0473098047077656 -0.0940641984343529 -0.0301641896367073 0.0674379989504814 -0.0368018485605717 -0.0683342292904854 -0.0631322115659714 -0.00647168466821313 -0.111964985728264 -0.123543746769428 -0.154773086309433 0.0319333784282207 -0.019625335931778 0.131030842661858 -0.0262916795909405 -0.0452219992876053 -0.0838712677359581 0.172592714428902 -0.0293424669653177 0.0539906434714794 0.1082928404212
-0.115437388420105 0.0442682504653931 0.108863420784473 0.0732446312904358 0.352812767028809 0.0711313635110855 0.0735012665390968 0.221975982189178 0.0243868827819824 -0.0962825044989586 0.0747465491294861 0.0165628772228956 -0.00915365666151047 -0.113263159990311 -999 -999 -0.087525337934494 0.184710651636124 0.0584291107952595 0.18809300661087 -0.00584107683971524 0.058670062571764 -0.0433755181729794 0.0603599958121777 -0.0396789722144604 -0.0367758013308048 -0.0481900870800018 -0.0934650599956512 0.0163354258984327 -0.00140139157883823 -0.0444836653769016 -0.0874176472425461 -0.0275489166378975 0.018313329666853 0.163071557879448 -0.101858757436275 -0.0295186042785645 -0.010071880184114 0.0186957065016031 0.0328639671206474 0.215119585394859 0.0755467861890793 -0.116956122219563
0.165627434849739 -0.0445065945386887 -0.0100300554186106 0.22906257212162 0.143553376197815 0.295177519321442 -0.055836696177721 -0.101434446871281 0.227913424372673 0.118924997746944 0.305039942264557 0.15674889087677 0.255873531103134 -0.124807693064213 -0.113226160407066 -0.01515684556216 0.0452065244317055 0.0968218222260475 0.198449924588203 0.095144234597683 0.0791999101638794 -0.00235318322665989 -0.0785863026976585 -0.0640643090009689 0.0654248893260956 -0.00498003605753183 -0.059557169675827 0.0170218497514725 -0.140639647841454 -0.0224138721823692 0.102537736296654 0.248646304011345 -0.00202649086713791 0.0133815407752991 0.059854906052351 -0.101016320288181 -0.0634501501917839 0.0293989852070808 0.0924436822533607 0.0512060932815075 -0.238261386752129 0.049292765557766 -0.0321289449930191
0.173104807734489 0.0422306284308434 -0.0938876792788506 0.0684386119246483 0.0949408784508705 0.0451750606298447 0.0191481839865446 0.0124174384400249 0.200120061635971 0.211791276931763 0.199261888861656 0.0172602832317352 0.0461029596626759 -0.101113080978394 0.160596400499344 0.0677640959620476 0.0967434793710709 0.0163100957870483 0.145951762795448 0.0706469118595123 0.124581851065159 0.0420776270329952 0.0407550930976868 -0.0549202784895897 0.00732932751998305 -0.0713029056787491 0.0267641935497522 0.0226357206702232 -0.00788812432438135 0.0427348203957081 -0.0518283396959305 0.0314100682735443 -0.0372365675866604 -0.0864666178822517 -0.0728123188018799 -0.0315717086195946 -0.134402796626091 -0.0758327692747116 0.0366527363657951 -0.0602618604898453 0.237387269735336 0.0382184758782387 0.0650951787829399
-0.0792272016406059 0.190047204494476 0.0685514360666275 -0.0510729849338531 2.00718641281128e-05 0.135849863290787 -0.180723711848259 0.325814604759216 0.0143534736707807 0.168001502752304 0.0991633981466293 0.0657253265380859 0.229906186461449 -0.0328618437051773 0.0334871225059032 0.0103676896542311 0.129969552159309 0.0558129735291004 0.130366623401642 0.144552439451218 0.0533999763429165 0.14929835498333 0.0709922090172768 -0.0797191187739372 0.0129600930958986 0.0890117287635803 0.021055793389678 -0.0668885856866837 -0.00191257009282708 0.042777668684721 0.00612180912867188 0.0290216449648142 0.0269441306591034 0.0261635109782219 -0.0189497731626034 -0.0849974155426025 -0.0601068921387196 -0.155571639537811 -0.0949292033910751 -0.0146422181278467 0.0102543607354164 0.121929861605167 -0.116950191557407
0.10718984156847 -0.0485624223947525 0.174122259020805 0.213175728917122 0.126087307929993 0.239620938897133 0.25190943479538 0.315947353839874 0.28940936923027 0.0451451130211353 0.117548935115337 0.220722734928131 0.14373342692852 0.291951507329941 0.0929483622312546 0.241986587643623 0.0899898558855057 -0.0255981795489788 0.110312186181545 0.117000587284565 0.137827232480049 0.0954122394323349 0.127400353550911 0.0795910656452179 0.0101793594658375 -0.0158660225570202 -0.120794177055359 0.0431244894862175 -0.135615274310112 -0.0652400255203247 0.0355038046836853 -0.0597652234137058 0.0859745815396309 0.0195234902203083 0.0704018697142601 0.0646827444434166 -0.00491051655262709 0.032247394323349 0.0168525278568268 -0.0358987785875797 -0.149243786931038 -0.0620171241462231 0.0948403179645538
0.0132650835439563 -0.0505636408925056 0.0767448917031288 0.319751679897308 0.218188524246216 0.0842234268784523 -0.00992823112756014 0.182130068540573 0.0954516232013702 0.103737592697144 -0.0804556608200073 0.0675634443759918 0.230078473687172 0.0551858134567738 0.0363045297563076 0.0903716385364532 0.174116238951683 0.201574891805649 0.0903649851679802 0.1323272138834 0.303617358207703 0.144830450415611 0.149934381246567 -0.0245243906974792 -0.0197270754724741 0.00595932081341743 -0.0649787858128548 -0.0362153127789497 -0.0205646511167288 0.0123930163681507 -0.0866204425692558 -0.105244129896164 0.0544283799827099 -0.0473264567553997 -0.0627734065055847 0.0098822358995676 0.0012731496244669 0.0272374749183655 -0.131741851568222 -0.0849729478359222 -0.084539383649826 -0.00659486325457692 -0.0192829519510269
0.225772812962532 0.157780319452286 0.0449006296694279 0.0241891853511333 -0.107012011110783 0.178820967674255 0.18174135684967 0.117606721818447 0.202764317393303 0.323899358510971 -0.000131227076053619 0.218820720911026 -0.0392825789749622 0.236175581812859 0.317462414503098 0.289044350385666 0.0684951320290565 0.0793922767043114 0.127022102475166 0.0940873622894287 0.147682875394821 0.247127577662468 0.103924691677094 0.157701939344406 0.0873506590723991 0.0498631559312344 -0.0484112240374088 -0.0169609524309635 0.0455923415720463 -0.0335801318287849 -0.0220837872475386 -0.0256108567118645 -0.0945344343781471 0.0714158788323402 -0.0531465448439121 -0.00282882899045944 0.0406921282410622 -0.140716180205345 -0.0725756213068962 0.0415909849107265 -0.128874853253365 -0.0607716254889965 -0.155856922268867
0.145733863115311 -0.184097930788994 0.0389661714434624 0.0758031830191612 0.30473068356514 0.0801753178238869 0.0783960595726967 0.165034070611 0.145786166191101 0.139373183250427 0.163475975394249 0.118694774806499 -0.103277198970318 0.0460070371627808 0.291055619716644 0.0683971121907234 0.140591830015182 0.176813766360283 0.106619983911514 0.186361759901047 0.130347475409508 0.136028155684471 0.264428943395615 0.153733000159264 0.155588671565056 0.153616905212402 0.20827542245388 0.0170440766960382 -0.0817419961094856 0.0885832235217094 -0.0351190268993378 -0.0874970853328705 -0.000381621328415349 -0.0559377856552601 -0.0392473600804806 0.0916996896266937 0.0490522533655167 -0.0517350696027279 -0.0679618567228317 -0.0546085461974144 0.0666527226567268 -0.110731855034828 -0.0147646032273769
0.168397754430771 0.152976155281067 0.113743476569653 0.0369407534599304 0.205849811434746 0.0405046977102757 0.0590202063322067 0.115849196910858 0.172942250967026 0.126885995268822 0.0964593067765236 0.147790759801865 0.130444899201393 0.23449869453907 0.0342568010091782 0.0791040435433388 0.103082418441772 0.131806179881096 0.145246684551239 0.254265666007996 0.143636927008629 0.108859598636627 0.167613625526428 0.266976207494736 0.164368107914925 0.281993418931961 0.160557270050049 0.1393783390522 0.199833199381828 0.132412880659103 -0.00119733973406255 0.0161508284509182 0.017691858112812 -0.0342678800225258 0.0440270826220512 0.0207034666091204 0.0651812851428986 0.0358734540641308 -0.0996184125542641 -0.038203414529562 0.108514755964279 -0.109110310673714 -0.0656283423304558
-0.00410149991512299 -0.0112295299768448 0.116593196988106 0.0658430755138397 0.0392424054443836 0.0402769409120083 0.0652031302452087 0.266199439764023 0.00476588727906346 0.0729218125343323 0.163767978549004 0.16871640086174 0.285838156938553 0.0365845076739788 0.114031963050365 0.125555589795113 0.0137652233242989 0.0909901559352875 0.00450776936486363 0.0456073731184006 0.235872194170952 0.056431207805872 0.0805138647556305 0.104447208344936 0.0639202073216438 0.209460109472275 0.0703848749399185 0.226814582943916 0.091701552271843 0.156405389308929 0.0130966566503048 0.0820429772138596 -0.0701984688639641 0.00737393600866199 -0.0291119795292616 -0.0817287787795067 -0.047209557145834 0.0366556458175182 -0.0774135962128639 -0.00219384580850601 0.0762772336602211 -0.0466647557914257 -0.103437982499599
0.0509542226791382 0.07839335501194 0.1663608700037 0.0402810201048851 0.0134839843958616 0.0961096957325935 0.164130851626396 0.0231045801192522 0.129182115197182 0.00540868053212762 0.154694974422455 -0.0785423442721367 0.0835402756929398 0.166941583156586 0.0586419403553009 0.132177546620369 0.125322669744492 0.145685464143753 0.0723733976483345 0.186444848775864 0.147352784872055 0.0534418411552906 0.162999853491783 0.172375530004501 0.202301740646362 0.125237494707108 0.110613875091076 0.0425219163298607 -0.00318171083927155 0.128367945551872 0.15110282599926 0.210951521992683 0.100786991417408 -0.170563668012619 -0.0675028711557388 -0.0156018678098917 0.0491596348583698 0.1223039701581 -0.0200784523040056 -0.0174988973885775 -0.0434745512902737 0.0064161280170083 0.0791195556521416
0.161990717053413 0.154532194137573 0.0414026379585266 0.0769974961876869 0.145349413156509 0.200573191046715 0.188226118683815 0.127119839191437 0.183178007602692 0.0424290522933006 0.217127457261086 -0.0774940401315689 0.129882708191872 0.209670394659042 0.218552574515343 0.0476794391870499 0.0103233139961958 0.180318102240562 0.10810923576355 0.0360344275832176 0.122425608336926 0.186706408858299 0.214276790618896 0.20572629570961 0.0940487906336784 0.0701848715543747 0.127635344862938 0.245983436703682 0.160996153950691 0.207493364810944 0.0867934301495552 0.194666355848312 0.155939757823944 0.0676891282200813 0.014523196965456 -0.0684658586978912 -0.0054242480546236 0.00420127622783184 0.0316599979996681 0.0214653257280588 0.0024560212623328 -0.0772911161184311 -0.0411577448248863
0.240173473954201 0.0567359924316406 0.101085603237152 -0.0157614517956972 0.124837465584278 0.137934550642967 0.276812344789505 0.00392363546416163 0.0861560478806496 0.0701929330825806 0.0681822225451469 0.056905210018158 0.061145830899477 -0.00457053538411856 0.145810782909393 0.034332100301981 0.0335669815540314 0.0259148925542831 0.102191746234894 0.140184611082077 0.0588205009698868 0.152233898639679 0.112471930682659 0.125250071287155 0.138641715049744 0.184469237923622 0.0869773700833321 0.0281276367604733 0.304833918809891 0.265792429447174 0.292827934026718 0.140017911791801 0.15532323718071 0.166105553507805 -0.00936879497021437 -0.022575156763196 -0.0144282281398773 -0.0430533885955811 0.0236331131309271 -0.0054489872418344 -0.0421256385743618 -0.00235034129582345 -0.00408724555745721
-0.00412998255342245 0.119999691843987 0.106097787618637 0.0813666433095932 0.151766628026962 0.0873630195856094 0.116805084049702 0.154990702867508 0.0242479126900434 0.161940112709999 0.0425435081124306 0.138151913881302 0.10740827023983 -0.0399550348520279 0.123463645577431 0.0541868582367897 0.126841261982918 0.0760378167033195 0.0861271917819977 0.079692043364048 0.068381741642952 0.0319219566881657 0.103314258158207 0.241998091340065 0.292209595441818 0.153200000524521 0.18628317117691 0.185635522007942 0.24224029481411 0.0889391526579857 0.096606619656086 0.157471999526024 0.123588472604752 0.163807138800621 0.0778861418366432 0.049856286495924 -0.00652235141023993 0.042848601937294 0.00868074502795935 -0.0287430286407471 0.0392968617379665 0.0166719518601894 -0.041460394859314
