assets/gome_f/processed/ascii/world/gome_sif_world_20131101.asc
NCOLS 720 
NROWS 360 
XLLCORNER -180 
YLLCORNER -90 
CELLSIZE 0.5 
NODATA_value -3.4e+38 
[rows 190 to 208 of 360, columns 516 to 558 of 720]
0.0269179157912731 0.0755003988742828 -0.00919566955417395 -0.0100641585886478 0.0763814076781273 -0.092430092394352 0.0095097366720438 -0.0239536110311747 0.0476070903241634 0.0155557747930288 0.115652143955231 -0.0639791637659073 -0.0352519080042839 0.0501059889793396 0.026722114533186 0.0346956923604012 0.0191017277538776 -0.0712029412388802 0.0728533193469048 -0.0130640612915158 -0.0541433803737164 -0.00807305425405502 0.046059712767601 -0.0923570543527603 -0.0542736724019051 0.0396089889109135 0.0522101148962975 -0.0119534693658352 -0.0258982237428427 -0.0701140239834785 -0.134520024061203 -0.00533402943983674 -0.0931423977017403 -0.0985089465975761 0.0690789669752121 0.0245305951684713 -0.0241554416716099 0.0200759898871183 0.0355103090405464 -0.0962041169404984 0.0986284837126732 -0.0659482330083847 0.0280698537826538
-0.00604714127257466 0.0592443868517876 -0.0315826795995235 -0.00515400571748614 -0.0456723272800446 -0.00684248423203826 0.0260479990392923 0.0533960796892643 0.124799728393555 -0.140982896089554 0.125592797994614 0.0241216719150543 0.0273730605840683 -0.115563221275806 0.0342312194406986 0.052048709243536 0.0464215129613876 0.034475214779377 -0.012157722376287 0.0157710090279579 0.021503372117877 -0.0208947099745274 -0.000816575717180967 -0.024641091004014 0.0779629498720169 -0.0987714305520058 -0.00616875756531954 -0.0268515199422836 -0.106766171753407 -0.0176160279661417 0.041984286159277 -0.00948226917535067 0.0084387743845582 -0.0169856790453196 0.0736320167779922 -0.183257892727852 0.0454814359545708 -0.108592741191387 -0.0187530219554901 0.0154515681788325 0.0471054315567017 -0.0963494926691055 0.0388938412070274
0.0222205426543951 0.00618024216964841 -0.0357806943356991 -0.0445865131914616 0.113773413002491 -0.029927272349596 -0.077543817460537 0.0165867637842894 0.0531886629760265 -0.0578149706125259 0.022512286901474 0.0531767755746841 -0.000689488195348531 -0.0186248794198036 -0.0398928634822369 -0.0417765714228153 -0.0181998070329428 -0.0561983399093151 -0.0289131086319685 -0.0918698534369469 -0.0501223988831043 -0.0251716375350952 0.0114355823025107 0.00656452309340239 0.0517414882779121 -0.105807892978191 -0.0128297749906778 0.0233924929052591 -0.0152636393904686 -0.00496948370710015 0.008875229395926 -0.085003986954689 -0.0529273152351379 0.0740120559930801 -0.0385018326342106 -0.0996787622570992 -0.109902910888195 -0.0590928047895432 -0.0570958219468594 -0.139979615807533 0.0608627237379551 0.0817280262708664 0.00367449899204075
-0.0836926028132439 0.107559978961945 -0.0300419852137566 0.0105155883356929 -0.0189725179225206 0.0803530886769295 -0.0200132299214602 0.102186679840088 0.0187823418527842 0.00480518909171224 0.0115788923576474 -0.031912587583065 0.0527570806443691 -0.0404199510812759 0.028117997571826 -0.0600276812911034 -0.015904113650322 0.00998702086508274 0.0423970632255077 -0.0668262988328934 0.0328386798501015 0.00355669995769858 0.0509131401777267 -0.168989732861519 -0.0907294675707817 0.0276412218809128 0.0202784072607756 -0.0319159813225269 -0.0368374921381474 -0.0513400584459305 0.0162651110440493 -0.0440934970974922 0.0644723549485207 -0.0244214218109846 -0.039543941617012 -0.0191758200526237 0.0115835927426815 0.0303631238639355 0.038645975291729 0.0674479603767395 -0.069874532520771 0.0405137427151203 -0.0366758443415165
0.0304568018764257 0.0621294230222702 -0.0263913404196501 0.0614111870527267 0.0383667573332787 0.10852374881506 -0.0338344424962997 -0.023769523948431 -0.0282793957740068 0.0390811525285244 0.00672915438190103 0.0103385066613555 0.0408520326018333 0.0213918779045343 -0.0367640219628811 -0.0102943563833833 0.00359206669963896 -0.0121629992499948 -0.0717887133359909 0.00880688149482012 -0.0596630908548832 0.0910579562187195 -0.0129748312756419 -0.00630734534934163 -0.081158235669136 -0.0026492103934288 0.00584036530926824 -0.047146238386631 -0.00595548376441002 0.0115498146042228 -0.048934068530798 -0.0181959811598063 -0.0239923093467951 -0.123928129673004 -0.00958240032196045 -0.0907652676105499 0.0954335629940033 0.0388382412493229 -0.121891237795353 0.0998750999569893 -0.0853063464164734 -0.091671034693718 -0.019278708845377
-0.00543827097862959 0.00847947411239147 0.0266467239707708 -0.0124267470091581 -0.128598868846893 -0.0174208283424377 -0.0233087539672852 -0.0063250120729208 -0.0641562566161156 -0.0067784977145493 -0.0712899044156075 -0.0135010443627834 -0.0312378127127886 -0.0107709020376205 0.0127214090898633 0.0417913198471069 -0.046179685741663 -0.0573147535324097 0.00399764953181148 -0.0729637891054153 -0.0201249644160271 0.0155955580994487 0.00264246552251279 -0.0223513692617416 -0.0841247066855431 0.0359496362507343 -0.0570664517581463 0.00586557481437922 -0.00437605287879705 -0.0432241186499596 -0.0520918667316437 0.00226582330651581 0.0201836284250021 0.00416490249335766 0.00974187534302473 -0.0612678416073322 -0.0687854662537575 -0.022801112383604 0.0308455545455217 -0.0287085995078087 0.0346208289265633 -0.113784834742546 0.0264145936816931
-0.063760831952095 -0.0362461097538471 -0.0136913200840354 -0.033261951059103 -0.0388754233717918 0.102544836699963 0.00582891469821334 0.0512521378695965 0.0300365593284369 0.036620769649744 -0.028416994959116 0.0447442308068275 0.0224887486547232 -0.0293508321046829 -0.042492400854826 -0.0200640298426151 0.00473317597061396 -0.137743920087814 -0.0152106061577797 0.0321193486452103 0.0343200899660587 0.0172693002969027 -0.0129452142864466 -0.032915286719799 -0.0185134317725897 -0.00907107628881931 -0.0102306315675378 0.060016181319952 -0.011116293258965 0.0163725130259991 -0.0101419445127249 -0.102480158209801 -0.0073978160507977 -0.0841855183243752 -0.113787613809109 -0.0240476429462433 -0.078792430460453 -0.0286148004233837 -0.0218528807163239 0.0867388173937798 0.00591217027977109 -0.0603170357644558 0.0697053521871567
-0.0618979930877686 -0.0120402928441763 0.0266766455024481 0.00522497808560729 0.0103832893073559 -0.0795687660574913 -0.0747225061058998 0.0368937887251377 0.0184459164738655 0.028590802103281 -0.0162197407335043 -0.0357085689902306 -0.0821477919816971 0.0151653764769435 -0.0454531461000443 -0.0912390872836113 -0.0540616735816002 -0.0043934304267168 0.0763696357607841 0.0578477643430233 -0.0264138411730528 0.0546066835522652 0.0220439843833447 0.0471703372895718 -0.0499310232698917 0.0226277019828558 -0.0850250348448753 -0.0441396161913872 -0.0433027185499668 0.00173918076325208 0.0172053519636393 0.0274084750562906 0.0329384692013264 -0.0231250859797001 0.0338806621730328 -0.00318625755608082 -0.167659193277359 -0.0216185413300991 0.0301315169781446 0.0503843687474728 -0.0434188842773438 -0.0179841220378876 -0.0058498652651906
-0.0219162255525589 -0.0167576894164085 0.0101156998425722 -0.0795240476727486 0.0480097308754921 -0.0938334763050079 0.0758084654808044 0.0642245337367058 -0.0370235368609428 -0.0618082322180271 0.037432461977005 -0.07792117446661 -0.0325560532510281 0.00941792130470276 0.0382036417722702 -0.0101265851408243 -0.0367477163672447 -0.0327755622565746 -0.073635458946228 0.0544355660676956 0.0421997979283333 0.0166460257023573 -0.0407739691436291 -0.0631380900740623 -0.037373960018158 0.023805869743228 -0.070233479142189 0.0132488515228033 -0.107016496360302 -0.0212095435708761 -0.0487116053700447 0.054486520588398 0.0146502265706658 -0.104158751666546 -0.0929201990365982 -0.0346032008528709 0.0220180880278349 -0.0162625312805176 -0.062985397875309 0.0615189075469971 0.117418937385082 -0.05393922701478 -0.0367282144725323
-0.0348731242120266 0.0152614582329988 -0.0315357260406017 -0.056743361055851 0.010001908056438 -0.0513312444090843 -0.0226891692727804 0.0198386535048485 -0.0230725929141045 -0.0374150611460209 0.0155524695292115 -0.000663907907437533 -0.0193662587553263 -0.0372835472226143 0.0248217582702637 -0.000291838106932119 -0.0311549156904221 -0.0682162865996361 -0.00165035668760538 -0.0574664883315563 0.0243498347699642 0.031888373196125 -0.0400716960430145 -0.10874105244875 0.030053885653615 -0.0204888582229614 0.0433414503931999 -0.101982533931732 -0.0829065889120102 -0.00890455767512321 -0.0883381813764572 -0.0218883417546749 -0.0146857751533389 -0.0179565232247114 -0.0114716691896319 -0.0636551305651665 -0.037012554705143 -0.0185648109763861 -0.0815614461898804 0.0601330026984215 -0.0635844841599464 0.0209412407130003 -0.0760064572095871
-0.0337872207164764 -0.0258361957967281 -0.0214078463613987 0.0882127359509468 0.174555838108063 -0.0136053003370762 0.129965916275978 -0.0484793595969677 0.0653827786445618 0.0123690059408545 -0.00872344896197319 0.043414942920208 -0.0439993403851986 -0.072836346924305 -0.0115847839042544 0.0341079197824001 -0.0233167186379433 0.0248475894331932 0.0311329774558544 -0.0642205849289894 -0.0405346527695656 0.0938514247536659 -0.0187650360167027 -0.0709937885403633 -0.0568818040192127 0.0268313959240913 -0.0450189262628555 0.0553929880261421 -0.0183947030454874 -0.00875986088067293 -0.0196820460259914 0.0132824294269085 -0.000752454332541674 0.00392837077379227 0.0212887190282345 -0.113311305642128 -0.0686786100268364 -0.0112531492486596 -0.0761959329247475 0.0385681726038456 0.0351287238299847 -0.010285765863955 0.000110089778900146
-0.0722554549574852 0.00116396730300039 -0.00846768356859684 -0.0109689217060804 0.0257047954946756 0.0257024858146906 0.00989988725632429 0.00480477372184396 -0.00924630183726549 -0.0534721352159977 -0.0423148646950722 0.0264594685286283 -0.0278921015560627 0.0286530200392008 0.0258910935372114 0.041582528501749 -0.0587239935994148 0.023438848555088 -0.0250716302543879 -0.0620204173028469 0.0454988367855549 0.0150155508890748 -0.0198917742818594 0.0345811396837234 -0.0482362546026707 0.0093118641525507 -0.0469714999198914 -0.0432475917041302 0.0353157036006451 -0.0819089859724045 -0.0227956287562847 -0.000848619965836406 0.0211521647870541 -0.0273188557475805 0.0397226847708225 -0.0303961634635925 -0.0556208975613117 -0.00693639740347862 -0.011197623796761 0.0190059989690781 0.0196121297776699 -0.0275177732110023 0.0305400379002094
-0.0390404313802719 0.0122506078332663 0.0772450491786003 0.0428249165415764 0.0648021176457405 0.0378235206007957 -0.0293879956007004 -0.0541280768811703 -0.038519449532032 -0.0460884384810925 0.0514826141297817 -0.0590584762394428 -0.123275622725487 0.0380404181778431 -0.0461006909608841 -0.0840966999530792 -0.0365694314241409 0.0429279319941998 0.113962575793266 -0.0472186990082264 -0.0369465537369251 0.00433416850864887 -0.0547156557440758 -0.0541588291525841 0.0209278557449579 -0.0638737231492996 0.0766566842794418 0.0499737150967121 0.0263786409050226 0.00652900943532586 0.0510799996554852 -0.042182058095932 0.0497378185391426 -0.0184061788022518 -0.0357448346912861 0.0321182012557983 0.0841002464294434 -0.0201228093355894 -0.0429824516177177 -0.0844925418496132 -0.0940370038151741 -0.069245271384716 -0.0407694764435291
-0.0103075793012977 -0.0187285896390676 0.028960857540369 -0.0501187480986118 0.117078103125095 -0.0247313883155584 -0.0137744043022394 -0.0358239375054836 -0.0672994926571846 0.0635667964816093 -0.0434280522167683 0.000367390486644581 -0.0404733307659626 -0.0448034554719925 -0.0877320095896721 0.0078621581196785 -0.111063882708549 -0.0103257792070508 0.0255809780210257 0.0167057812213898 0.0523366518318653 0.0808675289154053 0.0514915809035301 0.0336819477379322 -0.0236486867070198 -0.00954792555421591 -0.0554786622524261 -0.0104809943586588 -0.00319568603299558 0.0475206486880779 -0.000714481167960912 -0.0386335365474224 -0.00206302339211106 -0.0505494251847267 -0.0222525894641876 -0.032179169356823 -0.0169990696012974 -0.00397970294579864 0.0105742607265711 0.0372953861951828 -0.00998649466782808 0.113587640225887 -0.0301357619464397
-0.101544424891472 0.00564131187275052 0.0200676508247852 0.00673289783298969 -0.0801913738250732 0.0617460869252682 -0.0574537739157677 0.0448143035173416 -0.0266316868364811 0.051806777715683 0.0527624152600765 -0.0319027006626129 -0.0281076468527317 -0.0498554818332195 -0.017592404037714 -0.00654263515025377 0.0400860495865345 0.0335366353392601 0.111956141889095 0.0288758352398872 0.0852555856108665 0.0502120554447174 -0.0295662395656109 0.0509321577847004 -0.0402814410626888 0.0767088457942009 0.031587541103363 0.0449035838246346 0.0550918914377689 -0.0780928358435631 0.00142054026946425 -0.0253969430923462 -0.0297618601471186 0.0572920255362988 -0.0780592635273933 -0.0524116791784763 -0.0443564057350159 -0.0819456055760384 0.0120787853375077 -0.00118543778080493 -0.089065283536911 -0.0402713567018509 -0.00748909823596478
0.00970941130071878 -0.0258725788444281 -0.0250714439898729 0.00128219998441637 -0.0161668341606855 0.0246728342026472 -0.0772806257009506 0.166571468114853 -0.0420702397823334 0.0225311946123838 0.00151009182445705 0.0828370675444603 -0.00332206068560481 -0.0423348434269428 6.88122090650722e-05 0.0517024844884872 0.0246531814336777 0.0095844455063343 0.000694281770847738 -0.0719492211937904 -0.0581882670521736 0.00202093343250453 -0.00860701128840446 -0.046100165694952 -0.0147338313981891 -0.0365001671016216 -0.0540940761566162 0.0241667609661818 -0.0133139491081238 0.00917912926524878 -0.0416080430150032 0.0229215156286955 -0.0552327409386635 -0.0424198135733604 0.0212751161307096 -0.0298946667462587 0.0193964261561632 0.024409918114543 -0.0589698627591133 -0.013769737444818 -0.0121372388675809 -0.043735284358263 0.0721516236662865
-0.0566860437393188 -0.0356526114046574 -0.0141554549336433 0.00241099251434207 -0.0665361359715462 0.0660434663295746 0.0632772073149681 -0.0548608638346195 -0.002575937891379 -0.0597462840378284 -0.0504496656358242 0.0277123730629683 0.064569316804409 0.0168765299022198 -0.0210352223366499 -0.0309702474623919 0.0344880633056164 -0.0326962992548943 0.0835124924778938 0.0126056941226125 0.0498746782541275 -0.0419997163116932 -0.034835334867239 -0.0131087619811296 0.0260976050049067 0.0181764382869005 -0.0967612788081169 0.0135445538908243 0.0531553886830807 -0.0480703189969063 0.0404027290642262 -0.10572574287653 -0.0245386008173227 0.0163244772702456 -0.0108357314020395 0.0183381233364344 -0.0398589968681335 0.051030308008194 -0.0534329004585743 0.100879237055779 0.0106155565008521 -0.0498099699616432 -0.0457745902240276
0.0379175320267677 0.044242151081562 0.0855249762535095 -0.0514947958290577 0.0291781835258007 -0.0391601584851742 -0.0742539390921593 0.00057273218408227 0.000298018392641097 -0.0305692013353109 -0.0289421007037163 -0.0722241327166557 -0.00408128742128611 0.17700169980526 -0.0325785726308823 -0.132035836577415 0.0120463911443949 0.0703557506203651 0.0204686671495438 -0.0680344775319099 -0.0655812248587608 -0.0287060737609863 0.0622895993292332 -0.0229925755411386 0.0188630633056164 -0.011344725266099 0.0289864372462034 -0.0427285917103291 -0.0215284246951342 0.0717819184064865 -0.00926139578223228 0.0270247831940651 -0.0233155321329832 0.0671691969037056 -0.156002506613731 0.00145211955532432 -0.0169714391231537 0.0283115599304438 -0.072219155728817 -0.0129500133916736 -0.062524177134037 0.0442629121243954 0.00500784674659371
-0.00691541936248541 -0.0183559320867062 0.00594399310648441 0.0930752381682396 -0.0167249012738466 0.0337862558662891 -0.0394143424928188 0.033218827098608 -0.0191133283078671 -0.00713439751416445 -0.0385798215866089 0.0373526029288769 -0.0146315721794963 0.0748012140393257 -0.0691232234239578 0.0208180379122496 0.0197009705007076 -0.0216081235557795 0.0390369333326817 0.00592049630358815 -0.0157333444803953 0.0244454555213451 -0.03154231980443 -0.066447488963604 0.0229524858295918 -0.0769333094358444 -0.0760593339800835 0.105530582368374 -0.0118573438376188 0.0327099412679672 0.0302349589765072 -0.0573404431343079 0.0578751973807812 -0.021986598148942 -0.0482155196368694 -0.0349249318242073 -0.0494839288294315 -0.0706313699483871 0.0868795588612556 -0.0723011121153831 -0.0226116329431534 -0.00179407373070717 -0.0449655130505562
