assets/gome_f/processed/ascii/world/gome_sif_world_20130901.asc
NCOLS 720 
NROWS 360 
XLLCORNER -180 
YLLCORNER -90 
CELLSIZE 0.5 
NODATA_value -3.4e+38 
[rows 57 to 75 of 360, columns 430 to 472 of 720]
0.227522641420364 0.0685105472803116 0.0513686053454876 0.227816209197044 0.221796900033951 0.160717308521271 0.415968716144562 0.173316940665245 0.196079805493355 0.163601011037827 0.152036607265472 0.152219742536545 0.100863039493561 0.255115389823914 0.265184640884399 0.191194772720337 0.225239351391792 0.235137075185776 0.185721606016159 0.115042291581631 0.219356834888458 0.258637487888336 0.205276623368263 0.149915292859077 0.143400877714157 0.197517439723015 0.377696394920349 0.270051300525665 0.256588310003281 0.102157220244408 0.0444041229784489 0.113395348191261 0.191083028912544 0.2086011916399 0.153474181890488 0.158473968505859 0.0841983705759048 0.177690893411636 0.132300511002541 0.257382422685623 0.055142056196928 0.142595529556274 0.179195672273636
0.281243890523911 0.159363478422165 0.355532735586166 0.167060971260071 0.130303278565407 0.228461280465126 0.207639142870903 0.0943877547979355 0.246027439832687 0.276334851980209 0.172067865729332 0.130997598171234 0.173470810055733 0.0835248306393623 0.212725400924683 0.222902193665504 0.271440178155899 0.163282886147499 0.125729322433472 0.19187106192112 0.319870352745056 0.14789479970932 0.118194878101349 0.125340208411217 0.176789134740829 0.289594978094101 0.405507057905197 0.0391673482954502 0.206659957766533 0.22433876991272 0.0405671000480652 0.190346777439117 0.0902889147400856 0.196132615208626 0.305163264274597 0.170197606086731 0.318364351987839 0.256314188241959 0.00981893111020327 0.332868069410324 0.220687493681908 0.276051551103592 0.222618415951729
0.396291971206665 0.242622047662735 0.310353934764862 0.203291937708855 0.194358840584755 -0.00137067085597664 -0.0411422215402126 0.328607767820358 0.273909419775009 0.169481724500656 0.387582212686539 0.26222151517868 0.223908424377441 0.18984355032444 0.251846760511398 0.343642920255661 0.281644582748413 0.266971290111542 0.178498432040215 0.26527738571167 0.191614001989365 0.120536133646965 0.0628144070506096 0.230390161275864 0.237532064318657 0.257504105567932 0.195072695612907 0.316907167434692 0.294663727283478 0.245161354541779 0.17706586420536 0.397579193115234 0.102379627525806 0.206033945083618 0.345500469207764 0.242721885442734 0.340933382511139 0.250935554504395 0.266900330781937 0.250519186258316 0.0797623917460442 0.231194391846657 0.199567899107933
0.363668143749237 0.206705525517464 0.107527047395706 0.14864344894886 0.301649540662766 0.198284715414047 0.163796663284302 0.263416558504105 0.254864007234573 0.303782880306244 0.201325342059135 0.0408532507717609 0.243945807218552 0.279256969690323 0.148822396993637 0.20332932472229 0.0386434383690357 0.195464804768562 0.2601318359375 0.264752209186554 0.43812283873558 -0.0291386172175407 0.204356089234352 0.347068935632706 0.12607578933239 0.264404386281967 0.34914419054985 0.108168408274651 0.167524486780167 0.304971009492874 0.304205298423767 -0.0556665770709515 -999 0.185882940888405 0.0628715306520462 -0.0399497523903847 0.199964076280594 0.269766211509705 0.36453104019165 0.128042474389076 0.545861542224884 0.270877838134766 0.120948515832424
0.277044266462326 0.344585299491882 0.279280722141266 0.124179840087891 0.301850408315659 0.435239315032959 0.12303452193737 0.426659494638443 0.165783748030663 -999 0.483528733253479 0.333524852991104 0.354012608528137 0.311452597379684 0.229031041264534 0.113602258265018 0.142227590084076 0.013503972440958 0.159875378012657 0.184460312128067 0.135569795966148 0.0715462565422058 0.0276067759841681 0.175984725356102 0.234014973044395 0.0915386378765106 0.295128583908081 0.0104112550616264 0.321281939744949 -0.0310234185308218 0.335190325975418 0.164516717195511 0.279243886470795 -999 0.338908463716507 0.468440771102905 0.447812229394913 0.144408449530602 0.263073772192001 0.47052589058876 0.215943604707718 0.140220165252686 0.328277289867401
0.0584974139928818 0.436840713024139 0.314778923988342 0.142230898141861 0.213478595018387 0.288854598999023 0.204813048243523 0.0326613150537014 0.234217643737793 0.148284077644348 -0.2421635389328 -999 0.467828571796417 -0.129444643855095 0.152790248394012 0.258153825998306 0.415897369384766 -0.0369132123887539 0.278461903333664 0.100414231419563 0.460357069969177 0.401077806949615 -0.0560133866965771 0.196606025099754 0.147976338863373 0.315856903791428 0.23742339015007 0.430266141891479 0.281590163707733 0.126902937889099 -999 0.19871760904789 -999 -999 -999 0.209535285830498 -999 -999 0.218196541070938 0.254064559936523 0.197658866643906 -0.147420823574066 0.189007043838501
0.558077931404114 -999 0.150766909122467 0.260116994380951 0.412064135074615 0.063560277223587 0.187742754817009 -0.150800973176956 -999 -999 -999 -999 0.597225427627563 0.740676403045654 -0.156151875853539 0.382517129182816 -999 -999 -999 0.222055003046989 0.0110740512609482 0.0571023523807526 -999 0.377693593502045 0.146449908614159 -999 0.260680079460144 -0.155734539031982 0.408403396606445 0.467222213745117 0.109279654920101 0.0625317841768265 0.0790704265236855 0.110603287816048 0.232474133372307 -0.00442231260240078 0.553200125694275 0.0963960066437721 -999 0.437566190958023 0.150202348828316 0.127371460199356 -0.0481358356773853
-0.291009694337845 0.327006459236145 0.126992762088776 0.409260481595993 0.427149027585983 0.310334295034409 0.499683082103729 0.25477933883667 -999 -999 -999 -999 -999 0.534665048122406 0.15146903693676 0.0933098122477531 0.202684357762337 -999 -999 0.142523437738419 -999 -999 -999 -999 -999 0.17623496055603 0.471571356058121 0.393574059009552 0.241520792245865 0.207567438483238 0.07251887768507 0.300545006990433 -0.132485210895538 0.126112952828407 0.33130156993866 0.124625384807587 0.33235239982605 0.20778925716877 0.626637756824493 0.257716208696365 0.302523553371429 0.238212510943413 0.216133281588554
0.456290155649185 0.281815201044083 0.404920309782028 0.0717214345932007 0.447699546813965 0.169528961181641 0.0959555134177208 0.0627435073256493 0.272231757640839 0.0412571951746941 0.336317539215088 0.266833066940308 0.168220937252045 0.439907610416412 -999 0.0436757318675518 -0.039725236594677 0.249653741717339 0.127502888441086 -999 -999 -0.263073116540909 -999 0.161793395876884 0.209848701953888 -0.00955004710704088 0.217724815011024 0.037517074495554 0.380737096071243 0.316385090351105 0.376493573188782 0.233936846256256 0.164882093667984 0.269541054964066 0.333237707614899 0.272736549377441 0.230679214000702 0.302581161260605 0.246531918644905 0.436482608318329 0.34950202703476 0.291276395320892 0.253023028373718
-0.241187155246735 0.184504210948944 0.315618515014648 -999 0.316464126110077 -0.0383485294878483 0.399854838848114 0.078576885163784 0.0381401292979717 0.17585563659668 -0.0725001767277718 0.122384913265705 -0.0373461507260799 0.298272103071213 0.39415043592453 0.138759970664978 0.356346130371094 -999 -0.164802253246307 0.379982531070709 0.106358595192432 0.0994469523429871 0.095411978662014 0.214337065815926 0.143914550542831 0.316508203744888 0.0856441333889961 0.372187107801437 0.25810632109642 0.128407090902328 0.236093446612358 0.310563594102859 0.263304859399796 0.222011044621468 0.267746865749359 0.375987231731415 0.152759730815887 0.362753987312317 0.280887544155121 0.110581248998642 0.12830638885498 0.178260192275047 0.297717839479446
0.31275349855423 0.456692337989807 0.0629793182015419 0.152564615011215 0.0407633408904076 0.208171546459198 0.252009570598602 0.0821884945034981 0.325333476066589 0.332303434610367 0.540547907352448 -0.344953805208206 0.323375701904297 0.0922376811504364 0.2021564245224 0.138862758874893 0.189317867159843 0.347523838281631 0.376027166843414 0.0503519773483276 0.196917414665222 0.136351555585861 0.102427110075951 0.229931399226189 0.102703891694546 0.204411998391151 0.125475183129311 0.046363852918148 0.132235184311867 0.421303331851959 0.211617901921272 0.173214793205261 0.294971138238907 0.466144174337387 0.439584642648697 0.368651449680328 0.348220556974411 0.215690940618515 0.294024378061295 0.167063131928444 0.153903812170029 0.224030867218971 0.228706702589989
0.117132760584354 0.320783883333206 0.249307751655579 0.0392045751214027 0.234710171818733 0.217656403779984 0.203872203826904 0.404319196939468 0.144880890846252 0.240773528814316 0.337567210197449 0.160472303628922 0.350360542535782 0.15575735270977 0.230111047625542 0.150912493467331 0.131180182099342 0.228927001357079 0.205425962805748 0.208533465862274 0.309560418128967 0.388005495071411 0.261347979307175 0.185622975230217 0.269424617290497 0.119394101202488 0.220152109861374 0.112508170306683 0.215059548616409 0.209743589162827 0.0302762482315302 0.153204545378685 0.343449622392654 0.169954180717468 0.14336684346199 0.19661545753479 0.254525870084763 0.286985993385315 0.322289824485779 0.123587168753147 0.174020677804947 0.335567265748978 0.329872757196426
0.174185454845428 0.244407013058662 0.343779414892197 0.0602099597454071 0.386188507080078 0.472552537918091 0.183648720383644 0.204127788543701 0.563164532184601 0.225545808672905 0.263639152050018 0.169375523924828 0.125922083854675 0.122914955019951 0.1663928180933 0.154649540781975 0.575814425945282 0.243234291672707 0.233001336455345 0.218369826674461 0.407424569129944 0.192205935716629 0.320694893598557 0.189733639359474 0.188199788331985 -0.0793371871113777 0.249363780021667 0.350113302469254 0.204333707690239 0.163882091641426 -0.00418942095711827 0.309320420026779 0.21989993751049 0.0447907038033009 -0.130411699414253 0.248077988624573 0.28142374753952 0.371102780103683 0.163068562746048 0.235625773668289 0.301465779542923 0.30873316526413 0.207541555166245
0.271243542432785 0.248835444450378 0.181528598070145 0.392735928297043 0.219119399785995 0.145498529076576 0.233973443508148 0.304087907075882 -0.0177668184041977 0.383326321840286 0.318853795528412 0.405558317899704 0.197319149971008 0.160596892237663 0.23234324157238 0.111884042620659 0.0973054245114326 0.240846708416939 0.158776924014091 0.181014865636826 0.120350442826748 0.0972658172249794 0.197362259030342 0.126332506537437 0.158910140395164 0.0958607047796249 0.11861864477396 0.237866163253784 0.14240474998951 0.171484187245369 0.189552038908005 0.223573237657547 0.131936058402061 0.384268581867218 0.303331017494202 0.433583348989487 0.0980870053172112 0.269848346710205 0.115495413541794 0.304358303546906 0.276481419801712 0.237231373786926 0.209318831562996
0.245031088590622 0.0243180580437183 0.102012574672699 0.127154394984245 0.279543727636337 0.131546050310135 0.230620712041855 0.25165069103241 0.0371855832636356 0.098067969083786 0.189385890960693 0.176326379179955 0.400274634361267 0.0808255672454834 0.166131630539894 0.18826787173748 0.255249559879303 0.345472306013107 0.124143831431866 0.0710466727614403 0.101309180259705 -0.00893209874629974 0.161831766366959 0.0204905979335308 0.117608569562435 0.196066975593567 0.0362528190016747 0.138568460941315 0.167633920907974 0.0880818963050842 0.0699676349759102 0.099849708378315 0.18685345351696 0.177213490009308 0.128604725003242 0.357988208532333 0.12167052179575 0.238436922430992 0.288521647453308 0.303202599287033 0.3335100710392 0.109295263886452 0.307870924472809
0.0142472460865974 0.201218247413635 0.181180074810982 0.21386381983757 0.0420693941414356 0.0459833368659019 0.219262227416039 0.242558866739273 0.206334963440895 0.236114114522934 0.282368898391724 0.0883710086345673 0.11935943365097 0.191221177577972 0.081492692232132 0.347895294427872 0.246775045990944 0.247658252716064 0.317565470933914 0.290064007043839 0.482308775186539 0.282028764486313 0.188602685928345 0.144991263747215 0.199726343154907 0.326953947544098 0.188058525323868 0.0244482010602951 0.0980662181973457 0.0872904136776924 0.282704800367355 0.162419199943542 0.191484943032265 0.218376398086548 0.160307928919792 0.266945540904999 0.0639865696430206 0.214916005730629 0.225927993655205 0.237963199615479 0.403595685958862 0.229146927595139 0.237177670001984
0.182002261281013 0.129534155130386 0.175476759672165 0.124961376190186 0.113860875368118 0.0718882903456688 0.123662814497948 0.221741110086441 0.234750628471375 0.0937096253037453 0.0513176172971725 0.181689023971558 0.148403137922287 0.202851697802544 0.266149640083313 0.113357745110989 0.250673860311508 0.163245409727097 0.161005944013596 0.23797807097435 0.218911111354828 0.316018223762512 0.320200830698013 0.299168974161148 -0.0298825800418854 0.239100381731987 0.0921909585595131 0.404850393533707 0.129745304584503 0.324950128793716 0.357253074645996 0.143225982785225 0.158454343676567 0.125295847654343 0.273548275232315 0.155767351388931 0.163702994585037 0.243105977773666 0.264305531978607 0.347407072782516 0.202513799071312 0.113781712949276 0.146781995892525
0.0931631103157997 0.166321039199829 0.0597668774425983 0.146533474326134 0.0235201027244329 0.265053391456604 0.16372886300087 0.101494424045086 0.177494004368782 -0.0185491275042295 0.230208769440651 -0.0525221712887287 0.0235549043864012 0.113892890512943 0.234678119421005 0.00552209839224815 0.314133584499359 0.257022589445114 0.189312785863876 0.263711810112 0.079869270324707 0.0633506700396538 0.143447190523148 0.229700356721878 0.0215509831905365 0.171587988734245 0.155602112412453 0.0729738846421242 0.0369004979729652 0.0796759650111198 0.0322414673864841 0.175562486052513 0.27042293548584 0.160484373569489 0.321037411689758 0.187677189707756 0.220013305544853 0.201120615005493 0.16898438334465 0.245341673493385 0.106046251952648 0.242068752646446 0.150397315621376
0.22893400490284 0.198984861373901 0.169357165694237 0.130934581160545 0.103559106588364 0.223701745271683 0.0130445109680295 0.169473722577095 0.123047091066837 0.12255771458149 0.129075780510902 -0.019722243770957 0.00872168689966202 0.13033664226532 0.172318607568741 0.166670441627502 0.157427787780762 0.144513055682182 0.0916418805718422 0.0789856314659119 0.159443363547325 0.331707566976547 -0.0355903878808022 0.0595712065696716 0.0224682278931141 0.24708080291748 0.150603607296944 0.214316129684448 0.0842028185725212 0.220489636063576 0.101141728460789 0.059216532856226 0.101074524223804 0.122477270662785 0.0777246579527855 0.177146434783936 0.197542786598206 0.128233298659325 0.161150380969048 0.146890491247177 0.0880765840411186 0.164514616131783 0.222832635045052
