assets/gome_f/processed/ascii/world/gome_sif_world_20110301.asc
NCOLS 720 
NROWS 360 
XLLCORNER -180 
YLLCORNER -90 
CELLSIZE 0.5 
NODATA_value -3.4e+38 
[rows 171 to 189 of 360, columns 172 to 214 of 720]
-0.0524490103125572 -0.0340441018342972 -0.0156332403421402 -0.022821519523859 -0.139125853776932 0.0646824166178703 0.0377221964299679 0.0669874250888824 0.0186939779669046 0.018339229747653 -0.0712207332253456 0.0175997968763113 0.000329398695612326 -0.0503020137548447 -0.0634971112012863 0.0162554066628218 -0.0744695216417313 -0.0641519576311111 0.128587633371353 -0.0829198881983757 -0.071072168648243 0.054672583937645 0.0272856764495373 0.035409439355135 0.0472864285111427 -0.102346420288086 -0.0682510137557983 -0.0689195841550827 -0.0355811305344105 0.0254463963210583 0.0610080696642399 0.0910303220152855 0.0616727247834206 0.357828348875046 0.322170585393906 0.326297670602798 0.490697085857391 0.331244468688965 0.387350916862488 0.544003188610077 0.35987177491188 0.346325367689133 0.288608402013779
0.160728737711906 -0.0509458407759666 -0.00487245852127671 0.05782151222229 -0.017966128885746 0.00983952637761831 -0.00472376542165875 0.00144191004801542 -0.0228145383298397 -0.0446050353348255 -0.102874852716923 -0.0768317207694054 -0.137075111269951 -0.123453319072723 -0.00774569436907768 0.0656339898705482 -0.0326271429657936 0.0172295067459345 0.0207347813993692 -0.136495694518089 0.0216276943683624 0.0207381974905729 -0.0701583549380302 -0.0242559891194105 0.115330122411251 -0.0516350790858269 0.0103648267686367 0.0310493223369122 -0.00229286076501012 0.141915783286095 -0.0819177255034447 0.00664789974689484 -0.126140207052231 -0.0193371027708054 0.595075249671936 0.504104316234589 0.0369747951626778 0.353014647960663 0.471811264753342 0.463187873363495 0.611162066459656 0.549955606460571 0.481851249933243
-0.0312545150518417 -0.0434434674680233 -0.0913726165890694 -0.103665232658386 -0.0119183389469981 -0.0645423829555511 -0.0106222294270992 -0.0419965945184231 -0.101934894919395 -0.0467156320810318 0.011594207957387 0.00894169975072145 -0.0453289113938808 -0.027413085103035 -0.0491606667637825 -0.019136868417263 -0.0166642647236586 -0.00990286376327276 -0.0460176318883896 0.0478421710431576 0.00355079444125295 -0.0104549806565046 -0.0815535262227058 0.00605255365371704 0.000181062816409394 -0.0203369855880737 -0.0723874792456627 0.0272274855524302 -0.00273416377604008 -0.000436156988143921 -0.10844910889864 0.0308736991137266 -0.0598724521696568 0.411981761455536 0.45906063914299 0.470957517623901 0.285266607999802 0.373925447463989 0.418027490377426 0.695787608623505 0.448522746562958 0.2611044049263 0.365713000297546
0.0364873930811882 0.0431548692286015 -0.0156389363110065 -0.00313861342146993 -0.021548168733716 -0.00183411641046405 -0.00176766864024103 0.000737562775611877 -0.062854491174221 -0.0132007012143731 -0.0156738497316837 0.010052528232336 -0.0615914613008499 -0.0429328791797161 -0.0109365936368704 -0.0312934182584286 -0.0357856936752796 -0.00449336739256978 0.0448003560304642 -0.0991771519184113 0.0140234138816595 -0.0275644306093454 -0.0508565008640289 0.0121016912162304 0.0147736547514796 -0.0589515082538128 0.0313876308500767 0.000801830145064741 0.109908789396286 0.0188933871686459 0.189999103546143 0.337126672267914 0.122172646224499 0.616172909736633 0.491439044475555 0.423194825649261 0.326525926589966 0.307646602392197 0.475126355886459 0.684285819530487 0.428526967763901 0.804677426815033 0.475427597761154
0.0535265021026134 -0.0586026012897491 -0.0490284115076065 0.0292631667107344 -0.121924318373203 -0.0797556787729263 0.0476364828646183 -0.0532066412270069 0.0185935888439417 -0.0587709471583366 0.0095831798389554 -0.0274771824479103 0.0169061440974474 -0.0487790033221245 -0.00422256160527468 0.00946118403226137 -0.0700672566890717 0.0039350064471364 -0.00801378395408392 -0.0611963830888271 0.025370804592967 -0.0162482708692551 -0.0591964013874531 -0.0199603755027056 0.104994051158428 0.0309050343930721 0.00533067714422941 0.0176081135869026 0.0300852078944445 -0.0800160318613052 0.0724882185459137 0.42325496673584 0.351290941238403 0.445132970809937 0.439844965934753 0.468031406402588 0.437994748353958 0.416176557540894 0.643501162528992 0.780838906764984 0.617868006229401 0.56521463394165 0.678000092506409
0.0489102639257908 -0.0552239120006561 -0.0149959828704596 0.0316759943962097 -0.0586663000285625 -0.115201488137245 0.05274972692132 -0.0542838461697102 -0.0501375421881676 0.0118661746382713 -0.0847585871815681 -0.0677867159247398 -0.00287607894279063 -0.0428649708628654 -0.00695584528148174 -0.0555378347635269 -0.0267692003399134 -0.00351236644200981 -0.0273470934480429 0.0181797035038471 -0.0228696279227734 -0.0371046364307404 0.0805371105670929 0.00636278185993433 0.0023791859857738 -0.0323454178869724 0.0566220358014107 0.0395070351660252 0.0750979110598564 0.0135721927508712 0.305691838264465 0.47514134645462 0.48313981294632 0.362928748130798 0.319723010063171 0.328781217336655 0.487587362527847 0.52014833688736 0.646723926067352 0.579873025417328 0.618463277816772 0.449190378189087 0.498707681894302
-0.0360585227608681 0.0250786133110523 0.086647056043148 -0.0965320020914078 -0.00116898666601628 0.0363266989588737 -0.044580165296793 -0.050910759717226 -0.0317909680306911 -0.0707281306385994 -0.0035124677233398 -0.0144953830167651 0.00823155511170626 0.0418972857296467 -0.0298933014273643 -0.0387383364140987 -0.0498396791517735 -0.0652886182069778 -0.0627189055085182 -0.0439758934080601 0.0473442040383816 0.0432329811155796 -0.0442256443202496 0.0576930977404118 -0.0252489130944014 0.0989942401647568 -0.0251276455819607 -0.150751024484634 0.0342516824603081 0.177908167243004 0.393810093402863 0.568989634513855 0.277015149593353 0.2515469789505 0.574255228042603 0.545446455478668 0.573635578155518 0.610306859016418 0.605248868465424 0.581695377826691 0.576294124126434 0.872222244739532 0.661185085773468
-0.0226839799433947 0.0800869390368462 -0.0788859501481056 0.000332763651385903 -0.0315186977386475 0.0163093004375696 -0.122060440480709 -0.0382731854915619 0.0173033867031336 -0.00423872936517 -0.0156465824693441 0.0143072353675961 -0.0418592542409897 0.0068979668430984 -0.010672353208065 0.061405710875988 -0.0367349833250046 0.0176458116620779 -0.0701293498277664 0.0113899614661932 -0.0806196182966232 0.0307056214660406 -0.0232113916426897 -0.0165287684649229 0.0387039855122566 0.0168366841971874 0.0404105745255947 0.0247097201645374 0.152650460600853 0.533766090869904 0.267993271350861 0.299026787281036 0.482868194580078 0.669775307178497 0.732583165168762 0.66301041841507 0.550053894519806 0.613795638084412 0.66546893119812 0.777065694332123 0.539764702320099 0.41299644112587 0.605633854866028
-0.00432678917422891 -0.0674592778086662 -0.00475319568067789 -0.015086735598743 -0.0388401187956333 0.0310510061681271 0.0105924159288406 -0.0453236326575279 -0.0564231760799885 -0.0196649972349405 -0.106232814490795 0.02049077488482 0.05160216614604 -0.00124632252845913 -0.0310196988284588 -0.0259870775043964 -0.0980842337012291 -0.0272317323833704 0.0301987659186125 -0.0535586215555668 0.0146023910492659 0.03690430149436 0.0506450794637203 -0.062163170427084 0.0510410480201244 -0.106791324913502 -0.0358482599258423 0.0183796118944883 0.506139636039734 0.821569800376892 0.25763151049614 0.443503320217133 0.725296437740326 0.513808846473694 0.575270414352417 0.638936281204224 0.546487629413605 0.653350114822388 0.677280962467194 0.691417038440704 0.535803377628326 0.589043080806732 0.642665207386017
-0.0371286980807781 0.0403760112822056 -0.00802753213793039 0.00346357352100313 0.0779399424791336 0.0183668024837971 0.116281121969223 0.111410930752754 0.0161702949553728 -0.0124135753139853 -0.114004082977772 -0.0735691636800766 -0.02057895809412 -0.0402838662266731 0.0551423467695713 0.0559157393872738 -0.103568248450756 0.0754841864109039 0.00969565566629171 -0.0246562175452709 -0.0248901024460793 0.000748652557376772 -0.0794708132743835 -0.0244875140488148 0.0408103913068771 0.0337280295789242 0.0121232075616717 0.13630436360836 0.368068665266037 0.526767492294312 0.446576684713364 0.263256043195724 0.127781093120575 -999 0.783166468143463 0.699079751968384 0.680191874504089 0.703092455863953 0.792232573032379 0.666148006916046 0.571865916252136 0.563021063804626 0.471552133560181
0.0173735246062279 -0.0225084740668535 -0.0993108078837395 0.00445147603750229 -0.0398068577051163 0.0488054528832436 0.016069158911705 0.122779972851276 0.062380488961935 0.0196918621659279 0.0860068574547768 -0.0264104697853327 0.0453629828989506 0.00732554960995913 0.0410479344427586 0.0710363164544106 -0.0244826376438141 0.0240467172116041 -0.0718611925840378 0.0270514581352472 0.0187807232141495 -0.0212008748203516 0.014814387075603 0.0626313462853432 0.00553952110931277 -0.0303404461592436 0.121531084179878 0.368603765964508 0.507336497306824 0.43083468079567 0.338978677988052 0.435931444168091 0.284259527921677 -999 0.701042592525482 0.788449883460999 0.673559963703156 0.571471571922302 0.583977043628693 0.534427523612976 0.450544208288193 0.727565884590149 0.391313016414642
-0.0116443186998367 -0.0441915094852448 -0.0213048085570335 0.0507011525332928 -0.0573952943086624 0.0337997004389763 0.020670659840107 0.0580795519053936 0.0018509947694838 0.0723478347063065 0.14395147562027 0.00808702502399683 0.0442633405327797 -0.0455584563314915 0.0238362140953541 0.00806324183940887 -0.0771127343177795 -0.0586471222341061 0.00408170418813825 0.014659509062767 -0.0136490799486637 -0.0716460570693016 -0.0635980442166328 -0.0109337735921144 -0.0432619974017143 0.021798187866807 0.0731884464621544 0.592430889606476 0.508986830711365 0.556788265705109 0.195294857025146 0.0530196614563465 0.193954989314079 0.186254054307938 0.884003877639771 0.59100353717804 0.360357999801636 0.378718435764313 0.729227483272552 0.498114615678787 0.529474020004272 0.427942961454391 0.661565482616425
-0.0106972865760326 -0.00151990551967174 -0.062083762139082 -0.0386127308011055 -0.103588469326496 -0.0729182511568069 -0.00544268963858485 0.00283792428672314 -0.0453871190547943 -0.0142781883478165 0.0244776103645563 -0.00302919396199286 0.0685581415891647 0.0281892325729132 0.00458358135074377 0.012991146184504 -0.0443661212921143 0.0105893947184086 0.0403006821870804 0.00377863412722945 0.0154383527114987 -0.00712083233520389 -0.0588976293802261 0.0825043618679047 -0.0115959020331502 0.0841540396213531 0.0856644809246063 0.357629388570786 0.585439383983612 0.396029472351074 0.309789448976517 0.196409985423088 -999 0.5873202085495 0.688552737236023 0.362437725067139 0.780932903289795 0.641044318675995 0.531311690807343 0.552481591701508 0.308966964483261 0.565035402774811 0.60698527097702
-0.0347316600382328 0.0643573403358459 -0.0185319054871798 -0.0413108505308628 -0.0241837482899427 0.00210874387994409 0.0311157889664173 -0.0472043752670288 -0.0405922569334507 0.0309448409825563 -0.0661095827817917 0.0159672163426876 0.0174825619906187 -0.0383922159671783 0.0330775454640388 -0.024305135011673 -0.00215120078064501 0.0459460243582726 -0.0313264392316341 -0.0141871701925993 -0.0178337972611189 0.0346870981156826 0.0255758259445429 0.081604465842247 0.00385376322083175 0.000983385718427598 0.125880211591721 0.277663081884384 0.209880873560905 0.322451084852219 0.463813334703445 0.148719668388367 -999 0.410639584064484 0.982114434242249 0.381924688816071 0.762849509716034 0.53093558549881 0.831188857555389 0.485440343618393 0.739029824733734 0.571862876415253 0.709625244140625
0.00272788549773395 0.01231499761343 -0.0464393347501755 0.0563196539878845 -0.136447757482529 -0.0330095253884792 -0.0712268427014351 0.0715549811720848 -0.047895222902298 0.108580447733402 0.108801409602165 -0.0572071708738804 0.111702360212803 -0.0696651339530945 -0.000930142879951745 -0.0219450760632753 0.0248131193220615 0.0137413395568728 0.138327404856682 -0.00301372888498008 -0.022667296230793 0.0165789537131786 -0.0164964832365513 0.0384193025529385 -0.0425412356853485 0.0196769889444113 -0.0378937497735023 0.0986131206154823 0.297616481781006 0.354093849658966 0.375841945409775 0.402366757392883 -999 0.452796876430511 0.12787900865078 0.542062759399414 0.569006085395813 0.530886054039001 0.569655179977417 0.44988140463829 0.716117084026337 0.380089700222015 0.755140483379364
0.00346330506727099 0.0694728344678879 0.037573866546154 0.00880818162113428 -0.0361537933349609 0.00144405581522733 -0.0212002862244844 -0.00588202336803079 -0.0729387328028679 -0.00463542528450489 -0.0464441776275635 -0.0135308261960745 9.89927939372137e-05 0.0270795132964849 0.0280435960739851 0.133242249488831 -0.0235496181994677 0.00775548908859491 0.0155094228684902 0.0429022610187531 -0.0314768105745316 -0.0259104818105698 -0.0301108229905367 -0.0232002101838589 -0.020524213090539 0.0960696116089821 0.0850219205021858 0.0812671780586243 0.33012980222702 0.18370757997036 0.350344896316528 0.844670593738556 0.21047930419445 0.0249722450971603 0.943720817565918 0.58985823392868 0.373050481081009 0.437395751476288 0.501925766468048 0.375296145677567 0.743117690086365 0.580293774604797 0.551872253417969
-0.0925300866365433 0.0135637624189258 0.116125509142876 0.047560878098011 -0.0202441997826099 0.110169015824795 -0.032991886138916 -0.0140833677724004 0.00202090968377888 -0.0799902155995369 0.0192398112267256 -0.0824859365820885 -0.00219439063221216 -0.0101894792169333 -0.0545965693891048 0.0580880157649517 0.0430861823260784 0.00949955079704523 -0.0163677260279655 -0.0553170070052147 0.0389428399503231 -0.123071610927582 -0.0293839499354362 -0.0168312676250935 -0.00940495543181896 -0.0831728875637054 0.0885076448321342 0.350289702415466 0.455981105566025 0.379596918821335 0.446290642023087 0.566966950893402 0.501361727714539 0.724094867706299 0.819835484027863 0.671016275882721 0.462941974401474 0.176777243614197 0.570841252803802 0.390602737665176 0.484925270080566 0.486620187759399 0.412332117557526
-0.0682667791843414 -0.074637807905674 -0.0412174165248871 0.0643409565091133 -0.0135825295001268 -0.00326600228436291 0.0667925775051117 0.026643380522728 0.0136902742087841 0.13952848315239 -0.0211201496422291 -0.0704792067408562 0.0325147397816181 0.017139557749033 -0.0535777173936367 -0.0681762993335724 -0.0695343166589737 -0.00730871269479394 -0.0424306355416775 0.082512691617012 -0.00582028413191438 -0.0511292181909084 0.0249025262892246 0.0301282275468111 0.0117196962237358 0.0133656421676278 0.108529947698116 0.322769373655319 0.468528032302856 0.468208760023117 0.481721490621567 0.343376010656357 0.778607308864594 0.660492718219757 0.513785898685455 0.543015003204346 0.703938901424408 0.442959427833557 0.573203682899475 0.455387115478516 0.28768453001976 0.450108706951141 0.502262651920319
-0.0635614693164825 -0.0709207430481911 0.0161034613847733 -0.0523132421076298 0.0512748882174492 -0.0507388524711132 0.0154088456183672 -0.0146130872890353 -0.0424636416137218 0.0403478071093559 -0.00909790582954884 0.115066058933735 -0.0385618582367897 0.0369603335857391 -0.03801354393363 -0.016015712171793 -0.061139527708292 -0.0583691261708736 0.0340155847370625 -0.106966190040112 0.0107705034315586 -0.0437849536538124 0.112648271024227 0.0963080227375031 0.100273169577122 -0.0371468067169189 0.202196896076202 0.284013032913208 0.136807918548584 0.382204681634903 0.583517730236053 0.190884977579117 1.05841994285583 0.273525804281235 0.608820259571075 0.543640613555908 0.605939924716949 0.593053221702576 0.525881588459015 0.250208854675293 0.584170639514923 0.584879219532013 0.494573086500168
