assets/gome_f/processed/ascii/world/gome_sif_world_20120801.asc
NCOLS 720 
NROWS 360 
XLLCORNER -180 
YLLCORNER -90 
CELLSIZE 0.5 
NODATA_value -3.4e+38 
[rows 114 to 132 of 360, columns 43 to 85 of 720]
0.0474617034196854 -0.00232629058882594 -0.00207742699421942 0.0566743724048138 -0.0139930536970496 0.0252567306160927 0.01350421551615 -0.0470987036824226 -0.0756346136331558 -0.0371947027742863 0.0227114986628294 -0.00698340963572264 0.0149810463190079 -0.0169716272503138 -0.0347587428987026 -0.0866201221942902 0.04621547088027 0.0651060044765472 -0.0212153568863869 0.00220627267844975 0.0615560598671436 0.0711918324232101 0.00197932287119329 0.0343652777373791 -0.0999631956219673 0.0189002826809883 0.0307215191423893 0.0929394438862801 0.0245254766196012 0.00054282636847347 0.00712605053558946 -0.0133794974535704 0.0818443447351456 -0.0535464063286781 -0.0405320152640343 -0.00224412558600307 0.168838664889336 0.0194038785994053 -0.0899492874741554 0.0751667767763138 0.0669262930750847 0.0526212006807327 0.00223486986942589
0.0236906372010708 0.0703887492418289 0.017241133376956 -0.0373628363013268 0.0512576475739479 0.0142644159495831 -0.0257801599800587 0.010482364334166 0.036004763096571 -0.0156857315450907 -0.00139234575908631 0.0431695803999901 0.0524613745510578 -0.0550851002335548 0.0203546918928623 -0.0262508243322372 -0.076920673251152 -0.0184152573347092 -0.0253704488277435 0.0638241395354271 -0.0141548486426473 -0.0549071133136749 0.0662850365042686 0.0152161531150341 -0.058903768658638 0.0371393598616123 0.0395883992314339 -0.0119377756491303 -0.0252651665359735 0.0836666747927666 -0.0254444517195225 0.0176488179713488 0.0296524353325367 -0.0509823225438595 0.0587045289576054 -0.0584140606224537 0.0344061814248562 0.075155071914196 -0.0462579727172852 -0.0902708768844604 -0.0522027909755707 0.0979235842823982 -0.0537066981196404
0.00634795287624002 0.0373168103396893 -0.0445744320750237 -0.0287753026932478 -0.0465585216879845 0.00519871572032571 0.00634205620735884 0.0154280997812748 -0.0111396154388785 -0.015657352283597 -0.0444456413388252 0.0983433723449707 -0.0186358187347651 0.0259729959070683 -0.025919096544385 -0.0441065914928913 0.040495652705431 0.0628456622362137 -0.0365089774131775 0.0143571114167571 0.0320367552340031 0.0207184422761202 0.0503791905939579 -0.0267192292958498 0.0213488284498453 0.150850415229797 0.0452229008078575 0.0294205062091351 0.0793005526065826 -0.0507698059082031 -0.034223273396492 0.011512067168951 0.0514154694974422 -0.0789149031043053 0.0398067347705364 -0.064786933362484 0.034605897963047 0.157152384519577 -0.092046819627285 0.037489403039217 -0.0271511171013117 -0.0132672060281038 0.0191032141447067
-0.0265459697693586 0.0494902245700359 0.0163892637938261 -0.030618354678154 0.0122989350929856 -0.0128564154729247 0.022784324362874 -0.0980419516563416 0.0115112559869885 0.00748987589031458 0.0895420536398888 0.0380593799054623 0.0165393520146608 -0.0315816178917885 0.0468498058617115 0.00845017563551664 -0.0198285020887852 0.023762222379446 0.0681731104850769 -0.0714571103453636 -0.0508122891187668 0.108399011194706 0.0497181601822376 -0.00789169035851955 -0.0515343770384789 0.00208513252437115 0.0921603888273239 0.0241286922246218 0.157894998788834 0.0541487447917461 0.0141452848911285 0.0234227385371923 0.0348788946866989 0.0310187954455614 -0.0769653990864754 -0.0285408664494753 0.0154328932985663 0.0294195245951414 0.0250686462968588 0.0675751492381096 -0.126953795552254 -0.0493547730147839 -0.093275785446167
0.00857903528958559 -0.0608858093619347 0.0642581954598427 0.018446309491992 0.0319010876119137 0.0296634919941425 -0.0218766145408154 0.034744281321764 -0.000844240188598633 -0.0238575097173452 0.0696418732404709 0.0134193273261189 0.0353284329175949 -0.0177580453455448 -0.013964457437396 0.114695377647877 0.0829905197024345 -0.0394736342132092 0.026972996070981 -0.0517766997218132 0.0570998750627041 0.0174274779856205 0.0540274567902088 -0.0401234179735184 -0.10275312513113 -0.0639188215136528 0.0895938575267792 0.00408522132784128 0.0229602195322514 0.0346168242394924 -0.143870264291763 -0.0189615860581398 -0.0611503832042217 0.00941869057714939 -0.00360839138738811 0.0333016477525234 -0.0766459703445435 0.0498890727758408 0.128186374902725 -0.0048916838131845 0.030347652733326 -0.0240372456610203 0.0407249107956886
-0.019169645383954 -0.0112433256581426 -0.00648176297545433 0.0428831577301025 0.0244533680379391 0.0239519625902176 -0.0324826538562775 -0.0971961244940758 -0.0369969569146633 0.00511719612404704 0.0388163141906261 -0.0119868023321033 -0.0424109734594822 0.0463933013379574 0.0141087779775262 -0.0648153424263 0.0667375847697258 0.0274326335638762 -0.0394749715924263 0.0066811004653573 0.0236496776342392 0.0420188754796982 -0.0477843843400478 -0.031658835709095 -0.0288625489920378 -0.0735617876052856 -0.0363209545612335 0.0192040260881186 0.0149418683722615 0.0729201436042786 0.0156949609518051 0.150458455085754 -0.00591726554557681 -0.0108246812596917 0.00764291547238827 -0.0807698592543602 0.00213085464201868 -0.000131919980049133 0.105877317488194 -0.101991817355156 -0.00766123551875353 0.0336936824023724 -0.104595899581909
0.041662659496069 0.03990213945508 -0.0158160254359245 0.0345529839396477 0.0655734688043594 -0.100563734769821 0.040893878787756 0.102470308542252 0.0179745815694332 -0.0170432738959789 -0.0353145264089108 0.0630612894892693 -0.00845187529921532 -0.00566852232441306 0.0641087889671326 0.0131702274084091 -0.0871304273605347 -0.00153346895240247 0.0695830956101418 0.0044853980652988 0.00911084283143282 0.0288644954562187 0.100586920976639 0.0138566568493843 0.0864933282136917 -0.0294367130845785 0.128656193614006 -0.00886734947562218 -0.0461435168981552 0.0855511277914047 -0.0575053729116917 0.0801636949181557 -0.0773255154490471 -0.0149121079593897 0.0592998676002026 0.0689205154776573 0.00578149361535907 0.0383414998650551 0.0595773793756962 -0.0191842261701822 -0.00192916626110673 0.135078355669975 -0.0136561449617147
-0.0909366980195045 -0.0481432788074017 0.0294416099786758 0.0191981364041567 -0.0397548153996468 -0.00647263135761023 -0.00445482041686773 0.0324334464967251 0.0209010560065508 -0.0364171676337719 0.0689954981207848 0.030612800270319 0.0852798148989677 -0.024690518155694 -0.0417060367763042 0.00454578548669815 0.0554142817854881 0.0199925918132067 0.0439572744071484 -0.0246699620038271 0.0495299212634563 -0.103205196559429 0.00599895045161247 0.0140379834920168 -0.00567310815677047 0.104180119931698 0.0516343377530575 0.0416762679815292 -0.0844385176897049 0.00203744112513959 -0.0184265915304422 -0.0799168795347214 0.0373343825340271 -0.0323001705110073 0.0830564349889755 -0.0230698361992836 0.0397409163415432 0.0454300902783871 -0.0265281591564417 0.0147351790219545 -0.0333416387438774 0.0589394830167294 -0.103668749332428
-0.02590755186975 0.00676571531221271 -0.0284301713109016 -0.0276361107826233 -0.0459281876683235 0.0576344542205334 -0.0242438614368439 -0.0865654945373535 0.00138781650457531 -0.0136230122298002 0.0600376725196838 0.0455073118209839 -0.042123444378376 -0.00137926475144923 0.027640575543046 -0.0128397913649678 -0.0264506228268147 -0.1258924305439 0.103471793234348 -0.0955806225538254 -0.0602569133043289 -0.0808728039264679 0.0692365616559982 0.00509577849879861 0.067362368106842 -0.0200090277940035 0.0443667992949486 0.020198242738843 0.0400379113852978 0.0567011423408985 0.000246950308792293 -0.0691854804754257 -0.0514455661177635 -0.0477601327002048 -0.0457587614655495 -0.0569751299917698 0.185199782252312 -0.0402673669159412 -0.0157438423484564 -0.00753358239308 -0.0804073512554169 0.0168696362525225 -0.0146563407033682
-0.00212239590473473 -0.0236335452646017 0.0743519589304924 0.135449677705765 0.000156809968757443 0.0230232048779726 0.00281896558590233 0.0738246664404869 -0.0252436753362417 -0.0195501707494259 0.0016973172314465 -0.0216291099786758 0.00159847422037274 0.0516734905540943 0.0597864612936974 -0.0566524602472782 -0.0289880521595478 0.0126981660723686 0.0190618354827166 0.0192001946270466 0.0623591057956219 -0.0400838479399681 0.0690188407897949 0.0490128733217716 0.0608267486095428 -0.0431639365851879 0.0603316947817802 0.015569138340652 -0.0169208347797394 0.0665115043520927 -0.0152228772640228 -0.162364616990089 -0.0503163635730743 -0.072450302541256 -0.0207371469587088 0.00717596337199211 -0.0715310871601105 -0.0377835296094418 0.0498307570815086 0.080673836171627 -0.0157903339713812 -0.0128624653443694 0.0311034079641104
-0.0344250500202179 0.045555304735899 0.0342463590204716 0.0205478239804506 -0.0508015155792236 0.000128372776089236 -0.075873851776123 0.037883572280407 -0.0375562757253647 -0.0355057157576084 -0.0302601829171181 0.0108852973207831 0.0276244338601828 -0.0745985135436058 -0.00232116458937526 0.0101347956806421 0.00720806652680039 0.0436419621109962 -0.0339105390012264 0.00169242592528462 -0.00598855083808303 -0.0204162281006575 -0.126779228448868 -0.0214597042649984 -0.0309107974171638 0.0159798748791218 0.0180880352854729 -0.0328322984278202 0.0389938652515411 -0.0154694272205234 0.100747346878052 0.0122678205370903 -0.0056133633479476 0.11858257651329 0.0581877678632736 -0.0709453523159027 0.0791427195072174 -0.124594293534756 0.0207519624382257 -0.0355767235159874 0.0186620112508535 -0.0354950726032257 0.0169822592288256
-0.0560107156634331 0.0524767749011517 0.0767199024558067 0.0467192642390728 -0.0455518066883087 0.021341422572732 -0.0100257694721222 0.0188551284372807 0.0475832149386406 -0.0629273802042007 -0.00466424413025379 -0.0316218361258507 0.00766407372429967 0.0165742579847574 -0.00380141544155777 -0.0471374914050102 0.0883482992649078 -0.0506744869053364 -0.0747862532734871 -0.0729248896241188 0.00298036634922028 -0.0624342039227486 0.00159722135867923 -0.0589133203029633 0.0474052913486958 -0.00832927785813808 0.121397607028484 0.0783830285072327 0.0134397745132446 0.104472659528255 -0.0317884683609009 0.0513550117611885 -0.123436488211155 0.055234681814909 0.0153351072221994 0.0176050625741482 -0.140670657157898 0.152645409107208 0.0304838344454765 -0.00296534597873688 -0.0478730909526348 0.0607244111597538 0.0317900478839874
0.0281611178070307 -0.0233985185623169 0.055083591490984 -0.00210552359931171 -0.021814426407218 -0.0594775974750519 0.014448519796133 -0.0622342079877853 -0.0435663759708405 0.0436865240335464 -0.0290655866265297 0.0491366647183895 -0.0439456142485142 0.0276794396340847 -0.0606116391718388 0.0486403368413448 3.35289660142735e-05 -0.0716279521584511 -0.0162906069308519 -0.0297831501811743 0.0166269820183516 0.0330120511353016 0.0634820759296417 -0.00237739295698702 0.00864413473755121 0.0188408251851797 0.0346839278936386 0.0591954328119755 0.0245373249053955 -0.0495976097881794 0.02030816860497 0.088457927107811 0.0651554986834526 -0.0072060483507812 0.00561753707006574 0.0853150114417076 0.0726411864161491 0.106637544929981 -0.0292423758655787 -0.0787111222743988 0.00660017505288124 0.0925169661641121 -0.0083936657756567
0.0657531693577766 -0.0129654426127672 0.0175917632877827 0.0858146697282791 -0.0054037980735302 0.0297947451472282 -0.0473209470510483 0.000625354296062142 -0.0201612468808889 0.0909146666526794 0.0364793017506599 0.0184884499758482 0.0122838225215673 0.0356193818151951 0.0802811160683632 0.00259461998939514 0.0332740694284439 -0.00225855503231287 0.0549397170543671 -0.147889971733093 -0.0536867789924145 0.0455230362713337 0.0240964461117983 -0.0622078031301498 -0.00988467037677765 -0.0189557187259197 -0.00444910628721118 -0.0646762326359749 0.0198011789470911 0.0276644323021173 -0.0778113380074501 0.0746557265520096 0.00791097059845924 -0.0283894501626492 0.0688926130533218 -0.0822242423892021 0.0147436950355768 -0.0360633619129658 0.00438041239976883 -0.0142344208434224 0.0679186582565308 0.037669375538826 -0.0104737542569637
-0.0418028011918068 -0.058060497045517 0.000181892741238698 -0.0732042342424393 -0.0346859656274319 0.0190818998962641 0.0190371181815863 0.00886880420148373 0.0345131605863571 -0.0982562825083733 0.0243992675095797 0.0105991130694747 -0.0545234344899654 -0.00577701814472675 0.0440841019153595 0.0152588374912739 -0.0181242451071739 0.038851760327816 0.0289057102054358 -0.0311418063938618 -0.0697483792901039 0.0629411563277245 -0.0471550561487675 0.00465460726991296 -0.0180267244577408 -0.0902253687381744 -0.0244706273078918 0.00105259253177792 -0.0392112657427788 -0.0345471054315567 -0.0765527337789536 0.141338348388672 0.0316371470689774 -0.0508120954036713 0.0622455924749374 -0.105817943811417 0.011368228122592 0.0170174557715654 -0.00518319942057133 0.132590845227242 -0.0334747806191444 0.04824173822999 0.105042204260826
0.0389138907194138 0.00422539468854666 -0.0338853038847446 -0.0516944341361523 0.0113399745896459 -0.00717058777809143 -0.00458695879206061 -0.00593143701553345 -0.0871100425720215 0.022999994456768 0.0662523657083511 -0.052030585706234 0.00790966581553221 0.0109723079949617 0.0345833152532578 0.050561361014843 0.0191065724939108 -0.0694771930575371 0.0599452257156372 0.0204088967293501 -0.0404295437037945 0.0383428670465946 -0.0318701826035976 0.0720451846718788 -0.021495820954442 -0.0549895763397217 0.14425054192543 -0.0189737677574158 0.0459297336637974 0.0380281805992126 0.0946971923112869 0.00620229449123144 -0.00905341189354658 0.00378469191491604 -0.0811605006456375 -0.0152719272300601 -0.0676762089133263 -0.0604916550219059 0.0184823796153069 -0.14376138150692 0.0203877594321966 -0.0876181647181511 -0.105185151100159
0.0666888430714607 -0.0870609953999519 -0.0795387551188469 -0.00186417566146702 0.0350167043507099 0.00118045508861542 -0.0138057796284556 0.049974586814642 0.0777869522571564 -0.0386760570108891 -0.00690068444237113 0.0820589512586594 0.0584021918475628 0.0445934012532234 -0.0727085396647453 -0.0712490454316139 -0.0995502397418022 0.0415737144649029 1.73306980286725e-05 0.0471034832298756 0.0162334963679314 -0.0230129603296518 -0.094768762588501 0.0584782175719738 0.0875547528266907 0.0355555079877377 -0.0314727090299129 -0.0016131775919348 0.115567058324814 -0.00435234745964408 0.0178401991724968 0.163444727659225 0.0910817459225655 0.0278429221361876 -0.0319945327937603 0.0339389406144619 -0.087172195315361 0.10139162838459 0.0287597123533487 0.00910855736583471 -0.0676947087049484 0.0112044475972652 0.0930018424987793
0.0924217104911804 -0.0200194586068392 0.04200529307127 0.0615732707083225 0.0388437658548355 -0.00324292876757681 -0.0035282876342535 -0.0629438981413841 0.0603426732122898 0.0948259234428406 0.0397710129618645 0.0194509513676167 0.0829312354326248 -0.0442732311785221 0.00390236615203321 0.0824570134282112 0.0123894577845931 -0.0512905791401863 -0.11570517718792 0.0300691500306129 0.0142100350931287 -0.0248148515820503 0.0168313700705767 0.0729598253965378 0.029948104172945 -0.0558449663221836 0.0499210618436337 0.110960848629475 -0.0359589010477066 -0.00135113194119185 0.0212576314806938 0.148758992552757 -0.0120001351460814 -0.017683694139123 -0.0978243127465248 0.0429937094449997 0.0340564586222172 -0.133165642619133 0.159008771181107 0.0153630999848247 0.0512078329920769 -0.0664164796471596 0.0197447836399078
0.0442622900009155 0.094250500202179 0.0163933131843805 -0.0105729568749666 0.0242843180894852 -0.0406416989862919 -0.0643033608794212 0.00565893389284611 0.021924426779151 -0.0157341659069061 -0.050463292747736 -0.105576261878014 0.00399744836613536 -0.00356585346162319 0.0320430919528008 0.071831002831459 0.0363009832799435 -0.0142119461670518 -0.0572569258511066 -0.0280155465006828 0.104317612946033 0.0166871063411236 0.0400610230863094 -0.073867492377758 -0.171200394630432 0.0146291628479958 -0.0131522100418806 0.14862434566021 0.0337378419935703 -0.0522620342671871 0.044573500752449 0.0515197515487671 0.0733508691191673 0.00394002674147487 -0.0187228973954916 -0.0657464265823364 0.0776962712407112 -0.0448748134076595 -0.0156452469527721 0.00852520577609539 -0.0917595699429512 -0.0669750347733498 -0.159931555390358
