assets/gome_f/processed/ascii/world/gome_sif_world_20110601.asc
NCOLS 720 
NROWS 360 
XLLCORNER -180 
YLLCORNER -90 
CELLSIZE 0.5 
NODATA_value -3.4e+38 
[rows 114 to 132 of 360, columns 172 to 214 of 720]
0.632464587688446 0.758891701698303 0.631508946418762 0.782100319862366 0.688463628292084 0.754019975662231 0.748873651027679 0.561574220657349 0.666613578796387 0.589313149452209 0.689847886562347 0.684719324111938 0.79932302236557 0.755688726902008 0.634952783584595 0.776352882385254 0.672347784042358 0.555233538150787 0.687919020652771 0.47714951634407 0.573448896408081 0.41954430937767 0.595918715000153 0.590569615364075 0.484243929386139 0.554566085338593 0.235210835933685 0.458105027675629 0.127810135483742 0.145214974880219 -0.0228866543620825 -0.0471836663782597 0.00185413204599172 0.0128551200032234 0.0450930297374725 -0.0501395165920258 0.0296566337347031 0.0734962373971939 0.0892936959862709 0.0282325521111488 0.145196631550789 -0.0181813463568687 -0.10642821341753
0.491347700357437 0.765306055545807 0.58718866109848 0.6680988073349 0.423489362001419 0.893050372600555 0.837472259998322 0.622756123542786 0.797088503837585 0.681343615055084 0.588057696819305 0.6673623919487 0.594898819923401 0.801835119724274 0.598173141479492 0.595701932907104 0.724819958209991 0.612370848655701 0.565888464450836 0.582986533641815 0.607855916023254 0.556884765625 0.558629930019379 0.610202431678772 0.249735593795776 0.476856768131256 0.10056909173727 0.148899480700493 0.0310238301753998 0.0136171448975801 0.00951082166284323 0.0514083318412304 -0.0384967066347599 0.0431548357009888 0.0253447256982327 0.0177067779004574 -0.0520099438726902 0.000318397505907342 -0.046744842082262 -0.00667160283774137 0.00637914892286062 0.00629514781758189 0.0633713454008102
0.713921844959259 0.615177750587463 0.651375651359558 0.46653163433075 0.451056659221649 0.655414044857025 0.757449150085449 0.671241700649261 0.728783786296844 0.565552175045013 0.50939816236496 0.70895117521286 0.599566280841827 0.703937113285065 0.652853846549988 0.5503049492836 0.638190686702728 0.416928112506866 0.583131551742554 0.637296974658966 0.452316701412201 0.408749908208847 0.460126936435699 0.541551947593689 0.421287298202515 0.296301245689392 0.0486807599663734 0.107825741171837 0.05589634552598 -0.0257760435342789 0.0425625182688236 -0.003942193929106 0.0898595973849297 0.00436606304720044 0.0749863982200623 -0.0222891047596931 -0.0044945664703846 0.00869899336248636 -0.0195587240159512 -0.0156738199293613 0.0076712048612535 0.028029203414917 0.0341814234852791
0.604409396648407 0.467773735523224 0.596059322357178 0.695298373699188 0.72728019952774 0.737109780311584 0.533947825431824 0.694571852684021 0.487271815538406 0.555585741996765 0.594226479530334 0.702570378780365 0.598630607128143 0.633992731571198 0.60391765832901 0.42550340294838 0.574772775173187 0.458429843187332 0.503762006759644 0.488418906927109 0.502829909324646 0.525109469890594 0.423410415649414 0.452956885099411 0.312537252902985 0.246577143669128 0.0145666291937232 0.0863068476319313 -0.00315454346127808 -0.0505354888737202 -0.0303631536662579 0.0156323648989201 -0.0765400230884552 0.0112934121862054 0.131592020392418 -0.0613785795867443 0.00365612050518394 0.0574345737695694 -0.0568079501390457 0.00482976250350475 0.0745961740612984 -0.0865583047270775 -0.0254386402666569
0.691349148750305 0.483186632394791 0.67865777015686 0.615321815013885 0.73515796661377 0.718843996524811 0.479664474725723 0.589559018611908 0.471617490053177 0.654769241809845 0.483472973108292 0.456968367099762 0.480157792568207 0.442792564630508 0.560540497303009 0.41196545958519 0.450639426708221 0.490140646696091 0.38559627532959 0.510877788066864 0.443720161914825 0.586407065391541 0.302653610706329 0.384930282831192 0.340131223201752 0.0613622963428497 -0.0215883105993271 0.0541206672787666 0.0035702777095139 0.0555138736963272 -0.0367628820240498 -0.0081576993688941 0.0492031164467335 -0.0104796579107642 -0.0127806067466736 -0.0446225441992283 0.0336921438574791 0.0360400229692459 -0.0388682894408703 0.0722027868032455 0.0451396219432354 -0.0457841940224171 -0.0330757051706314
0.313913077116013 0.502654910087585 0.52831643819809 0.561505079269409 0.534285664558411 0.63330078125 0.45760515332222 0.42461958527565 0.247324660420418 0.330854296684265 0.156410098075867 0.151006102561951 0.106666870415211 0.0939293503761292 0.120255962014198 0.0889271572232246 0.188571751117706 0.263022243976593 0.462831169366837 0.486757755279541 0.467617809772491 0.618694484233856 0.649460911750793 0.422865509986877 0.359490752220154 0.178806945681572 0.0510640144348145 -0.050288449972868 0.025676604360342 -0.0452731847763062 0.0633775144815445 0.0552052333950996 -0.0534976869821548 0.0539925098419189 -0.0313772894442081 0.00660413503646851 0.0107979290187359 -0.0226332992315292 -0.0197066310793161 0.00017942488193512 -0.0179995857179165 -0.0307657830417156 0.0272227339446545
0.159417673945427 0.171567231416702 0.268027812242508 0.276989161968231 0.343141615390778 0.324476033449173 0.448056876659393 0.323640763759613 0.214541852474213 0.162560760974884 -0.018694281578064 -0.00161889335140586 -0.0837806537747383 0.0388112254440784 -0.024072153493762 -0.104518763720989 0.0477776899933815 -0.0990324169397354 0.215478345751762 0.11989352107048 0.0638086572289467 0.291267812252045 0.522967994213104 0.365904569625854 0.39520925283432 0.287202596664429 0.0624885074794292 -0.0993640869855881 -0.0433728396892548 0.101966977119446 -0.0177284311503172 -0.00164809776470065 0.00811551138758659 -0.0179173648357391 0.0216129925101995 0.00974138081073761 0.0799126625061035 -0.0192092023789883 0.060606237500906 -0.0187462326139212 0.0216190200299025 0.0210564527660608 -0.0178600251674652
0.0475012846291065 0.0753146931529045 -0.0411529839038849 0.0467600859701633 -0.0234058368951082 0.112714029848576 0.196217551827431 0.0657079219818115 0.0682490989565849 0.0904860720038414 0.0266009029000998 0.102413900196552 0.00145809957757592 0.0819932669401169 0.0364629775285721 -0.0573398843407631 -0.0304924454540014 -0.0300174951553345 0.043981097638607 -0.0570146404206753 0.0231768079102039 0.0436474196612835 0.35202556848526 0.499607175588608 0.518507122993469 0.321583151817322 0.0806977674365044 -0.00677891634404659 0.0755761042237282 -0.0893371403217316 0.0355483330786228 0.0127352951094508 -0.0490846410393715 0.0716144368052483 0.00653835153207183 0.0758202075958252 0.0639135912060738 -0.102130919694901 0.0015959752490744 0.0627384558320045 0.0230955258011818 0.118265315890312 -0.000887370493728667
-0.00676678819581866 0.0131879160180688 -0.0213738828897476 0.0252321045845747 0.0514932312071323 -0.0538057833909988 -0.0125720798969269 0.0164049286395311 -0.0143325328826904 0.105967655777931 0.0190646070986986 0.0635670647025108 -0.00958929397165775 -0.00219709612429142 -0.00736157409846783 0.0707705020904541 0.0244108755141497 -0.0217328760772943 -0.023684024810791 0.0441406667232513 0.0808666795492172 0.0333844833076 0.138594165444374 0.3398776948452 0.430434256792068 0.353438943624496 0.233874008059502 0.0435904823243618 -0.0314210131764412 -0.0531084351241589 -0.054436981678009 0.00229964917525649 0.054084237664938 -0.0310555901378393 0.0532721094787121 -0.124511256814003 0.0211257375776768 -0.0605370365083218 0.0549743175506592 0.0618668086826801 -0.00681820930913091 -0.000554442929569632 0.00601805932819843
-0.0326186493039131 -0.0102667873725295 -0.00771957961842418 -0.0260928589850664 0.00154929026030004 0.00926079228520393 0.0127192223444581 0.0704963207244873 0.0637824386358261 0.0372810624539852 -0.044721931219101 0.0361403562128544 0.0701703429222107 0.0136469481512904 -0.101641282439232 -0.117806427180767 0.0694526582956314 0.0375966578722 0.109967716038227 -0.043269082903862 -0.00639373390004039 -0.00213347631506622 0.159945711493492 0.489245414733887 0.436973333358765 0.3975710272789 0.295912772417068 0.0905171036720276 0.0140736754983664 -0.0697837918996811 0.0131737338379025 -0.0242355465888977 -0.00297571602277458 -0.0185287389904261 -0.0443716533482075 0.0586741976439953 0.0135887861251831 0.018874004483223 0.0136283086612821 -0.00869691278785467 -0.0096188485622406 0.0123934922739863 -0.0327612906694412
-0.0168020520359278 -0.0109291449189186 -0.0214243493974209 -0.010563924908638 -0.00821912474930286 0.0426669530570507 0.0561659224331379 0.0234697703272104 -0.0340680852532387 -0.0359958074986935 0.070761650800705 -0.00402254844084382 0.0184292290359735 -0.0403562970459461 0.0689106732606888 0.013457135297358 0.0116701852530241 -0.0339279919862747 -0.000590746058151126 -0.0999982282519341 -0.0631555765867233 -0.0973817408084869 0.0668973103165627 0.26997035741806 0.275788575410843 0.315535217523575 0.302209794521332 0.180269941687584 0.030745217576623 0.0630577951669693 -0.0233164746314287 -0.0503525175154209 0.0436664298176765 -0.00658555934205651 -0.0693175047636032 0.0949904546141624 0.0759537592530251 0.0719764083623886 -0.125344380736351 0.0512808561325073 -0.0246815513819456 -0.0211518406867981 -0.0270215906202793
-0.0389349050819874 0.0578455850481987 0.117297112941742 0.0849606022238731 -0.0204212311655283 -0.0511709116399288 0.0397962182760239 0.0345334224402905 -0.0173555295914412 0.0402934588491917 0.0930386707186699 -0.0546015053987503 0.0348550565540791 0.0287827253341675 0.0317510925233364 0.04356674477458 0.00374614796601236 0.028200801461935 0.0241156369447708 0.0482025668025017 0.0448361411690712 -0.0685523971915245 0.0445835366845131 0.150868982076645 0.433976769447327 0.347656667232513 0.343314439058304 0.277619421482086 -0.00564934685826302 0.0521847158670425 -0.0160816293209791 -0.0159358009696007 -0.0239177364856005 0.00683431420475245 0.097429484128952 0.0893828272819519 0.0365028381347656 0.0259152166545391 0.0166316479444504 -0.00967872887849808 0.0230847299098969 -0.0745677426457405 -0.00720951147377491
0.0049482649192214 0.0546235404908657 0.00720761902630329 -0.0071296882815659 -0.00385042396374047 0.0270338617265224 -0.0359994545578957 -0.0596752502024174 0.0292610134929419 0.0579121634364128 0.0284208189696074 0.0598776526749134 0.0140605270862579 -0.0113506205379963 0.055253978818655 -0.0383403562009335 -0.0169561672955751 0.0811369344592094 -0.030813992023468 -0.0400629490613937 0.0885877460241318 0.00215000612661242 -0.0240654665976763 -0.0297561883926392 0.280413299798965 0.41561022400856 0.527404248714447 0.357312560081482 0.0182191077619791 0.00674965791404247 -0.00989239756017923 0.0555839762091637 0.0131479138508439 0.0508900582790375 0.0441496074199677 0.104586936533451 0.10243109613657 0.0543537549674511 0.0455856248736382 -0.011076582595706 -0.00411949586123228 -0.0142676662653685 0.0643719211220741
0.0261502973735332 0.000267476076260209 -0.0125776128843427 0.0564085878431797 0.04209378734231 -0.0112079288810492 0.0642022117972374 0.0508212149143219 -0.0593653135001659 0.0993076264858246 -0.072458527982235 0.0165191404521465 0.0213698465377092 0.0802811533212662 -0.0402400642633438 0.00627193134278059 -0.0475158467888832 -0.00342581397853792 0.00119559047743678 0.0663497373461723 0.0109736174345016 -0.0162544585764408 -0.0702523589134216 -0.0394370593130589 0.101798050105572 0.317738592624664 0.333223134279251 0.26361420750618 0.159976288676262 0.0124816792085767 0.0832829028367996 0.023814644664526 0.0469651184976101 -0.0220249108970165 0.126080378890038 0.0881568640470505 -0.0766455009579659 0.0541239082813263 -0.0108634009957314 -0.0743065699934959 -0.0212573707103729 0.0577003061771393 0.00642877258360386
0.0127772362902761 0.114849165081978 -0.0412514843046665 0.0161232184618711 0.0224612187594175 -0.0771390721201897 -0.0937150195240974 -0.00694509921595454 -0.0278851520270109 -0.0181686133146286 -0.0566842369735241 -0.0513602942228317 -0.0563643574714661 -0.0357926115393639 -0.0400357730686665 -0.00765937985852361 0.0319755040109158 0.00403759349137545 -0.0759493112564087 0.077119454741478 -0.0435811281204224 -0.0178548134863377 -0.0550441406667233 0.0933322980999947 0.0433403253555298 0.0810861960053444 0.0881836116313934 0.169998452067375 0.063944086432457 0.0921111404895782 0.00746312458068132 0.00456082122400403 0.0570739209651947 -0.038406103849411 0.0358046256005764 0.0538044795393944 -0.0289761908352375 0.0377017185091972 0.0143859144300222 -0.0416816771030426 -0.127914905548096 0.0450646430253983 0.033790297806263
0.0915019065141678 0.0349288918077946 0.0711665749549866 -0.0940295532345772 0.015381726436317 0.0649084225296974 -0.0350645445287228 0.020682331174612 0.0568821616470814 -0.0797110199928284 0.0388119518756866 -0.0663843229413033 -0.0183519031852484 0.12688422203064 0.0169717613607645 -0.00948002561926842 0.0494480095803738 -0.0297421049326658 0.00899429805576801 -0.0538807511329651 -0.019327387213707 0.0617677085101604 0.00923354085534811 -0.034824226051569 0.0500527881085873 0.0366994366049767 0.0712253898382187 0.0183653999119997 0.0071313763037324 0.000776531698647887 0.0572195276618004 -0.0441065952181816 0.0553784072399139 0.0142883099615574 -0.0329033955931664 -0.000175924535142258 0.0236455202102661 -0.0135981356725097 -0.00511715328320861 -0.00888889655470848 0.0145345060154796 -0.00505607156082988 -0.00394084956496954
0.0279053039848804 0.0469022057950497 0.127136096358299 0.0510598123073578 0.0549939572811127 0.0424590408802032 -0.0426946766674519 0.00546973710879683 0.0399904698133469 -0.0695113092660904 0.0685016661882401 -0.0545930750668049 -0.0211201123893261 -0.0108914244920015 -0.00284115970134735 0.0345553122460842 0.0195989403873682 -0.0182312466204166 0.0242419634014368 0.0793796330690384 -0.0250459890812635 0.0329428501427174 0.0120536675676703 -0.00360251008532941 -0.0489636212587357 -0.00896549597382545 0.0659322217106819 0.0609006211161613 -0.0674489140510559 -0.0361661911010742 0.0334819294512272 -0.104570172727108 0.0634542554616928 0.0753424391150475 0.0555055513978004 0.0950150936841965 -0.070709116756916 0.0660118237137794 -0.00900996383279562 0.0155488010495901 0.0691120997071266 0.0804366916418076 0.0110514024272561
0.0166548397392035 0.0349708423018456 0.062906414270401 0.0281143262982368 -0.0424432419240475 0.015428482554853 -0.0286367479711771 -0.00819243304431438 -0.0251774471253157 -0.0129241496324539 -0.0143976546823978 -0.00451690424233675 -0.0484595373272896 0.00911099929362535 0.04907301440835 0.00202730903401971 0.00889930035918951 -0.0432866364717484 0.10054824501276 0.0296684987843037 -0.0166256297379732 -0.0151563864201307 -0.0215130969882011 -0.0306071769446135 -0.0355552062392235 0.04715745896101 0.0548765547573566 0.0106633231043816 -0.0917522758245468 -0.00398234138265252 -0.00573701085522771 -0.0148039236664772 0.0619364380836487 0.0906009748578072 -0.0983458086848259 0.018869012594223 0.0773449838161469 0.144515067338943 0.00917251035571098 -0.0625959858298302 0.00479590846225619 -0.0803111344575882 0.0359110832214355
0.0119160683825612 0.0182609427720308 -0.00961828231811523 0.0861426070332527 0.0112026501446962 0.0183157566934824 0.0563464984297752 -0.0273297093808651 -0.0106808925047517 -0.0595596209168434 0.0224568918347359 -0.00665908632799983 -0.0187382958829403 0.0825227573513985 0.057644072920084 -0.110074862837791 0.0806059092283249 -0.0927664339542389 -0.0619280897080898 0.0507521145045757 0.0537922941148281 0.0242412965744734 -0.0397131033241749 0.0132835805416107 0.0435589514672756 -0.012298908084631 -0.00654926523566246 0.00854010786861181 0.104717247188091 0.0769402459263802 0.0864216536283493 0.0971105173230171 0.0261284243315458 -0.0977751016616821 0.0141963930800557 0.136409342288971 0.0112280072644353 0.0193061642348766 -0.060564648360014 0.082789421081543 0.0258400179445744 -0.0146143762394786 -0.0186368152499199
