assets/gome_f/processed/ascii/world/gome_sif_world_20111001.asc
NCOLS 720 
NROWS 360 
XLLCORNER -180 
YLLCORNER -90 
CELLSIZE 0.5 
NODATA_value -3.4e+38 
[rows 114 to 132 of 360, columns 473 to 515 of 720]
0.0386816039681435 -0.00844323635101318 -0.0618379004299641 -0.0284190978854895 -0.00400850689038634 -0.0678007453680038 0.0935295447707176 -0.0355386100709438 0.0343856811523438 0.0298413168638945 0.0694528147578239 0.0656444579362869 0.0947976857423782 0.0286763310432434 0.0219668075442314 0.0191623158752918 -0.0231705754995346 -0.0700578391551971 0.0224963817745447 0.0614746958017349 -0.0439899414777756 -0.028213907033205 0.0302951727062464 0.0550651960074902 0.0649837851524353 0.0138679118826985 0.03121093288064 0.0190748851746321 0.0514421053230762 0.11768701672554 0.146207109093666 0.142492905259132 0.115163259208202 0.180543974041939 0.187511175870895 0.224636346101761 0.190205514431 0.344024002552032 0.150985479354858 0.0934533104300499 -0.0321516841650009 -0.0353413261473179 -0.0241068936884403
0.00487450184300542 0.00708907283842564 0.0370620377361774 0.0223890990018845 -0.0479027554392815 -0.0733587443828583 -0.0392423085868359 -0.00768445990979671 0.0896087884902954 -0.0393933653831482 0.00821744184941053 -0.0848288238048553 0.0249531865119934 0.0765696316957474 0.051037572324276 0.0779188871383667 0.0526656322181225 0.00470253126695752 -0.0615880340337753 -0.0552100799977779 -0.0468770712614059 0.00325107993558049 -0.00651127984747291 -0.0760351791977882 0.0434363409876823 0.0477215871214867 -0.00467544887214899 -0.0987797304987907 0.100653015077114 0.0882208421826363 0.159444555640221 0.196720257401466 0.287132084369659 0.18513910472393 0.295193761587143 0.291883915662766 0.294277161359787 0.261308670043945 0.214789539575577 0.153422668576241 0.0612911656498909 -0.0169111341238022 -0.0624262914061546
0.0212113969027996 0.0598722286522388 0.0577507205307484 -0.011003571562469 -0.0785371735692024 -0.0696515589952469 -0.0426408052444458 -0.0431217439472675 0.0364648886024952 -0.0657482296228409 0.00257645407691598 -0.0203708969056606 0.0303277708590031 -0.0233764480799437 -0.0209322199225426 0.00165956048294902 0.0673071220517159 0.0203408654779196 0.0619715303182602 0.0975503474473953 -0.0106912329792976 -0.0575832799077034 -0.0188458077609539 -0.0263625159859657 -0.0303799267858267 -0.00750520545989275 0.0457213521003723 0.0585356652736664 0.0849351435899734 0.121050909161568 0.128021970391273 0.160385385155678 0.0751350894570351 0.22735121846199 0.229854106903076 0.267673075199127 0.251834511756897 0.322851866483688 0.240119189023972 0.268467336893082 0.215858042240143 0.161324962973595 0.089153878390789
0.092871755361557 -0.0352360904216766 0.0435624457895756 0.00408537918701768 0.0300725232809782 -0.119580142199993 0.0240232944488525 0.00281717325560749 0.0462564788758755 -0.0345984995365143 0.0643320605158806 0.0431081689894199 -0.0870275795459747 -0.0235325582325459 -0.115547031164169 0.0529411919414997 -0.002362921833992 0.0245293546468019 0.0446277149021626 0.0395500548183918 0.024902356788516 0.0148079097270966 0.0213442854583263 -0.019713094457984 0.0720269903540611 0.0519045442342758 0.171060591936111 0.0780283436179161 0.150710865855217 0.0485979095101357 0.102258950471878 0.16464538872242 0.209279343485832 0.262123882770538 0.271274864673615 0.280750304460526 0.275764256715775 0.149833351373672 0.237859413027763 0.225110858678818 0.306373536586761 0.208443522453308 0.135477915406227
0.015596722252667 0.0393057800829411 0.00784032978117466 0.0532028637826443 0.0650069490075111 0.0648035705089569 -0.00908176507800817 -0.0288895722478628 -0.0855811163783073 0.0890254601836205 -0.0701132193207741 0.0175228230655193 -0.0400910340249538 -0.0130075672641397 0.0732084512710571 -0.00897748954594135 0.0477144680917263 -0.0158719941973686 0.0133255114778876 -0.00602877140045166 0.0657167956233025 0.0115795386955142 0.01282655633986 0.0436964482069016 0.0399851836264133 0.0565280392765999 0.0887791886925697 0.0772040337324142 0.196338340640068 0.241140782833099 0.104718118906021 0.308283239603043 0.33508962392807 0.37082377076149 0.202987149357796 0.298749357461929 0.259157329797745 0.298295676708221 0.349240571260452 0.289248794317245 0.258654803037643 0.222449451684952 0.18591183423996
-0.0353345684707165 -0.0183503571897745 -0.00816241279244423 -0.100337408483028 -0.0132710058242083 0.0309068970382214 0.0329640731215477 0.0127517217770219 -0.00231019570492208 0.0114187775179744 0.0300019793212414 0.0547353774309158 0.0250465553253889 0.0467807799577713 0.00401336885988712 0.014316669665277 -0.00430930824950337 0.0736031457781792 -0.0185530111193657 -0.0706538483500481 0.0334109403192997 0.0919550061225891 0.109802410006523 -0.0596351623535156 0.0610998272895813 0.120103664696217 0.0564114861190319 0.105401739478111 0.1986483335495 0.282074123620987 0.224684834480286 0.404004573822021 0.312382370233536 0.270242750644684 0.220838114619255 0.252347975969315 0.435463905334473 0.251991957426071 0.415908992290497 0.237633422017097 0.228302806615829 0.286738276481628 0.327993810176849
-0.0653046816587448 0.0187591966241598 -0.0154854711145163 0.0339844301342964 0.0220985654741526 0.0680080279707909 0.00572681287303567 0.0255712363868952 0.0349487438797951 -0.0218435674905777 -0.034869059920311 0.0189934317022562 -0.0511785224080086 0.0482759140431881 0.00149431987665594 -0.0175322871655226 0.0096554346382618 -0.0270183458924294 0.0285190921276808 0.0218523908406496 0.0807715058326721 0.0703243538737297 0.059147022664547 0.0645193308591843 0.0461971201002598 0.112799577414989 0.190075397491455 0.215462207794189 0.213216498494148 0.369601339101791 0.321626633405685 0.372934728860855 0.355665236711502 0.194426700472832 0.312096506357193 0.190385311841965 0.314605087041855 0.334243208169937 0.29060235619545 0.31222340464592 0.277485877275467 0.186728119850159 0.293595343828201
0.0103984922170639 -0.00668712286278605 -0.0673915296792984 0.01856947876513 0.0750581547617912 -0.00532901147380471 -0.0224793758243322 0.0108405286446214 -0.00855045113712549 -0.0107494667172432 0.0112116783857346 0.0537146218121052 -0.0484027378261089 -0.0123056164011359 0.0459049008786678 -0.042858112603426 -0.101302251219749 -0.108644343912601 0.00506018055602908 -0.0700839087367058 0.114296704530716 -0.00385180790908635 0.0985526144504547 0.0667443946003914 0.146388620138168 0.16018570959568 0.0928275510668755 0.215410515666008 0.300299614667892 0.290711373090744 0.277268677949905 0.0996320247650146 0.17028371989727 0.237306371331215 0.199447557330132 0.225212320685387 0.262927085161209 0.24383744597435 0.307516038417816 0.316418051719666 0.314274817705154 0.294199526309967 0.313529968261719
0.0269579086452723 -0.0418726876378059 0.0260981842875481 -0.0147395106032491 0.0109025174751878 -0.0684324130415916 -0.0146818514913321 0.00919726397842169 -0.0317930616438389 -0.0721442028880119 0.023110518231988 0.000751181156374514 -0.00627414649352431 -0.0256524309515953 -0.0182410255074501 -0.0391857288777828 0.0291222687810659 -0.0298297479748726 0.00430893618613482 0.0560563877224922 0.075574591755867 0.128572314977646 0.124024085700512 0.0952468290925026 0.0693910494446754 0.0155040333047509 0.118949696421623 0.171391069889069 0.142366170883179 0.147657454013824 0.104368805885315 0.136438742280006 0.100796304643154 0.136064857244492 0.0196915362030268 0.190399825572968 0.160442367196083 0.173201128840446 0.184320658445358 0.14211730659008 0.173616901040077 0.195327639579773 0.236645996570587
0.0601049177348614 0.00737543823197484 0.00642970623448491 -0.0662446022033691 0.00344211258925498 0.00652380008250475 0.030044486746192 -0.0335448458790779 -0.0311093516647816 0.0302229840308428 -0.0459210425615311 -0.0302041545510292 0.0599960647523403 -0.021818196401 0.0124942231923342 -0.0829588547348976 0.00243819737806916 -0.061371847987175 0.0367356725037098 0.0396567732095718 0.0778436660766602 0.039333239197731 0.137765973806381 0.282797425985336 0.16497902572155 0.276497364044189 0.198685750365257 0.222698867321014 0.109365381300449 0.0979230478405952 0.12309218198061 0.11357244849205 0.116178214550018 0.168896153569221 0.187949806451797 0.210724487900734 0.136508107185364 0.166991367936134 0.206849485635757 0.104784034192562 0.145801439881325 0.204311862587929 0.234438881278038
0.00403498951345682 -0.0345650650560856 -0.0408797897398472 0.0749265775084496 0.0708770677447319 0.0177814047783613 -0.000285576854366809 -0.00490579102188349 0.0146754439920187 -0.0905015841126442 -0.00985232833772898 0.00788086093962193 0.0221641678363085 -0.121489956974983 -0.1370600014925 -0.0695594623684883 -0.0850659981369972 0.00360161927528679 0.0785697773098946 0.052923422306776 0.0137642277404666 0.100883647799492 0.0698847249150276 0.317936927080154 0.222173884510994 0.19151796400547 0.122710779309273 0.0815276056528091 0.142514407634735 0.108651660382748 0.204424113035202 0.0904888063669205 0.125802785158157 0.180825009942055 0.158521190285683 0.207493618130684 0.111161835491657 0.223197057843208 0.172918349504471 0.137022659182549 0.112088613212109 0.0671936944127083 0.177241280674934
-0.112976484000683 0.00968917459249496 0.00503659015521407 -0.0366910435259342 -0.0522886887192726 -0.1382846981287 0.0142726050689816 0.0632464066147804 0.0429635047912598 -0.0828742459416389 0.0168387126177549 -0.0163372103124857 0.0471002534031868 -0.0180409774184227 0.0154201528057456 -0.038004357367754 -0.0657499954104424 -0.017902135848999 0.0105642462149262 0.103691138327122 0.106619268655777 0.101744085550308 0.232835039496422 0.233776807785034 0.198830530047417 0.115876451134682 0.116105377674103 0.102374888956547 0.072597399353981 0.149621233344078 0.240223839879036 0.20709340274334 0.136895149946213 0.128406926989555 0.0940412133932114 0.104149520397186 0.148381903767586 0.161012336611748 0.181694343686104 0.139571502804756 0.166401252150536 0.0932166948914528 0.11150536686182
-0.0212287437170744 0.0140583161264658 0.0308246277272701 0.0414487831294537 -0.0444433838129044 0.00865074526518583 0.0466097518801689 -0.0935740545392036 -0.0605727434158325 0.0881123244762421 0.0196134857833385 -0.0120725892484188 -0.0868496745824814 -0.0637386441230774 0.044087391346693 -0.00971961487084627 0.0146698458120227 0.0144860539585352 -0.0289604254066944 0.0529591552913189 0.0861884877085686 0.0844450443983078 0.160325229167938 0.244586572051048 0.0895773395895958 -0.0466610789299011 0.0581888370215893 0.061564102768898 0.236905589699745 0.167373344302177 0.231508836150169 0.228257119655609 0.110801413655281 0.222604051232338 0.211650997400284 0.220615819096565 0.112729042768478 0.151589751243591 0.150358438491821 0.050887618213892 0.0828175097703934 0.206099927425385 0.106388166546822
-0.0403520613908768 -0.0445786528289318 -0.0524436384439468 0.0941776484251022 -0.0287585575133562 0.028615253046155 0.0889151319861412 -0.0331424996256828 0.000912654737476259 0.0553559735417366 0.0412633754312992 0.0315852276980877 -0.0320773273706436 0.0223905518651009 -0.035421796143055 -0.0364158414304256 -0.0726611018180847 -0.0520258024334908 -0.00102657568641007 0.123152330517769 0.0974193587899208 0.106719776988029 0.232285261154175 0.178500562906265 0.0921312421560287 0.0124066518619657 0.0252062808722258 0.166443571448326 0.204624474048615 0.205880180001259 0.198946818709373 0.157142147421837 0.223439946770668 0.209095820784569 0.244119822978973 0.200633391737938 0.230372041463852 0.139159426093102 0.0843346118927002 0.146912783384323 0.171317055821419 0.198396593332291 0.23344498872757
-0.0404432043433189 -0.0728676840662956 -0.166793346405029 -0.0889085084199905 -0.0207676105201244 -0.116878740489483 -0.0711046904325485 0.0239506885409355 0.0233966484665871 0.0303101427853107 -0.0264047496020794 -0.0951317474246025 -0.0201848242431879 0.031866654753685 0.0483859926462173 -0.0336120165884495 0.00474788621068001 -0.0651184320449829 -0.0459417887032032 -0.0424429066479206 0.0444869995117188 0.0934802517294884 0.137434899806976 0.111066877841949 0.197281390428543 0.2015231102705 0.109541289508343 0.124801740050316 0.178936213254929 0.205124959349632 0.250036329030991 0.185430958867073 0.192954212427139 0.142357125878334 0.159542098641396 0.208678394556046 0.235182195901871 0.245257347822189 0.170598745346069 0.14984504878521 0.195319667458534 0.141148075461388 0.251572549343109
0.00984474923461676 -0.00391913438215852 0.0127401053905487 0.0456536151468754 -0.0513065196573734 -0.0094702048227191 -0.101679876446724 -0.0228040367364883 -0.134255841374397 -0.0681466683745384 -0.191874399781227 -0.0806614086031914 -0.185305669903755 -0.0468626879155636 0.0196669511497021 -0.0775946751236916 -0.0474866032600403 -0.0198048464953899 -0.0883932337164879 0.0115668848156929 0.010250573977828 0.00362762808799744 0.171835526823997 0.151193737983704 0.301900029182434 0.102231942117214 0.0980529859662056 0.199207663536072 0.137491047382355 0.309725731611252 0.189324840903282 0.285759568214417 0.232425153255463 0.247089713811874 0.255856424570084 0.233984619379044 0.292978137731552 0.229239761829376 0.12468047440052 0.179657444357872 0.243848949670792 0.229326501488686 0.213602110743523
0.0324747115373611 0.0407620780169964 -0.0178900472819805 -0.0349753685295582 -0.0588708408176899 -0.0840466842055321 -0.0572431720793247 0.00908854976296425 -0.0108932740986347 0.0283283926546574 0.00519044790416956 0.0501472875475883 -0.0660768300294876 -0.077755481004715 0.0367499142885208 0.0012876185355708 -0.0343681499361992 -0.00993109121918678 0.0299095679074526 -0.0275706518441439 -0.0889534801244736 0.00239228527061641 0.0765052512288094 0.197127357125282 0.164582878351212 0.141101345419884 0.12508887052536 0.131935626268387 0.0431742817163467 0.225531131029129 0.240423128008842 0.32946765422821 0.227364405989647 0.280862122774124 0.330599963665009 0.23666213452816 0.234879031777382 0.197960048913956 0.113598600029945 0.248471036553383 0.194398522377014 0.187893599271774 0.226619333028793
0.0108616268262267 0.128654837608337 -0.00731160398572683 0.00510878441855311 0.0204846132546663 -0.0378787517547607 -0.0133773842826486 -0.0218886397778988 -0.00497295986860991 -0.00100036920048296 0.0317283347249031 -0.0142424302175641 0.0503126755356789 0.00943383481353521 0.0174706093966961 -0.00500116497278214 -0.0269308406859636 -0.0676514282822609 -0.00639120535925031 -0.0292588416486979 -0.0384645015001297 -0.0158445835113525 0.0375664755702019 0.0103247463703156 0.0471674017608166 0.032980352640152 0.0438968203961849 -0.0569572411477566 0.132102772593498 0.159504860639572 0.242365553975105 0.186450093984604 0.357673555612564 0.362423479557037 0.361382812261581 0.388568311929703 0.18763792514801 0.176366955041885 0.144916787743568 0.213188096880913 0.163163244724274 0.271662294864655 0.151314154267311
0.00517089990898967 -0.0964429080486298 0.154400706291199 0.150216683745384 -0.00939599983394146 0.00907434523105621 -0.00199587293900549 0.00181402696762234 -0.0500265397131443 -0.0608002729713917 0.00562950503081083 0.0590560920536518 0.0812747851014137 -0.0233314763754606 0.0244111623615026 -0.000676447700243443 0.0418829694390297 -0.0556573048233986 -0.00835935864597559 0.0111857401207089 0.0034972638823092 -0.00205989298410714 -0.0255314540117979 -0.00467873923480511 0.140087872743607 0.175000756978989 0.142079547047615 0.116564281284809 0.166888162493706 0.143082439899445 0.173817485570908 0.239732593297958 0.373873293399811 0.373884916305542 0.315626949071884 0.32189404964447 0.166050940752029 0.0813592001795769 0.16125251352787 0.0851104110479355 0.204208672046661 0.26323390007019 0.148233905434608
