assets/gome_f/processed/ascii/world/gome_sif_world_20130201.asc
NCOLS 720 
NROWS 360 
XLLCORNER -180 
YLLCORNER -90 
CELLSIZE 0.5 
NODATA_value -3.4e+38 
[rows 190 to 208 of 360, columns 602 to 644 of 720]
-0.0442784912884235 0.126769632101059 0.401726245880127 0.280636042356491 0.351862341165543 0.0422102101147175 0.0823461040854454 0.135668650269508 0.102560050785542 -0.00781291536986828 -0.0298280101269484 -0.036044504493475 -0.00955933332443237 -0.0136783476918936 0.103860877454281 0.0384551249444485 0.00582466879859567 -0.00405511632561684 0.0234554558992386 0.0573543533682823 -0.0717354416847229 0.0929910838603973 -0.0466424711048603 0.0428675636649132 0.162909507751465 -0.124738186597824 0.0641174241900444 0.0589043162763119 -0.0435416474938393 0.0219135507941246 -0.202088728547096 0.22804382443428 0.295608788728714 0.174237921833992 0.35338169336319 0.310417503118515 0.413942992687225 0.601688921451569 0.430290400981903 0.48720195889473 0.506101608276367 0.380427777767181 0.366434961557388
-0.036729346960783 -0.0939913392066956 0.102165080606937 -0.029333459213376 0.111495226621628 -0.0171619914472103 0.077345222234726 -0.00821396522223949 -0.047401137650013 -0.0567784532904625 -0.0369585491716862 -0.0581522583961487 0.0311157535761595 0.0419668555259705 0.0166941583156586 0.0601764731109142 -0.00992889795452356 -0.0418681539595127 0.0479198284447193 -0.0892489477992058 -0.0127711175009608 0.0585425682365894 -0.0456549115478992 -0.000672774156555533 -0.101632326841354 0.00662713358178735 0.10990683734417 0.26281726360321 0.104019597172737 -0.0257661417126656 -0.178743362426758 -0.118046693503857 -0.0437094010412693 0.135135367512703 0.370790660381317 0.316108226776123 0.27121177315712 0.458212316036224 0.566011130809784 0.382115393877029 0.660760939121246 0.493398189544678 0.279847830533981
-0.0664843320846558 -0.0333929099142551 -0.103539384901524 0.0489179939031601 -0.0835911855101585 -0.0738056749105453 -0.0148824127390981 0.0833992213010788 0.0120809571817517 -0.110960982739925 -0.0335659049451351 0.0535618737339973 -0.157233372330666 0.19895476102829 0.163941010832787 0.0113590946421027 0.115324661135674 0.189218625426292 0.0406140796840191 -0.0672763511538506 -0.00134419603273273 0.0307745169848204 0.092209167778492 -0.0775529742240906 0.0489743985235691 0.161782696843147 0.312725096940994 0.224264442920685 0.0628009513020515 0.150476813316345 -0.0561844035983086 0.0623795390129089 -0.0365932397544384 0.345608711242676 0.0295658782124519 0.291554480791092 0.545644640922546 0.514432907104492 0.497871816158295 0.649364173412323 0.252028107643127 0.513533651828766 0.621659994125366
-0.0571586266160011 0.0947439223527908 0.0893401801586151 0.00275023491121829 0.0585425943136215 -0.0255334116518497 0.0129890637472272 0.15056449174881 0.010295326821506 0.0581940971314907 -0.0324635878205299 0.0647432953119278 0.0934288129210472 -0.00973848905414343 0.0835106074810028 0.0600042194128036 0.00330633111298084 -0.0573405139148235 -0.021813627332449 -0.0337631776928902 -0.0122020421549678 0.0426709912717342 -0.0189081989228725 0.139013424515724 -0.0205230321735144 0.0361674651503563 0.0804430320858955 0.12847001850605 -0.0451859384775162 0.0966525450348854 0.101790614426136 0.0344441272318363 -0.11683814227581 -0.51320892572403 -0.161041885614395 0.205613762140274 0.379006028175354 0.353927582502365 0.631003081798553 0.421216249465942 0.452247798442841 0.646307051181793 0.71796989440918
0.0937154963612556 -0.0136346630752087 0.0564882978796959 0.0366931185126305 -0.357895851135254 0.0919105261564255 -0.0197967085987329 0.048568282276392 -0.0854780599474907 0.0197918899357319 0.231677919626236 0.0363322645425797 0.147083774209023 0.0309685654938221 -0.0214837770909071 0.135751381516457 -0.037801057100296 -0.0087319714948535 0.0173011682927608 -0.0261402502655983 0.268453985452652 0.138740703463554 0.0371137969195843 -0.117896817624569 0.143924131989479 -0.0412814654409885 -0.0281896144151688 -0.11999299377203 -0.135360240936279 -0.0410593301057816 -0.0264843218028545 0.00608851294964552 -0.0161855630576611 -999 0.163151472806931 0.107623055577278 0.313658863306046 0.517417728900909 0.585089385509491 0.323049485683441 0.626619637012482 0.576515197753906 0.508294463157654
-0.0957617685198784 0.0385305806994438 0.0144784115254879 0.0604519359767437 -0.0741667300462723 0.0704970732331276 0.309919238090515 0.0239803437143564 0.0521087013185024 -0.074132576584816 0.000259935855865479 0.20800493657589 0.0796514078974724 0.00731598911806941 -0.0231602601706982 0.0620016120374203 0.0508566685020924 0.198577731847763 -0.0796356350183487 -0.0686050802469254 0.176430746912956 0.210415855050087 -0.0513865798711777 -0.17796379327774 0.0384324304759502 0.0651949793100357 -0.0456089340150356 -0.0109675135463476 -0.0599536634981632 -0.0302067510783672 -0.0118273347616196 -0.118548847734928 -0.106431052088737 -0.437145918607712 0.294241517782211 0.49133962392807 0.405417650938034 0.590293645858765 0.646874666213989 0.541538059711456 0.55458015203476 0.472185134887695 0.553389549255371
0.246296644210815 0.290120959281921 0.160283818840981 0.136188387870789 0.253180325031281 0.255540639162064 0.0697338357567787 0.355602771043777 0.183372721076012 -0.0202243775129318 0.432163238525391 0.0923102721571922 0.237689629197121 0.0696328431367874 0.0378754436969757 0.0629547834396362 -0.0283357668668032 -0.0396741591393948 -0.0603734441101551 -0.0253575388342142 0.00334676820784807 -0.0809475630521774 -0.00804307591170073 -0.107946194708347 -0.0953858196735382 -0.0534468665719032 0.0136828115209937 0.0327033586800098 -0.100809574127197 -0.113855361938477 -0.0247013438493013 -0.0500669255852699 0.00811103917658329 0.0589494816958904 -0.235583394765854 -0.0544419512152672 -0.139519721269608 0.272188246250153 0.188928097486496 0.22499093413353 0.418026089668274 0.573813378810883 0.328675806522369
0.376430690288544 0.301573097705841 0.175735861063004 0.0413653962314129 0.0843343958258629 0.189587771892548 -0.0140543282032013 0.0419504605233669 0.380576640367508 0.621747732162476 0.550932347774506 0.366641968488693 -0.0947890728712082 0.157770916819572 0.0152706867083907 0.0121770901605487 0.0195750165730715 0.02585693821311 0.032876331359148 -0.081232838332653 -0.109228767454624 0.0645122528076172 0.0495629832148552 0.0139448363333941 -0.0449355244636536 -0.106078132987022 -0.0954285338521004 0.0912901237607002 -0.0724194869399071 -0.0556341372430325 -0.0607096664607525 0.00712366914376616 0.0334406495094299 -0.0512214936316013 -0.0567016787827015 0.230604842305183 -0.0400496833026409 0.0345232263207436 0.0370461121201515 0.162684425711632 0.240249022841454 0.454467445611954 0.34744456410408
0.0496553108096123 -0.0869802609086037 -0.0832182019948959 -0.0236607249826193 0.0249155163764954 0.0444806180894375 0.15358205139637 0.543550908565521 0.376043438911438 0.19161531329155 0.045817568898201 -0.00516619393602014 0.075067974627018 0.0836791321635246 0.0273153837770224 -0.0163763910531998 0.0141797121614218 0.0758447200059891 -0.0327596440911293 0.114770770072937 -0.0214433297514915 -0.0416159816086292 0.0522334836423397 0.0571674555540085 -0.00850798934698105 -0.0499859564006329 0.00455689243972301 -0.0685612633824348 -0.042706985026598 0.0682656019926071 -0.0352626219391823 0.0595103204250336 -0.122960522770882 -0.0736364647746086 -0.104174204170704 0.00767200579866767 -0.0694614723324776 0.12700691819191 0.0163800213485956 0.0871962234377861 -0.0348508022725582 0.155830308794975 0.0680602341890335
-0.101096995174885 0.0245281253010035 -0.0689660236239433 -0.183557063341141 0.0799592062830925 0.289563596248627 0.609777688980103 0.3294997215271 0.264556467533112 0.0771749094128609 0.0594806186854839 0.102467015385628 0.0181606523692608 -0.0266478061676025 -0.0289677530527115 -0.0764485225081444 -0.0238119587302208 0.00937462225556374 -0.060190737247467 -0.0143496878445148 -0.00686975149437785 -0.0176030062139034 -0.0809492543339729 -0.197606012225151 -0.00479002017527819 -0.0150381298735738 0.0191315803676844 0.0130165498703718 0.0630227029323578 0.0195225365459919 -0.0379099287092686 -0.0443375371396542 -0.00966907851397991 -0.158966243267059 -0.0873818472027779 0.0137276845052838 0.0569813176989555 -0.0651850700378418 0.064797580242157 0.0502002947032452 -0.0397833958268166 -0.00939432252198458 0.0857029184699059
0.0541235990822315 -0.0280342269688845 -0.0243723951280117 0.107737712562084 -0.16640393435955 0.116272263228893 0.337489128112793 0.143684476613998 -0.0593042112886906 -0.0720489472150803 -0.037462655454874 -0.113755062222481 -0.0333421602845192 -0.0138284582644701 0.0524014122784138 -0.0356695801019669 0.0242864340543747 0.0573392920196056 -0.014686331152916 -0.114932604134083 0.0446449927985668 -0.143993988633156 -0.0261578615754843 0.110920526087284 -0.161429286003113 -0.0288588535040617 -0.000579977117013186 -0.0682872161269188 -0.110020972788334 0.17029944062233 -0.00784372817724943 0.115940399467945 0.0203758087009192 -0.0385819561779499 -0.0191069450229406 -0.0220821686089039 0.0919212475419044 -0.0612993985414505 -0.00311380182392895 -0.0659717917442322 0.0952057614922523 -0.105722479522228 0.048703134059906
-0.147359594702721 0.0327536426484585 0.152004390954971 -0.0412706211209297 0.0141135547310114 0.196159526705742 0.010713997296989 -0.0787419155240059 -0.0097256088629365 0.0351422429084778 -0.0457543134689331 -0.0382409505546093 0.0801256746053696 -0.0138358129188418 0.0221919417381287 0.037164431065321 0.0463567674160004 -0.0248132180422544 -0.0355241224169731 0.0654615759849548 -0.0354119539260864 -0.041241217404604 0.0755998864769936 0.127733573317528 0.00597473327070475 -0.0275121051818132 0.007743198890239 0.0118278907611966 -0.0157362762838602 0.0118811381980777 -0.0374882221221924 -0.0550002157688141 -0.00379168475046754 -0.0531090460717678 -0.0425345487892628 0.0113795027136803 -0.0145056508481503 -0.00731134135276079 -0.123055256903172 0.074977695941925 -0.00584786431863904 -0.147570505738258 0.145499125123024
-0.0851004496216774 0.128456130623817 -0.134331196546555 0.0951860696077347 0.00661971792578697 0.0303998813033104 -0.0696508884429932 -0.0715357661247253 -0.0978846773505211 0.124437175691128 0.0294917933642864 -0.0578187741339207 -0.175007224082947 -0.0562328957021236 0.0726712793111801 0.03827103972435 -0.016765957698226 0.0325247570872307 0.0642020404338837 0.468754768371582 0.12284130603075 0.0661460533738136 0.192222967743874 0.304720759391785 0.0408445596694946 -0.0732038915157318 -0.0153397778049111 0.0753433555364609 0.031926866620779 0.0757769718766212 -0.00964536052197218 -0.0238840226083994 -0.0286628473550081 -0.0100888516753912 -0.0415597707033157 -0.143853813409805 -0.0247953683137894 -0.105142779648304 -0.0940716564655304 -0.0481539368629456 0.00378410262055695 -0.0704021081328392 0.198189973831177
-0.0132606718689203 -0.0943805202841759 -0.0765619352459908 -0.192169263958931 -0.11202696710825 0.0510930605232716 0.0816255286335945 -0.0675129890441895 -0.0696510821580887 0.0215315949171782 0.091503843665123 0.0333430580794811 -0.0889322087168694 0.00424366956576705 0.0847518518567085 -0.109712965786457 0.157747477293015 0.0725247785449028 0.122117914259434 0.242459520697594 0.243914812803268 0.125342935323715 0.139615222811699 0.0679135397076607 0.223289415240288 0.236256867647171 0.317372351884842 0.0827425867319107 -0.0134345395490527 0.0805304870009422 0.0620015487074852 0.0497532077133656 -0.0447656959295273 0.0451725386083126 -0.0101690767332911 -0.121407888829708 -0.0877885594964027 0.10700199753046 -0.008735042065382 0.0143566802144051 -0.0678814277052879 0.0354580767452717 0.20527845621109
0.0349446274340153 0.0188063140958548 -0.0941026583313942 0.136463150382042 -0.11855686455965 0.0198012385517359 0.126274988055229 0.157534465193748 -0.0566162765026093 -0.00608772970736027 0.105611354112625 0.102549605071545 0.165731847286224 0.19800166785717 0.051368486136198 -0.0535237155854702 0.0852786600589752 0.0439114831387997 0.108251340687275 0.122687853872776 0.395670086145401 0.264628946781158 0.263853907585144 0.260991901159286 0.313527137041092 0.385431408882141 0.264755308628082 0.458884954452515 0.31401601433754 0.409497231245041 0.164667874574661 0.154560074210167 0.195352986454964 0.0156230982393026 0.153927430510521 -0.0357720665633678 -0.0377201028168201 -0.101730540394783 -0.0817231684923172 -0.13368558883667 -0.0482438318431377 0.288528501987457 0.292777508497238
-0.0255181510001421 -0.0999593734741211 -0.0438454374670982 0.110183611512184 0.0756495520472527 0.125556036829948 -0.0312911160290241 0.0992952287197113 0.0882242619991302 -0.0273254085332155 -0.00625773705542088 0.0569183602929115 0.00922041852027178 -0.190113678574562 0.0489605851471424 0.139739096164703 -0.0593981370329857 -0.00613005924969912 0.120429575443268 0.257363736629486 0.228942796587944 0.301017582416534 0.492894440889359 0.432915538549423 0.329717993736267 0.395326495170593 0.356088668107986 0.375129014253616 0.454962491989136 0.350613921880722 0.234006643295288 0.228660330176353 0.0179943051189184 0.0438496954739094 -0.0402398593723774 0.0771069899201393 -0.035804633051157 0.00778571516275406 -0.0478483214974403 0.0246516074985266 -0.0542115718126297 0.0721194595098495 0.421041756868362
0.053283303976059 -0.0909762009978294 -0.0798930302262306 -0.0263945404440165 0.0933817848563194 0.0113243507221341 -0.0567658841609955 0.0744332522153854 -0.0312852561473846 -0.0917004123330116 -0.0670650824904442 -0.0620945878326893 0.00666234735399485 -0.0418682917952538 -0.0415006652474403 0.104784928262234 0.0398468300700188 0.0865046754479408 0.188463538885117 0.449126958847046 0.437672942876816 0.290422707796097 0.377082675695419 0.265322715044022 0.260501831769943 0.330199241638184 0.195162504911423 0.313813596963882 0.215299040079117 0.262242823839188 0.120659023523331 0.101745247840881 0.150631532073021 0.00228696875274181 -0.00249346345663071 0.0409292429685593 0.00831666123121977 0.0489208362996578 -0.127860501408577 0.0446841381490231 -0.0109744751825929 0.254076272249222 0.44111829996109
-0.020963728427887 -0.158091947436333 -0.073794037103653 0.0593610405921936 0.0533176921308041 0.0336304120719433 0.0402810238301754 -0.100891217589378 0.0266533065587282 0.0313404239714146 0.0994207113981247 0.214045226573944 0.0109419003129005 -0.0517994426190853 -0.0318556949496269 0.143092304468155 -0.0184568911790848 0.333642452955246 0.346861153841019 0.359646052122116 0.487086415290833 0.391683906316757 0.451512485742569 0.475013971328735 0.320140451192856 0.386082589626312 0.362422525882721 0.32407882809639 0.305768728256226 0.211857348680496 -0.0398467294871807 0.0548440553247929 0.08623256534338 0.000472608546260744 0.000552702927961946 -0.0530766174197197 -0.108484722673893 0.103433586657047 -0.0124632250517607 -0.0471622496843338 0.0343059822916985 0.195581749081612 0.212205424904823
-0.00408280268311501 0.0433943755924702 -0.0252600461244583 -0.223108649253845 -0.00567292189225554 -0.0974647179245949 0.0970340892672539 -0.0547167882323265 0.0166997835040092 0.120957158505917 0.164407417178154 0.295054703950882 0.209696009755135 0.21001310646534 0.071639396250248 0.0458578653633595 0.101329647004604 0.311345160007477 0.282843053340912 0.426984965801239 0.524570941925049 0.502821683883667 0.413153469562531 0.326485484838486 0.30080983042717 0.327284127473831 0.33108115196228 0.16746586561203 0.134531319141388 0.185058146715164 -0.0260295197367668 0.0376288257539272 -0.0355591997504234 -0.0223181210458279 -0.0347729884088039 -0.00213403766974807 -0.00733822910115123 -0.0310292672365904 -0.0633178874850273 -0.0228290967643261 0.0106459837406874 0.104014292359352 0.249323114752769
