assets/gome_f/processed/ascii/world/gome_sif_world_20120601.asc
NCOLS 720 
NROWS 360 
XLLCORNER -180 
YLLCORNER -90 
CELLSIZE 0.5 
NODATA_value -3.4e+38 
[rows 190 to 208 of 360, columns 43 to 85 of 720]
0.0410880632698536 0.0375786274671555 -0.0369796641170979 -0.0172194875776768 -0.0138282608240843 -0.0511919781565666 -0.0248902756720781 0.0182959269732237 0.0229902863502502 -0.0288883429020643 -0.0834960490465164 0.0222467686980963 0.00159445707686245 -0.0728684738278389 0.0526372529566288 0.070789746940136 0.00733973365277052 0.0452918894588947 0.0387797765433788 -0.0132293477654457 -0.00930320005863905 -0.0651241093873978 -0.0533082187175751 0.00501593388617039 0.0173930861055851 -0.0406891107559204 -0.0706856101751328 0.0258386619389057 0.0313974395394325 0.0211408697068691 -0.018160168081522 0.0281529352068901 -0.00129852979443967 -0.0657788291573524 0.0540356524288654 0.0239654034376144 0.0393686555325985 0.01976677775383 0.0566807687282562 0.0149063095450401 0.0595515929162502 -0.0903943106532097 0.0546747744083405
0.0157135464251041 0.068452313542366 -0.0335587300360203 0.0245460122823715 0.05389454215765 0.0102997804060578 0.000187478508451022 -0.0235584024339914 -0.0634013637900352 -0.00184415734838694 0.0191365368664265 -0.00755354482680559 0.050285067409277 0.00424255523830652 0.00490300683304667 0.0369652174413204 0.0160143095999956 0.0273555591702461 0.0285624787211418 0.00878909043967724 -0.0304183624684811 0.0404931679368019 -0.00488382531329989 -0.0646535903215408 0.0214363168925047 0.00843910221010447 -0.0838438421487808 0.00220967619679868 -0.0232712458819151 0.0774943679571152 0.0540805868804455 0.0187697727233171 0.0580737888813019 -0.00515541108325124 -0.0363031178712845 -0.00177064770832658 0.169709116220474 -0.0288183521479368 0.00771461287513375 -0.0366716124117374 -0.0222725439816713 0.0182927288115025 -0.00781933404505253
0.000126162951346487 0.0317897349596024 0.0266518741846085 -0.0362764373421669 -0.0463885478675365 0.062998853623867 -0.00406302744522691 0.0286793690174818 0.0496821627020836 -0.0890557244420052 0.0447368994355202 -0.0260179936885834 -0.0213666576892138 -0.0940545275807381 0.0770647749304771 0.125921413302422 -0.0374686792492867 -0.0160070341080427 -0.0753652006387711 0.00318772159516811 0.0297343209385872 -0.00758479489013553 0.0461857430636883 0.0194033477455378 0.0208841878920794 -0.0130646470934153 -0.0407526418566704 -0.119318269193172 0.0338532291352749 0.0443376936018467 0.014346799813211 0.0601592063903809 -0.0293092261999846 -0.00809451937675476 -0.0475094988942146 -0.0548338107764721 0.000224837785935961 -0.0245769694447517 -0.0385790131986141 -0.0687003061175346 -0.0530059784650803 -0.0309280175715685 0.0344484411180019
0.0213396865874529 -0.0417675785720348 0.013755259104073 0.0238513089716434 0.000996784772723913 0.0367817766964436 -0.0696355029940605 -0.0188249833881855 -0.0137989139184356 0.0122836409136653 0.0761475116014481 0.0131839066743851 0.014985746704042 0.0267433412373066 0.0241580400615931 -0.0115176932886243 0.0464772693812847 -0.0128927528858185 0.0204524863511324 -0.0116495257243514 -0.0442991144955158 -0.024511780589819 0.030473779886961 -0.00392020540311933 0.0354124754667282 -0.0141293881461024 -0.0764850154519081 -0.00353749352507293 -0.00746611040085554 0.0494804866611958 0.0555427670478821 0.0378804691135883 0.0164986569434404 0.0112860416993499 0.0248033236712217 -0.049661073833704 -0.0108078317716718 0.0275756251066923 0.0464565679430962 0.0581113733351231 -0.00694016413763165 0.0164410993456841 0.103618055582047
-0.0519158132374287 0.0406712964177132 0.00455340603366494 -0.00360297807492316 0.0274925343692303 -0.00662531005218625 0.0233816280961037 0.00768713559955359 0.0687076598405838 -0.00893177092075348 0.00142387766391039 -0.110707014799118 0.026714064180851 -0.0654168054461479 -0.0187856256961823 0.00734608015045524 0.0706290975213051 0.0252570677548647 -0.00178683968260884 -0.0180238913744688 -0.0268793366849422 0.0817610397934914 0.0815769359469414 -0.0189056117087603 0.0148135339841247 0.0236511938273907 -0.00531772756949067 -0.000451736414106563 -0.0352935269474983 0.0438633486628532 0.0494963563978672 -0.0294036790728569 -0.0212994273751974 0.0497605614364147 0.0174280777573586 0.0913803949952126 -0.0503477416932583 0.00582109810784459 -0.00352792674675584 0.0479410067200661 0.00707473233342171 0.0338056907057762 0.0351008400321007
0.0793672651052475 0.0321573875844479 0.0298366118222475 0.0418605133891106 0.0743455290794373 0.0389020405709743 0.0416197814047337 -0.00678884843364358 -0.0210849288851023 -0.00279647577553988 -0.00286598899401724 -0.0141206495463848 -0.0534816235303879 -0.01302236225456 -0.034774225205183 -0.0297961384057999 0.00945617351680994 0.0109114442020655 -0.000208239624043927 -0.0415702722966671 0.0169453248381615 0.0653118938207626 -0.0216243881732225 -0.0156862065196037 0.000757566187530756 0.00269187986850739 0.0531397275626659 -0.0311648137867451 -0.021625803783536 0.00163537880871445 -0.038714312016964 -0.0179408174008131 -0.0197485946118832 -0.0770535245537758 -0.0141509976238012 -0.0763101205229759 0.00702130794525146 0.0230780206620693 -0.0427018329501152 0.0569588467478752 0.0104243028908968 0.0215731989592314 0.0164985582232475
0.0310695320367813 0.0559262670576572 0.0203525014221668 -0.0880701616406441 -0.0737060159444809 -0.00438045896589756 0.0208367370069027 -0.0232686325907707 0.0255983229726553 0.040908969938755 -0.00988367386162281 0.0163140054792166 0.012251652777195 -0.0390533320605755 0.0308339595794678 0.0459336377680302 0.0398005731403828 -0.0223181657493114 0.0166312474757433 0.0432463474571705 0.0168915670365095 0.0185385644435883 0.00946710631251335 0.0199895054101944 -0.0042873052880168 0.0102537339553237 -0.0586058981716633 -0.0468516908586025 0.0351019501686096 -0.0368554778397083 -0.0818274766206741 0.0517323613166809 0.00876582413911819 -0.0673460364341736 0.0136448163539171 0.0252562072128057 0.059102687984705 0.0174853522330523 -0.0197507236152887 0.0639998391270638 0.0136246187612414 0.0348918847739697 -0.0229632835835218
-0.00193628668785095 -0.0262678004801273 0.0458207130432129 0.0103514110669494 -0.0741822496056557 0.0151438983157277 -0.0533163286745548 0.0219980627298355 -0.0229655355215073 0.0215956643223763 0.00198562815785408 0.0263917166739702 -0.0416595116257668 -0.051818959414959 0.0230720825493336 -0.0107857752591372 0.0194569751620293 0.0583256632089615 0.0702034831047058 -0.0298560913652182 0.0382254756987095 0.0611733458936214 -0.0333376005291939 0.0313942581415176 -0.0906726643443108 0.0379366762936115 0.0218738578259945 -0.00827072933316231 -0.00705043692141771 -0.0159663241356611 0.0624611862003803 -0.0218510869890451 0.0311044789850712 -0.0350055433809757 -0.0207602791488171 0.0080937659367919 0.00150706246495247 0.0325512364506721 0.00424341065809131 -0.0358732305467129 -0.0527313128113747 0.0654265657067299 -0.0669647604227066
0.0274725444614887 0.0328137874603271 -0.0229831058532 0.0638515576720238 -0.0177130028605461 0.0649961978197098 -0.0176476016640663 -0.0588839128613472 0.0199180878698826 -0.0698606893420219 0.00286203785799444 0.0611306950449944 0.0379472523927689 0.0368853360414505 0.0399900935590267 -0.00145384762436152 0.0742257460951805 -0.0312232691794634 0.0579608976840973 0.0412085354328156 0.0331774652004242 0.0353994481265545 0.00301049114204943 -0.0338395982980728 -0.00939860381186008 0.0106266476213932 -0.0551724247634411 -0.0888567939400673 -0.0285345409065485 0.00905937701463699 0.0107618402689695 -0.0471214428544044 0.0193458385765553 -0.0259031374007463 0.0646020546555519 0.0183090846985579 -0.0157416164875031 0.041803278028965 -0.0222645979374647 0.0131474724039435 -0.0342492498457432 0.0601050667464733 0.0638252198696136
0.0205489359796047 -0.0068067223764956 0.0431475974619389 -0.033797699958086 0.0223640035837889 -0.011520060710609 0.0147068062797189 -0.0152339152991772 -0.00843784958124161 0.0366912893950939 0.00248052948154509 0.00992963276803493 -0.0351915806531906 -0.0522100739181042 0.0402562394738197 0.0401064306497574 0.0298360157757998 -0.0693870559334755 -0.0618236064910889 -0.0724770277738571 -0.0239084605127573 0.118494354188442 -0.045695036649704 0.0312393046915531 0.0678663924336433 -0.0384894721210003 0.0520233511924744 0.0307678673416376 -0.0269711706787348 -0.0260908361524343 -0.0247687883675098 0.000305601832224056 -0.0452632717788219 0.0256217569112778 0.0956826731562614 0.0271972566843033 -0.019375067204237 -0.026527177542448 -0.0164044257253408 0.12625253200531 0.0416845232248306 -0.047835037112236 0.00208619120530784
-0.0173849370330572 0.0490739196538925 -0.0259661134332418 -0.0524496398866177 -0.000629658636171371 -0.00839476101100445 0.0354705043137074 0.0716258510947227 0.0182094760239124 0.00629242043942213 0.0815823525190353 -0.0326787307858467 0.0677671656012535 7.26679936633445e-05 -0.00472274050116539 -0.045960821211338 -0.0128541076555848 -0.0585518591105938 0.0666572004556656 -0.0310255996882915 0.0551550276577473 -0.0102361608296633 -0.0345489718019962 0.0558520443737507 -0.0115890642628074 -0.0299854073673487 -0.060064323246479 0.0294009670615196 0.0138461766764522 0.0191335175186396 0.00497818179428577 -0.058281272649765 0.0966352298855782 -0.0100204655900598 0.0145267648622394 -0.0217125099152327 -0.0789473578333855 0.0101349214091897 0.0708041116595268 -0.0241206120699644 -0.116362452507019 0.0327028036117554 0.122967883944511
-0.00528177479282022 0.0345741845667362 -0.0274710282683372 -0.00294974981807172 -0.0485617257654667 0.0212475024163723 -0.0370374321937561 -0.0159846860915422 0.0883448198437691 -0.0152251096442342 -0.043663639575243 -0.0180049985647202 -0.00927950162440538 -0.0212362036108971 -0.000721943390090019 0.0217713955789804 -0.0208602678030729 -0.0487586185336113 -0.0080200619995594 0.0498493760824203 0.00373580981977284 -0.0162770077586174 0.0446649789810181 0.0184229072183371 0.0647670552134514 -0.00610575918108225 0.0417903997004032 -0.00947621744126081 -0.0361130423843861 0.00633800867944956 -0.005094223190099 -0.024491848424077 0.0210210420191288 0.0573251247406006 0.0279917884618044 -0.00958273466676474 0.0157106835395098 0.1105065792799 -0.0480352155864239 -0.0359342619776726 -0.0319892801344395 0.00865806452929974 0.00143310043495148
0.0202737413346767 -0.0118331322446465 -0.0823586210608482 -0.0428146608173847 0.0628650039434433 -0.0176396165043116 -0.017875824123621 -0.0483456961810589 -0.0163931660354137 -0.14863209426403 -0.024441909044981 -0.0466861203312874 0.0230617206543684 -0.0342496149241924 0.0556901544332504 0.024225914850831 -0.0194116774946451 0.0615863166749477 0.0255982484668493 0.00673494534566998 0.01328379008919 0.0403817407786846 0.0249033253639936 -0.0223232042044401 -0.0204465426504612 0.0445841625332832 -0.131939053535461 -0.014703281223774 0.0335500873625278 0.0836035013198853 0.0438256561756134 0.00118867831770331 -0.0495290756225586 0.0175540670752525 0.040117297321558 -0.0349844545125961 -0.00614879466593266 0.0348287038505077 -0.00858866795897484 -0.0033583021722734 -0.0229807943105698 -0.0475161820650101 0.0810444802045822
0.0272979680448771 -0.0820427238941193 -0.0144163584336638 0.048045925796032 0.0123356496915221 -0.00347692612558603 -0.0368159711360931 0.00533898314461112 0.0455030687153339 -0.0160473436117172 0.028239281848073 0.00337663688696921 -0.0808108448982239 -0.0456475540995598 -0.0100145516917109 0.0176936108618975 -0.0866325944662094 0.0150200016796589 -0.0518614798784256 -0.0436452440917492 0.104175083339214 0.0405546613037586 0.0211472865194082 -0.0596825294196606 -0.0336608551442623 0.0372354611754417 0.0714256465435028 0.0585465393960476 0.0138337388634682 -0.0310491863638163 -0.00169066537637264 -0.0853590592741966 0.00198172172531486 -0.086330771446228 0.0580132640898228 0.0248029455542564 0.0122377490624785 -0.013007621280849 0.0421814024448395 0.0226458348333836 -0.0187350623309612 -0.0197818949818611 -0.101161941885948
0.0317340046167374 -0.0425930432975292 -0.0313437953591347 -0.0302249249070883 0.0618353188037872 0.107177592813969 0.0817885994911194 0.00396330095827579 -0.00136648002080619 0.003665657248348 -0.0297562628984451 0.00520720472559333 0.03490249812603 -0.0323770456016064 0.0176649838685989 0.0467536672949791 0.044873371720314 0.092658169567585 0.0732852816581726 0.0534119196236134 -0.0512034893035889 0.0123386876657605 0.00805486459285021 0.0479792952537537 0.0339176766574383 -0.0472900420427322 0.0501184798777103 -0.0269620064646006 0.0121409883722663 -0.0225387942045927 0.0272121578454971 -0.00481468299403787 -0.0144093623384833 -0.0425672754645348 -0.0230147615075111 0.0121214305981994 -0.0369062311947346 0.0416710264980793 -0.0897046998143196 -0.0815087407827377 -0.022228280082345 -0.0112610384821892 0.0772443860769272
-0.00943494122475386 0.0597837865352631 0.0012041573645547 -0.0161094777286053 -0.0132505912333727 -0.0473147369921207 -0.0433166958391666 -0.00502062076702714 -0.0488582327961922 0.0156213426962495 -0.0254656746983528 -0.0469281785190105 -0.106409549713135 -0.0618891157209873 -0.00997958425432444 -0.00323947565630078 -0.0113006271421909 0.0218545328825712 0.0816487446427345 0.00812547653913498 0.0111995628103614 -0.0337882339954376 0.00626304047182202 0.0238018184900284 0.0632686913013458 0.00155806785915047 -0.0173506885766983 -0.0100479247048497 0.0138993263244629 0.0642391890287399 0.0552049577236176 0.06640625 -0.0350796841084957 -0.0088995136320591 0.0275116600096226 -0.0335205160081387 -0.0119130229577422 -0.0331101939082146 0.0251881666481495 -0.00908188614994287 -0.0601656809449196 -0.0402805432677269 -0.0281276758760214
0.00192630442325026 0.00692853610962629 0.0345178581774235 -0.0313867777585983 -0.0760892927646637 0.00756181124597788 0.0217247176915407 0.00399114983156323 -0.176829427480698 0.0201383754611015 0.0147953005507588 0.00224648835137486 -0.0201872233301401 0.0384694449603558 0.00340067083016038 -0.0140870567411184 0.00447222171351314 0.0514767989516258 0.0191300604492426 -0.0134420534595847 0.00974176730960608 0.0312464106827974 -0.00904985517263412 -0.00990779418498278 -0.0337193347513676 0.0352373123168945 0.0933755934238434 0.0772936344146729 -0.0344693399965763 -0.0140023389831185 -0.000460506795207039 0.0334680378437042 -0.019360302016139 0.0400992669165134 -0.0723960176110268 -0.0305168386548758 0.00482732569798827 -0.00586267188191414 -0.0623442828655243 0.0266989935189486 -0.015761299058795 0.0389729775488377 0.0147566040977836
0.0474052466452122 -0.0477138161659241 0.0186465717852116 0.0173918269574642 -0.0102444076910615 -0.0241756904870272 -0.028176311403513 -0.0782424136996269 -0.0111047131940722 -0.0196255762130022 0.0746966376900673 -0.00300044077448547 -0.078228235244751 -0.0167861394584179 -0.0172541234642267 0.0120878927409649 -0.0223126783967018 -0.0194711294025183 -0.0485560968518257 0.0784316956996918 -0.0381893888115883 0.0263779424130917 -0.0333171933889389 -0.102366231381893 -0.0449238717556 0.0287471581250429 -0.0536989085376263 0.0495596118271351 -0.052882295101881 0.049754660576582 0.0109636364504695 -0.0115919010713696 -0.00484813516959548 -0.0585226863622665 0.0256632752716541 0.0249585807323456 0.101189643144608 -0.0917545855045319 0.00229098415002227 -0.00142915977630764 -0.095037616789341 0.016243614256382 0.00644890498369932
-0.0186622571200132 -0.0268311612308025 -0.0858694538474083 0.0559083484113216 0.00330030755139887 -0.0110056037083268 -0.034024316817522 0.0574062503874302 -0.0420039892196655 0.0761087387800217 0.040904775261879 0.100222878158092 -0.0819102972745895 0.0185467731207609 0.0523490160703659 0.0321691110730171 -0.0194245260208845 -0.0172925610095263 -0.0234771203249693 0.0177353285253048 -0.0288059003651142 -0.15329971909523 -0.0348050072789192 -0.0167665500193834 0.0179239511489868 -0.0554928183555603 -0.021272536367178 0.11861215531826 -0.0328977257013321 -0.0479713827371597 0.0351825654506683 -0.0491393953561783 0.0307032782584429 -0.0442072302103043 -0.0630225092172623 0.100244052708149 0.0112513108178973 0.0550480633974075 0.0900699123740196 0.0129986042156816 0.00754767935723066 0.0360932573676109 0.0557526387274265
