assets/gome_f/processed/ascii/world/gome_sif_world_20121201.asc
NCOLS 720 
NROWS 360 
XLLCORNER -180 
YLLCORNER -90 
CELLSIZE 0.5 
NODATA_value -3.4e+38 
[rows 266 to 284 of 360, columns 301 to 343 of 720]
0.188990280032158 6.25955217401497e-05 -0.0546018742024899 -0.231335997581482 0.0359606444835663 -0.0246741250157356 0.0114069180563092 -0.0158398654311895 0.126578465104103 -0.334334552288055 0.113474458456039 0.0946489572525024 -0.0365186147391796 -0.0064449654892087 0.16504430770874 -0.0224644057452679 0.0940029621124268 -0.0843259319663048 0.146289274096489 -0.0292500779032707 0.0672311261296272 0.0922127887606621 -0.121669821441174 0.0472604297101498 0.0930496975779533 0.0634183138608932 -0.0571491234004498 0.087331086397171 -0.0815205797553062 -0.0680014193058014 -0.136916890740395 -0.1425561606884 -0.0185574293136597 0.0276828743517399 -0.102994665503502 -0.0420166961848736 -0.00480091571807861 -0.0390016064047813 0.180102095007896 0.125741764903069 0.0367021225392818 0.145134344696999 0.0177108030766249
-0.0650628507137299 -0.00703486055135727 -0.122162200510502 0.0254642888903618 -0.02104252576828 0.142579451203346 -0.0654528439044952 -0.148081347346306 0.0456291735172272 0.00221905717626214 0.0967813730239868 -0.170763373374939 -0.126241371035576 -0.0559005923569202 -0.036057036370039 -0.184573352336884 -0.137958317995071 -0.244535103440285 0.287290573120117 -0.0470371432602406 0.0368507765233517 0.0405588857829571 -0.0370118916034698 0.130130410194397 0.0815209448337555 -0.101550579071045 0.0967246517539024 -0.0871984735131264 0.000496342778205872 -0.0201647244393826 -0.145053267478943 0.0540506690740585 0.093269482254982 0.0129936691373587 0.0997551307082176 0.0784812420606613 -0.153280973434448 0.0242587495595217 -0.0917184129357338 0.166442349553108 0.138481259346008 0.123329110443592 -0.168607369065285
-0.122944749891758 0.161881536245346 0.128368824720383 -0.0225805919617414 0.0205150321125984 -0.00472153723239899 -0.11236172914505 -0.00474238488823175 0.0179218612611294 -0.0144336065277457 0.100823596119881 -0.287404924631119 -0.0562843680381775 0.0410674959421158 0.00218423455953598 0.0870660319924355 -0.286035388708115 -0.025552811101079 0.684227824211121 0.0553522706031799 -0.0372534058988094 -0.00482778670266271 0.0410027839243412 -0.0779464989900589 -0.165668457746506 0.157755941152573 -0.0363260246813297 -0.168393224477768 -0.132750943303108 -0.00430221715942025 0.179786905646324 -0.0394037365913391 -0.154714912176132 -0.0202417522668839 0.0531598702073097 -0.117587126791477 0.197850465774536 -0.00221640500240028 -0.0501889362931252 0.0136900572106242 0.00501192919909954 -0.00913666281849146 0.0578496046364307
-0.148222386837006 -0.133642747998238 -0.144398525357246 0.0599416717886925 -0.120827376842499 -0.226738527417183 0.0272182170301676 -0.0243461281061172 -0.000985770137049258 -0.304720759391785 0.158841878175735 0.337165266275406 0.207192108035088 0.0178277529776096 0.184925749897957 0.0574657768011093 0.339977204799652 0.227889001369476 0.125809967517853 -0.196389347314835 0.0850560665130615 -0.06069390848279 0.135104581713676 0.111824795603752 -0.175967022776604 0.0221818201243877 -0.137445688247681 0.0698939859867096 0.38543164730072 -0.00253123533912003 -0.301054626703262 0.0702877342700958 -0.0471109785139561 0.220699459314346 0.0312715545296669 0.00189608032815158 0.0148294782266021 0.147877246141434 0.00950773525983095 0.121704325079918 -0.137574806809425 -0.0200559869408607 0.109687738120556
0.060755979269743 -0.19567109644413 0.13895645737648 0.112317025661469 -0.118099883198738 -0.0033825587015599 0.0103231370449066 -0.199997246265411 -0.0540587604045868 -0.0166337285190821 0.19203494489193 -0.208137795329094 -0.00147420691791922 0.213576480746269 0.116690158843994 0.101509124040604 -0.0698794648051262 0.22729204595089 0.131279140710831 -0.153913423418999 0.224551677703857 -0.016874011605978 0.219532832503319 -0.0101967407390475 0.00801142025738955 0.224458292126656 -0.0150262219831347 0.109817266464233 0.165641352534294 0.26919236779213 -0.0627356097102165 0.115453779697418 0.0986332520842552 -0.00916905887424946 -0.00568587705492973 -0.0325814709067345 -0.072980172932148 0.0850931778550148 0.109694384038448 -0.0832841917872429 -0.0503092892467976 -0.0498962253332138 0.116048216819763
0.106599979102612 -0.0702940747141838 0.125327035784721 0.157711982727051 -0.124991215765476 0.0958518609404564 -0.115244187414646 0.0813608914613724 0.0414505712687969 -0.345937579870224 -0.0992453098297119 -0.0564311183989048 0.0641938298940659 0.0511377267539501 0.0311022996902466 -0.0815810859203339 0.0414874590933323 0.161191686987877 -0.0674813389778137 -0.144424393773079 0.0622711591422558 0.0243280623108149 -0.183320626616478 0.020990252494812 -0.0413286946713924 -0.49332058429718 0.0853069201111794 0.0433147810399532 0.0174523964524269 -0.178763642907143 0.0819291993975639 0.070779874920845 0.122222445905209 0.0634439513087273 -0.0215167012065649 0.154422298073769 0.0307013150304556 -0.202454566955566 0.0575756020843983 0.0549240037798882 -0.00753757869824767 0.0277721602469683 0.130016088485718
-0.118580043315887 0.0599946901202202 0.0577282533049583 0.212026134133339 0.0756107121706009 -0.0054960735142231 0.0484813749790192 -0.232009619474411 -0.0557346567511559 -0.216634884476662 0.174880176782608 -0.23119680583477 -0.0430294014513493 -0.0137366876006126 0.127586781978607 0.172891840338707 0.12734255194664 -0.325724393129349 0.103904999792576 0.536058187484741 -0.10931159555912 0.0814778581261635 0.0964300036430359 0.225927501916885 0.2605921626091 -0.0597240924835205 0.191335916519165 0.00565102277323604 -0.212325379252434 0.0993815809488297 0.328579902648926 -0.110396921634674 0.0744119361042976 -0.0146286375820637 -0.107643410563469 -0.226799577474594 -0.0561035238206387 -0.0745529979467392 -0.0463794395327568 0.11071602255106 0.125608652830124 -0.0990514606237411 0.0347963012754917
-0.0880504250526428 0.118941068649292 -0.037243876606226 -0.0126328095793724 0.0205037947744131 -0.213946461677551 0.0979150235652924 -0.192118316888809 0.175128296017647 -0.137449979782104 -0.0716081634163857 0.0851661041378975 -0.0829722508788109 -0.0717303231358528 0.072355180978775 0.0469518005847931 -0.146211862564087 -0.121646359562874 0.221704706549644 0.000926174223423004 -0.0867916792631149 0.189354255795479 0.000993687543086708 0.39288341999054 -0.0987368524074554 0.249492883682251 0.184816464781761 0.0281053893268108 -0.151169091463089 0.345846325159073 0.278982609510422 -0.185675472021103 0.0748091116547585 0.0801295936107635 0.0655882880091667 -0.0121213868260384 0.0524057112634182 0.182670041918755 0.0371142476797104 0.0843646824359894 -0.0823286771774292 0.080496184527874 -0.0164718311280012
-0.0229115784168243 0.103989228606224 0.141059622168541 -0.016380786895752 -0.0853326693177223 0.316093742847443 -0.223674923181534 -0.153559431433678 0.158638909459114 0.113015234470367 0.111147612333298 -0.362418174743652 0.209376439452171 -0.0236433353275061 -0.0802284181118011 0.290209710597992 -0.0630499124526978 0.0421554893255234 0.0299743190407753 0.0729290246963501 0.00356845557689667 -0.0978337377309799 -0.335836052894592 -0.120267368853092 -0.01486486941576 0.36094143986702 -0.046461071819067 -0.216414079070091 0.0468629710376263 0.0264167487621307 -0.0660111755132675 -0.00388404983095825 0.28625163435936 0.0758093520998955 0.339918166399002 -0.0182806458324194 -0.254950642585754 0.0860124826431274 0.0291309729218483 0.0603579580783844 -0.0220313426107168 0.124647453427315 0.215313583612442
0.127078115940094 0.196419984102249 -0.152306780219078 0.0180178266018629 0.236026838421822 -0.105904795229435 -0.156237035989761 -0.145381152629852 -0.0228271242231131 -0.0866687297821045 0.100228257477283 0.0168575458228588 -0.204496026039124 0.0170612744987011 0.105479314923286 -0.143105700612068 0.039655014872551 -0.0129746198654175 0.0495702587068081 0.0836696177721024 -0.15739069879055 -0.156240880489349 0.0614367909729481 -0.249846696853638 0.0113582760095596 -0.00641470635309815 0.267252683639526 0.0717138648033142 -0.106756679713726 0.0579868704080582 -0.0824279710650444 0.162037312984467 -0.12581978738308 0.17653900384903 0.156128615140915 0.319339215755463 -0.0549350865185261 0.145184800028801 0.136171370744705 -0.0509389862418175 0.143082395195961 -0.0296144150197506 0.185676038265228
0.0612539052963257 -0.174805000424385 -0.095671646296978 0.0958878472447395 -0.0864884704351425 0.149747431278229 -0.143663734197617 -0.130294948816299 -0.164083123207092 -0.055445708334446 0.148137167096138 0.132001876831055 0.292082726955414 0.124759256839752 0.0533278100192547 -0.0394742861390114 0.126626834273338 0.0615520440042019 0.289481520652771 0.223645642399788 0.106207981705666 0.193736627697945 -0.245516464114189 0.522687911987305 -0.0311118178069592 0.132841154932976 0.0260765999555588 -0.0192989315837622 0.0922348126769066 0.138951942324638 -0.0680660009384155 0.0491758286952972 0.0367227420210838 0.641441166400909 -0.0928929373621941 -999 0.0904079899191856 0.195329546928406 -0.0422172546386719 0.0389993228018284 -0.326066136360168 0.175537019968033 -0.151247411966324
-0.0670831725001335 0.0563780218362808 -0.171410605311394 0.184543371200562 0.114600636065006 -0.0720869600772858 -0.168120533227921 0.928525507450104 -0.00199445337057114 0.0843825563788414 -0.0246002599596977 -0.206832468509674 0.104861050844193 0.0272497832775116 0.0964307188987732 0.00095251202583313 0.0035908801946789 -0.043029148131609 -0.0154808536171913 -0.288353770971298 0.178909793496132 0.200996667146683 0.546982884407043 0.110604293644428 0.44186544418335 0.299003094434738 -0.234379962086678 0.157645806670189 0.0470959655940533 0.232724532485008 -0.0159188769757748 -0.00813606660813093 -0.0415809154510498 -0.379254102706909 0.368544459342957 -0.272318840026855 -0.195367306470871 -0.0510719902813435 0.155943900346756 -0.199438393115997 0.277000814676285 -0.257887959480286 -0.025908125564456
0.341496556997299 0.220696613192558 0.276283085346222 -0.226470395922661 -0.242646470665932 0.191348969936371 -0.199340611696243 -0.355697512626648 0.132461458444595 0.0994497090578079 -0.0416789352893829 0.0350177437067032 0.14828534424305 -0.0210471227765083 0.0475639775395393 -0.0201490372419357 0.163829103112221 0.0170908961445093 0.0307292621582747 -0.297711074352264 -0.00542575633153319 -999 0.158685266971588 -0.352274060249329 0.00117765064351261 -0.0100444257259369 0.128308460116386 0.324075371026993 -0.281777530908585 0.00610579550266266 -0.17822439968586 0.191536024212837 0.0401927903294563 -0.188700512051582 -0.289864927530289 -0.182117938995361 -0.0110358176752925 0.259239882230759 -0.127115651965141 -0.0443535856902599 -0.240237325429916 0.159576371312141 -0.340322077274323
-0.0522973723709583 0.0588798336684704 -0.0301389675587416 0.103552177548409 0.159166559576988 -0.0105286911129951 0.0289220008999109 0.164766281843185 -0.176116615533829 0.0102830063551664 0.225352093577385 -0.0307525973767042 0.0162881370633841 -0.156536504626274 -0.165938451886177 0.136976167559624 0.129948765039444 0.429368644952774 -0.0402861088514328 -0.0419794730842113 0.0332460142672062 0.0597517304122448 -0.0467179603874683 0.319298624992371 0.103371419012547 0.343011319637299 0.140890300273895 -0.00258210301399231 0.127576097846031 -0.0736640319228172 0.128218308091164 -0.349879592657089 0.120992079377174 0.356321960687637 0.0883493423461914 -0.154190644621849 -0.0569575168192387 -0.15348781645298 0.722592651844025 0.0668549984693527 0.0611835643649101 -0.0439844876527786 -0.0631974041461945
0.168751686811447 -0.149656787514687 -0.0898285508155823 0.0536479279398918 0.287489473819733 0.108960255980492 0.279453277587891 -0.0273489840328693 -0.276764273643494 0.218439772725105 0.0255742110311985 0.004558892454952 0.177012488245964 0.0386597402393818 -0.0120697170495987 -0.10582435131073 0.181466400623322 -0.10978040099144 0.231205582618713 0.488179922103882 0.00596974231302738 0.298378348350525 -0.242350205779076 -999 0.0900947377085686 -0.0323103554546833 0.119046971201897 0.201286599040031 -0.0514466054737568 -0.219790890812874 -0.179084569215775 -0.0892118588089943 -0.0230552759021521 -0.434733629226685 -0.156545981764793 -0.249535724520683 -0.146188989281654 -0.0794282630085945 -0.152824237942696 0.110670186579227 -0.174029335379601 0.0445226803421974 -0.310357600450516
-0.00660799443721771 -0.196008563041687 0.0928353741765022 0.191124051809311 0.188395708799362 0.0686625987291336 0.0982941538095474 -0.0508269444108009 0.123695746064186 -0.0135493455454707 -0.21164932847023 0.0647927448153496 0.217748060822487 0.20109549164772 0.0430220365524292 0.125327065587044 -0.160930782556534 -0.00196526059880853 0.423098146915436 -0.0837225690484047 -0.169390067458153 0.0505969040095806 -0.0267351809889078 -0.382694959640503 0.198711007833481 0.195175558328629 0.06263168156147 -0.111530229449272 -0.0807417929172516 0.231162324547768 0.184520363807678 0.0774078071117401 -0.149253681302071 -0.152794376015663 -999 -0.0238708406686783 -0.195149704813957 0.0343044809997082 0.0169348567724228 -0.0670095011591911 0.0269452780485153 0.0412335433065891 0.147731646895409
0.0808521285653114 -0.115876466035843 -0.0894541218876839 0.130086272954941 0.0674231499433517 0.038707610219717 -0.218466460704803 0.222266048192978 -0.0932341516017914 0.163960799574852 -0.104086890816689 0.141506880521774 -0.0448247045278549 0.0266014169901609 -0.258717983961105 -0.163405686616898 0.0588346421718597 -0.213467061519623 0.272487372159958 -0.151900410652161 -0.362166523933411 0.00919073075056076 0.203100919723511 0.328480452299118 -0.186060830950737 -0.081779845058918 0.221171736717224 0.0101539343595505 -0.122420534491539 0.162464454770088 -0.10457469522953 0.0157571099698544 -999 -0.152218863368034 0.236814871430397 -0.118315100669861 0.437879920005798 -0.0752643868327141 0.00823419541120529 0.0554483905434608 0.0153540521860123 0.121720403432846 -0.000861930369865149
0.182525843381882 -0.194908902049065 -0.0150906722992659 -0.198730453848839 -0.105601005256176 0.0465302094817162 -0.0629660114645958 -0.451790511608124 0.104033544659615 0.113159894943237 0.160300582647324 0.172950565814972 0.130380764603615 -0.0768226906657219 0.0162551999092102 -0.0280029401183128 -0.102140098810196 -0.201923385262489 -0.111069433391094 0.362065345048904 -0.18671041727066 -0.117841996252537 -0.174110859632492 -0.146438091993332 -0.128389433026314 -0.229281187057495 0.00978198647499084 -0.213376104831696 0.226364493370056 0.0812645629048347 0.31038635969162 -0.122728765010834 -0.156952723860741 -0.0826333835721016 0.28911218047142 -0.0563698597252369 -0.430963575839996 -0.17559726536274 0.148515582084656 -0.282080352306366 0.0668065994977951 0.14395098388195 0.26975953578949
0.0766951814293861 0.00473838439211249 -0.0964841544628143 -0.0771351680159569 0.271341860294342 -0.0107671674340963 0.0313955545425415 -0.130184233188629 0.0442310348153114 -0.25048503279686 -0.0190336499363184 -0.0213173776865005 0.0294354930520058 0.0799693688750267 -0.23607063293457 0.037983164191246 -0.00495675951242447 -0.0807146579027176 -0.246906980872154 -0.195805191993713 0.00485523557290435 -0.42450675368309 -0.245046585798264 -0.118481665849686 -0.221949100494385 0.0951854437589645 0.10065346211195 -0.160826325416565 -0.291138827800751 0.19017980992794 0.100138574838638 0.203944280743599 -0.169696807861328 0.115366376936436 -0.162032797932625 -0.0135739790275693 -0.176285371184349 0.0833524465560913 0.12824085354805 0.288723081350327 -0.180260926485062 -0.132119387388229 -0.0955510511994362
