assets/gome_f/processed/ascii/world/gome_sif_world_20110401.asc
NCOLS 720 
NROWS 360 
XLLCORNER -180 
YLLCORNER -90 
CELLSIZE 0.5 
NODATA_value -3.4e+38 
[rows 95 to 113 of 360, columns 559 to 601 of 720]
-0.0219140965491533 -0.0519355311989784 -0.0746060833334923 -0.0116917751729488 -0.0126838376745582 -0.059970173984766 -0.0476080365478992 -0.0731999427080154 -0.063379168510437 -0.0183856971561909 -0.0123701989650726 -0.0626200288534164 0.0406862199306488 -0.0450177043676376 0.0394617840647697 0.0325968489050865 0.0136218015104532 0.0497874021530151 0.0193911455571651 0.00434794463217258 -0.0146390423178673 0.0365182049572468 0.0947115272283554 0.0744902417063713 -0.0287550762295723 0.0327738411724567 0.00225624162703753 -0.0699778497219086 0.113264366984367 0.0596061535179615 0.0335323438048363 0.0967887341976166 0.0402286387979984 -0.0169177036732435 0.0173184517771006 0.0663086324930191 -0.0598315857350826 0.0591848976910114 0.0745599716901779 -0.027993306517601 0.0306966472417116 0.035706028342247 0.0657121390104294
-0.0338728986680508 -0.0475275292992592 -0.0903822332620621 -0.0577165447175503 -0.0227216519415379 -0.0837530195713043 -0.0625232011079788 0.0119250677525997 -0.063680112361908 0.0465196631848812 0.0149651765823364 0.0634685456752777 -0.0364716947078705 0.0563269406557083 0.0172241255640984 -0.0729855969548225 0.0493422076106071 0.00672829383984208 -0.0395908243954182 -0.023955387994647 0.0576670281589031 0.0384911075234413 0.00819506123661995 0.00753950607031584 -0.0304609909653664 0.00794052332639694 0.0528121627867222 0.00487061263993382 -0.0278159063309431 -0.0357459001243114 0.021732771769166 0.0553732216358185 0.0220659058541059 -0.0070078675635159 0.0323453433811665 -0.00620114803314209 0.0463606454432011 0.0638920366764069 0.070572204887867 0.0228947177529335 0.0491294115781784 0.07871925085783 0.0137455901131034
0.0395272560417652 -0.000896430516149849 -0.0752294734120369 -0.000686351151671261 -0.00516570871695876 -0.0670591071248055 -0.0922236517071724 -0.0486607737839222 -0.00635009584948421 -0.077569879591465 -0.0381380282342434 -0.0336201898753643 0.00372278923168778 -0.0741351544857025 0.00136885198298842 -0.0751409605145454 0.00482398318126798 0.0125744985416532 -0.0551487654447556 0.00137620174791664 0.0313546396791935 -0.0636260733008385 -0.0709037184715271 -0.0623565912246704 0.0521148517727852 0.0364695191383362 -0.00230303197167814 0.0376710817217827 -0.0207743439823389 -0.0674750432372093 0.0217004492878914 0.00513022858649492 -0.000989885651506484 0.0346806943416595 0.0157584026455879 0.0151390610262752 -0.0148362955078483 0.00663846917450428 0.0389731228351593 0.0295217204838991 -0.0359654985368252 -0.0358614511787891 -0.0371540747582912
-0.0850720927119255 -0.00971838086843491 -0.111230246722698 -0.02102430164814 -0.0577525310218334 -0.0221646782010794 0.0409006215631962 -0.0923361778259277 0.0416812561452389 -0.032355934381485 0.0464356988668442 0.00404050946235657 -0.024397749453783 0.00231720064766705 0.0270997621119022 0.113014668226242 -0.0987575128674507 0.0365047641098499 -0.0121005875989795 -0.0208688154816628 0.0687977522611618 -0.0127382539212704 -0.0129639524966478 -0.0841839835047722 0.0466207340359688 -0.0219742078334093 0.0733165815472603 0.0533284656703472 0.0494355782866478 0.0131072122603655 -0.0268662683665752 -0.00576474191620946 0.0158641096204519 0.0846608504652977 0.0261669047176838 0.0884890556335449 0.0149099277332425 0.0943535566329956 -0.0164428967982531 -0.0280850771814585 0.103115066885948 -0.00726629514247179 -0.0231577828526497
0.06820447742939 -0.0128708304837346 -0.0214898958802223 -0.0217718984931707 -0.0894055590033531 0.018809674307704 -0.0195122454315424 -0.0661098137497902 -0.0485702715814114 0.0188285149633884 0.0802598595619202 -0.0791791751980782 -0.0504490286111832 0.0579157993197441 0.00667182914912701 0.00352752837352455 -0.0344275012612343 0.0122760673984885 0.0359381437301636 0.0138709992170334 -0.0253475643694401 -0.00278513552621007 0.0644988790154457 -0.087555043399334 0.0874162837862968 -0.0122284535318613 -0.0493701845407486 0.0102860545739532 -0.125911146402359 -0.0983727276325226 0.021323099732399 0.0968592464923859 0.0715286806225777 0.0502207390964031 0.0657753869891167 0.129241198301315 0.071576364338398 -0.0620251260697842 0.0204367376863956 0.0227324534207582 -0.0339317806065083 0.00233681942336261 0.0403461083769798
0.0158592443913221 -0.0190919265151024 -0.0519880466163158 -0.0835813879966736 0.0493428409099579 -0.0538342967629433 0.0468938536942005 -0.00914354063570499 -0.080410435795784 -0.046924851834774 -0.0581484362483025 0.0294746905565262 -0.0309963636100292 -0.0583207868039608 0.00638255290687084 -0.0577878355979919 -0.0181335955858231 0.0348570644855499 0.0103740096092224 0.0289372056722641 0.00896671041846275 -0.0760243088006973 0.0469666384160519 -0.0230282638221979 -0.0450186245143414 -0.0507524535059929 -0.0777682140469551 0.040435153990984 0.101536616683006 -0.00824047718197107 0.0818518549203873 0.0683718845248222 0.052586268633604 0.181966543197632 0.132353261113167 0.0641522631049156 0.0834794566035271 0.191572472453117 0.133638724684715 -0.0154043724760413 -0.018160056322813 0.0737402588129044 0.0853904336690903
0.0124642793089151 -0.0808134600520134 -0.0586204715073109 -0.0257979650050402 -0.106745362281799 -0.0269073601812124 0.0612454973161221 0.0130330538377166 0.091872826218605 -0.0493590906262398 -0.0194987636059523 -0.0963608175516129 -0.0235873125493526 -0.0561034083366394 -0.000553203281015158 -0.0750402584671974 -0.0586299486458302 -0.0199869554489851 0.0585531927645206 0.025942163541913 0.0353063717484474 -0.053614865988493 -0.0176032427698374 -0.00986958015710115 -0.0213173031806946 0.0354161970317364 0.0245824251323938 0.0696979016065598 0.0441508665680885 0.0775007382035255 -0.0479635559022427 0.164834186434746 0.150280028581619 0.243838518857956 0.20507700741291 0.110732913017273 0.0641896426677704 0.145688280463219 -0.0112408846616745 -0.00367601728066802 0.0369406342506409 0.0609239190816879 0.092910498380661
0.0833725407719612 0.0153700169175863 -0.0125785861164331 -0.0369747057557106 -0.109688088297844 -0.0987294241786003 -0.0438218526542187 0.0384707935154438 -0.0234103705734015 0.0549591928720474 -0.0220268275588751 -0.0427081547677517 0.134948223829269 0.104553706943989 0.0203298516571522 -0.116709984838963 -0.0225332006812096 0.0360705703496933 -0.0017737775342539 -0.0469343140721321 0.0215640906244516 -0.0370206758379936 0.115545250475407 -0.00633652880787849 0.0195739455521107 0.0158473812043667 -0.0974576249718666 0.0386365987360477 0.021398663520813 0.108745023608208 0.200640678405762 0.173526987433434 0.265506476163864 0.140934646129608 0.0655421987175941 0.107277236878872 0.0219575241208076 -0.0622233152389526 0.063124880194664 -0.035042081028223 -0.0312571562826633 0.0596736744046211 0.01441181730479
-0.0725662708282471 -0.122945696115494 0.0839315205812454 -0.0404338762164116 0.0490198321640491 0.0290426164865494 0.0343563109636307 -0.0318223498761654 0.0194386057555676 0.0349515378475189 -0.0695220679044724 0.0105802854523063 0.0606144890189171 -0.073790542781353 0.079304039478302 0.0388829745352268 0.129634663462639 -0.0291227363049984 -0.00192037422675639 0.0094217648729682 0.0180371943861246 -0.0255977660417557 0.0106640579178929 -0.0273834206163883 -0.0257334318011999 -0.0121746240183711 -0.0123253082856536 0.115609399974346 0.125021800398827 0.240131825208664 0.523660182952881 0.468481004238129 0.362572431564331 0.161396071314812 0.108295448124409 0.214010715484619 0.158203437924385 0.149519965052605 -0.0270770154893398 0.0624246597290039 0.0253078155219555 0.0440586693584919 0.0754086747765541
0.0165380276739597 -0.0547103360295296 0.0922582298517227 -0.0341227203607559 -0.0357116162776947 0.0291013605892658 0.0686830505728722 -2.97891747322865e-05 0.037846751511097 -0.0328616462647915 0.0360536463558674 0.0219262782484293 -0.063631035387516 0.00912649184465408 0.0901762843132019 -0.0734508112072945 0.0419097989797592 -0.0964887514710426 -0.00444897310808301 0.0419636033475399 0.0621109195053577 0.0107748294249177 0.0130112692713737 0.0353041626513004 0.0986537411808968 0.00931135937571526 0.0350297577679157 0.0379720069468021 0.119854718446732 0.192413300275803 0.657970607280731 0.409164637327194 0.411038607358932 0.440987795591354 0.331485092639923 0.307581752538681 0.220989778637886 0.0597388744354248 0.211148589849472 -0.0139792775735259 0.0579055808484554 0.0188468936830759 0.0732691958546638
-0.0276197604835033 -0.102129966020584 -0.0122466143220663 -0.0103827361017466 -0.0321200639009476 0.0505391582846642 0.0330202654004097 0.0467389300465584 0.00706740375608206 -0.00592021038755774 -0.156175494194031 -0.00707073882222176 -0.0187447182834148 0.0361358597874641 0.127346783876419 -0.157117679715157 -0.131560042500496 0.0770520865917206 -0.0628426894545555 0.108731910586357 0.00853290408849716 -0.0432157553732395 -0.127139568328857 0.0255303550511599 0.0350193493068218 0.0604004114866257 -0.0537832602858543 0.144451290369034 0.140559062361717 0.0725720450282097 0.40693199634552 0.403901964426041 0.325922220945358 0.485697478055954 0.551616370677948 0.551135063171387 0.406979322433472 0.317326188087463 0.0707813948392868 0.0648386403918266 0.130003288388252 0.0670386850833893 0.108015567064285
-0.0353413410484791 0.0120439901947975 -0.0501737371087074 -0.104599677026272 -0.0826565399765968 -0.0835690572857857 0.00895283650606871 -0.0674248486757278 0.0408016480505466 -0.000719903793651611 -0.0130037851631641 0.0893958061933517 0.0449571199715137 -0.0730893611907959 0.0387722067534924 0.0959803238511086 0.0559508763253689 0.0851253494620323 0.0061206603422761 -0.0937941148877144 0.0432417467236519 0.109835021197796 0.0418812185525894 0.0873313173651695 0.0405284687876701 0.0868629217147827 0.110305808484554 0.125641852617264 0.199019059538841 0.196215748786926 0.338796734809875 0.464284181594849 0.374512404203415 0.659971117973328 0.373840779066086 0.321832597255707 0.216450333595276 0.159184589982033 0.28075048327446 0.255177766084671 0.318372756242752 0.10781466960907 0.194057106971741
-0.0905619785189629 0.0382463820278645 0.0171151794493198 0.0899644866585732 -0.0275349672883749 0.101065292954445 0.0770236700773239 0.0437718667089939 0.0127484062686563 0.0405171290040016 -0.0806535184383392 -0.0567046105861664 0.0548987463116646 0.0321555696427822 0.0419408529996872 0.00873015262186527 0.0444974899291992 0.0333566553890705 -0.00107691541779786 0.00488292006775737 0.00221165153197944 0.0728037804365158 0.104028843343258 0.105236761271954 0.157123774290085 0.123173512518406 0.074991948902607 0.0752566009759903 0.261002898216248 0.327744096517563 0.431036084890366 0.702372491359711 0.579532623291016 0.489673882722855 0.527242422103882 0.193165123462677 0.154129952192307 0.0578440986573696 0.172538191080093 0.213452190160751 0.16414138674736 0.194930329918861 0.0377387292683125
0.0220011994242668 0.057287160307169 0.0093392850831151 -0.0540339127182961 0.125519290566444 -0.0107465581968427 0.138344302773476 0.0347071252763271 -0.0364707931876183 -0.124921746551991 -0.0162981301546097 -0.180217131972313 0.0352567508816719 -0.0398386530578136 0.0266994498670101 0.105030186474323 0.000617606856394559 0.187855333089828 0.0679583698511124 0.141743645071983 0.180227547883987 0.131073608994484 0.163871422410011 0.142378836870193 0.307395666837692 0.168941870331764 0.102429665625095 0.291286945343018 0.216783538460732 0.537647604942322 0.574413299560547 0.686873555183411 0.737169206142426 0.680965721607208 0.449409753084183 0.287976145744324 0.121877387166023 0.101839728653431 0.172536224126816 0.120348960161209 0.199586480855942 -0.0408070087432861 0.0254911612719297
0.0185424499213696 0.0287429634481668 -0.0801882743835449 0.081062413752079 0.114630170166492 0.0826443284749985 0.0659413263201714 0.0873564779758453 -0.00351547542959452 -0.0312746055424213 -0.0306730940937996 0.150340393185616 0.0985310524702072 0.154607877135277 0.137446761131287 0.147766470909119 0.0246830377727747 0.183524042367935 0.229049786925316 0.126246407628059 0.252626687288284 0.11289931833744 0.317535817623138 0.192125588655472 0.20469842851162 0.332625508308411 0.223465248942375 0.629880726337433 0.5314701795578 0.668915033340454 0.639848053455353 0.674545645713806 0.669046401977539 0.589939951896667 0.448639065027237 0.292285263538361 0.183632552623749 0.175155490636826 0.304761111736298 0.0312336981296539 0.0275873690843582 -0.0137062482535839 0.030083741992712
-0.112269647419453 0.090460792183876 0.0869570523500443 -0.00356240174733102 0.0111645376309752 0.104986883699894 -0.0382816568017006 -0.125634536147118 0.017185902222991 0.214017078280449 0.0915270075201988 0.126367419958115 0.129157155752182 0.153855785727501 0.166441783308983 0.268887609243393 0.424768835306168 0.386151820421219 0.398344427347183 0.279440939426422 0.580819070339203 0.372855424880981 0.199473589658737 0.2592853307724 0.199771165847778 0.347127795219421 0.304086685180664 0.362658143043518 0.574812531471252 0.49526309967041 0.755045592784882 0.728013396263123 0.624458312988281 0.647894740104675 0.594020545482635 0.486462503671646 0.393629997968674 0.484677344560623 0.298131972551346 0.257078379392624 0.252217829227448 0.00713900895789266 -0.00658261030912399
-0.260931551456451 0.119522787630558 -0.0017819314962253 -0.074502244591713 0.0113183073699474 0.0295997206121683 0.132687211036682 -0.0239079631865025 0.0497417636215687 0.114349126815796 0.158946514129639 0.0983555689454079 0.198485776782036 0.151285842061043 0.269159704446793 0.226583436131477 0.328204721212387 0.356738269329071 0.443657606840134 0.352372944355011 0.389105051755905 0.131181418895721 0.210460662841797 0.150236114859581 0.21359945833683 0.424521505832672 0.470836520195007 0.408627420663834 0.678528249263763 0.652896523475647 0.883758366107941 0.820218503475189 0.744672775268555 0.620772838592529 0.620758533477783 0.624432802200317 0.505829095840454 0.460932046175003 0.519379198551178 0.596277296543121 0.191824704408646 0.344779342412949 0.18623660504818
-0.110414743423462 0.0775291696190834 0.000911567592993379 0.0723731368780136 -0.0204205829650164 -0.0106390463188291 0.0441501848399639 -0.0151516795158386 0.035587053745985 0.116853900253773 0.176269456744194 0.12080654501915 0.310705155134201 0.314910262823105 0.277989506721497 0.141805097460747 0.240716725587845 0.139062643051147 0.199579119682312 -999 0.178905814886093 0.266142278909683 0.281253427267075 0.257305562496185 0.212769627571106 0.292513936758041 0.345675647258759 0.408103942871094 0.808974146842957 0.922020971775055 0.859571576118469 0.56499445438385 0.765496253967285 0.773172378540039 0.811512231826782 0.815452933311462 0.680643856525421 0.706434965133667 0.601883113384247 0.609650909900665 0.488737851381302 0.559922635555267 0.106470890343189
0.0388975962996483 -0.0815562084317207 -0.0592050477862358 -0.128312706947327 0.055973619222641 0.00446475809440017 -0.037623506039381 0.0451635830104351 -0.094540998339653 0.111433543264866 0.0849049389362335 0.178598076105118 0.311568260192871 0.217892065644264 0.38847142457962 0.430994808673859 0.353312700986862 0.370858192443848 0.227587267756462 0.345775872468948 0.337389469146729 0.235281199216843 0.27285572886467 0.403540998697281 0.27525982260704 0.354212015867233 0.399261087179184 0.551433324813843 0.695271611213684 0.663895130157471 0.891086101531982 0.757388472557068 0.780037522315979 0.840627312660217 0.657320201396942 0.741622924804688 0.695808827877045 0.692382872104645 0.524881422519684 0.498021006584167 0.492682904005051 0.418003082275391 0.272369116544724
