assets/gome_f/processed/ascii/world/gome_sif_world_20131201.asc
NCOLS 720 
NROWS 360 
XLLCORNER -180 
YLLCORNER -90 
CELLSIZE 0.5 
NODATA_value -3.4e+38 
[rows 95 to 113 of 360, columns 344 to 386 of 720]
0.0806932970881462 0.0509695708751678 0.0576356388628483 0.078552633523941 0.0695575550198555 0.0330068953335285 0.0085030784830451 0.0198143292218447 0.0256082266569138 0.00424802489578724 0.0576784610748291 0.00234765466302633 0.0912160947918892 0.0802147686481476 0.0574813932180405 0.0523783899843693 0.0626104772090912 0.0167069360613823 0.0803575590252876 0.0706025958061218 0.0372330658137798 0.110086143016815 0.0716826543211937 0.0463930107653141 0.0446888133883476 -0.00211002584546804 0.0126366009935737 -0.032229408621788 0.0220835488289595 -0.0366645529866219 -0.0581124722957611 -0.0068761371076107 0.11622592061758 0.0245561990886927 0.0991951078176498 0.0445582866668701 0.0212631300091743 0.0688235238194466 0.0466499589383602 0.0252772346138954 0.0889094695448875 0.102231502532959 0.0588965341448784
0.0107462219893932 0.068449541926384 0.0540743954479694 0.00182732800021768 0.104213312268257 0.0927617028355598 0.070000022649765 0.0259843599051237 -0.00515865162014961 0.0149029539898038 0.0708407610654831 0.0695886239409447 0.106791272759438 0.0445315167307854 0.0448371879756451 0.00100870151072741 0.127062976360321 0.06239278241992 0.0279418639838696 0.0205478016287088 0.124567158520222 0.0681262239813805 0.0522946193814278 0.0520865023136139 -0.0470792688429356 -0.000447837926913053 -0.0861801430583 0.00938232522457838 -0.00269032432697713 0.0474083498120308 0.0323283150792122 -0.0547211952507496 -0.0521230176091194 0.050151914358139 0.0892587602138519 0.0244916565716267 -0.00439879111945629 0.0102439867332578 0.0676466301083565 0.0570628084242344 0.0463531166315079 0.114198081195354 0.147448569536209
0.057988166809082 0.123310506343842 0.11767590045929 0.0197000205516815 0.0298610012978315 0.0909206196665764 0.003031135071069 0.0320946723222733 0.0522331967949867 0.0378363765776157 0.0518392287194729 0.0288610141724348 0.0387073680758476 0.0277132280170918 0.0163722448050976 0.0485177934169769 0.00545889139175415 0.0716014504432678 0.0934922322630882 0.0110352030023932 -0.0246924925595522 -0.0195069890469313 -0.102098226547241 -0.000354667514329776 -0.0372127927839756 0.00322569836862385 0.0278893206268549 0.0134930424392223 -0.0369835756719112 0.00549688516184688 -0.000671961985062808 0.00710907392203808 -0.0212629046291113 0.0137440618127584 0.171451762318611 0.0312119163572788 -0.0683203339576721 -0.0161080081015825 0.053101658821106 -0.0438805222511292 0.0139885311946273 0.0151276616379619 0.0749728754162788
0.149888709187508 0.086081326007843 0.131512731313705 0.13724273443222 0.0865853130817413 0.0764458626508713 0.0656992346048355 0.0839827507734299 0.0381502099335194 0.0620231479406357 0.0856463015079498 0.0301882605999708 0.0270590782165527 -0.00985667016357183 0.0245836451649666 0.0561573430895805 0.0757303386926651 0.117739476263523 0.0423330441117287 0.000785291194915771 -0.0210357196629047 -0.0191278420388699 0.0369109958410263 -0.00623638369143009 0.0565082915127277 0.0875579118728638 -0.04829291254282 0.00294394348748028 0.027085455134511 0.0110373701900244 0.0107646342366934 0.0152883343398571 0.0885612368583679 0.117228887975216 0.134658619761467 0.0955562889575958 0.0507354848086834 -0.0199632439762354 0.0655244514346123 0.0100434357300401 0.0139861758798361 -0.00965512730181217 0.0120535111054778
0.0535999126732349 0.0387638285756111 0.0638227462768555 0.153280645608902 0.0780979245901108 0.0804688259959221 0.0934172123670578 0.0578111000359058 0.0567977428436279 0.013754834420979 0.0542492233216763 -0.0456254631280899 0.0359994657337666 0.0103367557749152 0.0679190903902054 0.0475663058459759 0.0569213554263115 0.0863598510622978 0.0770105943083763 -0.124374344944954 0.014158328063786 0.0208937227725983 -0.0298241712152958 -0.00928774196654558 0.0260807164013386 0.0232526976615191 0.0171514395624399 -0.0346537902951241 0.0525187402963638 0.0937691181898117 0.0132802771404386 -0.0543361604213715 0.0501173213124275 0.0220036003738642 0.120907500386238 0.0273800082504749 0.0676152631640434 0.0155738480389118 -0.08240657299757 -0.017477560788393 0.038735456764698 -0.00166116748005152 -0.0127238063141704
0.133486241102219 0.114591486752033 0.0884993001818657 0.0788930505514145 0.149118199944496 0.141176283359528 0.11405622959137 0.0439518056809902 0.0428853556513786 0.0161137152463198 0.02534862421453 0.0236155986785889 0.0761870369315147 0.00918256957083941 0.0433930531144142 0.111614979803562 -0.0627054274082184 0.0230176225304604 0.00824765022844076 0.0762089490890503 -0.0758513286709785 0.0395939014852047 -0.00205105333589017 0.0523964017629623 0.0719754621386528 0.0531231164932251 -0.0203704219311476 0.0236154198646545 -0.0385514833033085 -0.0309818275272846 0.0168042685836554 -0.0936632007360458 -0.0139259481802583 0.0692548006772995 0.129129245877266 -0.0213942211121321 0.0508834272623062 0.021783635020256 -0.0355436466634274 -0.0749750807881355 -0.0365306660532951 -0.0151388561353087 0.0135165201500058
0.152978926897049 0.132849112153053 0.133783683180809 0.0812396854162216 0.15753485262394 0.101106323301792 0.0521356873214245 0.0673601925373077 0.140844032168388 0.0188441872596741 0.00657505448907614 0.0111393174156547 0.0570200495421886 0.0478515475988388 0.0430665425956249 0.0811810865998268 -0.0290572121739388 0.0104191852733493 -0.0289635974913836 0.0260328333824873 -0.0116290142759681 0.0449512489140034 0.0393921956419945 0.0362389497458935 -0.012066051363945 0.0408216901123524 -0.034808162599802 0.0107011338695884 0.0133238192647696 -0.0361163094639778 0.0783140137791634 0.00776379927992821 0.00656293611973524 0.0784728229045868 0.0973294526338577 0.0766437724232674 -0.0089560579508543 -0.0225038807839155 -0.0829143077135086 -0.0540871061384678 0.00064543541520834 -0.00599298439919949 -0.0511804334819317
0.170735195279121 0.111722037196159 0.127112418413162 0.0930634662508965 0.0347161442041397 0.098443366587162 0.0399865657091141 0.0759541615843773 0.0317786261439323 0.0910582318902016 0.00633331155404449 -0.00905222445726395 0.0293955560773611 0.0941384360194206 0.0909992828965187 0.0925363078713417 0.0499487556517124 -0.000567648676224053 0.0732077062129974 -0.0122822830453515 0.0148191349580884 -0.0220389366149902 0.0196927636861801 -0.0304943919181824 -0.00381997297517955 0.0161127578467131 -0.064140610396862 0.00288419658318162 -0.0147609934210777 -0.0812900736927986 -0.034456592053175 -0.0543266609311104 0.0652882307767868 0.00361163448542356 0.028274767100811 0.0186213422566652 -0.0317962430417538 0.00160644680727273 -0.0174877140671015 0.0466450415551662 -0.0636532008647919 -0.0534946843981743 0.0310342274606228
0.111585669219494 0.194636777043343 0.130934730172157 0.0778930708765984 0.109432093799114 0.0582431592047215 0.0911015495657921 0.104250714182854 0.0647130459547043 0.0646048411726952 0.102303251624107 0.108038499951363 0.0915602594614029 0.122859433293343 0.0552863329648972 0.0475019253790379 -0.0127966925501823 -0.0536422170698643 -0.0161004904657602 -0.051875114440918 -0.0367471985518932 -0.0223914049565792 0.042090617120266 -0.0421474054455757 0.0521726086735725 -0.0307954214513302 -0.00823159981518984 -0.116703830659389 -0.0348558947443962 -0.0264395419508219 0.114745229482651 0.0697320550680161 -0.0165395438671112 -0.0250792168080807 -0.0259520709514618 -0.00681774690747261 -0.0189647525548935 -0.0028763497248292 -0.0134617062285542 -0.0404900312423706 0.0647110342979431 0.00220204703509808 -0.0240524746477604
0.0800370648503304 0.155323699116707 0.0398520566523075 0.0831927210092545 0.163820222020149 0.0852118134498596 0.0673131123185158 0.0517511554062366 0.0187656506896019 0.0802601724863052 0.0522454157471657 0.0851131081581116 0.093093104660511 0.109486542642117 0.011074423789978 0.0296789798885584 -0.0076675615273416 -0.0638182014226913 0.0504377447068691 -0.0609458908438683 -0.0041580107063055 0.00481747323647141 0.0114021562039852 -0.0267258919775486 0.0664508268237114 0.0761570632457733 0.062891036272049 -0.02122219838202 -0.0372462458908558 -0.00428055133670568 0.00172829802613705 0.0343253873288631 -0.0450697764754295 -0.00796404574066401 -0.0885470807552338 0.0532835945487022 0.0178294628858566 -0.0179891847074032 0.038270466029644 0.0133148729801178 0.0201016180217266 0.130720883607864 0.147713288664818
0.0598828531801701 0.105661481618881 0.0410832017660141 0.0611675977706909 0.0945149883627892 0.0658567771315575 0.0681652948260307 0.0572053752839565 0.0920238643884659 0.0523563921451569 0.00028323449078016 0.0773672461509705 -0.0109997056424618 -0.0127925621345639 -0.0299453139305115 -0.0181330423802137 0.0448418818414211 -0.0363528579473495 -0.0239506140351295 0.0329676680266857 -0.0308213178068399 -0.0672811344265938 -0.0383450835943222 -0.000387867912650108 -0.0499224215745926 -0.0573344826698303 -0.000899048696737736 -0.04341184720397 0.0429561585187912 0.0611938871443272 0.0410922989249229 0.0824218392372131 -0.0401117317378521 0.0271015558391809 0.0393654331564903 0.118439860641956 0.0545701570808887 0.0193577315658331 -0.020932549610734 -0.0600180439651012 0.0413290485739708 -0.0333524905145168 0.0307350475341082
0.0357223339378834 -0.00780721614137292 0.018315676599741 0.0199772715568542 0.0679967105388641 0.056721143424511 0.0882104858756065 0.0583871006965637 -0.016839450225234 0.0148719642311335 -0.0470888838171959 0.0340484082698822 0.0285513810813427 -0.00364214880391955 -0.0188478417694569 -0.0211322624236345 -0.0482712984085083 0.0429673343896866 0.0180931240320206 0.048255380243063 0.0843841284513474 0.0335544571280479 0.0670621991157532 0.0889219716191292 0.118769243359566 0.150180116295815 0.0474747829139233 0.0297473818063736 0.130855992436409 0.00624882057309151 0.183589413762093 0.081427089869976 0.101165816187859 0.057073999196291 0.0467576384544373 0.092049740254879 0.115396916866302 0.0817873626947403 0.0229411870241165 -0.100545614957809 0.00850521679967642 0.056859202682972 -0.0664952993392944
0.0158028770238161 0.0300821457058191 0.00917080137878656 -0.0215824209153652 0.0870761945843697 0.0112610273063183 -0.0243150722235441 -9.71385379671119e-05 0.0720013901591301 0.0024346795398742 0.0315545946359634 0.021202128380537 -0.00158806086983532 -0.0399406664073467 -0.0276161432266235 -0.100046515464783 -0.00845147576183081 0.0402638167142868 0.0987449139356613 0.00738149648532271 0.103680409491062 0.129592210054398 -0.00897054839879274 0.0404844172298908 0.111807465553284 0.0442476682364941 0.0279505029320717 0.0485561937093735 0.107659392058849 0.01294781640172 0.165425941348076 0.0391213446855545 0.0658545643091202 0.0487625971436501 0.0685089528560638 0.141517594456673 0.0659465119242668 0.0741591602563858 0.011806508526206 -0.0279223937541246 -0.0806121528148651 -0.000789191049989313 -0.0517954602837563
0.0582702830433846 0.000237066517001949 -0.0334246978163719 -0.0423955842852592 0.0220574028789997 0.0344432964920998 0.0110518587753177 -0.0132692512124777 0.0457044318318367 -0.0173051059246063 -0.012742405757308 -8.18249973235652e-05 0.0143428975716233 -0.0550739467144012 0.0754664689302444 0.0514804422855377 0.0747130811214447 -0.0514531955122948 0.0216159354895353 0.0464234985411167 0.0328555852174759 0.024317754432559 0.00812112912535667 0.0396237261593342 0.0138698862865567 0.0548317022621632 -0.0439128950238228 0.0208770725876093 0.00705836061388254 -0.00947329681366682 0.0418395139276981 0.0683881863951683 0.0295525956898928 0.126069590449333 0.086767740547657 0.0324015356600285 0.0549712814390659 0.0802091062068939 0.0107341064140201 -0.045975212007761 0.0161115657538176 -0.039612278342247 0.0276005677878857
-0.000962268211878836 -0.00124683883041143 0.0765443220734596 0.0136331664398313 0.0790668204426765 0.0821272432804108 0.0458710454404354 -0.00434478279203176 -0.0282693095505238 0.0468041002750397 0.00584099721163511 0.0273428708314896 0.0183985885232687 0.0165586248040199 0.0392005369067192 0.12299732863903 0.0656490921974182 2.38212796830339e-05 0.117167428135872 0.0142004704102874 0.0373847335577011 0.062088068574667 0.0185312088578939 0.00111949304118752 0.0689840167760849 -0.0575417503714561 0.101698838174343 0.0385791510343552 0.107664547860622 0.0219777934253216 0.010382229462266 0.0814007446169853 0.106432653963566 0.117586553096771 0.057130191475153 0.071861058473587 0.105029411613941 0.111320063471794 0.0585325844585896 0.0694909170269966 -0.0563698522746563 0.0195303857326508 -0.0220069773495197
0.0247105062007904 0.0405102334916592 0.0668187066912651 0.0582180991768837 0.0575912445783615 0.00122581934556365 0.0972641408443451 0.0440289564430714 0.00215383432805538 0.0417974069714546 0.0777677744626999 0.0862382054328918 -0.0148977413773537 0.119742333889008 0.0431983657181263 0.0918531194329262 0.0801094099879265 0.00802559498697519 0.0420762412250042 0.0061474647372961 -0.0217986367642879 0.0170689430087805 -0.0107326237484813 0.0686036348342896 0.13797365128994 -0.0169538352638483 0.113955736160278 0.13900101184845 0.0300803538411856 0.142709881067276 0.104878328740597 0.07917470484972 -0.00582700967788696 0.0515963472425938 0.108253628015518 0.139511004090309 0.072613961994648 0.118462167680264 -0.105258218944073 0.0592986755073071 -0.0526476688683033 0.0185962244868279 0.0524464994668961
0.0261203441768885 0.0255066268146038 0.00597866252064705 0.131515488028526 0.080610066652298 0.105137966573238 0.0253828596323729 0.0759481191635132 -0.0596932806074619 -0.000388504762668163 0.0772672221064568 0.0567132644355297 -0.0227021835744381 0.0797948613762856 0.0538751594722271 0.092429056763649 0.0508843585848808 0.0328917987644672 -0.0205608159303665 0.0494684725999832 0.0124761573970318 0.0913544148206711 0.028669036924839 0.0978071689605713 0.0151813495904207 0.0379106104373932 0.104470774531364 0.0510012730956078 0.0608490034937859 0.0638659596443176 0.153947472572327 0.00849100761115551 0.00972372479736805 0.0433434993028641 0.127159923315048 0.111307926476002 0.00266685476526618 0.1228863671422 -0.00955172907561064 -0.0225922856479883 -0.0486084371805191 0.0359169095754623 0.0838707759976387
-0.0203827656805515 0.0561737306416035 0.0285297501832247 0.0667413845658302 0.0692250356078148 0.0666358843445778 0.00695933075621724 0.0786326229572296 0.0393581427633762 0.0287908148020506 0.0245473217219114 0.0389364957809448 0.02481434866786 0.0165545102208853 0.074959322810173 0.0522205494344234 0.00938803981989622 0.071832112967968 0.0887327045202255 0.0744972750544548 0.0610198900103569 0.0390153676271439 0.089274100959301 0.0545963905751705 0.0769403055310249 0.0962391495704651 0.0183775406330824 0.0679806396365166 0.0388996079564095 0.023195892572403 0.0882707312703133 -0.0371794179081917 0.0383064411580563 0.0358776599168777 0.115462087094784 0.0264715626835823 0.0849678739905357 0.108014672994614 0.0745835304260254 0.0194063540548086 -0.0055764582939446 0.0671479925513268 0.00606655748561025
0.0375740043818951 0.0496429093182087 0.0645998045802116 0.0819220691919327 0.0872055143117905 0.0525496229529381 -0.0227262377738953 0.0387587212026119 0.0210587736219168 0.0453974679112434 -0.0174871832132339 0.0401665046811104 0.0545323230326176 -0.0346368849277496 -0.0283512249588966 0.0803272575139999 0.0305923540145159 -0.00901749823242426 0.0893234238028526 -0.010012093000114 0.0228780284523964 0.0622565485537052 0.0898389592766762 0.160397410392761 0.120670504868031 0.0317918471992016 0.0519422106444836 0.0194633062928915 0.0749305859208107 0.0766127929091454 0.00954191479831934 0.0696048438549042 0.111872114241123 -0.000571269891224802 0.0611531026661396 0.13580447435379 0.0656299889087677 0.0703847706317902 0.125854402780533 0.0505608767271042 0.0357792228460312 -0.00920570734888315 -0.0642913430929184
