assets/gome_f/processed/ascii/world/gome_sif_world_20130801.asc
NCOLS 720 
NROWS 360 
XLLCORNER -180 
YLLCORNER -90 
CELLSIZE 0.5 
NODATA_value -3.4e+38 
[rows 266 to 284 of 360, columns 172 to 214 of 720]
-0.000817622465547174 -0.204328820109367 0.0244595687836409 0.0630339831113815 0.0636265501379967 -0.0581728257238865 -0.186156526207924 -0.0327689237892628 0.0187615305185318 -0.0446411147713661 -0.0452897660434246 -0.00679982593283057 -0.0109198661521077 -0.00349552230909467 0.075802706182003 0.00535311782732606 -0.014817900955677 -0.0934872925281525 0.0314231403172016 0.13627003133297 0.00490877032279968 -0.0580743700265884 -0.00579412141814828 -0.0524633936583996 0.0494392812252045 0.0168376918882132 -0.0317529104650021 0.0503482967615128 0.136982634663582 0.0420042611658573 0.00954216718673706 0.0643368139863014 -0.0921213179826736 -0.012052453123033 -0.0387841686606407 -0.0760459378361702 0.00915963482111692 0.0155777977779508 -0.0434263609349728 0.060970377177 0.0664975196123123 0.104165740311146 0.0959673076868057
0.0866490229964256 0.0904091820120811 0.038354117423296 0.00370830786414444 0.000620307400822639 0.0546303577721119 -0.102536112070084 0.0337756127119064 -0.0667882859706879 0.0135911079123616 -0.0551016889512539 0.0525273121893406 -0.07721908390522 -0.0215444024652243 -0.150212794542313 -0.000997532159090042 -0.00851273164153099 0.0436008460819721 -0.101475454866886 0.0580976568162441 0.00887550134211779 0.0967965871095657 -0.0561181232333183 0.0436100959777832 -0.0305967424064875 -0.0843185931444168 0.0497945733368397 -0.0277767442166805 0.0612110532820225 0.0108956573531032 0.0358278863132 0.0577671900391579 -0.0362429432570934 0.0802479013800621 -0.0524787306785583 -0.0746745094656944 -0.0407486520707607 -0.000147450176882558 0.0701417177915573 0.059564433991909 0.0434661097824574 -0.00852510146796703 0.18135492503643
-0.0529703833162785 -0.0763664916157722 0.0730493068695068 -0.0280823297798634 0.0282425917685032 -0.0846206098794937 -0.020016698166728 0.0401839837431908 0.0442443899810314 0.176044553518295 0.0995441079139709 -0.0263155419379473 0.10172338783741 0.00492255855351686 -0.122866049408913 0.045047041028738 0.0288467220962048 0.0341895781457424 -0.204972177743912 -0.133225366473198 0.146411404013634 0.0408124849200249 0.0725989416241646 0.0288419630378485 0.0348526649177074 -0.0198691617697477 0.00160637905355543 0.0650525391101837 0.0484773963689804 0.11194933205843 -0.0103512927889824 0.197208598256111 -0.0559566803276539 0.112909428775311 -0.127968534827232 0.0230140835046768 -0.0911780148744583 -0.00494991894811392 -0.0729305148124695 0.0484201535582542 0.151865676045418 -0.0111346766352654 0.207817643880844
-0.104913637042046 -0.0446382574737072 0.0380170233547688 0.100035190582275 -0.132038533687592 0.028156865388155 0.0588151924312115 -0.0985253006219864 0.0716494843363762 0.129500418901443 -0.0189768448472023 0.11827328056097 0.0453643575310707 -0.0540669783949852 -0.0365853570401669 0.0743386149406433 -0.0628355517983437 0.0252459608018398 0.00231786142103374 -0.0286131333559752 -0.0300739519298077 -0.0751035064458847 0.0723461210727692 -0.0482191480696201 0.0338895954191685 0.0329838879406452 -0.0029101378750056 0.118958845734596 0.0266327746212482 0.0172424986958504 -0.0412906743586063 -0.0935649871826172 -0.0295824911445379 0.0322965122759342 -0.035555686801672 0.0692155137658119 0.0170940868556499 -0.0294705331325531 0.11357419192791 0.100112773478031 0.0778978914022446 0.0935164988040924 0.0638950914144516
0.0138829462230206 0.0611677765846252 -0.105158671736717 -0.0748771801590919 -0.107768975198269 0.194750025868416 -0.0360633805394173 -0.0890885218977928 0.0191123485565186 -0.00363557785749435 -0.0544870682060719 -0.139885604381561 -0.128940686583519 -0.159283772110939 -0.0607460103929043 -0.00392620544880629 0.145399168133736 0.128719210624695 0.128357231616974 0.0777966156601906 0.141493380069733 -0.101149760186672 0.0124568874016404 -0.0776963382959366 -0.176852360367775 0.063227079808712 0.149799883365631 0.170229092240334 0.0254409480839968 -0.0586656592786312 0.11416931450367 0.0692238882184029 0.0400110296905041 -0.0200085379183292 0.03270448371768 0.0811899900436401 0.121356531977654 -0.0443438179790974 0.0385349355638027 0.104447185993195 0.20540264248848 0.170302048325539 0.181610375642776
0.0548353865742683 -0.155910924077034 0.0389756374061108 -0.0756989195942879 -0.0328378267586231 0.174891069531441 0.0586104691028595 0.0527015775442123 -0.0680026188492775 0.0138562507927418 0.180505186319351 -0.0609899237751961 -0.0748135596513748 -0.0817831605672836 -0.0233260486274958 -0.114764451980591 0.00756667042151093 0.0591038353741169 0.149912610650063 -0.263052850961685 0.0120282769203186 -0.0630536824464798 -0.0348466672003269 -0.21556581556797 -0.0183511842042208 -0.00706252176314592 -0.00309362588450313 -0.0509573966264725 0.0131900263950229 -0.0886981710791588 0.000345058739185333 0.157211124897003 -0.0230107977986336 0.00571205606684089 0.031880185008049 0.0251114144921303 -0.0511158518493176 0.101168945431709 0.0847083032131195 0.114924989640713 0.027936190366745 0.302983313798904 -999
-0.111258700489998 0.00568320602178574 -0.00266327825374901 0.241501480340958 -0.214840531349182 0.0401075519621372 -0.135763853788376 0.142265945672989 -0.0387714840471745 -0.0215646494179964 -0.0160877723246813 0.0330676175653934 0.0705592408776283 -0.0625961422920227 -0.0784725770354271 -0.0517170056700706 0.0139831276610494 -0.065577544271946 -0.000273059646133333 -0.00255300849676132 0.0971177816390991 -0.0778803676366806 0.0524327680468559 -0.0444732047617435 -0.0198842044919729 -0.0111438212916255 0.0469072796404362 -0.0147470934316516 0.0261506345123053 -0.0693806856870651 0.126940459012985 0.148332938551903 0.0827315077185631 0.00481804320588708 -0.125535160303116 -0.0268522799015045 0.0916045904159546 0.0953252613544464 0.250471472740173 0.339990556240082 0.215202137827873 0.270413845777512 -999
0.1261917501688 -0.00284042954444885 -0.00957168359309435 0.021955193951726 0.154130160808563 0.0198276098817587 -0.0350422002375126 0.00555172469466925 0.00165229535195976 -0.0537964478135109 0.0431181266903877 0.0109888277947903 0.136502161622047 -0.0239566210657358 0.059973981231451 -0.0572885796427727 0.0688879862427711 -0.0123576037585735 0.0242328196763992 0.00513554736971855 0.129938438534737 0.0641665607690811 0.0712518841028214 0.406267017126083 -0.203908741474152 0.0246204808354378 0.0978469625115395 0.0892798602581024 0.0467915013432503 -0.0495646148920059 0.0697505623102188 -0.0256755966693163 -0.0329250618815422 0.100096926093102 -0.0961140766739845 0.0641316622495651 0.0870236754417419 0.126526087522507 -0.0784781575202942 0.0184460189193487 0.19403749704361 -999 0.261674582958221
0.093707486987114 0.281083822250366 0.0622838251292706 0.0299527384340763 0.189216315746307 -0.11075035482645 0.0118967741727829 -0.0454182922840118 -0.0541634857654572 0.0735633298754692 0.0498554594814777 0.0336711518466473 -0.130336493253708 0.236278206110001 -0.066924087703228 0.154887914657593 0.0023983852006495 0.0677198693156242 0.371308237314224 0.0733243450522423 0.173996314406395 -0.0684311613440514 0.0261809341609478 0.0466048829257488 0.0807806923985481 -0.128754436969757 0.00369194149971008 -0.0163388215005398 0.150343552231789 -0.0165355522185564 0.0500283092260361 0.11438050121069 0.0233861524611712 -0.191358923912048 -0.0502585135400295 -0.132355377078056 -0.0555204898118973 -0.143797174096107 0.138013750314713 0.0751253664493561 -999 -999 -999
-0.0283189211040735 -999 0.158006265759468 0.0190675649791956 0.0130047919228673 -0.0788511782884598 0.0580488815903664 -0.152270466089249 -0.00600244849920273 -0.0431255586445332 0.0828408375382423 -0.161037296056747 -0.0717273652553558 -0.0487393215298653 0.0611966662108898 0.00832526851445436 -0.056588988751173 -0.0310175605118275 -0.0665407925844193 0.0220072586089373 0.0191547255963087 0.082224927842617 0.163887098431587 0.0444369316101074 -0.114003382623196 0.0662348493933678 0.166885614395142 -0.120962642133236 -0.0606460310518742 0.112000092864037 0.0183284636586905 -0.0147110652178526 0.0902294516563416 -0.120880722999573 -0.121581889688969 0.0429497510194778 0.0985587239265442 0.0888334736227989 0.00497734360396862 0.121030166745186 -0.0113510936498642 -0.04366534948349 -999
0.0167874395847321 0.159410998225212 -0.0823611989617348 -0.285745799541473 0.0779262632131577 -0.0707680135965347 -0.0575405396521091 0.178794473409653 0.151838332414627 0.0720321536064148 0.122408345341682 0.138654455542564 0.0364520736038685 -0.0415406636893749 0.0865961387753487 0.0125918090343475 0.0623034052550793 -0.0334615223109722 -0.142918899655342 0.0356596857309341 -0.0954778715968132 -0.000378915254259482 -0.0557373762130737 -0.050446305423975 -0.0525798872113228 -0.154772594571114 -0.0599440634250641 -0.0375585071742535 -0.0701008886098862 0.067129947245121 0.0583840347826481 -0.169707268476486 0.0517809502780437 -0.0366227962076664 -0.065361425280571 0.0808815658092499 -0.102087542414665 0.0697718411684036 -0.0061948262155056 0.206445634365082 -0.0312364101409912 0.0378669835627079 -999
0.0925791785120964 -0.0550043098628521 -0.0935232564806938 0.00729525182396173 0.0120620960369706 0.0702989250421524 0.0535698942840099 -0.11020740121603 -0.129334181547165 -0.0496372766792774 -0.0750393867492676 -0.240313217043877 -0.0670394077897072 -0.0544189475476742 0.0621747970581055 -0.0938077792525291 -0.0118460170924664 -0.0383520536124706 -0.0684367790818214 -0.132799223065376 0.0165779870003462 0.0240359082818031 -0.153177544474602 -0.0971616804599762 -0.0404077470302582 0.0633666887879372 0.189578801393509 -0.0215157028287649 -0.0033695378806442 0.0383777804672718 0.035149097442627 -0.247653797268867 -0.0398967787623405 -0.0144878989085555 -0.0904580950737 -0.1413963586092 -0.0844666808843613 0.158216550946236 -0.00205461238510907 -0.107548400759697 0.0800968185067177 -0.196107193827629 -999
-0.125250220298767 0.192532524466515 0.0624047480523586 -0.0993643030524254 -0.165106281638145 -0.0448493734002113 -0.164620488882065 -0.0764017775654793 0.0292823817580938 0.0950147360563278 -0.0395011752843857 -0.064902126789093 0.0431375429034233 0.0596351623535156 0.0869894176721573 -0.0751357898116112 -0.0493956618010998 0.208359196782112 -0.0718671455979347 -0.0698341280221939 -0.081487849354744 0.0953700020909309 -0.0736914724111557 -0.0615322850644588 -0.0608580335974693 -0.0942360237240791 -0.054991714656353 -0.139180868864059 0.0105332136154175 -0.0843402296304703 0.0995743870735168 -0.127437055110931 0.139170572161674 -0.156905129551888 -0.0172121878713369 -0.0826633647084236 0.033260241150856 0.100787483155727 -999 -999 -0.242746517062187 -0.165046021342278 -999
-0.0696399584412575 0.198672816157341 0.0471783950924873 0.0284997895359993 0.0738527178764343 0.0723968148231506 0.0296925902366638 -0.0903558656573296 0.0942838564515114 -0.00765257515013218 -0.0729761868715286 0.0282563362270594 -0.0131063759326935 0.0369057394564152 -0.00748959043994546 -0.00558493146672845 0.00321071059443057 0.00459799682721496 0.145424768328667 -0.138075426220894 0.0512763075530529 -0.0744398608803749 0.0129959816113114 -0.0709922090172768 0.027050843462348 0.128792390227318 -0.00288648903369904 -0.0275489054620266 -0.179090619087219 -0.0191984921693802 0.131247878074646 0.365948170423508 -0.0337450988590717 -0.0187486615031958 -0.107298068702221 -0.188999876379967 -0.138730704784393 -0.0588191226124763 0.231214612722397 -999 0.0382054373621941 0.12509885430336 -0.21948230266571
-0.000708481529727578 -0.0258204638957977 0.193201795220375 0.0529581531882286 0.152202188968658 0.127999797463417 -0.0177886839956045 -0.0877446085214615 0.0491559840738773 0.0237482320517302 0.0346225127577782 0.0892962887883186 0.103374719619751 0.0801578760147095 0.0115924710407853 0.0831220597028732 -0.0164484679698944 0.0956276953220367 0.0107523100450635 0.0230500400066376 0.158912003040314 -0.00989114679396152 0.0609453395009041 -0.099788174033165 -0.189829781651497 -0.0623565390706062 0.156935513019562 0.030080134049058 -0.0897870063781738 0.116325810551643 0.0270222034305334 -0.0715244710445404 0.038895882666111 0.046620924025774 0.154692590236664 0.0573856718838215 -0.147211775183678 0.360516875982285 0.105319336056709 0.223654955625534 0.0592553354799747 0.0854289680719376 -0.122276343405247
-0.00851309020072222 -0.165908887982368 -0.226816788315773 0.0381006598472595 0.00304391141980886 0.0912229865789413 -0.0941009148955345 0.0450414568185806 -0.0647080913186073 0.0463794581592083 0.164744898676872 0.0810152068734169 -0.169907659292221 0.0219049341976643 0.0743583589792252 0.145369604229927 0.0164934862405062 -0.0563019439578056 -0.123375698924065 0.00954468175768852 0.101841941475868 0.215533241629601 -0.157542869448662 0.050451248884201 -0.0053492859005928 0.056415718048811 0.120237357914448 0.000984547426924109 0.00516604725271463 0.061001431196928 0.0557333678007126 0.0588818788528442 0.0563487634062767 0.0203734058886766 0.00312727317214012 -0.00454167276620865 -0.140949949622154 -0.00794135313481092 0.143960535526276 -0.0303336530923843 -0.000129002539324574 -999 -999
-0.185940369963646 0.11810477823019 -0.18506732583046 0.0953960195183754 -0.0861554592847824 0.344575345516205 0.319784969091415 -0.0397545546293259 0.0339090377092361 -0.0906967297196388 -0.0145155228674412 -0.064525805413723 -0.08881776034832 0.0654252916574478 0.117747642099857 0.0971599519252777 0.013303354382515 -0.134726300835609 0.0547293499112129 -0.152735352516174 0.100556805729866 0.17073130607605 0.128184661269188 -0.0821366384625435 -0.103786386549473 -0.0890298038721085 -0.0125241614878178 -0.0619159378111362 0.0672128945589066 0.0206674952059984 0.0846099704504013 0.092900387942791 -0.00245927274227142 0.15164515376091 0.146353825926781 0.0925019830465317 -0.165488094091415 0.187725707888603 -0.153410628437996 0.0692911073565483 0.239842683076859 -999 0.0693064481019974
-0.249794617295265 -0.0422206073999405 -0.151835605502129 -999 -0.0301598645746708 0.0527348145842552 0.379217177629471 -0.0412685126066208 -0.161730319261551 0.292488098144531 -0.18313704431057 0.0175782442092896 -0.188258841633797 0.051148883998394 -0.257185846567154 -0.0200414340943098 -999 -0.0646311417222023 -0.146385356783867 -0.0623959228396416 0.00292263925075531 -0.0081031322479248 -0.19101582467556 0.0931892246007919 -0.193090364336967 0.0152712417766452 -0.036171019077301 0.0196107849478722 0.104744657874107 0.0429695546627045 0.00543419644236565 0.0750914514064789 -0.0384531058371067 0.168799459934235 0.164201229810715 -0.107138559222221 -0.250826567411423 -0.066429115831852 -0.204733282327652 -0.165486708283424 -0.109461069107056 -999 0.168195977807045
-0.0529904551804066 -0.0359468162059784 0.229525402188301 0.0898711979389191 -0.00529913138598204 -999 -0.0918271988630295 -999 -999 -0.223059415817261 0.29488331079483 0.245839104056358 0.0627722442150116 -0.0418988652527332 -0.17291796207428 0.122428111732006 -0.0759225562214851 -0.0633227005600929 -999 -0.0840603411197662 0.035792350769043 0.108103059232235 -0.0241666976362467 -0.107090547680855 0.0115546304732561 -0.0031094781588763 0.0230476856231689 0.0608499124646187 0.414605051279068 -999 -0.323647171258926 -999 -0.0545051544904709 -999 0.0164549853652716 -0.173947677016258 0.0450183302164078 -999 -0.235347598791122 -999 -999 -999 -999
