assets/gome_f/processed/ascii/world/gome_sif_world_20110501.asc
NCOLS 720 
NROWS 360 
XLLCORNER -180 
YLLCORNER -90 
CELLSIZE 0.5 
NODATA_value -3.4e+38 
[rows 228 to 246 of 360, columns 430 to 472 of 720]
0.0838883370161057 0.113864965736866 -0.018162390217185 0.0326263345777988 -0.00884276628494263 -0.00666687171906233 0.0299483221024275 0.0507009215652943 -0.00602643471211195 -0.052631214261055 -0.0528963468968868 -0.0165791120380163 -0.0196981150656939 -0.0551097616553307 0.0407472774386406 0.0130099281668663 0.0410822704434395 -0.0154416225850582 0.0959562882781029 0.146211698651314 0.167973816394806 0.0450179651379585 0.167208671569824 0.227301031351089 0.149981006979942 0.0286204293370247 -0.0108469082042575 -0.0722495838999748 0.128922298550606 0.0221860650926828 -0.00569580169394612 -0.016502408310771 -0.00118015648331493 0.0128840710967779 0.00818184856325388 0.00986707396805286 -0.0374377071857452 0.0459442771971226 -0.0163658522069454 0.0358542129397392 -0.0212689060717821 -0.0741838067770004 -0.0151791637763381
0.0534195303916931 0.0324780493974686 0.0710284039378166 0.0096345441415906 -0.0501937344670296 -0.0068436823785305 0.0448437966406345 -0.0625112652778625 -0.112964071333408 -0.0507494620978832 0.00220947852358222 0.00333718652836978 0.0304754059761763 -0.0134886894375086 0.0633582770824432 -0.000943681865464896 0.0443873442709446 -0.0236131027340889 0.171734005212784 0.105999991297722 0.134560450911522 0.138397485017776 0.201718389987946 0.213006868958473 0.0624948516488075 -0.00795594230294228 0.067174419760704 -0.017642967402935 -0.0244423840194941 0.00352405803278089 -0.0667825639247894 0.0781765356659889 -0.0886872187256813 -0.0486413985490799 -0.0275344904512167 -0.0423688627779484 -0.0288092289119959 -0.0236984826624393 -0.109137959778309 0.0366410724818707 0.00600925832986832 -0.030417500063777 -0.0743223652243614
-0.0340542830526829 -0.0189501103013754 -0.0561379790306091 0.0180372055619955 -0.0372720621526241 0.0068721529096365 -0.0505727156996727 -0.0322523936629295 -0.0761020332574844 0.0671370029449463 0.0155667867511511 -0.0227455571293831 -0.0532602854073048 -0.030183183029294 0.0164603013545275 -0.0717781782150269 0.0025184613186866 -0.00846122484654188 0.00980054028332233 0.153592169284821 0.0866179093718529 0.154920563101768 0.142398849129677 0.0663863569498062 0.0237931460142136 -0.0186683908104897 -0.0565329380333424 -0.0125685287639499 0.0182175040245056 0.00973156467080116 -0.0290006753057241 -0.00841829925775528 -0.0204508919268847 0.00663014408200979 0.00355974026024342 0.026777720078826 -0.108590476214886 -0.0212305579334497 -0.0572330430150032 0.0480388142168522 0.00954753253608942 0.0174027662724257 0.0298520494252443
-0.00213396269828081 0.0762374326586723 -0.072842463850975 0.0315190479159355 0.0579199753701687 0.0538098439574242 -0.0374834798276424 -0.0246466025710106 -0.00845186039805412 0.0240149199962616 -0.00670912722125649 -0.037005577236414 -0.103647574782372 -0.0194317046552896 0.00741419848054647 -0.0773693174123764 -0.0555427521467209 0.00276742945425212 -0.0574293062090874 0.0252811200916767 0.0335336029529572 0.0153150372207165 0.0458521321415901 -0.111687637865543 -0.08126250654459 0.0186705235391855 0.0191624294966459 0.00301281362771988 0.0216578766703606 -0.0946489945054054 -0.00763635570183396 0.0436088256537914 0.00501972669735551 -0.0658033564686775 -0.0288409739732742 -0.0343334414064884 0.0847646445035934 0.0131674436852336 -0.00488734245300293 -0.019260298460722 0.0528174340724945 0.0233327858150005 -0.0479057766497135
-0.0305985677987337 -0.00750781130045652 -0.113312244415283 -0.040113128721714 -0.00378510891459882 -0.0342240706086159 -0.0205418691039085 0.0144594665616751 -0.000458883732790127 0.0391692407429218 -0.072003111243248 0.0171486083418131 0.028079254552722 -0.019437275826931 -0.02685278467834 0.0460582301020622 -0.022489458322525 -0.020490100607276 -0.0941163748502731 0.043292049318552 0.0299740955233574 -0.0585627555847168 0.0442404597997665 0.0151856383308768 -0.0505370125174522 0.0763379782438278 -0.00843727868050337 0.00737153785303235 0.0141219589859247 -0.0575540401041508 -0.0351216532289982 -0.0191423632204533 -0.0355315357446671 -0.0331643112003803 0.0125103183090687 -0.0274057760834694 -0.0178822707384825 0.0310838054865599 0.103636786341667 -0.00958238262683153 -0.037793692201376 0.00629196129739285 -0.0117053184658289
0.0663029998540878 -0.0359264947474003 -0.0727519541978836 0.00424877600744367 0.0374599769711494 -0.016454728320241 0.0530039183795452 -0.0907718017697334 0.0633974075317383 0.0694139003753662 -0.052484355866909 -0.100121013820171 -0.0411196574568748 -0.0459769144654274 0.0321003533899784 0.0222820546478033 0.0431136041879654 0.0383165627717972 0.0217305887490511 0.0183764919638634 -0.0802232995629311 0.0694653391838074 0.066058836877346 -0.00293485354632139 0.0124389044940472 -0.0807967036962509 -0.042343582957983 -0.0387353152036667 -0.0184160638600588 -0.0283476486802101 -0.0220691990107298 -0.102497108280659 -0.0503532439470291 -0.00725210923701525 0.0484389401972294 0.0281118862330914 -0.0330911353230476 0.0563861206173897 -0.148130089044571 0.00863663759082556 0.0189496390521526 0.0597789324820042 -0.00198586890473962
0.0170759186148643 0.011638605967164 -0.0762052461504936 0.0311769135296345 -0.0545808970928192 0.0677962973713875 0.0328541733324528 0.047097884118557 0.0158675815910101 -0.0100500229746103 0.0490932390093803 0.0213160999119282 -0.0573106855154037 -0.0605748891830444 0.0314547531306744 0.00104682019446045 0.0383998341858387 0.0617392659187317 -0.0826845392584801 -0.0128127168864012 0.0741020739078522 -0.0207912642508745 0.00584270665422082 -0.0219115298241377 0.0211328808218241 -0.00447578728199005 0.04824098944664 0.0101264612749219 -0.0300597548484802 0.0248022861778736 -0.0847645923495293 0.0105164544656873 0.00102458812762052 0.0245841853320599 0.00393032981082797 0.0278377048671246 0.000396400690078735 0.012422189116478 -0.0164064932614565 -0.0460252948105335 0.0157064963132143 -0.0272844154387712 -0.0586078986525536
0.0193941444158554 0.0637964904308319 -0.0208747889846563 0.0220931991934776 -0.0749980881810188 -0.023116996511817 -0.0562510639429092 0.0138100627809763 0.0778331682085991 -0.00346514792181551 -0.04679324477911 0.037028431892395 -0.105500407516956 0.0571103505790234 0.0347567014396191 0.0141779258847237 -0.0143784042447805 0.00133654288947582 -0.0276926103979349 0.0651397928595543 -0.0123297749087214 -0.0705002471804619 -0.0425069965422153 0.0180751029402018 -0.0709269493818283 -0.0104194181039929 -0.0164103489369154 -0.0158536229282618 -0.00125438219401985 0.00427096383646131 0.0223710536956787 0.0010910372948274 0.0627424344420433 -0.0472004972398281 0.0513057447969913 0.00859467685222626 0.0517691187560558 0.0201760437339544 -0.0456408523023129 -0.0694737210869789 -0.0880398452281952 -0.0326172672212124 0.0170732624828815
0.055518239736557 -0.0409950539469719 -0.0330410562455654 -0.0860220119357109 0.0432088114321232 -0.0453688278794289 -0.0848735123872757 0.00736698601394892 -0.0459355600178242 0.0616265572607517 0.0468686446547508 0.0236850026994944 -0.0234309993684292 -0.0229224376380444 -0.0311115439981222 -0.0366855151951313 -0.0310320500284433 -0.105311214923859 0.0700338780879974 0.00781932380050421 0.0807459503412247 -0.0171066634356976 0.0317247919738293 0.0395154505968094 0.00697160558775067 -0.047160729765892 0.0354103408753872 0.0740453898906708 -0.0667230114340782 -0.01019596029073 0.0120792025700212 -0.0316585302352905 6.75072296871804e-05 -0.00632085744291544 -0.0273958798497915 0.018323877826333 -0.0824792012572289 -0.0944437757134438 0.018676420673728 -0.00949725788086653 -0.0920714661478996 -0.00592741183936596 -0.110214293003082
-0.0669388547539711 -0.0437475852668285 -0.00801764708012342 -0.101777233183384 -0.0557187795639038 0.0399814732372761 -0.0568577758967876 -0.0751098617911339 0.0168599579483271 0.0604881830513477 -0.0292690638452768 -0.0215501375496387 0.0270067900419235 -0.0187780745327473 -0.00453066639602184 -0.043822605162859 -0.0703424140810966 0.0365298874676228 0.00568236783146858 -0.0453179329633713 0.0539071820676327 -0.0444416478276253 -0.00392407923936844 0.0725349932909012 -0.0442460626363754 0.0359017103910446 -0.0106731653213501 -0.0712775886058807 -0.0190570782870054 0.00635737786069512 -0.0738800019025803 -0.0110799493268132 -0.0335890203714371 -0.128868609666824 0.00957516487687826 -0.0398510657250881 -0.0705374255776405 0.0225375313311815 -0.105611361563206 0.00753811653703451 -0.0173018109053373 0.114793516695499 0.0542088858783245
-0.0120616238564253 -0.0568957328796387 -0.0411274805665016 -0.0302772521972656 -0.166453868150711 -0.0242843348532915 -0.0192734561860561 -0.0273188780993223 -0.00825933832675219 0.0540019534528255 0.0576652809977531 -0.0274673812091351 0.139151692390442 0.0519876256585121 -0.0659395083785057 -0.0935362949967384 0.0496400445699692 -0.00947527959942818 0.0193796511739492 0.0349595434963703 -0.0285733435302973 0.0141615299507976 0.0305277649313211 -0.117340892553329 -0.0664178654551506 0.0183102823793888 0.0245496854186058 0.00484860548749566 0.108041383326054 0.00507651548832655 -0.0435095801949501 -0.100586608052254 -0.022204102948308 0.0301195252686739 0.00150152621790767 -0.0505685359239578 -0.0474706403911114 -0.0166477765887976 -0.00585845112800598 -0.0155320120975375 -0.009808792732656 -0.0923022478818893 -0.0191406533122063
0.0593688599765301 -0.00147097010631114 0.0349945724010468 -0.0233733393251896 -0.0181686282157898 -0.0851622298359871 -0.0217725988477468 -0.000746101140975952 0.0614113733172417 0.0346682332456112 -0.0478185415267944 -0.03442108258605 0.0910601541399956 -0.0318054333329201 0.0359403491020203 -0.0828093737363815 -0.00272821797989309 0.0346751511096954 -0.0081823943182826 0.0304529312998056 -0.0482925623655319 -0.0258232597261667 0.0208525992929935 0.0708581060171127 -0.00889639277011156 -0.038552176207304 -0.0883982181549072 -0.0223914440721273 0.00975734833627939 -0.010186430066824 0.0161337312310934 0.0841193497180939 0.0332888029515743 0.0421345382928848 0.0281563457101583 -0.026805067434907 -0.0326966941356659 -0.140487968921661 -0.0656650811433792 0.00774711510166526 -0.0615888498723507 0.0132977729663253 -0.120071180164814
0.0172719284892082 0.00463121943175793 0.072195403277874 -0.0126070408150554 0.0293175987899303 -0.0622321963310242 0.00393530214205384 0.0631054937839508 0.0827008411288261 0.00138620508369058 -0.0188084412366152 -0.0480405054986477 0.0161760114133358 -0.0860023647546768 -0.0139195593073964 0.00791933014988899 -0.00754627026617527 0.0413780584931374 0.0260647926479578 -0.0419398806989193 -0.0349485650658607 -0.044305182993412 0.0673277452588081 -0.0476040281355381 0.0233397670090199 -0.047436848282814 0.0437801070511341 0.0303285457193851 -0.00405087834224105 -0.0957726538181305 0.0495406650006771 0.0352938286960125 -0.0300816930830479 2.21179088839563e-05 0.0357953459024429 -0.0301151592284441 -0.106940664350986 -0.0118817938491702 0.0163969323039055 -0.0201813373714685 -0.0642664209008217 -0.0522346124053001 -0.00337179307825863
-0.108815379440784 -0.065887525677681 -0.0216259621083736 -0.123073764145374 -0.0383367873728275 -0.0294278897345066 0.0946640074253082 -0.085431806743145 0.0429991818964481 -0.051266361027956 0.0988694429397583 0.0519954338669777 -0.0455129146575928 0.0485770255327225 0.00574429612606764 0.00501568941399455 0.00242569600231946 0.048887062817812 -0.0181593857705593 -0.0166156236082315 -0.042520098388195 -0.0174529142677784 -0.156911745667458 0.0387897677719593 0.0404306314885616 0.0236794501543045 -0.037653736770153 0.0580499358475208 -0.00464829104021192 -0.0886802077293396 0.0306634921580553 -0.00688927946612239 0.075356163084507 -0.0672136694192886 0.0354594439268112 0.0304514430463314 -0.0373018011450768 0.0573402531445026 0.0272851549088955 0.0136763658374548 0.0829556360840797 0.0451950803399086 -0.0302376765757799
-0.0151468021795154 -0.106000736355782 -0.0217793360352516 0.048663429915905 0.0734028518199921 -0.0086388261988759 -0.0354592837393284 0.0080231549218297 0.0565690398216248 -0.017895296216011 0.0276539977639914 -0.0762452110648155 0.0720522254705429 0.0312833525240421 0.00610615871846676 -0.0553754456341267 0.0738609954714775 -0.0390574373304844 -0.0216614603996277 -0.00544226821511984 -0.0295303072780371 -0.034477710723877 0.00680926442146301 0.101865217089653 0.0227500796318054 -0.000965181970968843 0.107230432331562 -0.0911296010017395 -0.0156413614749908 -0.00413896702229977 -0.0374215319752693 0.0145226577296853 0.0287227053195238 -0.0335559025406837 -0.0078852791339159 -0.05736193805933 0.0456797331571579 -0.0107327774167061 -0.0378606766462326 -0.0431463643908501 0.0831818282604218 0.0628953948616982 -0.0336811915040016
0.0118347965180874 0.083098903298378 -0.0229556281119585 0.00423734355717897 -0.0692292153835297 0.0144283566623926 -0.0914990231394768 0.0229994002729654 0.00826064590364695 0.096175953745842 -0.00515032885596156 -0.0955422893166542 -0.0404083058238029 -0.0216477569192648 0.00592921627685428 0.0118073159828782 0.0535922907292843 -0.01242889277637 -0.0457925014197826 -0.0288448631763458 0.0322690270841122 -0.0442572981119156 -0.0595887675881386 0.00280621112324297 -0.0048470483161509 0.132168591022491 0.0160774681717157 -2.33103837672388e-05 0.0224417056888342 -0.046724297106266 0.0177705679088831 -0.0358640812337399 -0.0295527875423431 -0.0878346934914589 0.0067596547305584 -0.00125646917149425 -0.0561413392424583 0.00389769347384572 0.0096597708761692 0.0125184813514352 -0.0855880156159401 -0.043262604624033 -0.0718782693147659
-999 -0.0369559712707996 -0.00580459833145142 -0.0421742759644985 -0.0371204726397991 0.0160160418599844 -0.00513608520850539 -0.0887923389673233 0.0377654284238815 0.105510152876377 -0.0812547281384468 -0.0643640980124474 0.0413883477449417 0.0210723001509905 -0.110163249075413 -0.00854647159576416 -0.12120159715414 -0.00999791081994772 -0.0170402694493532 -0.0345452055335045 -0.018874816596508 0.13408163189888 0.0172188021242619 -0.0286859348416328 -0.0121422810479999 0.0793726518750191 0.0258595123887062 -0.023189801722765 0.021709680557251 -0.0130574433133006 0.0950000062584877 0.0462754666805267 -0.0952202007174492 0.00703409966081381 0.015694372355938 -0.0347461551427841 0.018327709287405 -0.0336294732987881 0.0326254442334175 -0.00610859831795096 0.0642349049448967 -0.032196294516325 0.0259669683873653
0.0903530642390251 0.03779361769557 -0.0258948039263487 -0.0077216112986207 0.0499361865222454 0.110876649618149 -0.0561999194324017 -0.0249904990196228 0.0252239145338535 -0.229416608810425 0.0912599638104439 -0.0111472802236676 0.0955646112561226 -0.00423132022842765 -0.0668654590845108 -0.0843536481261253 0.0294475946575403 0.0332337617874146 0.0538531839847565 -0.0352600552141666 0.0223370082676411 0.0500376857817173 -0.00468654418364167 0.00372467446140945 -0.0358807779848576 0.0141994236037135 0.105297267436981 -0.00515999877825379 -0.0284763425588608 -0.0254994686692953 0.0890951454639435 -0.12268640846014 -0.131728366017342 -0.15829873085022 -0.0588180013000965 0.0737732499837875 0.0497016794979572 0.0157512314617634 0.0107276756316423 0.00994942337274551 0.107441410422325 0.0115652680397034 0.082221731543541
0.0447498708963394 0.0785189047455788 -0.0627992004156113 0.152761429548264 0.0566280782222748 -0.060157123953104 -0.0178848449140787 -0.112460076808929 0.0450562760233879 -0.00065322034060955 -0.340643316507339 0.0235292576253414 -0.0645255371928215 -0.0665378570556641 0.0583260506391525 0.0845695361495018 -0.00560039514675736 -0.0236649587750435 0.0350837856531143 -0.0909247845411301 0.00333170825615525 0.0116516435518861 0.0523796267807484 -0.0677246004343033 -0.0212694779038429 0.0100003927946091 -0.192284137010574 -0.0103886965662241 -0.049680158495903 0.0366995520889759 -0.0101738562807441 -0.0740385204553604 -0.0591291896998882 -0.0287213530391455 0.0260857678949833 -0.0434381812810898 -0.00514576025307178 -0.00215826113708317 0.0392110235989094 -0.0527096912264824 0.015491520985961 0.00361685175448656 0.123382776975632
