assets/gome_f/processed/ascii/world/gome_sif_world_20120101.asc
NCOLS 720 
NROWS 360 
XLLCORNER -180 
YLLCORNER -90 
CELLSIZE 0.5 
NODATA_value -3.4e+38 
[rows 95 to 113 of 360, columns 559 to 601 of 720]
-0.0209711659699678 0.0309592839330435 -0.0348114259541035 -0.00122218288015574 0.0368653908371925 0.0905605256557465 -0.0495800115168095 0.0213482193648815 -0.0162229221314192 -0.0165381729602814 0.00116253097075969 -0.0278542954474688 -0.0126479975879192 -0.00307400664314628 -0.0365505144000053 0.0501648522913456 -0.0174415912479162 0.0210021082311869 -0.0311387851834297 0.0508294887840748 0.00974733289331198 -0.0386571064591408 0.00146776170004159 -0.0552653260529041 -0.0273883640766144 -0.000681877136230469 0.0240872781723738 -0.115307912230492 -0.126256957650185 -0.0176153611391783 -0.0336898118257523 -999 -999 0.0869001671671867 -0.0329824090003967 -0.00550748780369759 -0.0143205346539617 0.00789378490298986 0.0275316033512354 -0.0220361370593309 0.00635498762130737 -0.0119410436600447 -0.0233861468732357
-0.0236376356333494 0.0329102054238319 0.0281815938651562 0.0062970407307148 -0.00265752570703626 -0.0143097024410963 0.0169069636613131 0.0146069545298815 -0.0578007474541664 0.00751090468838811 0.046516627073288 0.085668571293354 -0.0122796604409814 -0.0822762474417686 0.0232623144984245 0.041931513696909 0.0116915591061115 -0.0933704301714897 0.0148566691204906 0.0482813119888306 -0.0506882630288601 -0.0273241046816111 -0.0521818250417709 0.04024288803339 -0.140010640025139 -0.0721063017845154 0.00913537293672562 -0.0790255591273308 -0.109239868819714 0.0408155731856823 -0.0845953896641731 -0.115155845880508 -0.15071202814579 -0.0408605970442295 0.0403415001928806 -0.036169208586216 -0.0127056865021586 -0.0173605140298605 -0.0279243495315313 0.0229454953223467 0.0109700560569763 -0.00787862576544285 0.0226772651076317
-0.00997437722980976 -0.0675747469067574 -0.0229397360235453 0.0104031329974532 -0.0507036671042442 -0.0223581250756979 -0.0318089462816715 -0.0133433407172561 -0.0166356731206179 -0.063895970582962 -0.0087926909327507 -0.0383099503815174 -0.0636361017823219 -0.0549858808517456 -0.0320361629128456 0.0706662833690643 0.00262349541299045 -0.0336684584617615 0.0380482375621796 -0.0592783764004707 0.0372634567320347 -0.00633252458646894 -0.0919416919350624 -0.140958443284035 -0.0428422577679157 -0.0405126735568047 -0.0334640480577946 -0.0512809567153454 -0.0230160411447287 0.0170181728899479 -0.00670728366822004 0.0334360301494598 0.00316405994817615 0.00844467990100384 0.0173884443938732 0.0349060669541359 0.0125321913510561 -0.0387944653630257 0.0556450523436069 0.0165411662310362 -0.01702631264925 -0.00377925811335444 0.0240376610308886
-0.00807858165353537 0.07639529556036 -0.0411408320069313 -0.000860397121869028 0.00471944501623511 0.0428383238613605 0.0410592034459114 -0.031367301940918 -0.00680654589086771 -0.0488423071801662 -0.0342192649841309 -0.00145415333099663 0.0432837195694447 0.0619376264512539 -0.0492719821631908 -0.0262977201491594 -0.00838794745504856 0.0555135607719421 -0.000948616769164801 -0.0214085727930069 0.0240270793437958 -0.0423428229987621 -0.0204459615051746 -0.0331024490296841 0.0249891057610512 0.077355645596981 -0.00946953613311052 0.0313579849898815 0.00853160861879587 -0.0253927633166313 0.0259421728551388 -0.0306462831795216 -0.0307767521589994 -0.0114224273711443 0.0472498349845409 -0.0312108267098665 -0.0470472164452076 0.0233884621411562 -0.00378171843476593 -0.0314533896744251 0.0493826679885387 0.042812455445528 -0.0147909251973033
0.0498749241232872 -0.0347085446119308 -0.0674887076020241 -0.0704997405409813 0.0278530567884445 -0.0530926547944546 -0.0485941618680954 0.00827167835086584 0.0179784931242466 -0.0288623478263617 0.0151415197178721 0.0142085263505578 -0.010212860070169 0.0296803768724203 0.0248262919485569 0.00836512446403503 0.0255924928933382 -0.00616080174222589 -0.0157221779227257 0.0541962906718254 -0.0125935664400458 -0.00550937792286277 0.00136064947582781 -0.0188382547348738 0.00986188836395741 -0.0168455597013235 0.034499179571867 -0.00920962169766426 -0.0176406539976597 0.0314651541411877 0.0154371857643127 0.0261925291270018 -0.00266561238095164 -0.0207539983093739 0.0107327299192548 -0.0413731448352337 -0.0241014938801527 0.0541491508483887 -0.0273426081985235 0.0706960037350655 -0.0125488005578518 0.0164611786603928 0.0557081699371338
-0.010870199650526 0.061871524900198 -0.0185652654618025 0.0105619747191668 0.0630284249782562 0.0488263592123985 0.00040894077392295 0.0256636757403612 0.0667226314544678 0.00898889638483524 -0.0773482397198677 0.0228272099047899 0.0502541400492191 -0.00760440761223435 0.000360750302206725 0.0120408916845918 -0.0451073050498962 0.0131090646609664 -0.0349092707037926 0.0587151683866978 0.0385217256844044 -0.0372287184000015 -0.00312819518148899 -0.00249354797415435 -0.0015819170512259 -0.00990605913102627 0.023458844050765 0.0231713503599167 0.0466325283050537 -0.0344477295875549 0.0981998667120934 -0.00096653081709519 0.0207919254899025 -0.0291008725762367 0.0154455816373229 0.0225023981183767 0.0221931841224432 0.078873835504055 -0.00398081447929144 0.0427843891084194 -0.0257567670196295 -0.0514410957694054 0.05165621265769
0.0700743868947029 -0.0139185208827257 -0.0374210439622402 -0.0425626337528229 0.0479049161076546 0.0141270933672786 0.0460356622934341 0.0338684394955635 0.0151183400303125 -0.0184210296720266 -0.0899567380547523 -0.0221509858965874 0.035369623452425 -0.0156170157715678 -0.0187715087085962 0.0108813606202602 0.0146085172891617 0.0649159103631973 0.0557440631091595 0.0325268246233463 0.0625754222273827 0.0266842395067215 0.0139925600960851 0.0155631927773356 0.050356537103653 0.0099455788731575 0.0470125526189804 0.0358897894620895 -0.0675073489546776 0.0298601221293211 0.0290789846330881 0.000757459551095963 0.0172178260982037 0.0270260125398636 0.0280300937592983 0.0700206980109215 -0.0226547215133905 -0.0954973548650742 0.0832301527261734 0.0770009756088257 -0.00616493402048945 0.0630790367722511 -0.0597335547208786
0.00226563401520252 -0.0846017152070999 0.00119265913963318 -0.0255617331713438 -0.032332681119442 0.0131008112803102 -0.127779573202133 0.0859220921993256 0.0359030999243259 -0.0206572413444519 0.0578760914504528 0.0399968512356281 0.0915300995111465 -0.0074610854499042 -0.0158903766423464 0.0426779799163342 0.0817598700523376 0.00146816321648657 0.0203124154359102 -0.0477133840322495 0.0655015483498573 0.0286205969750881 0.0416382476687431 -0.0350496396422386 0.00376789062283933 0.0405456759035587 0.0228866711258888 0.0381449796259403 0.0123352706432343 -0.0098924795165658 -0.0246148128062487 0.0795194208621979 0.0566187053918839 0.0148992110043764 -0.0594137534499168 0.0806420892477036 0.0931953713297844 0.00980769097805023 -0.0215084049850702 0.0331167839467525 0.0478006228804588 -0.0124432910233736 0.0450621470808983
-0.101300396025181 0.0302546992897987 -0.0170088205486536 0.109264887869358 -0.0384298078715801 -0.0108712054789066 -0.0410389378666878 -0.0673991590738297 -0.119280941784382 0.0347135215997696 -0.0227906294167042 -0.0528044998645782 0.0891885608434677 0.00150862545706332 -0.055242583155632 -0.0852472856640816 0.487681299448013 0.272843539714813 -0.0546216256916523 0.01105912681669 0.0236733090132475 0.0103013310581446 0.0316140949726105 0.0167272053658962 0.0031474195420742 -0.0478144437074661 -0.00934468675404787 0.0871377885341644 -0.0118695963174105 -0.0123096508905292 0.000678053009323776 0.0789103731513023 0.0816884636878967 0.0541308782994747 0.0450619235634804 0.0619114898145199 0.0257907174527645 -0.0107715046033263 0.0166634730994701 0.0514576211571693 0.0463098548352718 -0.0346933901309967 0.0185852572321892
-0.0263821631669998 -0.00734113669022918 -0.0796670019626617 0.0065526207908988 0.0565801933407784 0.023485803976655 -0.0368155650794506 -0.0328185744583607 0.00112799403723329 -0.0466803126037121 -0.0678356364369392 0.0526719428598881 -0.00914883334189653 -0.00972206983715296 -0.0418502166867256 -0.0675982311367989 -0.0096258046105504 -0.0191127508878708 -0.00807999074459076 -0.0117571204900742 0.0914161205291748 -0.0307593885809183 -0.0238596647977829 0.0176847018301487 0.0215688664466143 -0.00294598541222513 0.027257289737463 -0.0103757735341787 -0.0299455747008324 0.00903528928756714 -0.0322150513529778 0.12000634521246 0.0736921429634094 0.148041114211082 0.08911994099617 0.0826589241623878 0.064826488494873 0.0128833176568151 0.0029226487968117 0.0840750187635422 -0.0162894986569881 0.000967739964835346 0.0537384711205959
-0.0578221790492535 0.0888332650065422 0.0817808583378792 -0.0588279478251934 0.0141940601170063 0.0565490387380123 -0.0242537353187799 -0.0211678985506296 -0.0400656387209892 0.0449005141854286 0.100520022213459 0.0233344882726669 -0.0390566661953926 0.0126330200582743 0.0656355619430542 0.0191809199750423 -0.0147726377472281 -0.0461833365261555 -0.0660744830965996 0.0445663966238499 -0.00510173290967941 0.00115308770909905 0.0469345636665821 0.059765562415123 -0.0087438989430666 0.00437221117317677 -0.049315556883812 -0.048684973269701 -0.0415960997343063 -0.0625042244791985 0.0501198656857014 -0.0131395924836397 0.040620394051075 0.0273436605930328 0.0667308866977692 0.104740932583809 -0.0151442382484674 0.104491114616394 0.00548988580703735 0.0313972942531109 0.0611563920974731 0.0833916366100311 0.0897522941231728
-0.0313055962324142 -0.103942558169365 -0.0184722170233727 0.0759659335017204 -0.0310364812612534 0.0150692965835333 -0.042748361825943 -0.0906588137149811 -0.0613543353974819 -0.0491356551647186 -0.0843605846166611 -0.0125739583745599 0.044879887253046 -0.0442719906568527 -0.0681228563189507 -0.0119493901729584 0.0403328500688076 -0.00485492870211601 -0.0224617067724466 -0.0274902153760195 -0.0219641402363777 0.00854464154690504 0.0158114153891802 0.0166476387530565 0.0189408026635647 -0.0164245143532753 -0.0314233563840389 -0.0218935254961252 0.0754803717136383 0.00700183631852269 0.0161865130066872 0.043649110943079 0.0187105610966682 0.0607833527028561 0.0176589265465736 -0.0373782627284527 -0.00131843495182693 0.0465755127370358 -0.026133855804801 0.0977912843227386 0.0275224279612303 0.0372165217995644 0.0690325647592545
-0.0156074473634362 0.08122219145298 -0.0414260104298592 0.010518572293222 -0.0209399741142988 -0.0120736584067345 -0.0333231836557388 0.0363797284662724 0.0268046427518129 0.0250177532434464 -0.0943897143006325 0.0760820955038071 -0.0242745447903872 -0.105978541076183 0.00767477229237556 -0.0310674272477627 0.0950216948986053 0.00127882417291403 -0.0160164274275303 -0.0602351166307926 0.0642727911472321 -0.0364988073706627 -0.0684919506311417 0.0574985146522522 -0.00401701545342803 -0.00210351427085698 -0.00473411241546273 -0.0492385551333427 0.00191985967103392 -0.0509689748287201 0.0568938963115215 0.037121519446373 0.0715532898902893 0.116582840681076 0.0141985863447189 -0.000519545690622181 0.0402111224830151 -0.0210305377840996 0.0233764424920082 0.0231683999300003 0.0859152004122734 0.05442064255476 0.0892483070492744
0.0692960992455482 0.0291615799069405 -0.0438194423913956 0.0133212171494961 0.0455335415899754 0.0313264802098274 -0.0918532162904739 -0.0637067183852196 -0.0823776870965958 -0.0131640527397394 -0.0103092147037387 -0.0569035485386848 -0.0443036742508411 0.0713699981570244 -0.0575795322656631 0.0727874562144279 0.0639621317386627 -0.0905627608299255 0.0326396636664867 -0.00991030689328909 0.0988974198698997 -0.0661515891551971 0.0812713429331779 0.0375712998211384 0.0235332008451223 0.125221237540245 0.0506074875593185 0.019360639154911 0.0893667042255402 0.0386449582874775 0.0194159168750048 0.0306659284979105 -0.169612601399422 0.0790946036577225 0.182325050234795 0.0375751368701458 0.042606882750988 0.00444592582061887 -0.017686927691102 0.0830848217010498 0.0469092428684235 0.0374277681112289 0.0265891347080469
0.165140926837921 0.0219436027109623 -0.0767447650432587 0.0650428757071495 0.0163169279694557 -0.030571460723877 0.0454378314316273 0.067120298743248 0.0876600593328476 -0.0124577386304736 -0.03015829436481 -0.0478791706264019 -0.0300206691026688 0.0574680343270302 0.0276366546750069 -0.131501719355583 0.0640490353107452 0.0804163664579391 0.00857380777597427 0.0378819964826107 0.101618036627769 0.087302029132843 0.00329430983401835 0.0605267956852913 0.0250271242111921 0.219165459275246 0.131216496229172 0.0369864627718925 0.0442109405994415 0.0787042006850243 0.0521272644400597 0.0982485488057137 0.0505805760622025 0.151234164834023 0.0411262847483158 0.0478715114295483 -0.00511491904035211 -0.0239352639764547 0.101758658885956 0.0604103915393353 -0.00272352644242346 0.0218717455863953 0.041576974093914
-0.0059516285546124 0.000981599092483521 -0.0351029299199581 -0.00847724918276072 0.127173632383347 -0.191184461116791 0.0607337392866611 0.0483431927859783 -0.108558051288128 -0.164615869522095 0.0641332045197487 0.130128741264343 0.0396947339177132 0.047437097877264 0.0641921982169151 0.0409935787320137 0.0259971246123314 0.10060491412878 0.0986201763153076 0.00386527786031365 0.0585877969861031 0.0979085937142372 0.0622138530015945 -0.0589658245444298 0.0772632360458374 0.0586369819939137 0.0616222210228443 0.0149949509650469 0.0767479240894318 0.146517887711525 0.0862511619925499 0.131680384278297 0.119404137134552 0.177113980054855 0.118826389312744 0.113343894481659 0.123729832470417 0.0897700637578964 0.0930794030427933 0.05738839879632 -0.0525844246149063 0.00358486990444362 0.0756112709641457
-999 0.129861935973167 -0.00428694486618042 -0.0292104464024305 0.0298529323190451 -0.0235381424427032 -0.0045979330316186 -0.0169447176158428 0.00506334472447634 -0.127046063542366 -0.0443267486989498 -0.0427202545106411 0.0687820985913277 0.00490563036873937 0.00513579836115241 0.0220898911356926 0.140423461794853 0.144392430782318 0.0360503792762756 0.105061575770378 0.0425368919968605 -0.0694753751158714 0.0041200490668416 -0.0625562444329262 -0.0355442352592945 0.0366215743124485 0.17702542245388 0.0610070750117302 0.129152402281761 0.11896625161171 0.105672031641006 -0.0538859814405441 0.174240440130234 0.113489001989365 0.143686056137085 0.181644305586815 0.146925777196884 0.0787451341748238 0.0726684778928757 0.11884443461895 0.0932811126112938 0.0354931391775608 -0.0889309123158455
0.00520328106358647 -0.0963598564267159 -0.0295979622751474 -999 -0.0160586796700954 -0.10046111792326 0.0339429900050163 0.0098950332030654 0.0166588742285967 -0.16816009581089 -999 0.0359391160309315 0.318275779485703 0.0992581844329834 0.0259186141192913 0.135037407279015 0.07401954382658 -0.0392809212207794 0.039262667298317 0.0115043791010976 -0.0163719858974218 0.0485903881490231 0.102836042642593 0.0228491798043251 -0.152498796582222 -0.0362854562699795 0.0415703654289246 0.00190114043653011 0.0865284577012062 0.301433056592941 0.145591586828232 0.286913931369781 0.157862290740013 0.310548692941666 0.167095214128494 0.205913886427879 0.152725711464882 0.17218554019928 0.11669760197401 0.0368693731725216 0.0916705504059792 0.0873043909668922 0.0672786831855774
-0.0297467801719904 0.0148578090593219 -0.122894011437893 -0.0493302419781685 -0.147658154368401 0.0397969856858253 -0.0927516520023346 -0.00219739763997495 -999 -0.0733743384480476 0.0494963638484478 -0.0171087291091681 0.257127374410629 -999 -0.0457265861332417 0.0740687549114227 0.0856938809156418 0.0583737306296825 -0.0255012158304453 0.142950341105461 0.333958715200424 0.110730729997158 0.100820802152157 0.062891885638237 0.140904784202576 0.0738425552845001 0.211747363209724 0.221309900283813 0.0865279138088226 0.224529981613159 0.243734911084175 0.281112104654312 0.203826189041138 0.221773043274879 0.253107488155365 0.17331737279892 0.265890002250671 0.195174351334572 0.0261497776955366 0.0675391107797623 0.0858494862914085 0.400414854288101 0.0547564402222633
