assets/gome_f/processed/ascii/world/gome_sif_world_20130501.asc
NCOLS 720 
NROWS 360 
XLLCORNER -180 
YLLCORNER -90 
CELLSIZE 0.5 
NODATA_value -3.4e+38 
[rows 228 to 246 of 360, columns 516 to 558 of 720]
0.0667266175150871 -0.0786918178200722 -0.0286365989595652 0.00593744590878487 -0.000563173904083669 -0.0369531325995922 -0.0703942477703094 -0.111249819397926 -0.0210043638944626 -0.0343430563807487 0.0336711667478085 0.0265916343778372 -0.0179536305367947 0.0988459885120392 0.0149603877216578 -0.0741108357906342 -0.0139731904491782 0.00843975134193897 -0.00728135276585817 -0.00141827389597893 -0.0482858009636402 -0.00779536552727222 0.0795008614659309 -0.088367685675621 -0.0414173118770123 0.0163994487375021 0.0907926186919212 -0.0351981818675995 -0.0789752155542374 -0.0754252746701241 0.0411299467086792 0.141240850090981 -0.0638510659337044 0.00377303594723344 -0.0040512508712709 -0.0707306712865829 -0.146966561675072 -0.149689078330994 0.0603862591087818 -0.0349322035908699 0.0561385191977024 0.107086703181267 -0.00930829532444477
-0.02224450558424 -0.0461125858128071 0.01857640594244 -0.0162159521132708 0.021316884085536 0.00914082117378712 -0.00124704686459154 -0.010196965187788 0.0812580958008766 -0.03444704413414 -0.00150214752648026 -0.0225133653730154 0.0658139362931252 0.00719230016693473 -0.0219459719955921 0.109032742679119 -0.0330117642879486 0.0300796870142221 0.0210187118500471 0.0265975072979927 0.0661369785666466 0.0113275470212102 0.00986372493207455 -0.0273710452020168 -0.112785652279854 0.0910392627120018 -0.0199024900794029 0.0106601770967245 -0.0187205448746681 -0.023506099358201 -0.0698518082499504 -0.0388533473014832 -0.11973824352026 0.0205654799938202 0.0332439132034779 -0.0220612306147814 -0.0567088648676872 0.0119983656331897 0.0905740186572075 -0.0951226279139519 0.00799985136836767 0.0133866248652339 0.00589746236801147
-0.0763136148452759 0.0439654216170311 -0.102938994765282 -0.051012821495533 0.0619762092828751 0.0141463512554765 -0.0593411140143871 0.0323168039321899 0.0447747744619846 -0.0902958884835243 -0.0245540365576744 -0.0383765660226345 -0.0385092981159687 -0.0562704280018806 0.0271046757698059 0.0118023110553622 -0.000883994100149721 0.040703222155571 -0.0374771505594254 0.0370416305959225 0.0432872362434864 0.00368663179688156 -0.102346353232861 0.0518543422222137 -0.024706868454814 -0.0873199552297592 0.0775664150714874 -0.046720564365387 -0.0672089084982872 -0.0357940718531609 -0.00883741304278374 0.0455248542129993 -0.0131279807537794 -0.039044450968504 0.0528800077736378 -0.0702962875366211 0.0637736320495605 -0.0360779203474522 0.031772319227457 0.0836444497108459 -0.0447090119123459 -0.0359205007553101 -0.000477531924843788
0.0015674049500376 -0.0368964187800884 -0.0119230356067419 -0.0112331574782729 -0.0563176944851875 0.0160373169928789 0.0664071440696716 -0.0584576576948166 0.0207149311900139 -0.0275611840188503 0.0489739179611206 0.0143940281122923 -0.0394384898245335 -0.0412031561136246 0.0223611276596785 -0.00816452503204346 -0.012739579193294 -0.0211831498891115 -0.0441002957522869 -0.0337327718734741 0.0219249352812767 0.072463296353817 -0.0420114062726498 0.011139259673655 -0.020855501294136 -0.156477332115173 -0.00481220474466681 -0.0298543274402618 0.0233658663928509 -0.0252850353717804 0.0541338361799717 -0.0861896350979805 -0.0579961873590946 0.0453157126903534 -0.147679701447487 -0.0388186350464821 -0.0848433151841164 0.0602754019200802 -0.00666030216962099 0.0148774720728397 0.0197812058031559 0.0594150722026825 0.0363577529788017
0.0328688956797123 -0.0407397784292698 0.0347766578197479 0.0299515668302774 0.0402207523584366 -0.0195055939257145 0.0676479935646057 -0.0400459580123425 -0.00242713303305209 -0.113018102943897 -0.0474130995571613 -0.10932856798172 0.028571018949151 -0.00446360418573022 0.085017092525959 -0.038952324539423 -0.0279505718499422 0.0478978492319584 0.0240391325205564 -0.0796889513731003 0.02537358738482 0.0447490885853767 -0.00072970986366272 -0.111991390585899 -0.0788059085607529 0.0158171560615301 -0.0464913435280323 0.0215636771172285 -0.0416653789579868 -0.0806622132658958 -0.0514781586825848 0.0156261641532183 -0.00310121825896204 -0.069823794066906 -0.0663039684295654 0.0607119649648666 -0.0872474759817123 0.050660215318203 0.125050097703934 0.0437455326318741 0.0873939096927643 -0.0230272375047207 0.0293829347938299
-0.0722975581884384 -0.0120470356196165 0.0108038643375039 0.0273319017142057 -0.0285649057477713 -0.076915517449379 0.0214383788406849 -0.0327676348388195 -0.0354637391865253 -0.0276577565819025 0.0155546385794878 -0.0242111664265394 0.0663711652159691 0.0527639649808407 0.0130907678976655 -0.0394124649465084 0.0244844295084476 0.0123538337647915 -0.00166307168547064 -0.0402158014476299 -0.0358032621443272 0.112295262515545 -0.00163747242186219 0.0365082025527954 -0.0734255760908127 -0.135335803031921 0.233988329768181 -0.0243374574929476 -0.0674748867750168 -0.0504666082561016 -0.0295328181236982 -0.00617466447874904 0.0377762392163277 0.019291128963232 0.020964689552784 0.00574514688923955 -0.0361732505261898 0.0654873177409172 -0.0741800889372826 0.0329074934124947 -0.0061502349562943 -0.0482573248445988 -0.0724802762269974
0.0202262438833714 -0.00471366103738546 0.0507911555469036 -0.0569908916950226 0.0173716861754656 -0.0936750844120979 0.00487461034208536 -0.0530846565961838 0.0343286208808422 0.0135001987218857 0.0247011780738831 -0.0265825632959604 -0.0249272100627422 -0.0564139559864998 -0.0465748757123947 0.082125648856163 -0.0147755071520805 -0.100306004285812 0.0814591348171234 -0.0562157295644283 -0.0276801940053701 -0.023632787168026 0.0309259388595819 0.00187401287257671 0.0739431083202362 0.0591409131884575 -0.00161442975513637 0.0314515419304371 0.0940067172050476 -0.0497420355677605 0.106991373002529 -0.0295221228152514 -0.0233289264142513 -0.042033277451992 0.00872816145420074 -0.0350777357816696 0.028553107753396 -0.00173996319063008 0.0327167436480522 -0.017194913700223 0.13947868347168 0.0152679616585374 -0.000903776381164789
0.00691196694970131 0.00448823580518365 0.00703882984817028 -0.0367554165422916 0.0384819582104683 0.0869021266698837 -0.00275639840401709 0.00829085987061262 -0.0229845996946096 -0.0051490324549377 -0.0271644610911608 0.0398632623255253 0.019259475171566 0.065395899116993 -0.0826018452644348 -0.00160679966211319 0.00256629777140915 -0.0465504191815853 -0.0172444134950638 -0.0253448691219091 -0.0299190208315849 0.0257991496473551 0.0211346745491028 -0.026295144110918 -0.0515060387551785 -0.0425181351602077 -0.00630744732916355 -0.027042455971241 0.0792165994644165 0.00592845678329468 0.0673871859908104 -0.0875853002071381 0.0346971973776817 -0.0721413269639015 -0.0226102527230978 -0.0188109185546637 0.0509110279381275 -0.0649038776755333 -0.022201482206583 0.0377938821911812 -0.0443398021161556 0.0169427264481783 -0.0604752972722054
-0.033957976847887 -0.0585514083504677 0.00839581247419119 -0.00744084175676107 0.0204741023480892 0.0385111570358276 0.0108254542574286 -0.0232681147754192 0.00622272677719593 0.0371853411197662 -0.015689305961132 0.0339365750551224 0.0146243926137686 -0.0505058169364929 0.119633436203003 0.0705598071217537 -0.0862876996397972 0.0583771578967571 -0.0110722398385406 -0.00691032642498612 0.000375450908904895 -0.0142493406310678 0.0384544730186462 -0.000591587682720274 0.00513860583305359 0.0587427541613579 -0.0288684461265802 0.00835896003991365 0.0920967608690262 -0.0300507750362158 0.0784889236092567 -0.0784007683396339 -0.168797746300697 -0.00860120356082916 0.0642253234982491 0.00325399497523904 -0.124534212052822 -0.00432170042768121 0.0683338642120361 0.128967687487602 -0.0274774823337793 -0.038880467414856 0.0246967431157827
-0.031085466966033 -0.0146781262010336 0.034704215824604 0.0358958058059216 -0.00366780092008412 0.0113900452852249 -0.00178288528695703 0.0207649208605289 -0.00632260134443641 -0.0545204170048237 0.000925394124351442 0.132013708353043 0.0890499204397202 -0.0567999891936779 -0.0206668321043253 0.0132183544337749 0.00670633558183908 0.0473871417343616 -0.0886569544672966 -3.70573252439499e-05 -0.0128725916147232 0.0866152048110962 -0.0576170943677425 -0.0318414606153965 0.0236528180539608 -0.106057897210121 0.0128115778788924 -0.0265178736299276 0.0221992321312428 -0.165844962000847 -0.0890693813562393 -0.0736322999000549 -0.0469700358808041 -0.0419820547103882 -0.0253730025142431 0.0998540222644806 0.0644232109189034 -0.0140719190239906 -0.0155833037570119 -0.0238900072872639 -0.0543834343552589 0.0288699474185705 0.00261232419870794
0.0953863859176636 0.0010371021926403 -0.0126924170181155 -0.00593053689226508 -0.0491885431110859 -0.00555316219106317 0.0124102793633938 -0.0155671471729875 -0.0132749006152153 -0.0436477214097977 0.0381568148732185 0.0314313769340515 0.0423383377492428 0.0447648428380489 -0.0551002360880375 -0.0257310587912798 0.0636679604649544 -0.0396715626120567 -0.0634418129920959 -0.0515698343515396 -0.0222475659102201 -0.00933909229934216 -0.106850750744343 -0.0260930098593235 0.0501397103071213 0.0231672432273626 -0.0338156707584858 0.0508198849856853 -0.0428253710269928 0.0586370639503002 0.0169225409626961 -0.00313857849687338 -0.0749140009284019 -0.0734228789806366 -0.046000774949789 -0.00922639574855566 -0.00700552761554718 0.0315159000456333 -0.0548994354903698 -0.00249771331436932 0.0915030837059021 -0.111145108938217 -0.06264828145504
-0.0878371447324753 0.0451680347323418 0.0181272011250257 -0.0594649314880371 0.0078733554109931 -0.0274916384369135 0.116264894604683 0.0179723538458347 0.042894259095192 -0.0315730758011341 -0.0503787584602833 -0.0820082351565361 0.0369626134634018 -0.0484079457819462 0.00680510187521577 -0.0469433665275574 -0.0416654571890831 -0.0083429953083396 0.0209545828402042 -0.00904353335499763 -0.0118206264451146 -0.0701989084482193 -0.101074978709221 -0.0253229960799217 0.0840857774019241 0.0624124892055988 0.0240766182541847 0.0426708646118641 0.0186287313699722 0.0988139435648918 -0.13449364900589 -0.000393196329241619 0.0569175221025944 0.00108232535421848 -0.0447053350508213 0.00271963118575513 -0.128558903932571 -0.0125272050499916 0.0789818689227104 -0.00315275462344289 0.0459135770797729 -0.0637765675783157 -0.018204540014267
-0.0720726102590561 0.0150615032762289 0.0188947860151529 -0.0756248459219933 -0.00906240753829479 0.0154407611116767 -0.0727441385388374 -0.0377104841172695 -0.0785500109195709 -0.0184303279966116 -0.0246585309505463 0.0448618419468403 -0.0241604894399643 0.0141846537590027 0.0756700485944748 -0.0499211587011814 -0.0198317393660545 -0.0160196572542191 -0.00950175616890192 -0.0391800031065941 0.0558319129049778 -0.010904342867434 -0.109718166291714 -0.0223690327256918 0.00921635422855616 -0.0288219526410103 0.0486383177340031 0.105688259005547 -0.0604896061122417 -0.0559450574219227 0.0388798341155052 -0.0117934281006455 0.040916807949543 -0.00825667940080166 -0.094231054186821 0.0151273207738996 0.0142696090042591 0.0136364884674549 -0.0794794484972954 -0.0716311633586884 0.0338943675160408 -0.126577839255333 -0.018287917599082
0.00447802431881428 -0.0852293968200684 -0.0648107528686523 -0.0567087680101395 -0.031166672706604 0.0544386096298695 -0.055902436375618 0.0242591891437769 -0.11249116063118 -0.00156527396757156 -0.0313673578202724 0.175398543477058 0.0163052752614021 -0.0898588448762894 0.0178475007414818 -0.0100287273526192 0.0425444059073925 0.0328233502805233 -0.135938048362732 -0.044480811804533 0.0196786355227232 -0.151986300945282 -0.00666021090000868 -0.217010095715523 -0.122215822339058 -0.124360419809818 -0.0578125789761543 -0.00205425918102264 -0.0548528507351875 0.00541668711230159 -0.0812436267733574 -0.0376251377165318 0.0296871773898602 -0.0401576012372971 -0.064484030008316 -0.0343909934163094 0.120213039219379 0.0392883196473122 -0.0612842999398708 0.0411076806485653 -0.00984288193285465 0.0505427233874798 0.0628526657819748
-0.0178624354302883 0.0419077947735786 0.000771050632465631 0.0122030340135098 0.0396964550018311 0.0206791069358587 -0.0416913218796253 0.068659707903862 0.0141947790980339 0.030437408015132 -0.0150814494118094 0.0212935861200094 -0.016436405479908 -0.0677890628576279 -0.056220855563879 -0.0343208648264408 0.102176785469055 0.047930184751749 -0.058434683829546 -0.0516147501766682 0.0266182515770197 -0.0284089557826519 0.0390946120023727 -0.125439539551735 -0.0791395157575607 -0.0685421302914619 0.089014858007431 -0.016583452001214 0.0137368682771921 -0.0454061180353165 -0.0752793177962303 -0.0425896309316158 -0.0711297541856766 -0.0295315161347389 0.00705151353031397 0.0591377206146717 0.0677925422787666 0.0470339134335518 0.0172446146607399 -0.047918114811182 0.116765074431896 0.0224738642573357 0.00565138924866915
0.0554636716842651 0.0159462131559849 -0.0340416431427002 -0.058377742767334 0.0452002696692944 -0.202987536787987 -0.0567981787025928 -0.126339331269264 -0.00808106642216444 -0.0284338798373938 0.0118907075375319 -0.0807477533817291 0.101358950138092 0.0876455307006836 -0.00686316005885601 0.0161333475261927 -0.047329094260931 0.0496014915406704 -0.0644757673144341 -0.0470550768077374 0.0529655590653419 -0.141132161021233 -0.0192556139081717 0.0380153730511665 -0.092243492603302 -0.131299436092377 -0.0249089896678925 0.0391097851097584 -0.0701592266559601 -0.0854222476482391 0.0174734983593225 -0.0511410050094128 -0.0698415786027908 -0.0370227620005608 0.10366203635931 -0.0155300404876471 -0.0016915766755119 0.0212979018688202 -0.0142633430659771 -0.0366692654788494 -0.0401451960206032 -0.0174290761351585 -0.0744613856077194
0.0818055495619774 0.0320213846862316 0.0119165210053325 0.0274476613849401 0.0305894687771797 0.00874638929963112 0.0480356179177761 0.0243306662887335 -0.134795144200325 -0.0360579118132591 0.0403565876185894 -0.0198784749954939 0.128290385007858 0.00546740833669901 -0.0138128772377968 -0.0291792787611485 -0.0418313220143318 0.0438024215400219 -0.00647562369704247 0.0842538848519325 -0.0735407769680023 0.0127246743068099 -0.0346134938299656 -0.0545790195465088 -0.117418453097343 -0.0791315883398056 0.0482109487056732 0.0146186528727412 -0.00294162495993078 0.0171980336308479 -0.0430008880794048 -0.0271745417267084 0.122487112879753 -0.0412351526319981 -0.0266367942094803 -0.00228625745512545 -0.0289675816893578 -0.00608894089236856 0.052297055721283 -0.0506772622466087 0.00430450448766351 0.0521225593984127 -0.0953421741724014
-0.0746665671467781 0.00525062251836061 0.0346853099763393 -0.000340143596986309 -0.031489085406065 -0.105559438467026 0.0772577673196793 -0.0220201481133699 0.0890684425830841 0.0233292132616043 -0.0275015216320753 -0.0143034840002656 -0.0352112278342247 0.0410120636224747 -0.0568409860134125 -0.127877682447433 0.0361369550228119 -0.0730718672275543 0.0111605823040009 -0.0258864052593708 0.0498119257390499 0.0192505940794945 0.0814312323927879 -0.0398670174181461 -0.183652341365814 -0.0451770015060902 0.0370290726423264 -0.147342517971992 0.0397502332925797 -0.0898480489850044 -0.0231331940740347 -0.166503146290779 -0.00998159311711788 -0.0445873998105526 0.0862416252493858 -0.0592209473252296 -0.381047010421753 0.0715897530317307 0.151391804218292 -0.0649491026997566 0.000329354050336406 -0.0693782716989517 -0.0478134974837303
0.0739512965083122 -0.0868607833981514 -0.0428782142698765 0.00220289570279419 0.0212611481547356 -0.0378921777009964 -0.114571586251259 0.00548393791541457 -0.020877230912447 -0.0201204735785723 -0.00672381464391947 -0.00661867018789053 -0.0784069299697876 0.00547867594286799 0.000471698673209175 0.0210033506155014 0.0097211766988039 0.0210508573800325 0.0651034116744995 -0.0363834835588932 -0.089524507522583 -0.0358416400849819 -0.0115771628916264 -0.0464609451591969 0.0253694150596857 0.0116459224373102 -0.0133894113823771 -0.0497182123363018 0.0368198119103909 0.0214339904487133 -0.00462078070268035 -0.024899672716856 0.100047469139099 0.0135820265859365 0.0614299960434437 0.028176411986351 -0.0163215752691031 -0.0352890715003014 0.0108583848923445 -0.0299251917749643 0.0435225628316402 -0.00982551742345095 -0.0463683679699898
