assets/gome_f/processed/ascii/world/gome_sif_world_20130801.asc
NCOLS 720 
NROWS 360 
XLLCORNER -180 
YLLCORNER -90 
CELLSIZE 0.5 
NODATA_value -3.4e+38 
[rows 57 to 75 of 360, columns 387 to 429 of 720]
0.221791714429855 0.168669462203979 0.355955094099045 0.356401175260544 0.290091156959534 0.349188625812531 0.404590219259262 0.235671773552895 -0.0188207421451807 -0.0273054055869579 -0.0248980987817049 0.00202365196309984 -0.0750850290060043 0.0920522063970566 0.00397565774619579 0.00335857388563454 0.305266380310059 0.363017588853836 0.387825667858124 0.422076106071472 0.214996114373207 0.461782157421112 0.465637594461441 0.358843058347702 0.357799053192139 0.383688569068909 0.276228398084641 0.263906985521317 0.253364861011505 0.181144177913666 0.205476343631744 0.249363124370575 0.334185630083084 0.168153434991837 0.00966646522283554 -0.0927621573209763 -0.00690681207925081 0.134542673826218 0.128407329320908 0.298202902078629 0.245095461606979 0.365266531705856 0.354178369045258
0.316021978855133 0.233703717589378 0.390908390283585 0.455994188785553 0.293562442064285 0.367000102996826 0.360026657581329 0.237658366560936 0.00857306737452745 -0.00534771801903844 -0.0670338347554207 -0.0892802253365517 0.0196455027908087 0.0216470304876566 -0.0616368278861046 0.0933951064944267 0.345324575901031 0.335246503353119 0.219384983181953 0.33559462428093 0.226331740617752 0.435208201408386 0.370788246393204 0.28295886516571 0.403237015008926 0.300545334815979 0.232070103287697 0.296061635017395 0.1265988945961 0.147113427519798 0.300311058759689 0.308504462242126 0.279145270586014 0.260335266590118 0.087362214922905 -0.0174407474696636 -0.105162426829338 -0.016003243625164 0.185704007744789 0.303385764360428 0.387621909379959 0.256459683179855 0.409808337688446
0.109304614365101 0.259648948907852 0.239895015954971 0.238574475049973 0.331792086362839 0.368293583393097 0.32572466135025 0.39572337269783 0.358035445213318 0.374609410762787 0.202661618590355 0.127374827861786 0.0141010880470276 0.0299102365970612 0.0246073678135872 0.0721913352608681 0.136889293789864 0.135197311639786 0.188637554645538 0.226835057139397 0.237211346626282 0.168901979923248 0.333572924137115 0.0529658310115337 0.173318788409233 0.0510539226233959 -0.0313992314040661 -0.0169610604643822 0.117086336016655 0.040534570813179 -0.0467526353895664 0.176737904548645 0.169742181897163 0.211143121123314 0.28274667263031 0.114067107439041 0.0453473962843418 0.0826738923788071 0.164842858910561 0.440941482782364 0.33935159444809 0.365870177745819 0.31704169511795
0.310313791036606 0.340282082557678 0.273852348327637 0.300313234329224 0.362347990274429 0.361099153757095 0.330561608076096 0.259522318840027 0.232084274291992 0.415662497282028 0.269019365310669 0.0514026880264282 0.0178089160472155 -0.0902234390377998 -0.0596244633197784 -0.00323595106601715 -0.0483148880302906 0.0343794226646423 0.0262717194855213 0.0904327407479286 0.0142304711043835 0.159283131361008 0.0585463829338551 0.061169195920229 0.0255003795027733 0.106413170695305 0.103501856327057 -0.002607352565974 0.0358391031622887 0.195155531167984 0.332086324691772 0.333283692598343 0.399216920137405 0.479172766208649 0.416866362094879 0.399795114994049 0.308484673500061 0.596933305263519 0.510973870754242 0.381012350320816 0.328766345977783 0.376391023397446 0.350438594818115
0.122010298073292 0.231301009654999 0.339266657829285 0.374908268451691 0.336047381162643 0.334185987710953 0.345660716295242 0.268121272325516 0.274773836135864 0.204856231808662 0.12600713968277 -0.0810042545199394 0.0449283383786678 0.0609068758785725 0.0172895435243845 -0.10687991976738 0.0354279093444347 -0.023481160402298 0.0799985751509666 0.106191471219063 0.142906606197357 0.283893316984177 0.3845354616642 0.287922084331512 0.298482567071915 0.459611088037491 0.388304352760315 0.49470841884613 0.24731919169426 0.419795006513596 0.424524992704391 0.436025112867355 0.328091681003571 0.50049751996994 0.553156554698944 0.461851298809052 0.540545284748077 0.39732152223587 0.504603624343872 0.391877323389053 0.497393876314163 0.417878836393356 0.443020164966583
0.218959540128708 0.220484048128128 0.216228395700455 0.359552055597305 0.416756093502045 0.37777441740036 0.233164116740227 0.25028458237648 0.00447969185188413 -0.0244847033172846 -0.0461686886847019 0.0105380872264504 -0.0156558901071548 -0.0213610138744116 -0.158477365970612 -0.0829098299145699 -0.0237747114151716 0.166324242949486 0.192667827010155 0.179398059844971 0.23303459584713 0.22893700003624 0.450596392154694 0.493040174245834 0.521279513835907 0.55769294500351 0.274404615163803 0.160594001412392 0.202210023999214 0.356803357601166 0.418021410703659 0.325498402118683 0.398734778165817 0.448399841785431 0.469592899084091 0.478865027427673 0.469483464956284 0.44747668504715 0.398979663848877 0.43585193157196 0.472156375646591 0.44064074754715 0.313610374927521
0.335099339485168 0.403669983148575 0.204595535993576 0.268489509820938 0.301386326551437 0.2716164290905 0.140486612915993 0.0848570913076401 -0.021410608664155 -0.0849883481860161 -0.0909008234739304 -0.0589176975190639 -0.0609623864293098 -0.0201525576412678 -0.116237677633762 -0.079803965985775 -0.0388205163180828 0.0429133176803589 0.0830369740724564 0.0458230227231979 -0.0720245838165283 0.177617087960243 0.0795527920126915 0.387460231781006 0.519936144351959 0.399364620447159 0.438070237636566 0.369781315326691 0.266027271747589 0.387343347072601 0.507008969783783 0.449568659067154 0.485726207494736 0.566138029098511 0.498899787664413 0.374822169542313 0.411017119884491 0.401003271341324 0.509375810623169 0.403861314058304 0.412335395812988 0.481180429458618 0.390861511230469
0.387375801801682 0.297034621238708 0.482299953699112 0.380780756473541 0.247770920395851 0.170017465949059 0.101935252547264 -0.024766331538558 -0.0852027088403702 -0.0564795657992363 0.11526083946228 -0.00672889733687043 0.0738805159926414 -0.131142914295197 0.000758057285565883 0.0108546558767557 0.0364022590219975 0.17827682197094 0.0597202368080616 0.00866089388728142 -0.0300437491387129 0.0133826239034534 0.200250297784805 0.453466504812241 0.348456084728241 0.360220402479172 0.472632020711899 0.43886786699295 0.383258610963821 0.590209245681763 0.497438967227936 0.299002140760422 0.601175367832184 0.508721470832825 0.467269241809845 0.469083070755005 0.384235084056854 0.500879466533661 0.553528726100922 0.429966598749161 0.385419577360153 0.370918035507202 0.45996680855751
0.362767308950424 0.349128425121307 0.322981774806976 0.247328758239746 0.470948070287704 0.419751912355423 0.0804516300559044 -0.0389712490141392 0.0797951593995094 0.0371260270476341 0.179088830947876 -0.0272257383912802 0.00191109662409872 0.00185498432256281 -0.0221193917095661 -0.0327329039573669 0.244947597384453 0.280235946178436 0.332704901695251 0.188756421208382 0.0321829132735729 0.139999389648438 0.229244381189346 0.384894371032715 0.403292447328568 0.517727375030518 0.480632066726685 0.547162532806396 0.538273572921753 0.419908046722412 0.50818145275116 0.560916781425476 0.508634328842163 0.417631179094315 0.278050690889359 0.325614720582962 0.497738063335419 0.525208234786987 0.390302419662476 0.409477382898331 0.489091217517853 0.335218548774719 0.402523636817932
0.314638942480087 0.370146989822388 0.288083612918854 0.298996865749359 0.257215440273285 0.324720025062561 0.141702830791473 -0.00542857358232141 -0.117973700165749 0.0187818147242069 -0.0227470342069864 0.0731823518872261 -0.0985611528158188 0.00943528022617102 -0.0200783461332321 0.116793148219585 0.379753589630127 0.329701602458954 0.409530967473984 0.295412480831146 0.387885600328445 0.370198339223862 0.498677343130112 0.418223083019257 0.419485956430435 0.498472154140472 0.45833945274353 0.271870076656342 0.467350631952286 0.363045334815979 0.396675527095795 0.401544690132141 0.602632761001587 0.593776166439056 0.475976377725601 0.424967646598816 0.547977387905121 0.42900875210762 0.477340281009674 0.364107191562653 0.38912034034729 0.541995048522949 0.520410120487213
0.414520561695099 0.364529252052307 0.288187772035599 0.123247355222702 0.222175821661949 0.0564062744379044 -0.0275030191987753 -0.00665274588391185 -0.000335516146151349 -0.0558937266469002 -0.00545015512034297 -0.034349761903286 -0.0235752854496241 -0.107621349394321 -0.063621498644352 0.287188768386841 0.367834329605103 0.404138445854187 0.185027375817299 0.296376287937164 0.268130391836166 0.293049931526184 0.41098889708519 0.439635425806046 0.534619271755219 0.417596757411957 0.427794396877289 0.307394295930862 0.465546518564224 0.426180869340897 0.502947926521301 0.465734958648682 0.427183747291565 0.429181545972824 0.48151034116745 0.372210830450058 0.38352432847023 0.506931066513062 0.446061491966248 0.375463664531708 0.589473903179169 0.553391933441162 0.424928784370422
0.231880813837051 0.210290417075157 0.0970045104622841 -0.00898324698209763 0.0523486435413361 -0.0386984683573246 -0.104767508804798 -0.0266335196793079 -0.103996381163597 0.0426630154252052 -0.0120355151593685 -0.0464979745447636 -0.0150904189795256 -0.0422728396952152 -0.0723035931587219 0.150074124336243 0.43377360701561 0.46808797121048 0.483224004507065 0.401397824287415 0.333986937999725 0.282974153757095 0.309225529432297 0.361023038625717 0.502784609794617 0.493142336606979 0.505489945411682 0.439789593219757 0.405539155006409 0.375751554965973 0.403130024671555 0.439793109893799 0.477080851793289 0.51160079240799 0.485987782478333 0.391454428434372 0.48126220703125 0.524111211299896 0.319591134786606 0.444973558187485 0.481008678674698 0.491296291351318 0.573619723320007
0.0593619272112846 0.0718018412590027 0.0621446259319782 -0.0234095714986324 -0.0365126878023148 0.022783761844039 -0.10548847168684 -0.0406630672514439 -0.0307949334383011 0.0320396050810814 -0.0427141524851322 -0.101748138666153 -0.0258600600063801 0.00837892107665539 0.0621722228825092 0.201139360666275 0.48645481467247 0.522229909896851 0.556310176849365 0.427954584360123 0.339336067438126 0.506933927536011 0.538538038730621 0.458471924066544 0.495326966047287 0.506922960281372 0.523057818412781 0.465504765510559 0.522251009941101 0.363505780696869 0.393767565488815 0.480640679597855 0.506232440471649 0.479132533073425 0.535905063152313 0.448738843202591 0.533828318119049 0.483747452497482 0.463433563709259 0.471006333827972 0.460477352142334 0.558721363544464 0.456720978021622
0.0487401001155376 0.0953729748725891 0.0515205562114716 0.115115486085415 0.0438033118844032 0.00301381945610046 0.131339833140373 0.186403870582581 0.203976944088936 0.241376474499702 0.142430976033211 0.171598300337791 0.053123127669096 0.401690512895584 0.435738742351532 0.422250539064407 0.444726139307022 0.435057371854782 0.394243508577347 0.404509961605072 0.357251524925232 0.33661088347435 0.445397794246674 0.444785267114639 0.450141310691833 0.233956322073936 0.375091791152954 0.411550521850586 0.418536156415939 0.420588403940201 0.578652143478394 0.59828794002533 0.459525287151337 0.369807332754135 0.497017383575439 0.381981819868088 0.501948654651642 0.542626202106476 0.338260799646378 0.441818684339523 0.404774248600006 0.388620376586914 0.509248852729797
0.18382416665554 0.192094936966896 0.0865172147750854 0.079102449119091 0.258018732070923 0.261034578084946 0.413250952959061 0.366702169179916 0.335362315177917 0.221699625253677 0.292152017354965 0.315097272396088 0.364591240882874 0.439564913511276 0.417401283979416 0.373997718095779 0.493309706449509 0.527843475341797 0.440683960914612 0.496137261390686 0.48943430185318 0.366109013557434 0.387174397706985 0.348010063171387 0.439224779605865 0.387708961963654 0.359463304281235 0.520329058170319 0.451405704021454 0.40895864367485 0.367268025875092 0.394203901290894 0.416627109050751 0.397522479295731 0.317645877599716 0.437372833490372 0.448185831308365 0.465017199516296 0.400132954120636 0.47531595826149 0.488883435726166 0.377979636192322 0.511222302913666
0.440403193235397 0.37451645731926 0.308648407459259 0.318758964538574 0.366855025291443 0.31379696726799 0.319949179887772 0.376497954130173 0.25852358341217 0.405683279037476 0.309974849224091 0.300617545843124 0.42801821231842 0.398071736097336 0.353751212358475 0.35310235619545 0.374682396650314 0.437270879745483 0.419707059860229 0.422852903604507 0.365275144577026 0.477626293897629 0.461521983146667 0.337662875652313 0.426531195640564 0.400592684745789 0.389581352472305 0.439773708581924 0.423589706420898 0.455035954713821 0.575444161891937 0.389546155929565 0.335811346769333 0.517325639724731 0.402778267860413 0.415706396102905 0.386485427618027 0.502048492431641 0.523795068264008 0.504702627658844 0.398171752691269 0.489996284246445 0.421689122915268
0.297576576471329 0.473598957061768 0.443704158067703 0.409814029932022 0.4123654961586 0.446584582328796 0.457587510347366 0.479417324066162 0.380114138126373 0.432844161987305 0.477029949426651 0.336219280958176 0.322619408369064 0.392741948366165 0.344612896442413 0.513382494449615 0.356232315301895 0.431694805622101 0.346422135829926 0.439428389072418 0.375394910573959 0.434736579656601 0.376082479953766 0.36262509226799 0.368024945259094 0.477034002542496 0.400921136140823 0.451640397310257 0.397613614797592 0.319627076387405 0.527193367481232 0.454073250293732 0.453977584838867 0.498119652271271 0.556566894054413 0.459170609712601 0.501330316066742 0.447464615106583 0.430542200803757 0.56753945350647 0.403777867555618 0.368233293294907 0.463006108999252
0.461318492889404 0.446922153234482 0.411175847053528 0.404133796691895 0.505817353725433 0.347920536994934 0.400025069713593 0.443722665309906 0.340466022491455 0.364713907241821 0.444021850824356 0.309930115938187 0.421466439962387 0.428275048732758 0.334560394287109 0.277432769536972 0.366711527109146 0.326645106077194 0.567108929157257 0.543128132820129 0.546046316623688 0.403235197067261 0.471040725708008 0.470631897449493 0.478725433349609 0.43895822763443 0.486346811056137 0.355399549007416 0.458131194114685 0.501010537147522 0.48931097984314 0.369904279708862 0.333255290985107 0.51145601272583 0.451667338609695 0.428870022296906 0.489454567432404 0.354532510042191 0.365014135837555 0.4130479991436 0.556731760501862 0.479703038930893 0.450907737016678
0.391351133584976 0.460773140192032 0.416813731193542 0.452850043773651 0.433770149946213 0.519639074802399 0.35757440328598 0.351588636636734 0.319501340389252 0.505993366241455 0.317377865314484 0.406690925359726 0.30469161272049 0.429330617189407 0.348679691553116 0.375758498907089 0.565026879310608 0.435768514871597 0.434023290872574 0.311776340007782 0.362157136201859 0.322814494371414 0.486478120088577 0.409113943576813 0.493891596794128 0.42616879940033 0.495074987411499 0.471640437841415 0.485728532075882 0.383578568696976 0.459158658981323 0.435532987117767 0.485557287931442 0.425534337759018 0.566003262996674 0.4105564057827 0.358603715896606 0.426611840724945 0.47067928314209 0.400576949119568 0.556279420852661 0.437146306037903 0.409688800573349
