assets/gome_f/processed/ascii/world/gome_sif_world_20111001.asc
NCOLS 720 
NROWS 360 
XLLCORNER -180 
YLLCORNER -90 
CELLSIZE 0.5 
NODATA_value -3.4e+38 
[rows 152 to 170 of 360, columns 43 to 85 of 720]
0.0578514561057091 0.0374317653477192 -0.0313305556774139 0.0796159729361534 0.0112084625288844 -0.0868016704916954 0.00908038206398487 -0.000731205975171179 0.0577174983918667 0.0231574773788452 -0.0141386548057199 0.0192692652344704 -0.0146543998271227 -0.0117534631863236 0.0538227148354053 -0.0519300475716591 0.00943850539624691 0.0182692036032677 0.0923697352409363 0.0112939774990082 -0.0606673881411552 -0.0429726019501686 0.0435758009552956 0.0383417531847954 -0.0436569042503834 0.0153589118272066 -0.0355816669762135 -0.0361541211605072 0.0822122991085052 0.0360511057078838 0.0588887669146061 0.0365282595157623 -0.0402322113513947 -0.0419557616114616 0.0102391308173537 0.0713534727692604 0.0354803577065468 0.0592769645154476 -0.00716135138645768 -0.0346736274659634 0.0470317862927914 -0.0110757481306791 0.00194624497089535
0.0251612085849047 -0.034319531172514 -0.00974838621914387 0.0583917982876301 -0.047330342233181 -0.0208060797303915 0.0187944062054157 0.0148681942373514 0.0324314162135124 0.0145574659109116 0.0171078257262707 -0.0239029638469219 0.0192724093794823 -0.101109750568867 -0.0210171714425087 -0.00759227480739355 0.0112754702568054 0.0452997870743275 -0.0145612210035324 0.0481862910091877 0.0311772413551807 -0.00290684751234949 -0.0400457158684731 -0.030289925634861 -0.033539667725563 -0.035453949123621 0.0437213853001595 -0.0891718193888664 -0.00245565292425454 0.0165202952921391 0.0353751629590988 -0.0183391235768795 -0.0266475547105074 -0.0136755472049117 -0.00338067556731403 0.0401037707924843 -0.0276658404618502 0.0193545240908861 -0.0918875858187675 -0.0182225238531828 -0.00297545897774398 0.115676216781139 0.0382455922663212
-0.0318212546408176 -0.127279683947563 0.0635362640023232 -0.0262610595673323 -0.0151126701384783 -0.0309928059577942 -0.0170910619199276 0.0961831584572792 0.0456111505627632 0.0537663288414478 -0.0289022512733936 -0.0477530099451542 0.120364286005497 -0.120965465903282 0.0216549057513475 0.0142061552032828 0.0134794926270843 -0.062994584441185 0.0060215606354177 -0.0206214021891356 -0.0186923928558826 -0.00245368597097695 -0.00846106000244617 -0.00624995864927769 0.0306329634040594 -0.00988729391247034 0.0217789225280285 -0.0408500730991364 0.0202383399009705 -0.11968395113945 -0.0567961558699608 -0.0118067469447851 -0.0872306898236275 0.0894170626997948 -0.0236725322902203 0.0836166441440582 -0.0628385320305824 0.0336533300578594 0.159977033734322 0.0653132498264313 -0.141853451728821 -0.0133246928453445 -0.0309861991554499
-0.00987185817211866 -0.0376047007739544 0.0900647714734077 0.0818780139088631 0.00794044882059097 0.0308722648769617 0.00292836572043598 0.0659043714404106 -0.0325137488543987 -0.0596115589141846 0.0924532487988472 -0.0429092608392239 -0.0411122292280197 -0.109221942722797 -0.0305492337793112 -0.0107965813949704 -0.0776595398783684 -0.0639249980449677 0.0589912533760071 0.0110665243119001 0.0192925482988358 -0.0577274113893509 -0.0154253896325827 -0.0330909192562103 -0.12330262362957 0.0421374589204788 -0.029499713331461 0.0506452023983002 0.0103461947292089 -0.0582026019692421 0.0939365699887276 -0.0263639073818922 0.0453076213598251 -0.0232561714947224 0.055854570120573 -0.0369936637580395 0.00698235211893916 -0.0423143580555916 -0.0487791262567043 0.00798244774341583 -0.0154293943196535 -0.0410646460950375 0.0203734189271927
0.0462535060942173 0.0124426120892167 -0.0129516618326306 0.00229487009346485 -0.0542102977633476 -0.128117382526398 -0.0147204734385014 3.77306714653969e-05 -0.0711334422230721 0.0557069294154644 0.0241936836391687 0.0332277975976467 0.148756206035614 -0.0226239431649446 0.0107794227078557 -0.0408728383481503 0.00167938880622387 0.00596015155315399 -0.0144952042028308 -0.0107257524505258 0.0546360909938812 0.0126019474118948 -0.0459398739039898 -0.131124198436737 -0.0789094939827919 0.0755441933870316 -0.122635170817375 0.0254888385534286 0.0426350757479668 -0.0195146705955267 -0.182513818144798 0.0650545358657837 0.0558196641504765 -0.026918264105916 -0.0520493984222412 0.00608536740764976 0.0359834469854832 -0.117306061089039 -0.0341346524655819 -0.00334004499018192 0.000158704089699313 0.0335666909813881 0.0389635786414146
-0.0961290523409843 -0.062206719070673 -0.0425488539040089 0.0245196502655745 0.0439748503267765 0.00678525818511844 0.0274737365543842 0.000104815764643718 0.0509288907051086 -0.0316324159502983 -0.0410375818610191 -0.0216408520936966 0.0376884900033474 0.0231050364673138 -0.0423336029052734 0.00934624765068293 0.0234637930989265 -0.0392512790858746 0.0122709646821022 -0.0647827312350273 -0.00710565410554409 -0.0127898342907429 -0.0690751671791077 0.0108958296477795 0.0188775416463614 0.0522077269852161 0.140619650483131 0.0509466826915741 0.0614897422492504 0.0731720775365829 -0.0394026525318623 -0.0291552450507879 0.0333458706736565 -0.0824901610612869 0.0722823813557625 -0.0510402359068394 -0.0117972111329436 -0.0185729004442692 -0.0525765456259251 -0.0664845630526543 0.0177796259522438 0.0620324499905109 0.016530042514205
0.0453173406422138 -0.0315100774168968 0.0491055883467197 0.0281237997114658 0.0340702757239342 0.0107506355270743 0.126638174057007 0.00767772970721126 0.0430908687412739 -0.00830290839076042 -0.0998880714178085 -0.0487883426249027 0.0324271395802498 0.10525981336832 0.0266338940709829 -0.0156834553927183 -0.00132951815612614 0.0241036973893642 -0.0172706767916679 0.0108311725780368 0.00317433173768222 -0.0899480432271957 -0.00954811740666628 0.0208711810410023 0.0154035454615951 -0.0478404760360718 0.031764779239893 -0.0395881794393063 0.0296128001064062 0.0716006085276604 0.0204631593078375 -0.0725577399134636 0.0145187713205814 -0.0401802696287632 0.0227837413549423 -0.0414836443960667 0.0354704037308693 0.127154633402824 -6.15219250903465e-05 0.00911048054695129 0.0600632019340992 0.0400333739817142 0.134681388735771
-0.0799186751246452 -0.0874140337109566 -0.0409737676382065 -0.0498866811394691 -0.0448860116302967 0.0449021682143211 -0.0704470351338387 0.0965069755911827 0.0713006630539894 0.0189721677452326 0.00725746480748057 0.0238855518400669 0.00231664162129164 0.0789763927459717 0.0129346251487732 -0.0424489863216877 -0.0312295481562614 0.107327669858932 0.000497295812238008 0.00278485310263932 -0.0867364108562469 0.0332977920770645 0.045618649572134 0.00990665331482887 -0.148122295737267 0.0504047088325024 0.0563865788280964 0.0125205293297768 0.018364705145359 0.0581529401242733 0.00691366987302899 0.0894814878702164 -0.0235814712941647 0.0455610491335392 -0.0643194764852524 -0.00853860564529896 0.0346448421478271 -0.0125090423971415 0.00227946718223393 -0.0741330459713936 -0.011437464505434 -0.0383083745837212 -0.0545857697725296
0.00805281940847635 -0.111777186393738 -0.0463309288024902 0.0096920607611537 -0.0349727459251881 0.000959242868702859 0.0210353918373585 0.00182271702215075 0.0384663045406342 0.0639254823327065 -0.0411270223557949 -0.0754074901342392 -0.0784602835774422 -0.0741842016577721 0.0712219253182411 0.0332831665873528 0.0866592898964882 -0.0297378301620483 -0.00561402598395944 0.0171258207410574 0.0597993992269039 -0.148344248533249 -0.000634521245956421 0.0273423977196217 -0.00224704458378255 -0.0187937077134848 -0.0762889310717583 -0.0895339921116829 0.0544921793043613 -0.0151906609535217 -0.00903537683188915 -0.0795384272933006 0.0680021867156029 -0.0458207465708256 0.0110662719234824 0.056517269462347 -0.0836726352572441 -0.0567240715026855 0.0155088882893324 0.0162851084023714 -0.00348290032707155 -0.0890626013278961 -0.0517752170562744
0.0358215235173702 -0.112800724804401 -0.0893111154437065 0.0780753418803215 -0.1375462859869 0.0528358370065689 0.00560433464124799 -0.027199313044548 0.0617539584636688 -0.0122993234544992 0.073312520980835 0.0160445142537355 -0.0922391414642334 0.104675799608231 0.080650769174099 0.00978719722479582 0.152843400835991 -0.0686404407024384 0.0425994955003262 -0.0388029254972935 0.0350171141326427 -0.00114022335037589 0.0830617100000381 0.067882627248764 0.210551381111145 0.0349707864224911 0.0282181277871132 -0.0752860829234123 0.0683215633034706 -0.00384072377346456 0.0512339025735855 -0.0125418854877353 -0.0794073194265366 -0.121941685676575 -0.0441966392099857 -0.0580516718327999 -0.0232898443937302 -0.00317623722366989 0.0304090026766062 -0.00249001896008849 0.0207904055714607 -0.0755784064531326 0.0619061328470707
0.00397837767377496 -0.0898195207118988 -0.010809637606144 0.0377913266420364 0.0642749220132828 -0.0788793340325356 -0.0186170134693384 0.0182868745177984 -0.101639628410339 -0.0182887837290764 0.0571806319057941 0.0213131383061409 -0.102831020951271 0.065654993057251 -0.0689369514584541 0.0640160143375397 -0.00500966096296906 0.143373623490334 -0.253190994262695 0.065499372780323 0.136911064386368 0.142197817564011 0.00565752387046814 0.069255031645298 0.0252946931868792 -0.00206012348644435 0.0862553045153618 0.0177648570388556 0.104375094175339 -0.00321219372563064 0.0891293585300446 -0.0588489547371864 -0.0806283056735992 -0.0384313091635704 0.110161252319813 0.0104910209774971 0.0415728129446507 0.125904425978661 -0.0320414490997791 0.0183727592229843 0.0158810205757618 0.031197102740407 0.0392063483595848
-0.0881538093090057 -0.00841414555907249 0.0293685160577297 0.0779389962553978 0.0361575819551945 -0.0798221975564957 0.00967652257531881 0.150852367281914 0.0464978106319904 -0.0226487591862679 0.0146604822948575 -0.0378647670149803 -0.0375902764499187 -0.143947839736938 0.162996292114258 -0.041778851300478 -0.00472642807289958 -0.160714209079742 0.0564205907285213 0.0781185254454613 0.0675427094101906 -0.104087270796299 0.0313764214515686 0.0604532435536385 0.0440557524561882 0.0361968725919724 -0.0160501766949892 0.027050718665123 -0.0289345979690552 0.0440028198063374 0.0680737197399139 0.0231575127691031 -0.182073980569839 -0.0554564222693443 0.215660631656647 0.0565502420067787 -0.0740801766514778 -0.11036191880703 0.0696219727396965 -0.0493081584572792 -0.00116320909000933 0.0900632664561272 -0.0019621136598289
0.0123334722593427 -0.015262633562088 0.0627402663230896 -0.00446451874449849 0.0203364547342062 -0.138187989592552 -0.0607323870062828 -0.0298667997121811 0.00583489006385207 0.000504709780216217 0.0372206009924412 -0.0990656390786171 -0.0976386889815331 0.158510148525238 0.0774373337626457 -0.0767649114131927 0.00421113055199385 0.0691363960504532 -0.00255795451812446 0.0164711624383926 0.0260830502957106 0.0193955041468143 -0.0374182462692261 0.0333587341010571 0.0458671785891056 0.0892511829733849 -0.132092386484146 -0.00580788077786565 0.0110846860334277 -0.0431071035563946 0.126407474279404 -0.0247759521007538 0.098013699054718 -0.100770428776741 0.162930801510811 -0.0103818839415908 -0.0916703417897224 -0.000913035124540329 -0.0374275222420692 -0.206934452056885 -0.0834738984704018 -0.0477734170854092 0.0601319968700409
-0.0648206397891045 0.117031998932362 -0.105284824967384 -0.0213319212198257 0.0286382082849741 -0.143547981977463 -0.0264849178493023 0.0428398586809635 0.0416682548820972 0.0820396021008492 -0.0369626581668854 -0.0918916612863541 -0.110331438481808 -0.0331202261149883 0.0717132985591888 0.0123922657221556 0.0862580314278603 -0.0737561360001564 -0.0597709678113461 0.0410895794630051 0.0576881021261215 0.149326339364052 0.0276442319154739 -0.00973227620124817 -0.105937041342258 -0.04551612585783 0.0573960095643997 0.00100229179952294 0.0333976484835148 -0.0793745219707489 -0.0508347973227501 -0.108476154506207 -0.0491174906492233 -0.0748630538582802 -0.0496903024613857 -0.0437167882919312 -0.0820299834012985 0.0258055068552494 -0.0528689362108707 -0.153284922242165 -0.0932980626821518 -0.0794014781713486 0.0324005000293255
0.0116767082363367 -0.0263134110718966 0.130455166101456 0.05821518227458 -0.0658407136797905 0.0456981100142002 -0.0445073954761028 -0.0318673215806484 -0.0165301896631718 -0.00489569827914238 0.0182113666087389 -0.0206243358552456 -0.0673819109797478 0.00720250373706222 0.00869547016918659 -0.0459614209830761 0.0496332384645939 0.0152940284460783 -0.0329963937401772 0.0594238638877869 0.0553131476044655 -0.0357983112335205 -0.0354174822568893 0.0120419226586819 0.0225820913910866 0.0374797247350216 -0.0742451697587967 -0.0472008027136326 -0.0225445348769426 0.0345612391829491 -0.0233922060579062 -0.00429701851680875 0.00225956668145955 -0.0565469153225422 0.178173288702965 -0.0311750564724207 0.0577623881399632 0.0543740056455135 -0.0574725680053234 0.0184959173202515 -0.113395266234875 0.016517324373126 0.00414741598069668
0.0289342198520899 -0.119701869785786 -0.0589843280613422 -0.0481347963213921 0.0553825870156288 0.0679731220006943 -0.0397599451243877 0.019836263731122 0.00216714409179986 -0.0189623218029737 0.0459549799561501 -0.028050908818841 0.0247123409062624 -0.0127241192385554 -0.0943934991955757 -0.144010841846466 -0.013413761742413 -0.0771384537220001 -0.0562314838171005 -0.00798821449279785 -0.0221287813037634 -0.0353462398052216 -0.0486967004835606 0.0590863637626171 -0.060004822909832 -0.0613538920879364 -0.078558936715126 0.0518852956593037 -0.0892383009195328 -0.132683992385864 -0.0297935456037521 -0.0808612555265427 -0.106937654316425 0.0700569003820419 -0.100690886378288 -0.0166585557162762 0.151194661855698 -0.0533522441983223 -0.0233772434294224 -0.0118286265060306 -0.00858637876808643 -0.0505656152963638 -0.0581024698913097
-0.00599916046485305 0.0194123350083828 0.0108670964837074 0.0441919714212418 -0.0142569486051798 -0.0277536120265722 0.0511546619236469 -0.0171653311699629 0.0796990618109703 -0.057700090110302 0.0647869482636452 -0.0497220531105995 -0.0789015218615532 -0.0505947284400463 -0.0834308788180351 0.00368836871348321 0.0508744195103645 -0.0572863258421421 0.0320701338350773 0.109484881162643 0.0264014918357134 0.101277239620686 0.0290131662040949 0.0130016040056944 0.0822753608226776 -0.109216704964638 -0.179115250706673 0.00730105489492416 -0.157464876770973 0.0416247509419918 -0.00445891823619604 -0.0109358038753271 -0.0126870973035693 -0.0966137498617172 -0.0303332861512899 -0.0397910289466381 0.0442897081375122 0.0475990697741508 -0.0416256301105022 0.0122591853141785 0.0191260948777199 -0.0244486574083567 0.0499272346496582
-0.0839927569031715 0.0883843824267387 -0.102723129093647 -0.0271461009979248 0.102429836988449 -0.0458242185413837 -0.0421369150280952 -0.015541534870863 -0.0512381084263325 -0.00668978318572044 0.0499788410961628 0.00565449427813292 0.025258244946599 -0.0232816021889448 0.0295980479568243 -0.0136983320116997 -0.0227365028113127 -0.0540069565176964 -0.112522318959236 0.0126432040706277 -0.113110393285751 -0.0209179762750864 -0.034853134304285 -0.0892962962388992 -0.00241344352252781 0.00358917657285929 0.0758889392018318 0.0331410802900791 -0.0167636759579182 0.0181700009852648 -0.0793666988611221 -0.0041132215410471 -0.0661037415266037 -0.0893482565879822 0.047301359474659 -0.0691087245941162 -0.117953859269619 -0.116360686719418 -0.0147570157423615 -0.0248866323381662 -0.0560998432338238 0.0856867060065269 -0.099211111664772
-0.0159936770796776 -0.0673574581742287 -0.0366237871348858 0.0266959182918072 -0.0498798899352551 -0.0161472391337156 0.0107390778139234 0.0796392187476158 0.0551906414330006 0.0130471801385283 -0.0485583283007145 0.0484714433550835 0.0742706134915352 -0.023250974714756 -0.0149418413639069 -0.0267168525606394 -0.0128665342926979 -0.0846341401338577 -0.138533383607864 -0.0579063035547733 0.0214667860418558 -0.034301932901144 -0.0402861833572388 -0.0263126194477081 0.0161671992391348 0.00924194604158401 0.0819123014807701 0.0443584583699703 0.0113204950466752 0.00913650263100863 -0.0669350773096085 -0.0705630406737328 -0.0479443036019802 -0.0742575600743294 0.000140649426612072 -0.111308969557285 0.0200352258980274 -0.0297307670116425 -0.0628734901547432 -0.0803414434194565 -0.07659612596035 -0.0258879438042641 -0.0181075166910887
