assets/gome_f/processed/ascii/world/gome_sif_world_20111001.asc
NCOLS 720 
NROWS 360 
XLLCORNER -180 
YLLCORNER -90 
CELLSIZE 0.5 
NODATA_value -3.4e+38 
[rows 57 to 75 of 360, columns 172 to 214 of 720]
0.0457257479429245 -0.00875584129244089 -0.049844641238451 -0.0642846375703812 0.0107204373925924 0.0899744853377342 0.239439159631729 -0.0775552615523338 -0.109745554625988 -999 -999 0.10028126090765 -999 0.178424119949341 -0.0953471884131432 0.0789716243743896 0.0811611488461494 0.366066813468933 -0.374889314174652 0.151712015271187 -999 -0.0961057543754578 -0.00193881196901202 -0.0239184852689505 0.375891000032425 0.120971545577049 -0.196417734026909 0.0220169704407454 0.0173077210783958 0.181477904319763 -999 0.177968814969063 0.0187427327036858 -0.211303472518921 0.079487182199955 -0.22556509077549 -999 -999 -0.134777337312698 -999 -999 -999 -999
0.136878237128258 0.0759314075112343 0.173433497548103 0.0132593652233481 -0.0667829886078835 0.112664982676506 0.00663748057559133 -0.102687783539295 -0.0207972191274166 0.0480255745351315 -999 -999 -0.0629826709628105 -0.00615227082744241 -0.0488172173500061 0.363058656454086 0.0860660299658775 -0.0142854768782854 0.0626730397343636 0.186307922005653 -999 -0.0530767664313316 0.0719301551580429 -0.0272095073014498 -0.106574840843678 -0.0335889421403408 0.0177628267556429 -0.117004655301571 0.0179845727980137 -0.0379615426063538 0.00242437911219895 -0.115368522703648 0.000435265392297879 -999 -0.0848902016878128 0.185447677969933 0.0754519104957581 -0.0181540660560131 -999 -0.0503713749349117 0.0425073802471161 0.112146660685539 -999
0.0333754643797874 -0.122052110731602 -0.0256906244903803 0.0776508674025536 0.140052407979965 0.136424213647842 -999 0.0132683096453547 -0.0492105931043625 -999 -999 -999 -999 -0.103717915713787 -999 -999 0.12073078751564 0.0053544333204627 0.0263324733823538 -999 0.0308474935591221 -0.0305575523525476 -0.0868975967168808 0.0107323303818703 0.149680435657501 -0.0096045583486557 0.028366319835186 0.153359025716782 -0.0207883398979902 0.0478681102395058 -0.0128240361809731 0.0867075249552727 -0.0467135086655617 -0.000848298252094537 -0.12297086417675 0.123258247971535 -999 -999 -0.110251933336258 -0.307158708572388 -0.125842317938805 -0.11355309933424 0.0823523849248886
0.199890956282616 -0.0132114589214325 0.0686199218034744 -0.181359529495239 0.190169975161552 -999 0.0407764725387096 -0.0294916667044163 -0.308606266975403 -0.0639429837465286 0.0777114182710648 0.208256870508194 0.155003115534782 0.16481713950634 -999 -0.0894481092691422 -0.0111240847036242 0.0373109951615334 -0.109172344207764 -0.0939396545290947 -999 -0.0775306522846222 -0.00854954402893782 0.0624494887888432 -999 -0.132170960307121 -0.0871832445263863 -0.034245677292347 -0.0986759960651398 -0.093448705971241 -999 0.0163681544363499 -0.116666868329048 0.0417408458888531 0.0318867191672325 0.0525699108839035 -999 -0.105859041213989 -999 0.0750752612948418 -0.0898910686373711 0.115608006715775 0.0636780261993408
-0.0125371320173144 -999 -0.0881856307387352 0.0438516773283482 -0.0968136638402939 -0.0783640220761299 -0.106222584843636 -0.0354363732039928 0.0609755106270313 0.0272566489875317 -0.0977185294032097 0.0589307323098183 -0.0657034739851952 -0.0219723079353571 0.0319251269102097 -0.0620194412767887 0.142570301890373 0.0377078428864479 -0.132174968719482 0.0629701241850853 0.0740954726934433 -0.0785966813564301 -0.0837193131446838 0.0937376841902733 0.0117222610861063 0.127880930900574 -0.00240755337290466 0.0431389771401882 0.0134532134979963 0.0938526839017868 -0.0118847666308284 0.0849389433860779 -0.0446935258805752 0.0549272634088993 -0.0626794248819351 -999 -0.148930609226227 0.114010155200958 0.158442169427872 0.107421971857548 0.0305306166410446 -0.125569388270378 -0.0735873728990555
-0.0114277265965939 0.0155578786507249 -0.122355401515961 0.0122127197682858 -999 0.00235526822507381 0.0551645569503307 -0.0639871135354042 -0.0694226175546646 -0.0406318195164204 0.0804059579968452 0.0122839910909534 0.17516003549099 0.135312482714653 0.0790739208459854 -0.154052674770355 -0.0655940547585487 0.183372870087624 -0.0683084055781364 -0.101354144513607 0.00754486676305532 0.116708695888519 0.0588944256305695 -0.0718037784099579 0.075937807559967 0.0929204821586609 0.0339904353022575 0.0546384230256081 -0.11028403788805 -0.103042587637901 -0.0290727969259024 -0.0406360328197479 -0.0675937160849571 -0.192339062690735 -0.0568249747157097 0.0596762932837009 -0.0724855586886406 -999 -999 -999 -999 0.01861353777349 -999
0.177532657980919 0.00557299377396703 0.0571455061435699 0.0200015958398581 0.0999014228582382 0.115426369011402 -0.414250373840332 0.0138348983600736 -0.115798309445381 0.0504473894834518 -0.0587083473801613 0.031061265617609 0.0446064919233322 0.117057144641876 -0.113367646932602 0.0984522700309753 0.0470230728387833 0.116181388497353 -0.077873632311821 0.104548454284668 0.0433514304459095 -0.0390517562627792 0.0144513677805662 0.0326226316392422 -0.0579135119915009 -0.0162172559648752 -0.0908419415354729 -0.0313756801187992 -0.0033806599676609 0.0856418237090111 -0.0546157360076904 0.103274941444397 -0.0747045427560806 -0.00729970633983612 -0.183644905686378 0.156323105096817 0.067560963332653 -0.134261310100555 0.0376389101147652 -999 0.150472119450569 -0.151701956987381 0.366366297006607
-0.0182708110660315 0.0453027971088886 0.0867445692420006 0.0335664674639702 0.0124147552996874 0.0553919784724712 -0.070341169834137 -0.00767909502610564 0.0266088396310806 0.0638038441538811 -0.139445930719376 -0.00902555324137211 -0.0359786190092564 -0.0279121100902557 -0.0471694022417068 0.0573448203504086 -0.00237859599292278 -0.0985939800739288 -0.115766264498234 -0.0795760974287987 0.0232563056051731 0.00616665184497833 -0.0637556314468384 0.0735759362578392 0.0405586436390877 0.0104501126334071 0.0165834110230207 -0.0307764206081629 -0.0279683005064726 0.0374276526272297 -0.00526592694222927 -0.00339069496840239 -0.0266425013542175 -0.058956291526556 -0.0288605391979218 -0.0180084966123104 0.107109308242798 -0.106909357011318 -0.0029638409614563 -0.188303515315056 0.173638865351677 0.0151122603565454 0.0750061571598053
-0.291574388742447 0.0758071318268776 0.0349088273942471 0.0646563321352005 -0.0063902959227562 -0.012908105738461 0.00564751215279102 -0.0110026672482491 0.0992235466837883 0.0733828023076057 0.126862466335297 -0.0399533994495869 0.0280137788504362 0.00686014955863357 -0.00368712353520095 0.024610199034214 0.0122272726148367 0.00236639985814691 0.0395165309309959 0.0765295252203941 -0.0346106067299843 -0.00976745318621397 -0.011135246604681 -0.0603000968694687 0.0521217472851276 0.0191254429519176 0.0916526466608047 -0.0795572027564049 0.0188620612025261 0.116948284208775 0.0197369493544102 0.0762534961104393 0.000690096989274025 -0.00670172274112701 -0.0639818161725998 0.0195184759795666 0.0286820735782385 -0.232818648219109 -999 0.0520858727395535 -0.0070283580571413 -0.119553633034229 -0.00505301356315613
-0.00433516316115856 0.0100460899993777 0.0510268323123455 0.0494670048356056 0.0380384251475334 0.118310816586018 -0.0226259641349316 0.0834242701530457 -0.047035563737154 -0.0228753015398979 0.0335028693079948 0.0568067915737629 0.0632708370685577 -0.0537565946578979 0.116210617125034 -0.0693883746862411 -0.0156155554577708 -999 0.0223811864852905 0.0283319503068924 0.044317901134491 -0.0462967418134212 -0.0797353312373161 -0.0496152192354202 0.001053805812262 0.0972231477499008 0.0834363624453545 0.0196795891970396 -0.0353572629392147 0.0144142936915159 -0.0114305960014462 0.00347383646294475 0.0025069946423173 -0.113364979624748 -0.0588923692703247 0.00491924304515123 0.0938385650515556 0.176289364695549 -0.0714250952005386 0.0496457517147064 0.0507718436419964 -0.0423056818544865 -0.100227333605289
0.0722608119249344 0.0485027246177197 0.0854941159486771 0.110421024262905 0.0654392018914223 0.0122366845607758 0.070092499256134 0.0638025254011154 0.0601254589855671 0.0325064994394779 0.104004412889481 0.0967511013150215 -0.0171547830104828 -0.0427916049957275 0.234158471226692 0.0404881462454796 0.017985787242651 0.00676911231130362 -0.0289145316928625 -0.0072912871837616 0.00615677749738097 -0.0333655476570129 0.0464482940733433 0.0426419824361801 0.164718016982079 -0.0258447825908661 -0.0994875505566597 -0.0558421202003956 -0.0132572585716844 -0.0397629924118519 0.00374530837871134 -0.0355772227048874 0.00777083914726973 -0.0596978664398193 -0.059692095965147 -0.0383140407502651 0.0956590175628662 0.044077280908823 0.0626362785696983 0.028941860422492 0.0247045885771513 -0.017983827739954 -0.0296040810644627
0.0364286340773106 0.0439642146229744 -0.0848142579197884 0.0665309801697731 0.0478188395500183 -0.0723468065261841 0.143676400184631 0.141096130013466 0.073792964220047 0.00453886482864618 0.126596555113792 0.040163192898035 0.123691119253635 0.0325259864330292 0.093425415456295 0.00265474314801395 0.0206345580518246 -0.0802100524306297 0.0416213236749172 0.0658096000552177 -0.0440329611301422 -0.0358246341347694 0.00829175114631653 -0.0632122680544853 0.0620803833007812 0.0478885993361473 0.0396231636404991 0.0295248571783304 -0.00652628159150481 -0.00145173398777843 0.0341082289814949 0.0307839568704367 0.0560394749045372 0.138212099671364 -0.00955329649150372 0.0279291644692421 0.138018652796745 0.044317077845335 0.0560493469238281 -0.0596370808780193 0.0803695246577263 0.0406979694962502 0.0801730528473854
0.11842355132103 -0.00980424135923386 0.0670617148280144 0.084626317024231 0.0724007561802864 -0.104746378958225 0.110582828521729 0.213995024561882 0.164340645074844 -0.0371292978525162 0.0511420927941799 -0.00618269201368093 0.0804859027266502 0.0301041174679995 0.0272248890250921 0.0657530650496483 0.0363037027418613 0.00200221384875476 0.021623607724905 -0.0513132102787495 -0.00835728459060192 0.0167653262615204 -0.0137291634455323 0.0162242967635393 -0.0347304381430149 0.0516099371016026 0.0448794476687908 -0.0398055873811245 0.0214709956198931 -0.0652198567986488 0.0170589573681355 0.0583016239106655 0.0358013547956944 0.0723172947764397 0.0553931072354317 0.0409002006053925 0.152768611907959 0.130349740386009 0.0445568263530731 0.0440660305321217 0.0497401095926762 -0.0864711105823517 0.0701717361807823
0.0287370812147856 -0.139041215181351 0.02818813174963 0.0442988611757755 0.0449096038937569 0.0435339882969856 0.00342960166744888 0.0626682192087173 -0.00402619410306215 0.11601860076189 0.160055562853813 0.0315138697624207 0.138008907437325 0.0138420425355434 0.029260104522109 0.038260955363512 0.0278378594666719 0.094804048538208 0.0266282558441162 0.0428108274936676 0.0833257734775543 -0.0147221507504582 -0.018228517845273 0.0331897549331188 -0.0644937083125114 0.0530117228627205 -0.0463350526988506 0.0768948569893837 -0.0343496948480606 -0.00909665692597628 0.0765082091093063 -0.0851682648062706 0.00657244538888335 -0.0859679877758026 0.0676867067813873 0.0326796621084213 0.0176390577107668 0.0665643885731697 0.0662148222327232 0.016504842787981 0.0579134039580822 -0.0645954608917236 0.0298711992800236
0.0692742764949799 0.0675574988126755 0.0225626863539219 -0.0345170982182026 0.0818712785840034 0.0383429378271103 0.11277461796999 0.103457883000374 0.0153014361858368 0.104989014565945 0.0174916312098503 0.0855144634842873 0.0627737864851952 0.112043343484402 0.0036706414539367 0.0239167213439941 0.0446163676679134 0.0208146665245295 -0.000586437061429024 -0.0310574267059565 0.111537240445614 0.0194653030484915 -0.00300776143558323 0.015551364980638 0.0638765171170235 -0.0517762117087841 0.0631234422326088 0.0503451451659203 0.0356754474341869 -0.040433906018734 0.0745664983987808 0.0166774410754442 0.0490409135818481 0.141398265957832 -0.00822549406439066 0.0188863277435303 0.0619564056396484 0.00873521156609058 -0.00569274509325624 0.00205962359905243 0.0404178835451603 0.111910752952099 0.0164307970553637
0.169766128063202 0.0661419257521629 0.0630543380975723 0.0972089245915413 0.0503330230712891 0.0996526405215263 0.239427089691162 0.128532856702805 0.0939986780285835 0.0924355089664459 -0.00606896495446563 0.0418193452060223 0.108830325305462 0.0919098109006882 0.0159693248569965 -0.0067186146043241 0.0588131546974182 0.0998184010386467 0.102169536054134 0.099597729742527 0.028865996748209 0.156755805015564 0.00823364313691854 0.0661254152655602 0.00312433647923172 0.0303607899695635 -0.0958669036626816 -0.0897511914372444 0.043196577578783 0.031640786677599 -0.025599205866456 -0.0210214667022228 0.0782507956027985 -0.00559759978204966 0.0258855763822794 -0.00446344166994095 -0.0335414744913578 0.0909190326929092 0.0207871291786432 0.123934827744961 0.0426084883511066 -0.0298201628029346 0.0377930626273155
0.0220122914761305 0.00383443618193269 0.0809849575161934 -0.00697551015764475 0.137514591217041 0.0149205094203353 0.257913440465927 0.141973584890366 0.0615495964884758 0.0635656714439392 0.107048600912094 0.0957131832838058 0.0934735834598541 0.109039045870304 0.000825369730591774 -0.0610627420246601 0.0783204585313797 0.0836923271417618 0.0782333463430405 0.0734029412269592 0.0526924468576908 0.0597562715411186 0.0522853173315525 0.0599685981869698 -0.0104672834277153 0.0810152962803841 0.0837307199835777 -0.0641281828284264 0.0629162937402725 0.0434830784797668 0.0432156398892403 -0.00830602459609509 0.12235426902771 0.0419202297925949 -0.00638812314718962 0.0393747165799141 0.065959595143795 0.0809468030929565 0.127476617693901 -0.0107259303331375 0.135661229491234 0.0505727082490921 0.200911670923233
0.117623895406723 0.0403926558792591 0.0634974017739296 0.0508967339992523 -0.0187505800276995 0.130400702357292 0.0577442981302738 -0.0159939583390951 0.0688155442476273 0.127647832036018 0.0845094323158264 -0.0127169964835048 0.0975467935204506 0.0386957414448261 0.0173576734960079 0.0633316859602928 0.0772027671337128 0.137798398733139 0.0317563563585281 0.0882581248879433 0.111744351685047 0.118745908141136 0.0768429562449455 0.099782831966877 0.0314599424600601 0.0251218173652887 -0.00302403164096177 -0.0505707263946533 0.0407109446823597 0.0858051404356956 -0.0589303933084011 0.0460871160030365 0.0711293891072273 0.0381767936050892 -0.0110568227246404 0.055638387799263 0.123323269188404 0.076043464243412 -0.00917540770024061 -0.00510600162670016 0.0549813844263554 0.168505072593689 0.127515956759453
0.149713650345802 0.0872436389327049 0.101080432534218 0.0579856373369694 -0.0126016139984131 0.143888205289841 0.0117751564830542 0.0868054255843163 0.135267928242683 0.0514630042016506 0.0384122878313065 0.0682097747921944 0.0855929255485535 0.171374201774597 0.0732763260602951 0.122282668948174 0.03890186175704 0.0308845825493336 0.0975204706192017 0.0510442145168781 0.105985544621944 0.100459180772305 -0.0326418243348598 0.201269403100014 0.0460532195866108 0.00124052853789181 -0.0632637813687325 -0.0326111987233162 0.0107901077717543 0.0643945410847664 0.0276478566229343 0.00471207639202476 0.0521881729364395 0.0156125593930483 -0.0425468534231186 0.0147307785227895 0.027878588065505 0.187835201621056 0.03359105437994 0.0404682867228985 0.0354551412165165 0.0190257206559181 -0.00911710783839226
