assets/gome_f/processed/ascii/world/gome_sif_world_20120401.asc
NCOLS 720 
NROWS 360 
XLLCORNER -180 
YLLCORNER -90 
CELLSIZE 0.5 
NODATA_value -3.4e+38 
[rows 171 to 189 of 360, columns 473 to 515 of 720]
-0.0930581986904144 -0.0772208794951439 -0.000584974593948573 -0.0808162540197372 -0.00778318522498012 0.0267439987510443 -0.00975993275642395 0.0278348252177238 -0.0322231017053127 -0.0133321611210704 0.0143644819036126 -0.0337101295590401 0.0392527058720589 0.000762117968406528 0.0347885228693485 0.00640732608735561 -0.130198404192924 -0.0821540877223015 -0.0199767407029867 -0.0402692034840584 -0.0281130410730839 0.0340512730181217 -0.0243233740329742 -0.0555390566587448 -0.0564215071499348 0.0187569428235292 -0.0900171771645546 -0.00816287845373154 -0.0265953484922647 0.0848033577203751 -0.0509260110557079 -0.087738960981369 -0.000525894749443978 -0.121533565223217 0.036915086209774 -0.115632474422455 0.0568294450640678 0.0223363395780325 0.0184434968978167 -0.00474887853488326 0.11331445723772 0.0278162360191345 -0.139694824814796
0.000510176236275584 0.00553846685215831 -0.0723107382655144 0.000674065377097577 -0.00617663748562336 0.00747156562283635 -0.00817246548831463 0.077481172978878 -0.0533523894846439 -0.01570163667202 -0.099970243871212 -0.0130826132372022 -0.000281022541457787 0.0879819840192795 -0.0475311242043972 -0.0831590443849564 0.0934108942747116 -0.148994505405426 -0.0500318259000778 0.0186450537294149 -0.0235543176531792 0.0631816759705544 -0.052970539778471 -0.1055988073349 -0.035201258957386 0.0427630804479122 -0.017707584425807 -0.0395293533802032 -0.0350774191319942 0.0136703792959452 -0.0311818178743124 0.0094033433124423 0.00404133461415768 -0.00924684572964907 -0.111553445458412 0.073781743645668 -0.0308552347123623 -0.0701586753129959 -0.105075128376484 -0.0615527182817459 0.0346232838928699 0.029176777228713 -0.0462831221520901
-0.0827121213078499 -0.0333735682070255 -0.0528403371572495 0.00039822721737437 0.00199286616407335 0.0414436236023903 0.00993249472230673 -0.10395647585392 -0.0494894608855247 -0.00200717453844845 0.0172709561884403 0.0154186841100454 -0.0679848417639732 0.0464412160217762 0.0102534769102931 -0.0341897420585155 -0.0244806185364723 -0.0909568965435028 0.0225839130580425 -0.0447449274361134 -0.0425423644483089 0.00934101548045874 -0.111223816871643 -0.0336339548230171 -0.0627729296684265 0.0220870580524206 -0.0245719701051712 -0.0480568967759609 0.0236011520028114 -0.0526999682188034 -0.0741028860211372 0.00681445095688105 -0.103424727916718 0.0235964972525835 -0.0128287132829428 -0.046515341848135 0.0202951673418283 0.0502841658890247 -0.0495574772357941 0.000679462275002152 -0.115382105112076 0.0562033988535404 -0.0337476581335068
-0.0403685234487057 0.0290418583899736 -0.0580011419951916 -0.024641701951623 0.00199649389833212 0.0154445776715875 0.014747497625649 -0.0149837648496032 -0.0860130116343498 -0.0605430193245411 -0.0688657686114311 0.0334344767034054 -0.0344748608767986 0.0246727559715509 0.0190999358892441 -0.0461088307201862 0.06409852206707 -0.0346070937812328 0.0695237442851067 0.084551602602005 -0.00627515418455005 -0.0338919796049595 0.00229176739230752 -0.0343987122178078 -0.0202310997992754 -0.0292746908962727 0.0351692400872707 0.00837514735758305 -0.0267415549606085 -0.154689714312553 -0.0305388849228621 -0.0550487190485001 -0.0118705620989203 -0.05495560541749 -0.00334992888383567 -0.00697376346215606 -0.0354397967457771 0.0444539710879326 -0.0170598588883877 0.0812645927071571 -0.048226960003376 0.0522254779934883 0.0308775752782822
-0.0859137624502182 -0.0175902042537928 -0.0532367415726185 -0.0499662607908249 -0.00447477493435144 -0.0064366445876658 -0.0662414133548737 -0.0284202005714178 0.0332242026925087 -0.0243274942040443 -0.0716391429305077 0.00271985214203596 0.0115570183843374 -0.0214064419269562 -0.0438514687120914 0.0132644036784768 -0.0942191258072853 -0.127993181347847 -0.0495085865259171 0.0212095864117146 0.00428645825013518 -0.0469523556530476 -0.0168688520789146 -0.0723583400249481 -0.0246707256883383 -0.0478264912962914 0.00373678305186331 -0.0830217227339745 -0.00645482446998358 -0.0330591537058353 -0.00641790777444839 -0.046902921050787 0.032661359757185 -0.0417442545294762 -0.000158837894559838 -0.0937122330069542 -0.00360639952123165 0.00455612549558282 -0.0924436450004578 -0.107685960829258 0.0584279224276543 0.09900863468647 -0.0552916191518307
0.0176187753677368 -0.0836411789059639 -0.0786402076482773 -0.0112339183688164 0.0178694594651461 0.0311367493122816 -0.00353076006285846 -0.00677407393231988 -0.0161819346249104 0.0270498916506767 -0.104318253695965 -0.0218503270298243 -0.0859864503145218 -0.10296793282032 0.0120197357609868 0.0444617569446564 -0.0874035805463791 -0.0289912912994623 -0.0579649470746517 8.07148171588778e-05 -0.0157433170825243 -0.00160342152230442 -0.0240293629467487 0.00396923860535026 -0.0423087738454342 0.0700777322053909 -0.0295805018395185 -0.0672095492482185 -0.0340525656938553 -0.10021173208952 0.109605528414249 -0.00956718344241381 0.0426591150462627 0.0721874311566353 0.0431884080171585 -0.0171574596315622 -0.0524792447686195 -0.126049220561981 -0.0174079928547144 0.0470504388213158 -0.0533024184405804 -0.0877765417098999 0.0569395050406456
-0.0242473557591438 -0.100605562329292 0.00621202448382974 0.0102487048134208 -0.0123751563951373 0.0365297682583332 -0.0168144628405571 0.0568497888743877 -0.0423139631748199 -0.0237046908587217 -0.102863855659962 0.0589866787195206 -0.0259665846824646 0.0552655942738056 0.00858026742935181 -0.0239161588251591 0.01248908508569 -0.00750025967136025 -0.0892993584275246 0.0224087182432413 0.0262388382107019 0.0226009022444487 0.0208842623978853 -0.0596971064805984 -0.000657292490359396 0.0335451550781727 -0.0318764299154282 -0.0550061091780663 -0.0771692246198654 0.0392122529447079 -0.09746103733778 0.00604681577533484 0.0024989212397486 0.00532220490276814 0.0540260225534439 0.0459023490548134 -0.0400226935744286 0.0147982947528362 0.0889316871762276 -0.0640900060534477 0.0481017753481865 0.0216671656817198 0.0250347889959812
0.0425409823656082 -0.094458669424057 -0.0507396124303341 -0.028355460613966 0.00793960597366095 -0.0245408676564693 0.00382909853942692 -0.00504067679867148 0.0439707562327385 -0.0843723192811012 -0.0125111304223537 -0.0487935207784176 -0.0404897555708885 0.0783598870038986 -0.0573924966156483 0.027443028986454 0.0321876369416714 -0.0330589599907398 -0.0367719233036041 -0.0314050503075123 0.0498393438756466 -0.00572167662903666 -0.0243512988090515 -0.0282913874834776 -0.00817151740193367 -0.0354453064501286 0.0564096197485924 -0.0573692657053471 0.0286377519369125 -0.127014681696892 0.0164066161960363 -0.110883086919785 0.099851168692112 0.0046535599976778 -0.0353008545935154 -0.00146595982369035 -0.0684875771403313 -0.0704488828778267 -0.033069733530283 -0.0468775928020477 0.020168038085103 0.0647264569997787 -0.0168040227144957
-0.00379793206229806 -0.0333347395062447 0.00786487851291895 0.0721486732363701 -0.0931049361824989 -0.0368361137807369 -0.0209856797009706 -0.0811909809708595 -0.00399532495066524 0.0528093613684177 -0.0288697481155396 -0.0328962877392769 0.0245998855680227 -0.00246675265952945 -0.0411987751722336 -0.0664851441979408 0.0118345925584435 -0.106297887861729 -0.0534690879285336 -0.0174718182533979 0.0230434779077768 -0.00501756835728884 -0.0566639043390751 -0.00217701005749404 0.025403369218111 -0.0109749604016542 0.00900103989988565 0.0408737808465958 -0.0683170557022095 0.0664841085672379 0.0322577878832817 0.0268690846860409 -0.0255782417953014 -0.00923180393874645 -0.0364618338644505 0.0100511647760868 0.0527452006936073 0.0245421398431063 -0.0725042372941971 -0.0466696172952652 -0.0315754190087318 -0.0533849075436592 -0.0281205214560032
-0.0149605516344309 -0.0800673812627792 -0.076165571808815 0.0575878322124481 0.0644222944974899 -0.0177241396158934 0.00710692629218102 0.0549267791211605 -0.0244256854057312 -0.0671067610383034 -0.0228672455996275 0.00642998795956373 0.0202494207769632 -0.0581853948533535 -0.0649465769529343 -0.00554385362192988 0.0230171475559473 0.012804982252419 0.0233711712062359 0.0443449877202511 -0.0274481978267431 -0.0667791664600372 -0.0119655188173056 0.0191208943724632 0.0339699760079384 -0.134016036987305 -0.0620182231068611 0.0114061646163464 -0.0126195549964905 -0.0490250587463379 -0.0499306693673134 -0.0599518306553364 -0.0537764169275761 0.023862611502409 -0.0369619578123093 0.0410537198185921 -0.0537306927144527 0.00590867269784212 0.0339708477258682 -0.0367696173489094 -0.0322377197444439 0.0784990414977074 -0.0728560984134674
0.0301656369119883 -0.0191263537853956 0.0086319986730814 -0.0586116015911102 0.0321176685392857 0.00180939736310393 -0.0203560516238213 -0.0263914167881012 0.0117590660229325 -0.0179195664823055 0.0374842546880245 -0.00907324068248272 0.0391252264380455 0.0543266497552395 -0.0411840341985226 -0.038975153118372 -0.0507041774690151 -0.0219793859869242 -0.0540549978613853 -0.00493119657039642 -0.0131920669227839 0.0243019070476294 0.00652124779298902 -0.00776864774525166 -0.00500978389754891 0.0351200364530087 0.0478957183659077 0.0381905771791935 0.0120033929124475 0.0142212631180882 -0.0440105870366096 0.017197011038661 0.0345738269388676 0.0299195423722267 0.0187426973134279 0.0549477487802505 0.00489857001230121 -0.0283731333911419 0.0398096032440662 -0.116698957979679 -0.0589627400040627 -0.0713683888316154 -0.101175248622894
-0.020562382414937 -0.0671439096331596 -0.0442873425781727 -0.02876534499228 0.00275716092437506 0.0947671383619308 -0.0681772455573082 0.0991287007927895 -0.00861682556569576 0.0238191746175289 0.000491547340061516 0.0130806928500533 0.00397865893319249 0.0281033497303724 -0.030700508505106 0.01803276874125 -0.0621383674442768 -0.0118811707943678 -0.00549393519759178 -0.0140244299545884 -0.00755994068458676 0.00877115223556757 -0.0634890794754028 -0.00776200694963336 -0.00334347388707101 -0.0275460965931416 -0.020737836137414 -0.00599699141457677 0.0127618573606014 -0.0114710917696357 -0.0576282255351543 -0.0467989556491375 -0.140195772051811 0.00615792442113161 0.0344920977950096 -0.0399139411747456 -0.0272984262555838 -0.0509961135685444 -0.0287507772445679 -0.130427151918411 -0.00875191297382116 -0.00608134968206286 -0.0507502518594265
-0.0339944921433926 0.0176059100776911 -0.084626741707325 0.0246472042053938 -0.050505019724369 -0.01507468521595 0.0126379299908876 -0.00471615698188543 0.0283929854631424 0.0575313717126846 0.0144557226449251 0.0317219942808151 -0.0743757113814354 0.0387303382158279 0.0341948606073856 0.00479574920609593 0.0315940454602242 0.0439854599535465 0.0319048650562763 0.0921419784426689 -0.005604337900877 -0.0366750732064247 -0.0654023438692093 0.0295055024325848 -0.00399000709876418 0.00273498962633312 -0.123341158032417 -0.0762869343161583 -0.00136130617465824 -0.0484012067317963 0.0922250896692276 -0.120914503931999 -0.0521273277699947 -0.0281756613403559 0.0204816516488791 -0.074513852596283 -0.0199800543487072 0.0536912120878696 0.0184930451214314 0.0101764416322112 -0.105182290077209 -0.0267072655260563 0.018581734970212
-0.0410302951931953 -0.0556113384664059 0.0658743903040886 -0.0314156971871853 -0.103831946849823 -0.0627583041787148 -0.0343057513237 0.0869078487157822 -0.0867378935217857 -0.0642525851726532 0.0323713272809982 0.00816710479557514 -0.120088316500187 0.0795279145240784 -0.0171743575483561 -0.0215170122683048 0.0230631362646818 -0.00213546445593238 -0.0425963774323463 0.0483105033636093 0.0256790965795517 -0.0337220281362534 -0.0283538438379765 -0.00904822908341885 0.0659563541412354 -0.0716491118073463 0.0131787657737732 0.0671933218836784 0.038003996014595 -0.0753098875284195 0.0196299571543932 -0.00800859462469816 0.0340207740664482 0.0278541874140501 -0.0143417464569211 0.0375879369676113 0.0131457559764385 0.0318978391587734 0.0348485745489597 -0.0693191885948181 -0.0125752622261643 0.0321863554418087 -0.0301296971738338
0.000786459422670305 0.0386199690401554 -0.0337950959801674 0.0209433324635029 -0.0236237552016973 0.00387887214310467 0.0122115453705192 0.0279112104326487 0.0381595529615879 0.00290552736259997 0.0614413246512413 -0.00683515751734376 -0.0081867054104805 0.0174237862229347 0.0115758720785379 -0.042438980191946 0.0385286062955856 0.0391794256865978 -0.00799813307821751 -0.0490538813173771 0.006818110588938 0.0498315878212452 0.00325613655149937 0.0448738522827625 -0.00368134514428675 -0.00442667491734028 -0.0591504760086536 0.0429592244327068 -0.0309613328427076 -0.0739943310618401 0.0548651218414307 0.0590666942298412 -0.0228959005326033 -0.0747109353542328 0.0544229745864868 -0.0194493513554335 0.000260073691606522 0.0291983876377344 -0.0331225730478764 0.00741003965958953 -0.0460868254303932 -0.0156579073518515 -0.00356281641870737
-0.00885971449315548 0.0306317210197449 -0.0519875250756741 -0.0542860329151154 0.0427811592817307 -0.0426303893327713 -0.0661177411675453 -0.0561457574367523 0.0395675413310528 -0.0309430453926325 -0.0562950149178505 -0.0622609816491604 -0.0662319362163544 -0.0453717261552811 0.0292871221899986 -0.0538120418787003 0.0814454481005669 0.0534441694617271 -0.0011418218491599 -0.0292114019393921 0.0365709811449051 -0.076885998249054 -0.0223916135728359 0.00230172905139625 0.0432963818311691 0.00487340614199638 0.0183724127709866 -0.0384913869202137 -0.00830227881669998 -0.0022839184384793 0.105677969753742 0.0160470828413963 -0.0280268713831902 -0.000109459346276708 0.0388839058578014 -0.0289137195795774 -0.00528042484074831 0.024533599615097 -0.0381878018379211 -0.0538475029170513 0.0182897374033928 -0.00746993767097592 -0.00464431615546346
-0.0316346324980259 0.0307246949523687 0.024311063811183 -0.0502516888082027 -0.0465546846389771 0.0658582970499992 -0.0320452265441418 -0.0230632703751326 0.0574164390563965 0.0904279947280884 -0.0915940329432487 -0.04610351100564 0.0804410576820374 -0.00290049402974546 0.0106624318286777 -0.0205898694694042 -0.066359207034111 0.0116874687373638 -0.0240119080990553 -0.0432060211896896 0.0276252496987581 0.000626672815997154 0.0728761032223701 0.0595063380897045 0.0212909858673811 0.0481656789779663 0.0103332148864865 0.0196143351495266 -0.0183139387518167 -0.0326757505536079 0.0213280990719795 -0.0557931624352932 0.0838244259357452 -0.0112060690298676 0.0408721901476383 0.00487946905195713 -0.00812528096139431 0.0203699208796024 -0.000480994582176208 -0.0628410577774048 -0.0176374055445194 0.0394908376038074 0.0804819688200951
-0.00593898631632328 -0.0582754798233509 -0.0832095593214035 0.0509744174778461 -0.0145860845223069 -0.0939654186367989 0.0451694391667843 -0.0272525101900101 0.0320200808346272 0.0076808724552393 0.0124524366110563 0.00210392219014466 0.0605737864971161 0.109877616167068 0.00909795612096786 0.0223866309970617 0.0219033621251583 0.0616126544773579 -0.00896616652607918 0.015355946496129 -0.0552983582019806 -0.0226451065391302 -0.0369928106665611 0.0215380135923624 -0.024499798193574 0.0141891948878765 -0.0475529581308365 0.0729993879795074 -0.0694993734359741 0.0294122640043497 0.0199308656156063 0.0413224659860134 0.0362477339804173 -0.0137564549222589 -0.0201620794832706 0.00970890466123819 -0.039565172046423 -0.0649562776088715 0.0749496221542358 -0.0646849572658539 -0.0439235977828503 -0.00337997521273792 0.0855253934860229
-0.026405481621623 0.0261949598789215 -0.00462503917515278 -0.066209465265274 -0.0850473940372467 -0.0880764126777649 0.0153521839529276 -0.0327223837375641 0.00236106128431857 0.00944810453802347 0.020588057115674 -0.0324651263654232 0.00834921095520258 -0.0381742976605892 -0.0198974851518869 0.0307662058621645 -0.00229536276310682 -0.0331072956323624 -0.00528600113466382 -0.0531045645475388 -0.00960685964673758 0.0185563843697309 0.0522800981998444 -0.0254884902387857 -0.00208578794263303 0.0497712790966034 -0.0270871445536613 -0.00271984213031828 0.0194653794169426 -0.00747751351445913 -0.0165982525795698 0.0765189900994301 0.0430476032197475 -0.0956014692783356 0.0382920280098915 0.0311914142221212 0.0299734473228455 -0.00585795752704144 -0.0120509350672364 -0.0125519009307027 0.0476848483085632 -0.0694189667701721 0.0263396222144365
