assets/gome_f/processed/ascii/world/gome_sif_world_20131101.asc
NCOLS 720 
NROWS 360 
XLLCORNER -180 
YLLCORNER -90 
CELLSIZE 0.5 
NODATA_value -3.4e+38 
[rows 266 to 284 of 360, columns 602 to 644 of 720]
0.074498638510704 -0.000664129271171987 -0.022229777649045 0.0288959182798862 0.0786239579319954 -0.0107300560921431 0.0157514289021492 -0.00674125645309687 0.0185997579246759 0.051774762570858 0.0295325852930546 0.0132695343345404 -0.125382542610168 0.0181943774223328 0.117697924375534 0.0592407360672951 0.00628792541101575 -0.090523786842823 -0.0575083270668983 0.140958338975906 -0.0403263866901398 0.0674759447574615 -0.00923188962042332 -0.0282612182199955 0.184697672724724 -0.0203420706093311 0.160844579339027 -0.0230572856962681 0.0272586289793253 -0.106955491006374 -0.0674936026334763 -0.0552563294768333 0.0636729001998901 0.139633372426033 0.0489410161972046 0.0062756510451436 0.0328295789659023 0.179737880825996 -0.0750819221138954 -0.0435727089643478 -0.192430764436722 -0.033511109650135 0.190611898899078
0.131455704569817 -0.0838426128029823 0.0974331945180893 -0.00387219083495438 0.352499306201935 0.0616999864578247 -0.040150623768568 -0.0135648343712091 0.165176302194595 0.168359071016312 0.0551713928580284 -0.11584261059761 0.119218118488789 -0.0863509103655815 0.0751476809382439 0.00694621121510863 0.0334705449640751 -0.0197481252253056 -0.0873402804136276 0.0133744776248932 0.0759954527020454 0.0511578023433685 0.178803458809853 0.0185263194143772 0.0989723801612854 -0.145014852285385 -0.0948384627699852 -0.0255747623741627 0.0603623352944851 0.0840640887618065 0.00466277776286006 0.113096557557583 -0.0818969458341599 -0.115066595375538 -0.012770552188158 -0.00509672053158283 0.124282754957676 -0.0443574413657188 0.0163570120930672 -0.0274275634437799 0.0542867854237556 -0.0432774275541306 0.108258165419102
-0.105621993541718 0.0913166403770447 0.101565361022949 -0.0835585445165634 -0.286085546016693 0.199165627360344 0.0706326737999916 0.152995988726616 -0.166611090302467 0.0285257156938314 -0.0542903803288937 -0.060238890349865 0.00135612487792969 0.107242219150066 -0.0538956224918365 0.178974598646164 -0.0437150523066521 0.0543037950992584 -0.104853719472885 -0.128206789493561 -0.0921526923775673 -0.00309783965349197 0.0282747447490692 -0.10453724116087 -0.0712151154875755 -0.0920955911278725 0.111887477338314 -0.0707282349467278 -0.146584838628769 0.157607302069664 0.0181307662278414 -0.00487661873921752 -0.117064669728279 0.0548815131187439 -0.0988189876079559 0.211090892553329 -0.0184310246258974 0.0919821113348007 0.0949400812387466 0.038497980684042 0.137025371193886 0.117711082100868 0.0396058149635792
-0.00240653357468545 -0.0952139049768448 -0.0702663585543633 0.0999283120036125 -0.0346343033015728 -0.0999742671847343 0.039305754005909 0.020676426589489 -0.0494144335389137 0.0177819207310677 -0.0132550597190857 0.118824258446693 0.0514643155038357 -0.0120731126517057 -0.0530273169279099 -0.0284427776932716 0.0474901311099529 -0.0273793060332537 0.17585389316082 -0.0451396144926548 0.105826482176781 -0.00764544447883964 -0.0787959918379784 0.0284380335360765 -0.021820392459631 0.0261432006955147 -0.0640115961432457 0.210533648729324 -0.0675589814782143 -0.0021575465798378 0.109896995127201 0.0231059584766626 -0.101447187364101 -0.0230752844363451 -0.0947820767760277 0.00294130179099739 0.0724753066897392 -0.128470346331596 0.130295589566231 0.0727987959980965 -0.0104018384590745 -0.109782621264458 -0.129987075924873
0.0502416975796223 0.0501540713012218 0.0280817802995443 0.113252460956573 0.0378472805023193 0.104891814291477 -0.0115749472752213 0.0745190903544426 -0.0471376329660416 0.0662836506962776 0.0656711012125015 -0.0951481759548187 0.0522900447249413 -0.0688254535198212 -0.0221368744969368 -0.0163760147988796 -0.0590214915573597 0.079464927315712 0.0908873677253723 0.0283863674849272 -0.0815505683422089 -0.236073642969131 0.00989309512078762 -0.0821962207555771 -0.0222751777619123 0.0356040485203266 -0.0804365947842598 0.0372619293630123 0.102317824959755 0.0116324033588171 -0.0265531148761511 0.0337117724120617 0.0896676331758499 -0.10092432051897 0.312219887971878 -0.0458577275276184 0.028875146061182 0.0944531708955765 0.034113347530365 -0.153984904289246 0.332280099391937 -0.0309561360627413 -0.023525470867753
0.00586409727111459 -0.000407945364713669 -0.143839195370674 0.0202395655214787 0.0314504839479923 0.0958913639187813 -0.102650001645088 0.0256354734301567 -0.0441704951226711 0.0912635251879692 0.0458033159375191 -0.0515993423759937 -0.0874988287687302 -0.0457128398120403 0.110679268836975 0.0338888689875603 -0.107011809945107 0.125819027423859 -0.172918304800987 0.104920670390129 -0.0412303656339645 0.333930969238281 0.132020965218544 0.129652231931686 -0.12940976023674 0.15818940103054 0.16878055036068 -0.0552100948989391 -0.117994606494904 0.00121020607184619 -0.121355697512627 0.232332974672318 0.0980011373758316 0.0432523004710674 -0.0157639756798744 0.0399397388100624 0.00394346192479134 0.0442825295031071 0.10037624835968 0.221456751227379 -0.0978004187345505 0.128027513623238 0.47910338640213
-0.0152611071243882 -0.0459077805280685 0.0484723970293999 0.114604964852333 -0.0949707254767418 -0.0124226827174425 0.380638748407364 0.0479750595986843 -0.117438808083534 -0.0503287054598331 -0.0589567311108112 0.0970668941736221 -0.0504834055900574 -0.0430753156542778 -0.0946629643440247 -0.0489513836801052 -0.0643922761082649 -0.0353803113102913 0.0657758563756943 -0.0976044908165932 0.0304458532482386 -0.0331080630421638 -0.0709657445549965 -0.214824840426445 0.193644687533379 0.0934564471244812 0.0108133256435394 0.046536959707737 -0.101619116961956 -0.0476479567587376 0.0603906214237213 -0.194557636976242 -0.190552100539207 0.162202164530754 0.0595732592046261 0.13727767765522 0.168503969907761 -0.252592116594315 0.156381741166115 -0.0294397473335266 -0.512095212936401 -0.357679456472397 0.0355481021106243
0.0280278790742159 0.0159040857106447 -0.0334922671318054 0.0205786861479282 0.00859769620001316 -0.0353576876223087 0.102800264954567 -0.00780131062492728 -0.0194775592535734 0.0167027693241835 0.0811270847916603 -0.077141247689724 -0.037987194955349 -0.128533408045769 0.0566692985594273 -0.0719435289502144 -0.0557949431240559 0.0636023432016373 -0.0547233745455742 -0.0515833087265491 -0.171371906995773 -0.0232471972703934 0.229128867387772 0.00349397747777402 0.0336901098489761 0.0277587007731199 0.138912752270699 0.0678087770938873 0.131715729832649 0.0465626493096352 0.173469215631485 -0.140637919306755 -0.164888098835945 0.0669685676693916 -0.184067666530609 0.16362202167511 -0.0546717345714569 -0.0994887053966522 0.251512885093689 0.082064189016819 -0.120496861636639 -0.0564163029193878 0.0460340678691864
0.0374286584556103 0.175440162420273 0.0282512158155441 -0.0118207987397909 -0.0950798392295837 0.0356011353433132 -0.151380524039268 -0.0469058975577354 -0.0140983005985618 -0.00922145042568445 0.0684587806463242 -0.0617089346051216 0.0314997434616089 -0.0541628152132034 -0.0229778215289116 0.0886434465646744 0.137529656291008 -0.142528831958771 0.0397528037428856 -0.050937857478857 0.188870072364807 0.151167467236519 0.0193526782095432 -0.00452423933893442 -0.0254926439374685 -0.0117943668738008 -0.103083811700344 -0.155982166528702 0.00168817862868309 -0.176886856555939 0.452946752309799 0.0465532504022121 0.2100740224123 0.143429160118103 0.0474273860454559 0.05928560718894 0.000592648983001709 0.195195108652115 -0.0990250259637833 0.122422635555267 -0.00405538454651833 -0.0445898175239563 0.031736072152853
0.0870859622955322 0.198511004447937 0.0359288528561592 -0.0876689627766609 0.0207508597522974 -0.0106604276224971 -0.00235499325208366 0.106248646974564 0.232747241854668 -0.107525900006294 -0.024255283176899 -0.0709085762500763 -0.0313224941492081 0.134753540158272 -0.00239120237529278 0.0215519424527884 -0.0099304337054491 0.122022338211536 0.0406318604946136 0.00999493524432182 -0.0807944089174271 0.00453783851116896 -0.142286732792854 0.0212592054158449 0.0903685465455055 0.114132262766361 0.205745577812195 -0.279048472642899 0.235315814614296 0.45210063457489 0.145469412207603 -999 0.173374772071838 -0.0726994797587395 0.044463824480772 -0.0310765001922846 0.0782717913389206 -0.0768965035676956 -0.0256870985031128 0.106792338192463 -0.12519046664238 -999 0.0651905238628387
-0.0355984680354595 -0.178548097610474 -0.0780758187174797 0.119046606123447 -0.0486108139157295 -0.0891729816794395 0.176787286996841 0.0207265187054873 0.0223906822502613 0.149132311344147 0.0761931091547012 0.243460118770599 0.027551431208849 -0.102702856063843 -0.185700699687004 -0.0579552389681339 0.00130093947518617 0.203599661588669 -0.0722934007644653 -0.0111075574532151 0.191245272755623 0.00427857181057334 0.125232517719269 -0.0684015899896622 -0.0627027451992035 0.0298163574188948 0.0375048257410526 -0.0908317267894745 -0.0161111745983362 -0.0102929472923279 0.0518111474812031 -999 -0.206116810441017 -0.154294386506081 -0.0787911340594292 -0.14650009572506 0.0457196235656738 0.367935717105865 0.0798681452870369 0.285057693719864 -0.104512095451355 -0.00325932097621262 -0.219299629330635
0.0691326558589935 -0.128786742687225 -0.414815157651901 0.241355776786804 -0.09014692902565 -0.394604682922363 0.172302484512329 0.000870197196491063 -0.0554195009171963 -0.0301759317517281 0.185066416859627 0.0615862384438515 0.0541764833033085 -0.0834247842431068 -0.104297585785389 0.10919626802206 0.0852086320519447 0.0704399943351746 0.144335880875587 0.0832613557577133 -0.111789368093014 -0.159341514110565 0.154978543519974 -0.0214251819998026 0.0228208694607019 0.0411754697561264 0.0221113543957472 0.0639743432402611 -0.00725964829325676 0.114082925021648 -0.100558057427406 0.16044208407402 -0.303628712892532 0.107157200574875 0.0885944068431854 0.0283684190362692 -0.0652085691690445 -0.142165020108223 -0.337025195360184 -0.122754573822021 -0.0318101532757282 0.0398435480892658 0.386501908302307
0.124373659491539 0.239118576049805 -0.150439500808716 -0.0758231580257416 0.209923461079597 0.0686976686120033 -0.0582225918769836 0.0895734429359436 0.106979593634605 -0.0637478306889534 0.0153199816122651 0.0498007088899612 -0.0469369515776634 -0.0431656055152416 0.0261001959443092 0.142083764076233 -0.178714796900749 -0.0484288670122623 0.0490881726145744 0.0400357618927956 -0.162395924329758 -0.026375338435173 0.13438118994236 -0.224092125892639 0.0990693941712379 0.0322584249079227 0.0251644868403673 -0.100199438631535 -0.127687722444534 -0.118989445269108 0.190269455313683 0.0118122464045882 0.243056669831276 0.0385428816080093 -0.0307671930640936 0.127978637814522 0.182474792003632 0.140666097402573 -0.0568311512470245 -0.00124275276903063 -0.229348137974739 -0.119126617908478 0.376137852668762
-0.0429964363574982 -0.10792114585638 0.00622462062165141 0.060213889926672 -0.121943689882755 0.238374531269073 -0.0760612338781357 0.0138305993750691 -0.0396989956498146 0.0692354962229729 -0.0867592319846153 -0.00235168333165348 -0.00170657632406801 -0.121230155229568 -0.0503942891955376 -0.12876670062542 -0.0815487951040268 0.0313288308680058 0.0915738567709923 0.119566924870014 -0.0269116405397654 -0.0277297031134367 -0.0643720701336861 0.147212952375412 -0.143674820661545 0.209790334105492 -0.154542282223701 -0.125995993614197 -0.25102898478508 -0.129299521446228 -0.115844547748566 -0.0511304587125778 -0.151961371302605 -0.164343327283859 0.281920254230499 0.0603113286197186 0.0620775558054447 -0.142600104212761 -0.0972894430160522 0.084589771926403 -0.175465568900108 0.015385627746582 0.00667896866798401
0.0652075409889221 0.113609604537487 -0.153362020850182 -0.00489705288782716 0.00683873379603028 0.216317489743233 -0.0327604301273823 0.177757352590561 0.106350295245647 0.133752912282944 -0.0224167332053185 -0.0132252555340528 -0.0153405051678419 0.0500992424786091 0.0730730965733528 -0.104941882193089 -0.047419298440218 0.0579846873879433 -0.0245994869619608 0.0664767697453499 -0.155043065547943 -0.146165087819099 -0.100676484405994 -0.141072601079941 -0.0957648232579231 0.00418676668778062 -0.20673443377018 -0.159036368131638 -0.540269136428833 -0.17271688580513 0.164818733930588 -0.100297957658768 -0.0232771430164576 -0.082615502178669 -0.147447019815445 0.243688106536865 0.257521539926529 -0.105473026633263 0.0645088106393814 0.251947283744812 -0.172297745943069 0.137279242277145 0.347666949033737
0.0169466994702816 -0.0342039242386818 0.264897346496582 -0.0936734676361084 0.126415848731995 0.204857558012009 0.0214598886668682 -0.134205773472786 0.173290461301804 -0.0316643938422203 0.0836681053042412 -0.0753757730126381 -0.103884764015675 0.0152504192665219 0.0727325156331062 0.0347739830613136 -0.0847559198737144 0.0327397920191288 0.0588382072746754 0.151319816708565 -0.123229436576366 0.00243431818671525 0.0247158948332071 -0.0266882218420506 -0.114834696054459 0.17945009469986 -0.0172873251140118 -0.170682951807976 0.0395948886871338 -0.258397728204727 0.170263856649399 -0.0347231701016426 0.229656174778938 0.132761746644974 0.294799149036407 0.172473683953285 0.0241577532142401 -0.185960531234741 0.163073346018791 -0.155617713928223 -0.0786066278815269 0.151477962732315 0.0177736803889275
0.231191724538803 0.0374507792294025 -0.197113737463951 0.349355936050415 -0.111559331417084 -0.253986716270447 0.314655214548111 0.186786338686943 -0.157146364450455 -0.0252373814582825 0.0090227983891964 -0.0471023209393024 -0.21892361342907 -0.0957526192069054 0.127995043992996 0.0503654405474663 -0.0861990749835968 0.0309787690639496 -0.111026965081692 0.0883123204112053 0.0816865116357803 -0.101462185382843 0.237083241343498 0.0543435774743557 -0.164874419569969 -0.165898382663727 -0.0182033888995647 -0.0245393291115761 -0.13211964070797 0.0689298659563065 0.0979982390999794 0.128470495343208 -0.238830000162125 0.258573830127716 0.00776932388544083 -0.239840820431709 -0.0924906730651855 0.0684638991951942 0.155120491981506 0.0803704038262367 -0.248085677623749 -0.0428074933588505 -0.0421270243823528
-0.160780444741249 -0.00190147163812071 -0.184824272990227 0.163094580173492 0.0565504357218742 0.172812536358833 0.0890885666012764 0.0849066004157066 0.0818974152207375 0.0230164024978876 -0.107959650456905 -0.019388772547245 0.0338373146951199 0.133987113833427 -0.000973184884060174 0.102762125432491 0.152568340301514 -0.074776366353035 -0.0697692185640335 -0.0952547490596771 0.270229995250702 -0.0918443202972412 0.067870132625103 0.0356023795902729 0.19412936270237 0.0437522158026695 -0.113913178443909 -0.0149749591946602 0.0521146804094315 -0.143665865063667 0.0515139624476433 -0.0727640986442566 0.0282473471015692 -0.173970445990562 0.240219816565514 0.00516844866797328 -0.0808519423007965 -0.116693258285522 -0.0296668726950884 -0.153337985277176 -0.0950674116611481 -0.238996937870979 -0.157472744584084
0.232699170708656 -0.0684572756290436 -0.137136936187744 -0.161055848002434 0.0715546980500221 -0.00510860979557037 -0.238113716244698 0.0454319044947624 0.010444775223732 -0.0329489484429359 0.135851755738258 0.24017234146595 0.0688901320099831 0.00883599743247032 -0.0542268790304661 0.038618441671133 0.124727085232735 0.00088869861792773 -0.181733176112175 -0.133485659956932 -0.0763990208506584 -0.0070556253194809 -0.159992650151253 0.0278114769607782 -0.0366601124405861 0.0685176476836205 -0.0994446575641632 -0.168438866734505 -0.0305033028125763 0.00682229781523347 -0.0905152708292007 -0.00250014662742615 -0.0983368158340454 0.241490423679352 0.0296917147934437 0.0988992899656296 0.0533417873084545 -0.0122290253639221 -0.0201912429183722 0.0163542684167624 -0.0370586439967155 -0.186990797519684 -0.156335473060608
