assets/gome_f/processed/ascii/world/gome_sif_world_20110701.asc
NCOLS 720 
NROWS 360 
XLLCORNER -180 
YLLCORNER -90 
CELLSIZE 0.5 
NODATA_value -3.4e+38 
[rows 171 to 189 of 360, columns 430 to 472 of 720]
-0.0340069830417633 -0.0559001006186008 -0.0319355800747871 -0.0355053506791592 -0.0706954672932625 -0.0476842485368252 -0.0146711738780141 0.0724624544382095 0.130774110555649 0.0408124476671219 0.0212680175900459 -0.0220705773681402 -0.0247789826244116 0.0112396776676178 -0.0798581093549728 0.010129127651453 -0.0660291314125061 0.05509989336133 0.0745513141155243 0.0527900271117687 0.0228719692677259 0.0353112667798996 0.0227512009441853 0.0494596399366856 0.00928579829633236 -0.0165947582572699 0.0248450208455324 0.0647736564278603 -0.034665871411562 0.000900450220797211 0.0428183600306511 -0.0383596271276474 0.0399872288107872 0.0509248115122318 0.100568927824497 -0.0302031580358744 0.0247311163693666 -0.0367710702121258 0.03431086987257 -0.00459534581750631 -0.0451162457466125 -0.00479137850925326 0.00144850183278322
0.0381480194628239 -0.046460147947073 -0.0239481721073389 -0.118050888180733 -0.046282734721899 0.0518806725740433 -0.0582433380186558 0.0581486150622368 0.0320883132517338 -0.0727821812033653 0.0772028639912605 0.0143767138943076 -0.0008137307013385 -0.011166226118803 0.00358322076499462 0.0364288948476315 0.0804866626858711 -0.0502287968993187 0.142430558800697 0.0472566224634647 0.0393480993807316 -0.0766962170600891 -0.00363055127672851 0.030332263559103 -0.010617645457387 0.057774256914854 0.000601293053478003 0.0159181971102953 0.0337715782225132 0.0072805373929441 0.0788409635424614 0.0122700212523341 -0.00598652195185423 0.0359773002564907 0.0323516428470612 0.0271109044551849 0.0582996979355812 0.0178996566683054 -0.064530111849308 0.0225434638559818 -0.0626988410949707 -0.025073055177927 0.0284710042178631
-0.00991957634687424 0.0199687611311674 0.11773756146431 -0.0399688296020031 -0.0772871375083923 -0.0219719018787146 -0.0425340607762337 0.0432686135172844 -0.0441700033843517 -0.095609687268734 0.0508443750441074 -0.0493548177182674 -0.044173575937748 0.0284443367272615 -0.054091103374958 0.0121269933879375 0.0192161537706852 -0.0501858666539192 0.0450823344290257 0.0948780253529549 0.0265889894217253 0.0374209322035313 0.00131953356321901 0.0734973028302193 0.0748322829604149 0.0491693764925003 0.0403243191540241 -0.0291382130235434 0.00862941052764654 -0.00591044779866934 0.0117443762719631 -0.0138051100075245 -0.0393035486340523 -0.0175996702164412 -0.0732548460364342 0.019135320559144 -0.0181517843157053 -0.000558506872039288 0.0639292970299721 -0.059341836720705 0.00425589876249433 -0.00627750949934125 0.0431053973734379
0.0884836837649345 -0.0351817682385445 0.145819827914238 -0.032976720482111 -0.0641106218099594 0.0174420364201069 -0.0435233488678932 0.0156304500997066 -0.042859461158514 -0.0186878349632025 -0.0542204082012177 -0.0156808011233807 -0.0160201322287321 -0.109085969626904 -0.129461362957954 0.108209677040577 -0.0313869751989841 0.117830783128738 0.11326077580452 0.00780171249061823 0.0561906099319458 0.00974730681627989 0.109057612717152 0.0262369476258755 -0.0363171547651291 -0.0870147049427032 0.0186825469136238 -0.0849434435367584 0.0319847948849201 0.104952812194824 -0.00879148207604885 0.0172448623925447 -0.0433656573295593 0.0275090523064137 -0.0426749140024185 0.00687872571870685 0.049203634262085 0.0436239540576935 0.0129627827554941 0.117262654006481 -0.0143682230263948 0.0242716204375029 0.0468443594872952
0.181312188506126 0.0194022785872221 0.107784397900105 -0.0198155324906111 -0.0785346329212189 -0.0371488891541958 -0.0160833746194839 -0.0737502053380013 0.0106254070997238 0.0330876633524895 -0.157139137387276 -0.0819525495171547 -0.0396746881306171 -0.0163152776658535 0.0241003204137087 -0.0534572266042233 -0.00207510218024254 0.192558258771896 0.0271087791770697 -0.0119458604604006 -4.57796777482145e-05 0.0707412883639336 0.0432019904255867 -0.0150332022458315 -0.0257119424641132 -0.00822288915514946 0.000297530990792438 0.0147808464244008 -0.0189549382776022 -0.0280009787529707 -0.0352346785366535 -0.007806905079633 -0.000866606365889311 -0.0405819602310658 -0.0546206310391426 0.017967713996768 0.0989738777279854 0.00363320345059037 -0.00902051385492086 -0.0199847817420959 -0.0183021239936352 0.00789843499660492 0.0779639109969139
0.318814009428024 0.246584981679916 0.0961029082536697 0.0242176055908203 0.0373414494097233 -0.0161814447492361 -0.0768945142626762 -0.0834617614746094 0.0243925098329782 0.0189130697399378 -0.0621182881295681 -0.0368184223771095 -0.124639101326466 0.0135425217449665 -0.0470469407737255 0.00653729727491736 0.0243136286735535 0.0186943132430315 0.0250813849270344 0.00391784589737654 -0.0275660585612059 0.0419767908751965 -0.0498819835484028 0.0770351141691208 -0.00557037582620978 -0.0132917789742351 0.0659743398427963 0.0168463941663504 0.0189260113984346 0.00723060267046094 0.04090840741992 0.0664889961481094 -0.0351596288383007 0.00274744303897023 0.00677537592127919 -0.0480133146047592 0.0366288833320141 -0.0454273968935013 -0.0488501340150833 0.00252528628334403 0.00481669791042805 0.00880472455173731 0.0411435924470425
0.532276511192322 0.341981023550034 0.214340016245842 0.184126168489456 0.133626237511635 0.0198061969131231 -0.0567148551344872 -0.0210255607962608 -0.119246758520603 -0.0230453386902809 0.0377701185643673 0.000893373449798673 -0.160441979765892 0.00366390054114163 0.0384673327207565 0.101352080702782 0.0774786025285721 0.121387392282486 0.0241765696555376 0.000734631321392953 -0.078948125243187 -0.0243846960365772 -0.0352269783616066 0.0155914258211851 -0.00658247154206038 0.00405279733240604 0.0222807917743921 -0.0497597903013229 -0.00941327679902315 -0.0523434765636921 0.0845423862338066 -0.0448138676583767 -0.0424687005579472 0.0421131365001202 0.0115913394838572 -0.00336597510613501 0.0155761567875743 0.0326749570667744 0.0455337166786194 -0.0201918743550777 0.0264912024140358 0.0780250802636147 0.00650603696703911
0.444292455911636 0.442733228206635 0.281522333621979 0.116638951003551 0.0890569090843201 -0.00706953695043921 -0.042939979583025 0.0655093044042587 -0.0611943826079369 0.0217291247099638 0.0110553884878755 0.00573441153392196 0.038524866104126 0.152530774474144 0.18095426261425 0.0549667663872242 0.0423795357346535 0.000229660756303929 0.0100372508168221 -0.0300533063709736 0.0227757729589939 0.0187453310936689 -0.0141382459551096 -0.0187038630247116 -0.000574480392970145 0.0411866344511509 -0.00946013536304235 0.056418489664793 0.013307373970747 0.0276128202676773 -0.0234042797237635 -0.0444190166890621 -0.0372055172920227 0.0737511068582535 -0.0179051887243986 0.0501173436641693 9.98140458250418e-05 -0.0286799725145102 -0.0089242747053504 0.00351130519993603 0.0388874188065529 -0.0520686730742455 -0.0172337051481009
0.538444578647614 0.472142189741135 0.247113347053528 0.283245712518692 0.171525865793228 0.159995079040527 0.108437530696392 0.0261379536241293 -0.0202603526413441 -0.105877116322517 0.0160867422819138 0.0388525724411011 -0.118641965091228 0.178177803754807 0.111094571650028 0.101306550204754 0.105471305549145 0.0327670536935329 -0.0610649213194847 -0.0654285401105881 0.0203774757683277 -0.0276954974979162 -0.0155871296301484 -0.00283041200600564 0.0531207546591759 0.00698769418522716 0.0125859333202243 -0.0358111821115017 -0.0789122134447098 -0.0406734421849251 0.0205075684934855 -0.00188009615521878 0.00548493070527911 0.0342149771749973 0.040733452886343 0.0342298895120621 -0.0993629023432732 -0.0369487255811691 0.0106412842869759 -0.00753749627619982 -0.0543909855186939 0.0261884741485119 -0.0493825040757656
0.339874416589737 0.454176902770996 0.444375336170197 0.379262864589691 0.285965889692307 0.166758298873901 0.146589204668999 -0.0263069197535515 0.0407008975744247 -0.0137187410145998 -0.0370997600257397 0.0955621153116226 0.0994061380624771 0.124303966760635 0.0537043958902359 0.041320975869894 -0.028026670217514 -0.00510526075959206 -0.0424889363348484 -0.0124893244355917 -0.0753971263766289 -0.00221822853200138 0.0533784590661526 0.00869770254939795 -0.0215882118791342 -0.0307572185993195 0.0605058297514915 -0.00597892934456468 0.00736641651019454 -0.00761287147179246 -0.0924456343054771 0.0808616951107979 -0.05536774918437 -0.0282005108892918 -0.0325837433338165 -0.00270556122995913 -0.034966342151165 -0.0071797939017415 0.0528420321643353 -0.0345226787030697 -0.12533512711525 0.0082637770101428 0.0451056659221649
0.373751431703568 0.395359337329865 0.357567101716995 0.331832349300385 0.222435683012009 0.14951328933239 0.0752528086304665 0.00230577122420073 -0.133389726281166 0.080860897898674 0.0854181125760078 0.010854434221983 0.123336181044579 -0.00363618577830493 0.0794696733355522 0.0362697578966618 -0.0141312703490257 -0.0734844729304314 -0.0391500927507877 0.00585656892508268 -0.0072129163891077 -0.0436949916183949 0.0054404903203249 -0.00218644365668297 -0.0041468096897006 -0.104973502457142 0.033117052167654 0.0166026130318642 0.00694548524916172 -0.0170957464724779 -0.0341635420918465 -0.0185112208127975 -0.0106618581339717 0.0211736690253019 0.0440741516649723 0.0292180515825748 -0.0343097262084484 -0.0342556312680244 -0.0177369266748428 -0.0533562265336514 -0.0837874934077263 -0.0287346094846725 0.052261583507061
0.259525150060654 0.0988898053765297 0.208792373538017 0.158537238836288 0.121197275817394 0.0926069170236588 0.0473243705928326 0.0703602805733681 -0.0797336548566818 -0.0203970894217491 0.0308415312319994 0.122762016952038 0.12114080786705 0.0658042058348656 0.0654369741678238 -0.0577023960649967 -0.0185922607779503 0.0630741268396378 -0.0622253268957138 -0.0304452385753393 -0.0133013622835279 0.0353068895637989 0.0199656691402197 -0.0338595286011696 0.0552372001111507 -0.00754282344132662 -0.0508284494280815 0.0229775253683329 -0.0563558526337147 -0.0147454142570496 -0.00890030339360237 0.011905912309885 0.0549409203231335 0.0185818709433079 0.104329943656921 -0.0437090918421745 -0.063348114490509 0.0285729914903641 -0.0301240235567093 0.0171093605458736 -0.00828739907592535 -0.030326284468174 -0.0068490207195282
0.288089513778687 0.115594640374184 0.100409507751465 0.00246785790659487 0.0267471820116043 0.0632949694991112 0.0888453498482704 -0.00328254629857838 -0.024937255308032 -0.0972102582454681 0.0365253910422325 0.232661515474319 0.124876700341702 0.0503645427525043 0.0402195937931538 -0.0146087789908051 -0.0559732206165791 -0.018284548074007 -0.0366392508149147 -0.0233390759676695 0.00258037657476962 -0.0353816635906696 0.0166462510824203 -0.0428973212838173 -0.0607439577579498 -0.0632097199559212 -0.0133380824699998 -0.049861017614603 -0.0864322409033775 0.11636359244585 0.0212517082691193 -0.0131062846630812 0.00621533859521151 0.0504066422581673 0.0609875097870827 0.054051149636507 0.00205503543838859 0.00380478193983436 -0.0704401284456253 -0.0125795304775238 0.0317276827991009 0.0268845651298761 -0.026112524792552
0.0255339127033949 0.0376560613512993 0.0346608124673367 0.0542784482240677 0.0447928011417389 -0.00295337592251599 0.00916341040283442 -0.00600082520395517 -0.00778732355684042 -0.0465706251561642 0.0832646712660789 0.079747699201107 0.0495354719460011 0.00811540614813566 -0.0452038645744324 -0.0204703528434038 -0.0154290962964296 -0.0279682781547308 -0.065693236887455 -0.000837042112834752 -0.00180059031117707 0.0397612825036049 -0.0417640395462513 0.0339721292257309 0.0162480100989342 -0.0420381985604763 0.0560999251902103 -0.0120081258937716 0.00171022280119359 -0.0532031059265137 -0.0180876385420561 -0.0802808105945587 -0.0374498628079891 -0.038966678082943 -0.102165162563324 -0.0297248009592295 -0.0320441722869873 0.0384483598172665 0.0472135432064533 -0.0814142823219299 0.0522424839437008 -0.0458144992589951 -0.0505556389689445
-0.00610134098678827 -0.0345283821225166 0.0242795310914516 0.06117944419384 0.0744040533900261 -0.0199776031076908 0.00296653108671308 -0.0315365083515644 -0.02129727602005 0.001971828751266 0.130436673760414 0.0415283665060997 0.0940259769558907 0.0126576581969857 0.0199962239712477 0.0137522118166089 0.0453178882598877 -0.0759718865156174 0.0738492608070374 -0.0387072414159775 -0.0661921352148056 0.0232404563575983 0.0272988490760326 0.0184421855956316 0.031585406512022 0.0133658293634653 0.0114389955997467 0.0272144675254822 -0.0278554372489452 0.0105226328596473 0.0148318111896515 0.0297069065272808 0.00766304414719343 0.00104294193442911 -0.0574849955737591 -0.0145101342350245 -0.0411566756665707 -0.0308496449142694 0.0320427790284157 0.0343558341264725 -0.0388442017138004 -0.0255174450576305 0.0373753979802132
0.0462612397968769 0.025350721552968 0.106246247887611 0.127251252532005 0.173650741577148 0.151164695620537 0.113426052033901 -0.0120777627453208 0.0212649740278721 0.0989089161157608 0.0239480398595333 0.0320329330861568 0.00535529712215066 0.0155698405578732 -0.0164405275136232 -0.0480715930461884 -0.01543696410954 0.060015719383955 -0.0732966735959053 -0.0528128631412983 -0.0111575415357947 -0.016030564904213 0.0156291127204895 0.0347471907734871 0.0343275740742683 -0.0452656224370003 0.0530226640403271 0.141498520970345 0.0304019693285227 0.0915329977869987 0.0549430176615715 0.00400756020098925 -0.0440593622624874 -0.0822801738977432 0.0337020345032215 -0.0311652775853872 0.0722287148237228 -0.0396278351545334 -0.0401421636343002 -0.0351246893405914 -0.00640629790723324 -0.0213423892855644 -0.0542644150555134
-0.0343431904911995 0.0799825042486191 0.117569789290428 -0.143079727888107 -0.018470911309123 0.0776942074298859 0.0267427898943424 0.0725425034761429 0.161075443029404 0.0621717348694801 0.00283263646997511 -0.0318510569632053 0.00323451915755868 0.0297722537070513 0.107603296637535 -0.0499234460294247 0.0538352504372597 -0.0363724753260612 -0.04885084182024 -0.04731060937047 -0.00880286376923323 0.0132761262357235 -0.0272368378937244 0.0589762590825558 -0.0155157772824168 -0.0213269013911486 -0.00846125837415457 -0.0548804886639118 -0.111410424113274 -0.0151044810190797 0.0207563806325197 0.0597114786505699 0.0218281038105488 -0.0610765554010868 0.0633097738027573 0.07901531457901 0.0422391593456268 0.0484424605965614 -0.0121171837672591 -0.00381992757320404 0.00730688776820898 -0.0348298028111458 -0.0588593706488609
0.150227546691895 0.165456309914589 0.0721865147352219 -0.0352407582104206 0.110814571380615 0.0903306752443314 0.169609695672989 0.0231316406279802 0.146386414766312 0.141941994428635 0.0293351672589779 0.0155373681336641 -0.0246489271521568 0.0151703814044595 0.0194568168371916 -0.0399684272706509 -0.0133066475391388 -0.0127433417364955 0.0635587945580482 -0.0276220794767141 0.00633204868063331 0.0815272107720375 0.0359270162880421 0.015597335062921 0.00121686665806919 0.00176895374897867 0.0934329479932785 -0.0556009076535702 0.0500467419624329 -0.0342011302709579 -0.0692861303687096 0.0395904518663883 -0.0573149994015694 0.0598318539559841 0.0703373178839684 0.0266791861504316 0.0353650152683258 -0.00673219934105873 0.00181196769699454 -0.0115119162946939 0.0212971027940512 -0.0426810570061207 0.0438569374382496
0.095183290541172 0.137297064065933 0.145407944917679 0.0436342433094978 -0.0251724720001221 0.118392713367939 0.182430282235146 0.151086881756783 0.148457214236259 0.0149797359481454 0.0742379426956177 -0.111397929489613 -0.0576569177210331 -0.00674947630614042 0.0163541808724403 0.0304320342838764 -0.0827380195260048 -0.00681785866618156 -0.00893791578710079 0.0144267426803708 0.0435435771942139 0.0158120077103376 -0.0172702725976706 -0.0117106325924397 0.0534366145730019 -0.050867710262537 0.0939200147986412 -0.0688938796520233 -0.0274957995861769 0.0641959309577942 0.0473153106868267 -0.04572494328022 0.0264525301754475 -0.0241886377334595 -0.0211102608591318 0.0738067850470543 -0.00479443091899157 -0.0508114732801914 0.0134099405258894 -0.0459510423243046 -0.0218588914722204 -0.053487055003643 -0.0463115200400352
