assets/gome_f/processed/ascii/world/gome_sif_world_20110101.asc
NCOLS 720 
NROWS 360 
XLLCORNER -180 
YLLCORNER -90 
CELLSIZE 0.5 
NODATA_value -3.4e+38 
[rows 266 to 284 of 360, columns 473 to 515 of 720]
-0.0717779025435448 -0.042149942368269 -0.0979188680648804 -0.0203781723976135 0.0724043995141983 -0.0603958368301392 0.152812168002129 0.127114400267601 0.00974838715046644 -0.00337610393762589 -0.0479981154203415 0.00409272126853466 -0.240824520587921 -0.162360772490501 0.0660234540700912 0.0489914193749428 0.0168561488389969 0.0816125646233559 -0.146117821335793 0.00796623714268208 0.0427096448838711 -0.105898857116699 0.0779983401298523 -0.158652290701866 0.18559242784977 -0.111403226852417 -0.0712863802909851 0.0538246408104897 0.070804238319397 0.0176946241408587 0.127721950411797 0.0570573322474957 -0.179197013378143 0.151813834905624 -0.172344401478767 0.0951806679368019 -0.0312618017196655 -0.266509860754013 -0.0263896342366934 0.29243928194046 0.0266247391700745 -0.329370081424713 0.104114033281803
-0.0515311881899834 0.01878079213202 0.0156750977039337 0.00953477807343006 -0.0726325958967209 0.0449303388595581 -0.028767904266715 -0.0824936926364899 -0.0478386506438255 0.0984698534011841 0.0137159237638116 -0.0706368535757065 -0.0198554191738367 -999 -0.094411812722683 0.0775534212589264 0.136730507016182 -0.0791851952672005 -0.310603022575378 -999 -0.101130105555058 -0.124063208699226 0.180363044142723 0.129741996526718 -0.023983545601368 0.215543508529663 -0.092802107334137 0.0536432377994061 0.169817358255386 0.130271598696709 0.10981360822916 0.0768813788890839 -0.307151883840561 -0.0522694811224937 -0.183584898710251 0.0882721841335297 -0.0988669767975807 -0.135932102799416 -0.0603682398796082 -0.0033386992290616 0.021022766828537 0.0990611687302589 0.195653259754181
-0.0191574245691299 0.182742640376091 0.129061296582222 0.0754676312208176 -0.0228465888649225 0.185972109436989 -0.137872278690338 0.163185954093933 -0.0767977237701416 0.0286214016377926 -0.12237237393856 -0.031622763723135 0.170831203460693 -0.222389861941338 -0.0579296350479126 0.0280339661985636 -0.0644266903400421 0.124125570058823 0.0722226649522781 -0.0143873319029808 0.175310865044594 0.000693187117576599 -0.198599278926849 0.151112273335457 0.249343633651733 -0.0244316849857569 -0.166275709867477 0.221553951501846 -0.0590797811746597 0.104994304478168 0.121914520859718 0.245482414960861 -0.211930394172668 0.0263785775750875 0.0375435911118984 0.0999961867928505 0.102512180805206 -0.0777110010385513 -0.276656746864319 -0.146219030022621 0.0203480012714863 0.244639277458191 0.145412892103195
0.117482297122478 -0.0813247412443161 0.133095413446426 0.0919340029358864 -0.0447325333952904 0.074213407933712 -0.156084686517715 0.0692473277449608 -0.0613179132342339 -0.0964456796646118 -0.0465603843331337 -0.0239015948027372 0.0700804963707924 0.13431952893734 0.0269172415137291 -0.199025645852089 0.241816475987434 -0.0291199088096619 0.151885643601418 0.0972377955913544 0.1663478910923 -0.0903758034110069 0.0896323695778847 0.0654410496354103 -0.0242316331714392 0.0411006584763527 0.0335894264280796 -0.0738190785050392 0.0139546934515238 0.13753242790699 0.0578017607331276 0.00724005978554487 0.306666404008865 0.0296664386987686 0.1622474193573 -0.0371678881347179 -0.251585125923157 -0.14188027381897 0.0444143563508987 0.0207917243242264 -0.0560898259282112 0.0779163911938667 0.000751018524169922
-0.00563124381005764 -0.344582080841064 -0.140664994716644 -0.0699405297636986 -0.0531835742294788 0.103354156017303 -0.0919549092650414 0.00527103804051876 -0.146500989794731 0.123127914965153 -0.0958724468946457 0.065347246825695 0.0597003027796745 -0.24647168815136 0.0107689928263426 0.0713824331760406 -0.00332222576253116 0.085740901529789 0.176645308732986 0.0181548725813627 0.070686362683773 -0.102630294859409 -0.128190532326698 -0.166147753596306 -0.0362201333045959 0.0456340461969376 -999 -0.125693410634995 -0.0723119303584099 -0.0192237496376038 0.152783334255219 -0.00813871342688799 0.15416419506073 0.11449658870697 -0.0204272400587797 -0.0680401176214218 -0.074120469391346 0.193449854850769 0.171585828065872 -0.150952383875847 0.10722491890192 0.0479261241853237 -0.0140931131318212
0.131658032536507 0.03479378297925 -0.0432980321347713 0.241437315940857 0.0867156237363815 0.0386435277760029 -0.0392080694437027 -0.056452389806509 -0.0934623330831528 -0.0844515040516853 0.0310982000082731 0.0330422893166542 -0.142912566661835 -0.0491209104657173 -0.028959222137928 0.042036809027195 0.0302375443279743 0.0568379089236259 -0.183250203728676 0.280136704444885 -0.0869364514946938 0.38098281621933 -0.109820209443569 0.0662472546100616 -0.098641149699688 -0.120055645704269 -0.277865141630173 0.0512631423771381 -0.150484353303909 0.136025190353394 -0.247844159603119 0.128923177719116 0.249609351158142 -0.0475646145641804 -0.234553754329681 -0.182904601097107 -0.0377247519791126 -0.449140042066574 0.141445010900497 0.136985287070274 -0.146094590425491 -0.0490967594087124 0.101191624999046
-0.43162539601326 -0.079441174864769 -0.145512297749519 0.0917833745479584 -0.0187204610556364 0.0414875485002995 0.09627965092659 -0.00650738924741745 0.102153658866882 -0.0119172735139728 0.224068164825439 0.101532243192196 -0.0496800355613232 0.0106307249516249 -0.0836975276470184 0.224575117230415 0.119012795388699 -0.0240075923502445 0.0167878456413746 -0.0930651277303696 -0.0046569905243814 -0.145841017365456 -0.159925475716591 -0.0800813660025597 0.0967528894543648 -999 -0.016451483592391 -0.627569973468781 0.0997077524662018 0.020163444802165 -0.220877960324287 0.223837316036224 -0.260234385728836 0.49246621131897 0.184107005596161 -0.0851922482252121 -0.0528142116963863 -0.194343835115433 -0.178591191768646 0.103758312761784 0.0731467679142952 -0.00454548001289368 0.134499400854111
0.0651823058724403 0.0620578937232494 0.0844269543886185 0.017343083396554 0.130350023508072 0.0809329971671104 0.0269769281148911 0.0397072993218899 -0.0836011320352554 -0.365458160638809 -0.0267493668943644 0.0961096957325935 0.0809630900621414 -0.0464117117226124 0.0599168762564659 0.181511253118515 -0.0103849470615387 -0.0842960178852081 -0.0681968629360199 -0.0936223864555359 -0.0427013225853443 0.130543872714043 -0.548613786697388 -0.190501257777214 -0.450580477714539 0.175552323460579 -0.287679851055145 -0.160027891397476 -999 0.243261143565178 0.201390907168388 0.369962215423584 -0.0807812213897705 -0.00184368097689003 -0.0490592941641808 -0.133169621229172 0.127454951405525 0.3695228099823 -0.133466884493828 0.0105765163898468 -0.0336958654224873 -0.271708101034164 0.0121428221464157
-0.316597402095795 -0.00404167175292969 -0.0610409080982208 -0.0716742947697639 0.226246297359467 0.0437024608254433 -0.139431402087212 0.0244720950722694 -0.108160264790058 0.105800680816174 0.0449872687458992 -0.0786174312233925 0.0862858518958092 -0.0864994898438454 0.0196030829101801 -0.0046534463763237 -0.382059633731842 -0.175000160932541 -0.122528932988644 0.0140211209654808 0.154347732663155 0.0756795555353165 -0.0344527438282967 -0.183894127607346 -0.0237645208835602 -0.193060860037804 -999 -0.119172401726246 -0.0587130598723888 0.0144237652420998 0.0740818828344345 0.0279163904488087 0.0621326081454754 -0.101797200739384 -0.191117197275162 0.150433540344238 -999 -0.514723777770996 0.11251825094223 -999 0.0385001711547375 0.0725423917174339 -0.17723223567009
-0.0560684576630592 -0.00735605275258422 -0.0429136231541634 -0.0286342725157738 -0.22250734269619 -0.0510275922715664 -0.127826929092407 0.0154570732265711 0.304677546024323 -0.152015447616577 0.167133048176765 0.155092194676399 -0.130256652832031 -0.00342120230197906 -0.00745320320129395 -0.293271392583847 0.0563356466591358 0.153341263532639 -0.0340388566255569 -0.000496962224133313 -0.109642893075943 0.11528617143631 0.0619169920682907 0.0247531086206436 -0.0535632446408272 0.0716862976551056 -0.0269114468246698 0.103465616703033 -0.055213887244463 0.155076950788498 -0.115658536553383 -0.0233475770801306 0.0406076684594154 -0.409727931022644 0.0953335613012314 -0.0904348343610764 -0.168169870972633 -0.293004810810089 0.263779789209366 -999 -0.0203476883471012 0.129404813051224 0.0850084573030472
0.153727024793625 0.00672858441248536 -0.184667780995369 0.134720295667648 0.100141197443008 -0.0629461780190468 0.142334148287773 -0.165643602609634 -0.0354639478027821 -0.031580712646246 -0.0587460026144981 -0.0861333310604095 -0.0761652737855911 0.0993849411606789 -0.139734193682671 0.093459464609623 0.104611590504646 0.00190038478467613 0.00764748267829418 -0.0222706776112318 0.156327411532402 0.0563434846699238 0.117251254618168 0.0522339530289173 0.0765735283493996 -0.0968026518821716 -0.140823036432266 -0.0173315145075321 0.0585566237568855 -0.167202159762383 0.231507033109665 0.130457609891891 0.272813677787781 -0.00311994110234082 0.138287410140038 0.0610110200941563 -0.162577345967293 -0.0427620187401772 0.485906541347504 0.0964980199933052 0.0941865295171738 -0.089069589972496 0.568032145500183
0.0949700847268105 0.159103199839592 -0.0891263112425804 -0.0658274963498116 0.123366259038448 0.0140632819384336 -0.225243911147118 0.0199094470590353 -0.161225855350494 -0.0228576418012381 0.0825764760375023 0.126161113381386 -0.0945907831192017 0.092673122882843 -0.351829200983047 -0.065196305513382 0.102183379232883 0.075863316655159 -0.137413501739502 -0.317840576171875 -0.114837482571602 0.0679792314767838 0.312374711036682 -0.00338299432769418 0.259096175432205 0.123586758971214 0.0423155538737774 0.0170213133096695 -0.1670863032341 -0.250497430562973 0.0418046936392784 0.192316755652428 -999 -0.111590005457401 0.36295360326767 -0.396478027105331 0.343324273824692 -0.43277233839035 -0.207282975316048 0.0195659026503563 -0.151051506400108 0.0939681828022003 0.36243948340416
-0.10076080262661 -0.109588392078876 0.27224600315094 -0.00778954476118088 0.0797450542449951 0.141449436545372 0.0251677501946688 -0.000913131225388497 -0.0338648930191994 -0.284687966108322 -0.124704517424107 -0.112774692475796 -0.242775619029999 0.155829668045044 0.140740588307381 0.0227120593190193 -0.163197949528694 0.233203887939453 -0.090700626373291 0.0781067982316017 -0.144613742828369 -0.135067149996758 0.286750853061676 -0.104481935501099 0.852833092212677 0.174701303243637 0.0253151152282953 -0.0934407114982605 0.0204244907945395 -0.0986733436584473 -0.0407534725964069 -999 -999 0.105076588690281 0.232223585247993 0.0348613262176514 0.278180360794067 -0.257622212171555 0.0818731337785721 -0.408359318971634 0.328075975179672 -0.0697827339172363 0.00793084502220154
-0.216105565428734 -0.0492485091090202 -0.0197325348854065 -0.0967991203069687 0.355204313993454 0.283308148384094 -0.122095122933388 -0.0946439877152443 0.11986480653286 -0.106498502194881 0.27399617433548 -0.00385209242813289 0.328957378864288 -0.154868900775909 0.173452094197273 -0.088051401078701 -0.185475721955299 0.220200106501579 0.002867691218853 -0.451438963413239 0.241620764136314 0.0387111529707909 0.00473508052527905 -0.249963402748108 0.245788350701332 -0.0431002862751484 -0.0233713537454605 -0.0349606573581696 0.246959879994392 0.229634866118431 -999 -999 -0.141202569007874 0.149151116609573 -0.183820933103561 0.0669210329651833 0.238142713904381 -0.170377165079117 -0.124990165233612 -0.245272144675255 0.0131596885621548 0.0993747040629387 0.0686233043670654
-0.0888130515813828 0.0467780344188213 0.110391408205032 -0.00362653285264969 0.0182825401425362 -0.191638693213463 0.0390289612114429 -999 0.305228918790817 -0.22404220700264 -0.00598007813096046 -0.168404757976532 0.0171562023460865 -0.300187349319458 0.0426731556653976 0.00953072216361761 0.180163756012917 -0.39498645067215 0.366161316633224 0.0587624907493591 0.470998823642731 0.253791153430939 -0.136055186390877 -0.137340679764748 0.0788726210594177 0.369253933429718 0.0119815384969115 -0.275085210800171 0.171916231513023 0.143546372652054 -999 -0.130508035421371 0.0323762074112892 -0.0830874890089035 -0.120980769395828 0.0156777072697878 0.150185450911522 0.0404159538447857 0.26112225651741 -0.108339421451092 -0.0504627078771591 0.191603466868401 -0.156406834721565
-0.0294874683022499 0.0211854036897421 -0.0200041234493256 0.340672463178635 -0.0110701713711023 -0.153973296284676 -0.157606914639473 -999 0.3080715239048 0.214099496603012 -0.17844957113266 -0.00336174666881561 -0.056681826710701 -0.12154196202755 0.101345837116241 -0.203585833311081 -0.0244204308837652 -0.318079620599747 0.274482876062393 -0.191346675157547 -0.0915225371718407 0.12095084041357 -0.142524093389511 -0.256808251142502 -0.438313126564026 -0.0198827087879181 0.104306362569332 0.110931798815727 -0.266410410404205 -0.282418787479401 -999 0.258091151714325 0.53017383813858 -0.337760329246521 -0.161212861537933 -0.156248733401299 -0.0639411062002182 -0.242601796984673 0.122922405600548 0.0311620980501175 -0.168309852480888 -0.25860670208931 0.0734102576971054
-0.0146745024248958 -0.0690419375896454 0.152321189641953 0.179797232151031 0.176957949995995 0.0598007291555405 0.0601409785449505 0.326619684696198 -0.157910749316216 -0.312491297721863 0.130353838205338 0.37608477473259 -0.0144176594913006 0.120560683310032 -0.0878399536013603 -0.117207825183868 0.215794295072556 -0.0769066214561462 -0.0635156035423279 -0.114008136093616 0.176730439066887 -0.0752701312303543 -0.144410878419876 -0.00036853551864624 -999 0.233879372477531 0.194072604179382 0.0150702772662044 0.401010602712631 -0.0249549206346273 -0.100615344941616 0.420182168483734 -0.432955414056778 -0.00653517246246338 -0.151556000113487 0.0559148341417313 -0.325309634208679 -0.0442911088466644 -0.092302180826664 0.2848941385746 0.00925320759415627 0.0371355712413788 -0.0197466313838959
-0.068855956196785 -0.0927935168147087 -0.00332262902520597 -0.182241156697273 0.0971832722425461 0.00880493223667145 -0.0638752430677414 -0.0322601795196533 0.0819411799311638 -999 0.00991011690348387 -0.0502481423318386 -999 -999 0.220187991857529 -0.135788887739182 -0.12603734433651 -0.069498747587204 0.229552328586578 -0.0106037892401218 -0.124085158109665 0.0461409613490105 -0.0890574902296066 0.116817943751812 -0.45187121629715 -0.213710367679596 0.0149172842502594 0.39081797003746 0.208398088812828 -0.0110120633617043 -0.225313723087311 -0.298456579446793 0.157929107546806 0.418331384658813 0.39949843287468 -0.0612050294876099 -0.0711007118225098 -0.0943277850747108 -999 -0.372802734375 -0.0173460189253092 0.107001192867756 0.300552845001221
-0.0389001183211803 -0.201487302780151 0.066243089735508 0.0770716369152069 0.0210243705660105 0.223477065563202 0.332022726535797 0.577315509319305 -999 -999 -999 -0.133617237210274 0.148381963372231 -0.25126376748085 -0.222743690013885 0.154950231313705 0.121313862502575 -0.568165183067322 -0.395889073610306 0.00600635260343552 0.114085137844086 -0.362192273139954 -0.0288111157715321 -0.330651879310608 0.462427377700806 0.366401880979538 -0.224487155675888 -0.182875514030457 0.144207119941711 -0.0471737682819366 0.148643657565117 0.270669609308243 0.0377914607524872 0.115814849734306 0.256386429071426 -0.175799503922462 0.111265063285828 0.382412880659103 -999 -0.147053197026253 -0.0993421077728271 0.243578344583511 -0.00381624698638916
