assets/gome_f/processed/ascii/world/gome_sif_world_20120501.asc
NCOLS 720 
NROWS 360 
XLLCORNER -180 
YLLCORNER -90 
CELLSIZE 0.5 
NODATA_value -3.4e+38 
[rows 76 to 94 of 360, columns 215 to 257 of 720]
0.0586599670350552 0.055962435901165 -0.0494371242821217 -0.0323735550045967 0.365128457546234 0.0125387776643038 0.0716559141874313 0.0532635040581226 -0.00140588881913573 0.122393824160099 0.256485939025879 0.121429651975632 0.0584873966872692 0.209130764007568 -0.00111221277620643 0.0893404632806778 0.0314376540482044 0.04075588285923 0.148563846945763 -0.0277465675026178 0.116932854056358 0.0420540757477283 0.12092362344265 0.121372006833553 0.11146792024374 0.202486380934715 0.167371422052383 0.192514419555664 0.0504540577530861 0.232969522476196 -0.105819016695023 0.215561583638191 0.0049088797532022 -0.124599762260914 -0.0196143314242363 -0.0245311688631773 -0.114534854888916 -0.0447581224143505 0.053905688226223 0.0230409279465675 0.0436809360980988 -0.139063730835915 0.390204191207886
0.123264238238335 0.0345011427998543 -0.0400295667350292 0.0887589752674103 -0.00959926564246416 0.165722832083702 0.126452907919884 0.143480002880096 0.05619240924716 0.00228602602146566 -0.0554359667003155 0.239657044410706 0.0689326673746109 0.0753463879227638 0.137422412633896 0.0920537337660789 0.0696223676204681 0.153943404555321 0.0597045794129372 0.155020773410797 0.149866446852684 0.0854887366294861 0.137698441743851 -0.0119142942130566 0.219011023640633 0.0248386934399605 0.0489098913967609 0.151565417647362 -0.0491269752383232 0.0923286378383636 0.0348164364695549 0.0109098451212049 0.0991258472204208 -0.106411166489124 -0.0955719798803329 -0.197311818599701 0.13500203192234 0.132062911987305 0.0834165886044502 -0.0734076276421547 -0.150277122855186 -0.158576920628548 -0.0246175304055214
-0.00191556965000927 0.190767019987106 0.159205108880997 0.0642710477113724 0.0491540133953094 0.0824195146560669 0.140038177371025 0.110189847648144 -0.0140777602791786 -0.00235576322302222 0.164761081337929 0.112274415791035 0.1614880412817 0.186212033033371 -0.0230401139706373 0.086257666349411 0.185765862464905 0.17927074432373 0.157994002103806 0.202549368143082 0.221815750002861 0.175374984741211 0.309302479028702 0.147574201226234 0.110069878399372 0.160469830036163 0.0917054191231728 0.0877788886427879 0.0295774526894093 0.0307552944868803 0.0193905457854271 0.176310107111931 0.021650779992342 -0.0744121745228767 0.184903219342232 -0.0124610159546137 0.0368377007544041 0.0643418505787849 0.00825691781938076 -0.0861460492014885 0.0646452456712723 -0.0747073069214821 0.280027985572815
0.155750215053558 0.158884257078171 0.116928391158581 0.00135175243485719 0.180182963609695 0.129264414310455 0.153326243162155 -0.00401178188621998 0.100751154124737 0.0766402184963226 0.116498701274395 0.170163050293922 0.122444584965706 0.0384069010615349 0.0923150777816772 0.0636959969997406 0.0163393262773752 0.0144502623006701 0.0348146483302116 -0.0959643051028252 -0.0873871520161629 0.0442645028233528 -0.000207639051950537 -0.0500645935535431 0.0260367821902037 0.0775797143578529 0.0904794260859489 -0.044497974216938 -0.140247613191605 -0.117116868495941 -0.0134469205513597 0.160770624876022 -0.0414935611188412 -0.0491390414535999 -0.192465916275978 0.227783098816872 -0.00292534125037491 -0.0727793052792549 0.121976092457771 -0.0585855171084404 0.0230467803776264 -0.111041359603405 -0.181875675916672
0.189698055386543 0.15198715031147 0.308576673269272 0.222092166543007 0.145017012953758 0.0945666208863258 0.142503932118416 0.192297697067261 0.0775382295250893 0.0580475740134716 0.0469307824969292 0.0597181469202042 0.008002744987607 -0.0392870269715786 0.0705225020647049 0.0761501342058182 -0.128018453717232 0.253422141075134 0.0737899616360664 0.104057766497135 0.0933574140071869 -0.0341215245425701 -0.0561588779091835 -0.0522596314549446 0.0406996048986912 0.0355846732854843 0.0746698901057243 0.0859557837247849 -0.0470792800188065 0.0633078292012215 -0.0431079491972923 0.0814919620752335 0.173870101571083 0.0921111702919006 -0.0230682082474232 -0.026841014623642 0.013084770180285 0.103924438357353 0.102801598608494 -0.0394738875329494 0.0657366588711739 -0.0724330320954323 -0.0905651524662971
0.188818618655205 0.217692419886589 0.158016741275787 0.170868620276451 0.265229672193527 0.235705465078354 0.151266187429428 0.257472842931747 0.190964087843895 0.109819538891315 0.121022693812847 0.141718983650208 0.18919962644577 0.20610985159874 0.215449690818787 0.222599849104881 0.0745883733034134 -0.00698076514527202 -0.0027512745000422 0.147597655653954 0.100337855517864 0.109408318996429 0.0390166267752647 -0.0356412306427956 -0.0883391499519348 0.0802672952413559 0.0488211438059807 0.0169591791927814 -0.00184765527956188 0.148515582084656 0.257874041795731 0.292289316654205 0.27906334400177 0.24999438226223 0.223022907972336 0.0705057010054588 0.166799679398537 0.283401668071747 0.0927024781703949 -0.0267495699226856 -0.00132092193234712 0.0490553826093674 -0.104709506034851
0.189830586314201 0.278827697038651 0.188355550169945 0.254765629768372 0.293656289577484 0.255324572324753 0.267959505319595 0.240113168954849 0.12902420759201 0.226064205169678 0.386014312505722 0.286671072244644 0.155206903815269 0.335927963256836 0.16755123436451 0.253002047538757 0.207775935530663 -0.00255639641545713 0.0731232613325119 -0.0800834521651268 0.111204050481319 -0.13740149140358 -0.0423220060765743 -0.0237701218575239 -0.00887790136039257 -0.0575116537511349 -0.0632494911551476 -0.0041227275505662 0.163503006100655 0.184220209717751 0.198532342910767 0.0630818009376526 0.136772304773331 0.233277902007103 0.1365567445755 0.102825231850147 0.153013423085213 0.244275331497192 -0.081025667488575 0.0410605259239674 0.105314113199711 0.0540752410888672 -0.162029713392258
0.302294611930847 0.0804661214351654 0.27011638879776 0.224878594279289 0.38191282749176 0.303165704011917 0.369300127029419 0.0918984711170197 0.319747775793076 0.298749506473541 0.31501179933548 0.220668435096741 0.292066872119904 0.209686875343323 0.18305516242981 0.102918058633804 -0.0764529034495354 -0.0631041079759598 -0.00153267837595195 -0.0651921182870865 -0.0198601726442575 0.0937036871910095 -0.114746958017349 -0.00314931152388453 -0.0173557698726654 0.0136246914044023 0.0357466265559196 0.187900215387344 0.173690646886826 0.262431263923645 0.129894122481346 0.134753838181496 0.082418218255043 0.170661434531212 0.271795034408569 0.124564602971077 0.100510194897652 0.207494348287582 0.236895397305489 0.0161157194525003 -0.0161508321762085 0.119533456861973 -0.0279176086187363
0.272119641304016 0.214305475354195 0.327188223600388 0.225757092237473 0.38538658618927 0.232704252004623 0.300742596387863 0.260531783103943 0.365972578525543 0.32864311337471 0.467165291309357 0.332686990499496 0.319123715162277 0.313454031944275 0.219775885343552 0.18246902525425 0.0760395377874374 -0.0196592696011066 0.045444343239069 -0.0229420624673367 0.0111989239230752 0.00732769072055817 0.133600786328316 -0.0568689294159412 -0.043194368481636 -0.141371428966522 -0.223347723484039 0.0529634393751621 0.0706255882978439 0.00987970363348722 0.0266309417784214 0.0768452361226082 0.0442033484578133 0.0929662585258484 0.148199662566185 0.126824125647545 0.131563246250153 0.118067413568497 0.318808376789093 0.00292606791481376 0.0569220148026943 -0.0910187140107155 0.0656455084681511
0.271500378847122 0.266879767179489 0.260256439447403 0.331468850374222 0.0843991190195084 0.366106420755386 0.179238006472588 0.333493083715439 0.344048798084259 0.350146949291229 0.4874567091465 0.311242043972015 0.391034573316574 0.164641350507736 0.39609357714653 0.0763440057635307 -0.0507275313138962 -0.0894386470317841 -0.0904099196195602 0.0199811290949583 0.0233030542731285 -0.0140957133844495 0.00853281002491713 0.0414004288613796 0.12080392241478 -0.016640555113554 -0.0744905173778534 -0.0181190092116594 -0.0141170267015696 0.0457544885575771 -0.0854282900691032 0.0276789199560881 -0.0434426739811897 0.0404039286077023 -0.0758089125156403 -0.00813798513263464 -0.0323113575577736 0.0022316575050354 -0.0362552739679813 0.124761462211609 0.0674634724855423 0.00321963895112276 -0.00574162602424622
0.331455051898956 0.506679952144623 0.422491997480392 0.456364393234253 0.440582931041718 0.227388218045235 0.299923658370972 0.307890981435776 0.246916607022285 0.384802281856537 0.308276355266571 0.356404721736908 0.284077614545822 0.318856507539749 0.455246418714523 0.120081663131714 0.160146817564964 0.101251900196075 0.140257939696312 -0.0525319986045361 0.110472619533539 0.00254975003190339 0.000294595956802368 -0.000739937007892877 0.0992541164159775 0.119941525161266 -0.128623530268669 -0.112505756318569 -0.00810723565518856 0.00470456248149276 0.0198075994849205 -0.059537012130022 -0.0821330398321152 -0.0976655781269073 -0.110885977745056 0.0776074603199959 -0.046346589922905 0.00802971143275499 0.157514065504074 0.0586739778518677 -0.104813195765018 0.0214498583227396 0.0428204536437988
0.286601275205612 0.40590700507164 0.228116184473038 0.465969502925873 0.0908883288502693 0.39367339015007 0.185708895325661 0.418103873729706 0.333351016044617 0.547266781330109 0.37742605805397 0.407965272665024 0.285697311162949 0.40861913561821 0.424022704362869 0.452407866716385 0.424984484910965 0.11592473834753 0.0915478244423866 0.253665447235107 0.117084547877312 0.169225260615349 0.103578552603722 0.20101971924305 0.251398921012878 -0.0139014981687069 0.0247712209820747 -0.0157466400414705 -0.00271898997016251 -0.0958036556839943 0.04373474791646 -0.0383272469043732 0.0524236224591732 -0.0131636261940002 0.024020167067647 0.0773968994617462 0.00865658652037382 0.0787110850214958 0.0216820370405912 -0.0584967210888863 -0.089864008128643 0.0339305847883224 -0.0149759203195572
0.491258293390274 0.45671358704567 0.675424158573151 0.44330769777298 0.413421213626862 0.453919172286987 0.333707332611084 0.366101801395416 0.348645746707916 0.338088542222977 0.308091640472412 0.453604429960251 0.15689904987812 0.360396564006805 0.265449911355972 0.351758629083633 0.26969039440155 0.488051682710648 0.35187354683876 0.241713643074036 0.254394352436066 0.229935631155968 0.153878942131996 0.148019060492516 0.00832340493798256 0.0485929884016514 0.117941476404667 -0.069502666592598 0.00177092850208282 -0.148227378726006 -0.0077120503410697 -0.0671808123588562 0.066533699631691 -0.0192826353013515 -0.0148100573569536 -0.0238982178270817 -0.0723340660333633 -0.116983257234097 -0.0224412530660629 0.00541268801316619 -0.0797894150018692 -0.144960910081863 0.122655153274536
0.610685706138611 0.485970765352249 0.663875043392181 0.400025874376297 0.413555324077606 0.374763965606689 0.389832973480225 0.395915538072586 0.328680694103241 0.32683265209198 0.145992308855057 0.415294140577316 0.0775415003299713 0.0629945024847984 0.265480309724808 0.229843601584435 0.0779515206813812 0.42954409122467 0.23102693259716 0.324344426393509 0.153255999088287 0.257071942090988 0.117263361811638 0.212930753827095 0.0295415800064802 0.0230127573013306 0.0168400760740042 0.0703140199184418 0.0264377910643816 0.117833226919174 -0.0335500836372375 0.057014174759388 -0.0101884799078107 0.112471640110016 0.0283242911100388 0.00834222510457039 -0.0769948959350586 -0.0874375775456429 -0.0893023759126663 0.109007120132446 -0.0277472250163555 0.0558239035308361 0.0855917111039162
0.636136054992676 0.396535038948059 0.430426180362701 0.454420924186707 0.598435759544373 0.520171344280243 0.481738299131393 0.259354263544083 0.247343748807907 0.431601017713547 0.146459013223648 0.0580456480383873 0.0286037754267454 0.126247689127922 0.187302753329277 0.270097762346268 0.137151435017586 0.126004263758659 0.108155846595764 0.182513624429703 -0.010895892046392 0.00203367415815592 -0.0334821231663227 -0.0112089877948165 -0.00311419065110385 0.0420686975121498 -0.0158036891371012 -0.000298938975902274 -0.0251459386199713 -0.0699479281902313 0.0447693131864071 0.00151219568215311 -0.0850269198417664 0.0680134743452072 -0.0616169907152653 0.0686956569552422 -0.0180201716721058 0.0554611645638943 0.151417031884193 -0.129609689116478 -0.106012627482414 0.060808390378952 0.0380999781191349
0.55635130405426 0.554171681404114 0.432772099971771 0.610988318920135 0.542440474033356 0.423093914985657 0.473371952772141 0.144605442881584 0.111930377781391 0.0415927767753601 -0.0344243310391903 0.0104664675891399 0.0392805114388466 0.141454234719276 0.203683644533157 0.384376913309097 -0.0239580105990171 -0.0169736444950104 0.106994733214378 0.0193452183157206 -0.0213384907692671 -0.0815005376935005 0.148883730173111 -0.0310463272035122 0.0543934479355812 -0.0508588142693043 -0.0931721031665802 0.0180282108485699 -0.00444271555170417 -0.0500258952379227 -0.00862691644579172 0.0637757033109665 -0.0701937824487686 -0.0407663434743881 -0.0118235964328051 0.105673991143703 0.0527364760637283 0.197856917977333 0.034383662045002 -0.0725866630673409 0.0585023537278175 0.0772577896714211 0.0225142519921064
0.686844408512115 0.597710907459259 0.615668654441833 0.395824521780014 0.378680437803268 0.240301057696342 0.155246585607529 -0.0035667687188834 0.133523777127266 -0.0167036764323711 -0.0382438153028488 0.0114477854222059 0.000495001673698425 0.0708467662334442 0.0437235720455647 0.0975780934095383 -0.00397619046270847 0.0505530275404453 -0.00431812414899468 -0.125314459204674 -0.0374950356781483 0.0135373873636127 -0.052745159715414 0.0121662076562643 -0.0240056738257408 -0.142915055155754 -0.0423655062913895 0.0439571961760521 -0.101847887039185 -0.0177124943584204 0.128873214125633 0.173360869288445 -0.0501634813845158 0.0732777640223503 -0.042126502841711 -0.08319341391325 0.0424663424491882 0.0023635788820684 0.0239080227911472 -0.0856708511710167 0.0274991989135742 0.090096116065979 -0.0717701986432076
0.576484143733978 0.457115679979324 0.663645446300507 0.472727805376053 0.187877789139748 -0.0453928224742413 -0.134977892041206 -0.0484239906072617 -0.0308861862868071 -0.104945778846741 -0.0591617897152901 0.0734684243798256 0.0287653803825378 0.059062872081995 0.0545946173369884 -0.103172600269318 0.0466942712664604 0.0845207273960114 0.00669119227677584 -0.0459051541984081 -0.100380219519138 0.0739070624113083 0.0857493653893471 0.00697141932323575 -0.0381502062082291 -0.000776701490394771 0.021978160366416 0.0804474055767059 -0.144233956933022 0.0542583726346493 0.0815356895327568 -0.0113123171031475 -0.102625355124474 0.0214487109333277 -0.16274593770504 0.0775980204343796 -0.121979631483555 -0.00840362068265676 -0.0600901618599892 0.076226532459259 0.0495164059102535 0.0715642869472504 -0.0320320539176464
0.644834220409393 0.701795697212219 0.564392685890198 0.592000484466553 0.210867330431938 0.083456888794899 -0.0193847082555294 -0.0768670812249184 0.0196837689727545 0.228119283914566 0.0443954207003117 0.115650489926338 0.0738266408443451 -0.178648963570595 0.0303315129131079 -0.0368000939488411 0.127825975418091 0.0478335954248905 0.038313876837492 -0.0281348619610071 -0.0528737306594849 0.00883897859603167 0.0588297918438911 -0.0846027210354805 -0.0500144436955452 0.0200298335403204 0.0290560089051723 0.0712688937783241 0.0228411052376032 -0.0366864055395126 0.0718633458018303 -0.0725359097123146 -0.0299634542316198 -0.00193690170999616 0.00819428917020559 0.00256707682274282 -0.0122286630794406 -0.0175074469298124 0.0395131632685661 -0.000770062208175659 0.0602620206773281 0.13571985065937 0.00805792957544327
