assets/gome_f/processed/ascii/world/gome_sif_world_20110501.asc
NCOLS 720 
NROWS 360 
XLLCORNER -180 
YLLCORNER -90 
CELLSIZE 0.5 
NODATA_value -3.4e+38 
[rows 38 to 56 of 360, columns 602 to 644 of 720]
-0.101279474794865 0.508417308330536 -0.258892178535461 -999 -999 -999 -999 -999 -999 -0.150531828403473 -999 -0.589871406555176 0.894177258014679 -999 -999 0.990763664245605 -999 0.131425902247429 0.30791848897934 0.130534991621971 -0.385754019021988 -999 -999 -999 -999 -999 -999 -999 -0.267956703901291 -999 -999 -999 -999 -999 -999 -999 -999 -999 -999 -999 -999 -999 -999
-0.442459493875504 0.0547337308526039 -0.244923084974289 0.16744239628315 0.355999678373337 0.0546740479767323 0.433585554361343 0.0484114028513432 0.0593238100409508 0.313025772571564 -0.081388995051384 -0.080606110394001 -0.083895280957222 -0.186112239956856 -0.0930464342236519 0.562954604625702 0.169866532087326 0.259364277124405 -0.0854144468903542 0.195626437664032 0.215151324868202 0.345766127109528 0.0954798087477684 0.155720546841621 -0.640992820262909 -0.287936925888062 -0.189640879631042 0.109401442110538 0.382684916257858 0.0734686926007271 -999 0.340297698974609 0.110524356365204 -999 0.20616489648819 -999 -999 -999 -999 -999 -999 -999 -999
0.124982319772243 0.133107289671898 0.124012351036072 -0.0311813950538635 0.144929766654968 0.0404267050325871 0.330556452274323 0.290796458721161 -0.0507998205721378 -0.148115113377571 -0.2539002597332 -0.272829383611679 0.196788474917412 0.89040595293045 -0.166711837053299 -0.161229759454727 -0.108701445162296 -0.0420739836990833 0.211947441101074 0.0537526495754719 0.0209654718637466 0.0733432918787003 0.381917327642441 0.282296389341354 0.0504607334733009 -0.13764663040638 0.208226934075356 0.184311807155609 -0.136792048811913 -0.108002901077271 0.0927984341979027 -0.276490807533264 -999 -0.361503958702087 -999 -999 -999 -999 -999 -999 -999 -999 -999
0.155622348189354 0.0623456388711929 -0.079935759305954 -0.115160740911961 -0.114036031067371 -0.174163743853569 0.154285192489624 0.230430200695992 0.204262971878052 -0.277940273284912 0.0756764858961105 0.0368853248655796 -999 0.105427011847496 -999 -999 -0.0121517470106483 0.239257767796516 0.0533387325704098 0.270387262105942 0.0753968358039856 0.191664129495621 0.182408422231674 -0.00432899594306946 0.188092142343521 -0.0179120488464832 0.183821484446526 0.217639803886414 0.15407694876194 0.111553966999054 0.153460100293159 -0.154605194926262 0.39773166179657 -0.308850526809692 -999 -999 -999 -999 -999 -999 -0.391714036464691 -0.0540375933051109 0.658845841884613
-0.190650656819344 0.0131880613043904 0.0724497213959694 0.283722281455994 0.0810866802930832 0.104753613471985 -0.0695488378405571 -0.0217357445508242 0.00371884438209236 0.21198895573616 0.189797759056091 -0.0049675228074193 -0.175187259912491 -999 -999 -0.252077400684357 0.333362251520157 0.0223195627331734 0.197564035654068 0.14860175549984 -0.0730009451508522 0.00531169772148132 0.00241937930695713 0.0343755781650543 -0.0517916865646839 -0.0284434091299772 -0.0434054806828499 -0.0982840284705162 0.173549398779869 -0.0835108235478401 -0.00177178636658937 0.170476987957954 0.113231673836708 -0.797210216522217 0.461305677890778 -0.0105854831635952 -999 -999 -999 -999 -0.0813625529408455 -0.0957886800169945 -999
0.0617079064249992 0.0039299326017499 -0.0926105231046677 0.0635393485426903 0.0848276987671852 -0.0498212762176991 0.023667499423027 0.0120259346440434 -0.144455090165138 -0.0310065411031246 0.145971924066544 -0.386471271514893 -999 -999 -999 -0.100631318986416 -0.0696226209402084 0.15010192990303 0.195340439677238 0.0323747172951698 0.0637925416231155 -0.0507831424474716 -0.00597871001809835 0.0895905569195747 0.0166345275938511 0.0773345679044724 -0.0454988032579422 -0.0317011438310146 0.14359712600708 0.12366621941328 -0.0210091136395931 0.126521021127701 -0.14803472161293 -0.503788471221924 -999 -999 -999 -999 -999 -0.0442601293325424 0.0604950673878193 0.242091298103333 0.353179842233658
-0.0160126984119415 -0.00203512120060623 0.0967556014657021 0.0848238691687584 0.0668643563985825 0.0730394646525383 0.059485524892807 0.114067688584328 -0.0548005625605583 0.316011339426041 -0.130135104060173 0.00581270735710859 -0.718011736869812 -0.0065422635525465 0.0677689090371132 0.171705439686775 -0.0964777767658234 0.20960833132267 0.077244371175766 -0.00141789589542896 0.124617628753185 -0.0399153344333172 0.0970799624919891 0.0228867419064045 0.0632763579487801 -0.000875896657817066 -0.0524529181420803 -0.0209519173949957 0.115214720368385 -0.00342287868261337 -0.0476110279560089 0.0971022248268127 -0.258696109056473 -0.0449940487742424 -999 -999 -999 -999 0.150546818971634 0.139677569270134 0.173832625150681 -999 0.181843936443329
0.0349033325910568 0.0378713607788086 0.148385614156723 -0.0165433213114738 0.160949841141701 0.00715459231287241 -0.0740471258759499 0.00547792529687285 0.0290722344070673 -0.159165427088737 0.273531794548035 -0.301541239023209 -0.0336482375860214 0.0481494925916195 -0.237499892711639 0.0952421426773071 0.286932587623596 -0.021469708532095 0.136159837245941 0.0536181852221489 -0.0120956404134631 0.0179627202451229 0.0926808714866638 0.0818933323025703 0.00864286161959171 -0.075081579387188 -0.0045389449223876 0.0692630410194397 0.0624073818325996 0.102039009332657 0.00107361783739179 0.00756846368312836 -0.122644513845444 -0.196396142244339 -0.105836234986782 -999 -999 -999 0.285804986953735 -0.0973571836948395 -0.0260659046471119 0.24051670730114 0.257589280605316
0.0673783123493195 0.126070991158485 0.0967213958501816 0.100411728024483 -0.054155956953764 0.0167118869721889 0.055197436362505 0.138886854052544 0.392543613910675 -0.0012417109683156 -0.0922453999519348 0.129642069339752 0.119544476270676 -0.121106036007404 -0.363355129957199 -0.168162614107132 0.196225479245186 -0.0577592737972736 -0.0794621556997299 0.0151753015816212 0.180628567934036 -0.0340481325984001 0.0789670720696449 0.0270004365593195 0.0862359181046486 -0.103419043123722 -0.0812273696064949 -0.0482514873147011 0.0998727977275848 0.0410020016133785 0.0164553541690111 -0.0144646344706416 -0.0637394040822983 -0.0299608577042818 0.203073620796204 -0.161569118499756 -999 -999 -0.295236617326736 -999 -999 0.0903627872467041 0.27883380651474
0.124074071645737 -0.121798172593117 0.169392123818398 0.0319196581840515 -0.015641238540411 -0.0261184815317392 0.00425948202610016 -0.0806127861142159 0.076884001493454 -0.0328259691596031 -0.103742398321629 -0.270315200090408 -0.0181318987160921 0.128816589713097 -999 -0.699246644973755 -0.239878624677658 -0.0958122387528419 0.28578320145607 -0.0225731134414673 -0.104111075401306 0.0858857929706573 0.137612730264664 0.015723317861557 0.0228076744824648 -0.123838566243649 -0.0496996343135834 0.0667155236005783 -0.108524404466152 -0.0970051139593124 0.0267646163702011 -0.0764455944299698 -0.243764743208885 -0.138267576694489 -0.10575108230114 0.140606805682182 -999 -999 -999 -999 -999 -999 0.359805762767792
0.143557995557785 0.0627627000212669 0.0637000426650047 0.119802370667458 0.0955813527107239 0.0403851680457592 0.0547869354486465 0.0394372344017029 0.109812133014202 0.0270193610340357 0.166547849774361 0.182056292891502 0.10428873449564 -0.331342369318008 -999 -999 -999 0.136157751083374 0.286399245262146 0.0229755099862814 0.0839615613222122 0.0117589309811592 0.0149161340668797 0.236593529582024 -0.0914024114608765 0.082292415201664 -0.0203740503638983 -0.0178222078830004 0.235458180308342 -0.145024001598358 0.0197259280830622 -0.185598134994507 -0.137705281376839 0.124671563506126 0.210030496120453 -0.247734561562538 0.0881813690066338 -999 -999 -999 -999 -999 -999
0.0795246437191963 0.0916746705770493 0.13308122754097 0.152563452720642 0.0139306699857116 0.0849966332316399 0.0409457720816135 0.0104084890335798 0.0535529293119907 -0.0580029636621475 0.0407504998147488 -0.0588625371456146 0.0399296954274178 0.119019195437431 0.00231030583381653 0.0118071418255568 -0.212538376450539 -0.114595875144005 0.0624457895755768 -0.020081827417016 -0.0693782493472099 -0.0113269509747624 0.134557500481606 0.0398596748709679 0.187236070632935 -0.0019919783808291 0.00544251129031181 0.139126643538475 0.0829513594508171 -0.0740159526467323 0.0161532629281282 -0.00379606406204402 -0.248550429940224 0.0125117646530271 0.145323812961578 -999 0.463880568742752 -999 -999 -999 -999 -999 -999
-0.0227621383965015 0.00306970742531121 0.0584375336766243 0.113299526274204 0.234574139118195 0.0182535909116268 -0.0361877456307411 0.172538205981255 -0.0343381129205227 0.0628906041383743 -0.0361103974282742 0.0821348652243614 0.032873596996069 -0.0156144797801971 0.0388460420072079 0.157146751880646 0.255584001541138 -0.17664635181427 -0.104740180075169 0.0335034430027008 0.155258789658546 0.073828250169754 -0.120749279856682 -0.0626556724309921 0.0858370289206505 0.153689965605736 -0.188844680786133 -0.10888559371233 -0.0552497133612633 0.0319990292191505 0.0485346093773842 -0.071654237806797 -0.208157703280449 0.168844148516655 0.331059634685516 -0.331124752759933 0.119866907596588 -0.208677619695663 -999 -999 0.146901339292526 0.130828559398651 0.00950933899730444
0.0849172696471214 0.0923932045698166 0.0848874822258949 0.161147072911263 0.104156769812107 0.0595956146717072 0.0552936755120754 0.0492472015321255 0.100129745900631 0.0993684530258179 0.106359608471394 0.082040399312973 -0.0733389109373093 0.208612024784088 0.106111250817776 0.138345330953598 0.0508220456540585 0.112279988825321 0.254347950220108 0.0999188497662544 0.10723552107811 -0.0757908001542091 -0.054645698517561 -0.00666864449158311 -0.00913555454462767 -0.00803861767053604 -0.0451402962207794 -0.0604603476822376 0.113812007009983 0.030971571803093 0.135033592581749 0.095308281481266 0.164136156439781 0.127489030361176 0.157748848199844 -0.0104086054489017 -0.03863275796175 0.162892907857895 -0.102712064981461 -0.159434214234352 -0.209080144762993 -0.0858541876077652 0.0375985242426395
-0.0479415394365788 0.0870775505900383 0.0609744340181351 0.0212040171027184 0.0456236824393272 0.0485936030745506 0.0266384594142437 0.182947233319283 0.0978008583188057 0.0117636322975159 0.0464795008301735 0.0742180421948433 0.0665036663413048 0.0708005502820015 0.112198695540428 0.072323314845562 -0.0319499745965004 0.152540400624275 0.12732107937336 0.100675418972969 0.0872136279940605 0.0207121931016445 0.1214330047369 0.079531654715538 0.153885275125504 0.111642062664032 -0.0335178561508656 0.0606715977191925 0.0834427550435066 0.140144601464272 0.146856755018234 0.183956474065781 -0.0224319025874138 -0.245221570134163 0.010087963193655 0.0783169567584991 -0.25258994102478 0.0882769823074341 0.0254889559000731 -0.440588533878326 0.0981888175010681 0.0721925124526024 0.112381309270859
0.0988208651542664 0.132001385092735 0.14924019575119 0.0867649167776108 0.111971788108349 0.0200974550098181 0.0917577967047691 -0.00391270685940981 0.0777663588523865 0.145432829856873 0.212100654840469 0.201951533555984 0.0944991037249565 0.08341895788908 0.100654825568199 0.210458621382713 0.088993564248085 0.150065004825592 0.146514907479286 0.0377430617809296 0.0162151120603085 0.0767930820584297 0.0887378007173538 0.130925118923187 0.131374642252922 0.106223694980145 0.0623228326439857 0.189853549003601 0.0716394707560539 0.110448934137821 0.0498716831207275 0.0457903370261192 0.0367851592600346 0.0780150964856148 0.0138233583420515 -0.176733016967773 -0.110480539500713 -999 -0.0227976869791746 0.0169296730309725 0.21708907186985 0.483733057975769 0.0588059946894646
0.0745989978313446 0.0153273697942495 -0.0137723535299301 0.181721106171608 0.204932019114494 0.069012850522995 0.136716172099113 0.0380410254001617 0.0327740907669067 -0.00976830814033747 0.100606419146061 0.0855784267187119 0.00880948640406132 0.165801376104355 0.104754649102688 0.030629200860858 0.0709835067391396 0.041666716337204 0.0564764142036438 0.195296257734299 0.0228948183357716 0.116934292018414 0.10955835133791 0.157910242676735 0.152392044663429 0.0635776370763779 0.30813655257225 -0.0177483670413494 0.0778854042291641 0.00339904893189669 0.00266755255870521 0.0385893993079662 0.0332491844892502 0.00311943469569087 0.0186576638370752 -0.297516822814941 0.0294469222426414 -0.264673918485641 -999 -999 -999 0.171957954764366 -0.1186218932271
0.0521025806665421 0.0711780339479446 0.219733193516731 0.11601684987545 0.107589967548847 0.108153574168682 0.130710080265999 0.0428313836455345 0.131757959723473 0.133421704173088 0.123922228813171 -0.00156776164658368 0.15174674987793 0.0994532257318497 0.097116157412529 0.113727159798145 0.106827616691589 0.114850804209709 0.039947684854269 0.148119926452637 0.0717135295271873 0.0629807338118553 0.12080541998148 0.153048887848854 0.0688241720199585 0.135753199458122 -0.0232800953090191 0.0253040343523026 0.190780326724052 0.131420403718948 0.115653097629547 0.0584602020680904 0.076885387301445 0.129851058125496 0.0750771760940552 -0.125253349542618 -0.0763142108917236 -0.225195780396461 -999 -0.570729613304138 -999 -999 -999
0.198810771107674 0.172317504882812 0.159177795052528 0.0750195980072021 0.00975447613745928 0.154517605900764 0.10160605609417 0.0291230175644159 0.0954383015632629 0.190367743372917 0.0541796684265137 0.154952526092529 0.0716457739472389 0.0807574614882469 0.0912196934223175 0.11243411898613 0.0513786487281322 0.118183806538582 0.0982778444886208 0.158997893333435 0.197114244103432 0.195983365178108 0.222300738096237 0.131387442350388 0.0785235539078712 0.0182520896196365 0.118853606283665 0.0640572756528854 0.1127964630723 0.093258835375309 0.11468817293644 0.120895653963089 0.159420490264893 0.141018435359001 0.209972992539406 -0.048286359757185 -0.0784293785691261 0.19835339486599 0.0704459100961685 -999 -0.0341969281435013 -999 -999
