assets/gome_f/processed/ascii/world/gome_sif_world_20110601.asc
NCOLS 720 
NROWS 360 
XLLCORNER -180 
YLLCORNER -90 
CELLSIZE 0.5 
NODATA_value -3.4e+38 
[rows 114 to 132 of 360, columns 602 to 644 of 720]
0.0175610706210136 -0.101552151143551 0.190275311470032 -0.0951372683048248 0.0976583212614059 0.0513169094920158 0.0839391350746155 0.000377779215341434 -0.0973403081297874 0.236781761050224 0.231439203023911 -0.0634871423244476 -0.14399129152298 0.0230346880853176 -0.152137160301208 -0.050909735262394 0.172301605343819 -999 0.131604954600334 0.8627028465271 0.554585158824921 0.404183775186539 0.151924431324005 -0.0606338270008564 0.152352303266525 -0.0156863369047642 0.0530604533851147 0.0375148840248585 -0.0105318939313293 -0.130110323429108 -0.0300059523433447 -0.23428700864315 0.0459389053285122 0.11363685131073 0.024941885843873 -0.0185595266520977 -0.188809484243393 0.0298498086631298 0.0369012393057346 -0.0130204055458307 0.066905602812767 0.0100589543581009 -0.00392108177766204
0.14422470331192 -0.0680551081895828 0.048649288713932 -0.303229451179504 0.00290488451719284 0.00774876400828362 -0.253771603107452 -0.0937898382544518 -0.124198563396931 0.0724601596593857 0.352036833763123 0.0471204929053783 -0.0846326872706413 -0.0609401054680347 -0.185170784592628 -0.0411346517503262 0.0342451222240925 0.00869186595082283 0.195211306214333 0.580336272716522 0.575366795063019 0.297789514064789 0.128396093845367 -0.0173057541251183 -0.0761349350214005 0.00224407808855176 -0.0442300736904144 -0.038911297917366 0.0491620972752571 -0.167117103934288 0.0328690223395824 0.228371202945709 0.00727069610729814 -0.119746685028076 -0.0607330501079559 0.0783892646431923 -0.123487882316113 0.0301838610321283 0.101381108164787 0.0769162625074387 -0.00809209700673819 0.0115888519212604 -0.11780322343111
0.108788803219795 0.210809618234634 0.097259908914566 -0.0922311693429947 0.167562037706375 -0.0815355256199837 -0.13787654042244 -0.128648683428764 0.311893403530121 0.111304104328156 -0.0923839211463928 0.0918000265955925 0.344334244728088 0.11023523658514 -0.0367864891886711 0.0536920838057995 0.128647863864899 -0.00568043440580368 0.0939251184463501 0.433394700288773 0.467855602502823 0.252859741449356 0.231157332658768 0.0172027908265591 0.046264223754406 0.13515517115593 -0.0766914263367653 -0.0378887690603733 0.0732745602726936 0.0239942707121372 -0.0685237944126129 0.025095023214817 0.0977444425225258 -0.0013961213408038 0.131392583250999 0.0602528490126133 -0.025447940453887 -0.00632210448384285 0.044330757111311 0.0545631051063538 0.0279235225170851 0.143672302365303 -0.1181575730443
0.351128071546555 0.0403886027634144 0.195404976606369 0.00316553073935211 -0.0721501335501671 -0.0162999331951141 0.291168570518494 0.0486919544637203 0.236100420355797 0.309164702892303 -0.0471847206354141 0.225185364484787 0.0647051632404327 0.126779362559319 -0.020556777715683 0.135171130299568 -0.0754484906792641 -0.0788544863462448 0.0399093627929688 0.331843733787537 -0.0230637341737747 0.0107902158051729 0.000662706093862653 0.0240527931600809 0.0471252128481865 0.238217785954475 -0.0395880453288555 -0.107287436723709 0.121270179748535 0.191311523318291 0.0309254825115204 -0.0067821410484612 0.0712543725967407 0.0299160573631525 -0.0116501292213798 0.0226573031395674 -0.0213274694979191 0.0612338855862617 -0.070190966129303 0.0119659779593349 0.0644816309213638 -0.0286649093031883 -0.107023596763611
0.257147222757339 0.0185426883399487 0.0107058575376868 0.0319128036499023 -0.234769567847252 0.224362820386887 -0.291980564594269 -0.106208309531212 0.0877769589424133 0.154208838939667 0.119620695710182 0.0433458350598812 0.106990702450275 -0.162629827857018 -0.154656514525414 -0.0533378608524799 0.157315045595169 -0.101702086627483 -0.0547959953546524 -0.0424049086868763 0.149006515741348 -0.0283938553184271 0.105247393250465 -0.146649375557899 -0.0554619021713734 -0.0628352984786034 0.0260424520820379 0.0461880676448345 -0.04202039539814 -0.0395543165504932 0.0569614358246326 -0.0104509517550468 -0.0771704986691475 -0.0555482916533947 -0.0100080808624625 0.0970263183116913 0.0353313125669956 0.0186391193419695 -0.0100297890603542 0.0570831671357155 -0.0836467891931534 -0.0157278757542372 -0.0785254761576653
0.200935274362564 0.0539657659828663 0.0637726336717606 0.121015556156635 0.0916329398751259 0.202711090445518 0.0840194225311279 -0.0139741189777851 -0.052233774214983 0.0601517558097839 -0.143634483218193 0.152321428060532 0.0141118234023452 -0.025671923533082 0.200583726167679 0.0196605045348406 -0.0717103704810143 0.0255445912480354 -0.0432699508965015 0.0799867585301399 -0.0675342306494713 0.0181688982993364 0.0762402415275574 -0.0322122275829315 -0.071097619831562 -0.0422033034265041 -0.0232771784067154 -0.0162378158420324 -0.0669629499316216 -0.00813672225922346 0.150804847478867 -0.0107422415167093 0.0640446022152901 0.0048046805895865 -0.0633514896035194 0.00934588070958853 0.0899490714073181 -0.108507923781872 0.0682528391480446 -0.0374058820307255 -0.0281032677739859 0.0648651421070099 0.0154842892661691
0.545250117778778 0.385758846998215 0.129942998290062 -0.0310242511332035 0.0468696318566799 0.105375155806541 0.166716143488884 0.0191357377916574 0.00771687179803848 0.0189349390566349 0.129298523068428 0.0398014336824417 -0.0760098174214363 0.0957204923033714 -0.0396142788231373 -0.119282647967339 -0.0690119713544846 -0.0346539989113808 0.138438925147057 0.176611334085464 -0.0364852398633957 -0.0146036762744188 0.107828222215176 0.0346706360578537 -0.0450286343693733 0.0583665259182453 -0.0107213389128447 0.00121270015370101 -0.0712390914559364 0.0457019247114658 0.0526177547872066 0.00241857394576073 -0.0406718179583549 0.0495695061981678 -0.0297212470322847 -0.146618261933327 0.0310029033571482 -0.103517152369022 0.0750926658511162 0.0119545208290219 0.0307011418044567 0.0777255743741989 -0.119146592915058
0.713086187839508 0.288917183876038 0.125171452760696 0.0743070244789124 -0.167698979377747 -0.144448414444923 0.0278971549123526 0.0881777703762054 -0.0508613772690296 0.0147834867238998 0.04710403829813 0.0700728744268417 0.0111701376736164 0.0901167020201683 0.0243790484964848 -0.0783315226435661 0.0250602494925261 0.0776972100138664 0.0390444584190845 -0.056717436760664 -0.0318845249712467 0.0162220597267151 0.0471979565918446 0.0529299974441528 -0.0750337988138199 0.0250004157423973 -0.0582243502140045 0.0364947132766247 -0.0361571349203587 0.0314588285982609 0.117732472717762 -0.0247699469327927 0.0127543080598116 0.0303720012307167 -0.00101628305856138 0.0205303393304348 -0.0127253513783216 -0.0650385096669197 -0.0448747575283051 0.00569748226553202 0.126611933112144 -0.0284865535795689 -0.000687447201926261
0.335849553346634 0.197630032896996 -0.0883170962333679 -0.139077439904213 -0.0226782839745283 -0.122569181025028 0.11956761777401 0.0837715491652489 0.0235484838485718 -0.0741247907280922 -0.0451042465865612 -0.0543849691748619 -0.0156866703182459 0.0406719483435154 0.050371777266264 0.0486304983496666 0.0534037947654724 0.135554268956184 0.0946347191929817 0.0714181214570999 0.0570299997925758 -0.00207642512395978 -0.0288801193237305 -0.0585322268307209 -0.0338957086205482 0.0267593339085579 0.0504544451832771 0.00501772901043296 0.0609517768025398 -0.0767680406570435 -0.0525811575353146 0.000926566775888205 0.00765790371224284 0.0283880699425936 0.0136298350989819 -0.0875243172049522 -0.0042462944984436 0.0186135414987803 -0.0352155789732933 -0.104970306158066 0.0550312921404839 -0.0408857427537441 -0.0374065488576889
0.292387962341309 0.149135693907738 -0.0140721946954727 0.0945496782660484 -0.0834165886044502 -0.00102068239357322 -0.169908806681633 -0.0241531375795603 0.0782179832458496 0.0277754459530115 -0.0343153476715088 0.00835969857871532 0.0144619178026915 -0.00956606678664684 -0.0582178756594658 0.0473578535020351 0.100869037210941 0.0814925208687782 0.086394801735878 -0.0545026697218418 0.0087251728400588 -0.147155344486237 0.0316156968474388 -0.00878425594419241 0.00526745244860649 -0.000313285127049312 -0.0463113933801651 0.0350163578987122 0.0492059737443924 0.0554171279072762 -0.10492916405201 0.171225875616074 -0.00155897939112037 0.00454921880736947 0.00242259562946856 0.00736312055960298 -0.000285158341284841 0.0804709419608116 0.0222914963960648 0.0168468598276377 -0.029056940227747 0.055907916277647 -0.0137880938127637
0.029304588213563 0.0455743260681629 0.0774941593408585 -0.132618770003319 -0.0646617114543915 0.0460420399904251 -0.0536613240838051 0.0208643078804016 0.106276042759418 -0.0154099212959409 0.0391416065394878 -0.0103979893028736 -0.0478350296616554 0.0140085434541106 0.0532046519219875 0.12160187214613 -0.0447606965899467 -0.026056595146656 -0.117302276194096 -0.0923205986618996 0.0366178937256336 -0.0334607660770416 0.0357894264161587 -0.0337870009243488 0.00357328215613961 0.00391805730760098 0.107833743095398 -0.0364336967468262 0.020932674407959 0.00986431632190943 -0.021223297342658 0.0882424935698509 -0.0135275702923536 0.065002553164959 -0.00146885274443775 -0.0499474257230759 -0.0690318197011948 -0.0387800224125385 0.0054820841178298 0.0568076223134995 -0.0745008662343025 0.010911931283772 0.0049078268930316
0.0655731335282326 0.0169743113219738 -0.0191128086298704 -0.0562839061021805 0.109771102666855 -0.0185749959200621 -0.0425501093268394 0.0378109589219093 -0.0238664634525776 0.03041036054492 0.035257276147604 0.054230835288763 0.0355438701808453 0.079604409635067 0.0154483141377568 -0.0114240264520049 0.0201085843145847 -0.0932384431362152 -0.0040341941639781 -0.0482670515775681 0.105128854513168 0.0795022919774055 0.0577309541404247 -0.0332656390964985 0.0300153680145741 -0.0627815127372742 -0.00980888400226831 -0.0748379230499268 0.000273787591140717 -0.0117919873446226 0.0604829713702202 -0.000834322301670909 -0.00193652824964374 -0.100093007087708 0.0203902907669544 -0.0356336683034897 -0.00836070068180561 -0.0407532416284084 -0.0368620082736015 -0.0387946404516697 0.0425554141402245 -0.0787026882171631 -0.0538409166038036
0.0822164192795753 -0.0830065831542015 -0.0273252222687006 -0.0232998188585043 -0.0293126441538334 0.101625628769398 -0.00656166905537248 0.0377048179507256 0.0847088694572449 -0.0725043341517448 0.0542942211031914 -0.00101372599601746 -0.0474642477929592 0.00346144405193627 -0.0101107228547335 -0.010884452611208 0.000107938052678946 -0.0583976693451405 -0.0141963772475719 0.0044190282933414 -0.000174481421709061 -0.0104668755084276 0.00408887956291437 0.0263438168913126 -0.0313785672187805 -0.103810392320156 -0.0065354909747839 0.024774668738246 -0.033684965223074 0.0270408354699612 -0.0218268912285566 0.0951877534389496 -0.0216963365674019 0.000458662892924622 0.100684151053429 -0.0184363164007664 0.0512775257229805 0.00299951550550759 -0.0486543886363506 -0.0150948148220778 -0.00221409578807652 0.0223769936710596 0.0647568628191948
-0.00974815338850021 0.0250859465450048 -0.00519092800095677 0.054594662040472 0.0159044899046421 -0.0606378465890884 0.101473666727543 -0.016927583143115 -0.053682953119278 0.0639274716377258 -0.00901919323951006 -0.0435899309813976 -0.0480672754347324 0.00727033149451017 0.0202121492475271 -0.0500436872243881 -0.0524896793067455 0.041423574090004 -0.0848248079419136 0.0221758168190718 0.00344831589609385 0.0860219150781631 -0.0736911818385124 0.0647279247641563 0.105249807238579 0.00264211441390216 0.0679314136505127 0.0616035647690296 -0.0321988463401794 -0.0415430702269077 0.0202479045838118 0.0222925450652838 -0.0399400554597378 -0.0256014484912157 0.0299945529550314 0.0344500988721848 0.0387772209942341 0.0724403634667397 -0.019508233293891 -0.0828487947583199 -0.0913751795887947 0.102878995239735 0.0515411794185638
0.0939993634819984 -0.00652854470536113 0.0124961845576763 -0.0246564112603664 -0.0286324247717857 0.0594441890716553 0.0176454354077578 -0.0206362958997488 0.0119276139885187 0.0448861755430698 -0.0125221656635404 0.0282670967280865 -0.0340784750878811 -0.0192593839019537 0.0279821436852217 -0.217222645878792 0.0865669772028923 0.0224433112889528 -0.0482387281954288 0.148640513420105 0.046171497553587 0.0470480918884277 -0.0117965070530772 0.0541006848216057 0.124683983623981 0.0368235409259796 -0.0027402036357671 -0.0249303821474314 0.0281142052263021 0.00702840089797974 -0.0306761302053928 -0.00612220214679837 -0.00020035175839439 0.0775957033038139 -0.0703027471899986 0.0145884538069367 0.0657702162861824 0.00651014735922217 -0.0139634143561125 -0.0126704731956124 -0.0851234868168831 0.0718716159462929 0.0332061983644962
0.00239449366927147 0.0945654660463333 0.0859764069318771 0.126450166106224 0.091512992978096 -0.0521136224269867 0.038402933627367 0.0917729586362839 -0.0477371662855148 0.0105731189250946 0.00496216397732496 0.0192111786454916 -0.0466789156198502 -0.0447981841862202 -0.0255972929298878 -0.0702775120735168 -0.0168404132127762 -0.0364260785281658 -0.0475920028984547 0.00800213217735291 0.0138021595776081 0.0736601650714874 0.0143698137253523 -0.0354922749102116 -0.0687699392437935 0.0484409555792809 0.00256580859422684 0.0337269082665443 0.0403655916452408 0.0176997687667608 0.0521992929279804 -0.0371875651180744 -0.073385126888752 0.0236229617148638 0.022719569504261 -0.0548935160040855 0.0078440485522151 -0.0374906957149506 -0.0142727717757225 0.0208121445029974 0.0271623786538839 -0.0371038764715195 -0.0225604511797428
0.287255376577377 0.392416626214981 0.0413335040211678 0.0109185678884387 -0.00234629819169641 0.0199992749840021 -0.0459748059511185 0.127653658390045 -0.0173566620796919 -0.0366373732686043 -0.0511386133730412 -0.0320257246494293 0.0193598568439484 -0.016015937551856 -0.00664845621213317 0.0562892630696297 -0.0390224307775497 0.00478336773812771 -0.0379843898117542 3.16190235025715e-05 -0.0691630691289902 0.0224226601421833 0.0944261327385902 0.0518114194273949 0.0326385051012039 0.0879101529717445 0.0494875349104404 -0.0232065431773663 -0.0296853203326464 0.00281992903910577 -0.00461965007707477 0.0892433822154999 0.0304263848811388 -0.00590123329311609 0.0767551735043526 0.0254812818020582 0.00825804658234119 0.0275551714003086 0.0151510061696172 0.0440473109483719 0.0973020568490028 -0.0323929041624069 0.0101784458383918
0.436692297458649 0.321270406246185 0.0934546515345573 0.0647495463490486 0.122978150844574 0.0241948440670967 -0.00464119948446751 -0.0192418992519379 -0.0386946834623814 -0.0589958839118481 0.0683625042438507 0.000466078519821167 0.00569158000871539 0.082249216735363 -0.0309499688446522 -0.000913680763915181 -0.0578703209757805 0.0923130586743355 -0.00139964837580919 0.0163944661617279 0.119188785552979 0.0654797181487083 0.0307365003973246 -0.0127438921481371 0.0692934915423393 0.000496476073749363 0.0326869785785675 -0.0566434450447559 -0.007875413633883 -0.0239108055830002 -0.0331179574131966 0.00505017163231969 -0.0381871536374092 0.00490516657009721 0.0402090400457382 -0.0414552204310894 0.022981446236372 -0.123271070420742 0.00456456001847982 -0.0104246539995074 0.0905595198273659 -0.0155697725713253 -0.0202765185385942
0.534100294113159 0.230785518884659 -0.0250279381871223 -0.0721585899591446 -0.106896311044693 0.0403548367321491 -0.0177618209272623 -0.00828128401190042 0.0135496566072106 -0.0323437750339508 0.0880864262580872 -0.0097289877012372 -0.0778297483921051 -0.0305292643606663 -0.0173524096608162 -0.0483115911483765 -0.0469875484704971 0.00964831095188856 0.0315763689577579 -0.0355674028396606 0.0453276783227921 -0.0458917543292046 0.00945370923727751 0.0380902253091335 -0.0336355976760387 0.0358457826077938 -0.119995705783367 -0.0406175889074802 0.0710806101560593 -0.0158057622611523 0.0767330452799797 0.0156760942190886 0.125846192240715 -0.0201430208981037 0.0285420846194029 0.00450672721490264 0.0294402819126844 0.0121554210782051 -0.0359882898628712 0.0342832505702972 0.0488910935819149 -0.00533600151538849 -0.00293098948895931
