assets/gome_f/processed/ascii/world/gome_sif_world_20120301.asc
NCOLS 720 
NROWS 360 
XLLCORNER -180 
YLLCORNER -90 
CELLSIZE 0.5 
NODATA_value -3.4e+38 
[rows 76 to 94 of 360, columns 129 to 171 of 720]
-0.000734637200366706 0.105830781161785 -0.0689727738499641 -0.128105476498604 0.274940192699432 -0.0591773204505444 0.0591335408389568 -999 -0.117573164403439 -0.0746874660253525 0.0366554073989391 0.166017964482307 -0.0761989802122116 0.0269817169755697 0.0460013635456562 -0.0997754782438278 -0.00707371113821864 -0.163190886378288 -0.10128365457058 -0.0964101403951645 -0.0157783646136522 0.0580308772623539 -0.000877201557159424 0.047455333173275 -0.137154072523117 -0.0172353014349937 -0.241669699549675 -0.0830285027623177 -0.00463196495547891 0.0518827624619007 -0.114278927445412 -0.0169163383543491 0.0700601786375046 -0.0239115990698338 0.119915515184402 -0.0282833594828844 0.00924920849502087 0.0286655183881521 0.149523094296455 0.146933674812317 0.0874340236186981 0.102708838880062 0.17022630572319
-999 -0.0438755303621292 0.0559735521674156 0.12924462556839 -0.0307317078113556 -0.184572294354439 0.0382332429289818 0.0895665511488914 -0.0670747309923172 0.123384460806847 0.0944283530116081 0.0328532159328461 -0.0784788504242897 -0.128672450780869 -0.176672965288162 -0.00683740386739373 0.120871126651764 -0.169049471616745 0.0463372692465782 0.0941182747483253 -0.0614951029419899 0.0330363512039185 -0.137111753225327 0.0141900880262256 0.0309954080730677 -0.0946125239133835 -0.0745998993515968 -0.103623099625111 0.0196249391883612 -0.0740006566047668 0.0915011018514633 0.0798434466123581 0.0697678849101067 0.0743381381034851 0.103496246039867 0.0777134299278259 -0.0692459270358086 -0.10578566044569 0.0484602190554142 -0.0135817723348737 0.124807968735695 0.25299209356308 0.130331158638
-999 0.0778604447841644 -0.0123407244682312 0.075848788022995 -0.0928675904870033 -0.120207130908966 -0.201039522886276 0.0155421551316977 0.0418697036802769 -0.0131277749314904 0.0570115111768246 0.198931396007538 0.0823267698287964 0.0133668184280396 0.0885943397879601 0.0760210230946541 -0.0117014097049832 0.00464242417365313 -0.112402647733688 0.0932192280888557 0.111772418022156 -0.0703447461128235 0.012352098710835 -0.0381946712732315 -0.00774056185036898 0.122036382555962 0.0154969207942486 0.051908116787672 -0.0575420446693897 0.136888593435287 -0.0556890182197094 -0.00875903945416212 -0.0328155010938644 0.0539699718356133 0.100222066044807 -0.0196427926421165 -0.00937121547758579 0.0184820201247931 0.114749573171139 0.108611226081848 0.0605991221964359 0.101783789694309 0.153036862611771
-999 -999 0.148092463612556 0.0214694160968065 -0.133500888943672 0.0237767230719328 0.0169125981628895 0.0559336617588997 -0.106823563575745 0.133916631340981 0.0693209171295166 -0.0335053168237209 0.112355120480061 -0.0110466182231903 -0.115106746554375 -0.0831348523497581 0.0792287811636925 0.101558305323124 0.180179700255394 0.0518803410232067 0.118345856666565 0.0447958074510098 -0.0391496270895004 0.0850966423749924 -0.0626665204763412 0.12946517765522 -0.0377237908542156 -0.0403438620269299 -0.151166498661041 -0.00588541803881526 -0.113344885408878 -0.018665499985218 0.131774500012398 0.0289749093353748 -0.0297117531299591 0.0305797532200813 -0.0172028914093971 0.0808991938829422 -0.00295756128616631 0.0194173604249954 0.0288000721484423 0.0661908015608788 0.0889094322919846
-999 -0.0140913762152195 -0.170009583234787 0.02550701610744 0.0604958608746529 0.0139440046623349 0.0173038449138403 0.0125890225172043 -0.0955639854073524 -0.00406371941789985 0.0629389584064484 0.0289249420166016 0.069125272333622 -0.0176335908472538 0.140638202428818 -0.0889432281255722 -0.150367885828018 -0.0342222489416599 -0.0795965194702148 -0.0960932895541191 0.0207023695111275 0.00138157175388187 -0.0811529532074928 -0.0400481261312962 -0.0710220783948898 0.0249287709593773 0.0114893531426787 -0.0727287903428078 0.0968319699168205 -0.127499133348465 0.0832312256097794 -0.0464759506285191 0.000898417842108756 -0.033900048583746 0.0332843735814095 0.0118645960465074 -0.00186013255733997 0.0383868739008904 0.0842118486762047 0.121173352003098 0.0643870905041695 -0.0706422030925751 0.152479723095894
-999 -999 -999 0.0774924531579018 0.00936711300164461 0.0825541168451309 -0.0135415280237794 -0.13743981719017 0.0712359920144081 0.123441159725189 -0.0874984711408615 -0.0287953708320856 0.0991414040327072 0.0412512272596359 -0.0484157837927341 0.0830124244093895 0.0786861106753349 -0.00852810963988304 0.0818827077746391 0.0260993950068951 0.0232382249087095 0.043792087584734 -0.0150372600182891 -0.0242525804787874 -0.0424542836844921 0.0847290009260178 -0.0125061785802245 0.0738248452544212 -0.0550711154937744 -0.0137059036642313 -0.0611109025776386 -0.0171211920678616 -0.106490328907967 0.0016938999760896 0.00976810418069363 0.180424928665161 -0.0906190499663353 0.0773408487439156 -0.0280184000730515 0.0826091021299362 0.0749916881322861 0.304824620485306 0.136651694774628
0.0614421591162682 0.054518073797226 -999 -999 -999 0.0639064908027649 -0.0126072401180863 0.151897728443146 -0.03322359547019 -0.0520254485309124 0.0362819507718086 0.11344089359045 0.0217759627848864 -0.0314972028136253 0.0449615232646465 0.12881027162075 0.0174137037247419 0.120764054358006 0.0190065912902355 -0.0273589994758368 0.117895700037479 0.010752129368484 0.0549824051558971 0.0838912948966026 -0.016952158883214 0.0787112563848495 0.00314502348192036 0.0594112798571587 -0.113803572952747 -0.0355032570660114 0.0652123093605042 -0.0400777459144592 0.0293563138693571 -0.0407282523810863 -0.142005398869514 0.0181024055927992 0.0406775027513504 -0.0821559354662895 0.0155640728771687 -0.0574086457490921 -0.0053054578602314 0.0757426843047142 0.0076998108997941
0.0453782975673676 0.0193521976470947 -0.0506915673613548 -999 -0.0394193045794964 0.0424176529049873 0.159960642457008 0.0718986317515373 -0.0757743343710899 0.0466575995087624 0.0148203372955322 -0.213141486048698 0.059086486697197 -0.142570361495018 -0.00432925159111619 0.00885343365371227 0.106770478188992 0.0412351675331593 -0.00239189295098186 -0.0608818717300892 0.00671736849471927 0.0154152764007449 0.0489147640764713 0.0641105622053146 -0.00522858463227749 0.0783409252762794 -0.102204099297523 -0.0354197397828102 -0.075927197933197 0.0319330133497715 0.0417765751481056 0.0859452188014984 0.0403322465717793 -0.0652943998575211 0.0133170802146196 -0.0993637815117836 0.0189527776092291 0.0260692201554775 0.132707491517067 0.0221300832927227 0.0699548721313477 0.00633302936330438 0.146264776587486
-0.0471797026693821 0.0228259656578302 0.10169955343008 -0.0713727548718452 -0.13139109313488 0.0824853926897049 0.0534646436572075 0.0391521453857422 0.00817011296749115 0.0403514392673969 0.116284169256687 0.134952425956726 0.0220406260341406 -0.0711645781993866 0.103121109306812 0.0352318547666073 -0.0453721918165684 -0.00834364630281925 -0.0140306437388062 -0.0312903337180614 0.0626999139785767 0.0130098778754473 0.00283851311542094 0.0100213503465056 -0.0183487925678492 0.0205163974314928 -0.0179548822343349 0.0692513361573219 -0.0243195276707411 -0.034839428961277 0.0937045440077782 0.0923402979969978 0.0179735422134399 -0.0671814307570457 0.0354464836418629 -5.06211072206497e-05 0.0696092993021011 0.0594328045845032 -0.0565684139728546 0.0118440687656403 0.0374804586172104 -0.0444873981177807 0.118888460099697
0.164000108838081 -0.0698650702834129 0.0170623864978552 0.080404169857502 -999 0.0625251978635788 0.135629266500473 0.0225835908204317 -0.042064230889082 -0.0123260645195842 0.106048330664635 0.0524734072387218 -0.0168524477630854 0.0922086611390114 -0.0449079386889935 0.0264699086546898 0.0588530600070953 0.044351153075695 0.0404841527342796 -0.000265782204223797 0.0905705243349075 -0.0620562173426151 0.000829953816719353 -0.022441228851676 -0.0224757194519043 -0.0250370837748051 -0.0107256481423974 0.0603125244379044 -0.0546705648303032 0.0435318015515804 -0.0724909454584122 0.031334288418293 -0.00575332716107368 0.0413977988064289 0.106098234653473 -0.0800719410181046 0.0162338837981224 0.0182146541774273 -0.0779960155487061 0.0155714154243469 0.101949028670788 0.136278748512268 -0.100686050951481
-0.0498401112854481 0.139054834842682 0.182751014828682 0.107870675623417 0.036658339202404 0.0568396896123886 0.125335067510605 0.0892611518502235 0.0675159692764282 0.122682817280293 0.0965623259544373 0.0280997846275568 -0.0518171340227127 0.0105011472478509 0.0987070202827454 0.0442671589553356 -0.0381153970956802 -0.0217510592192411 0.0361379943788052 -0.0529610104858875 -0.0588429160416126 0.0671878978610039 0.0253730658441782 0.0334993824362755 0.00221909815445542 0.00952321756631136 0.0157787520438433 -0.00625001732259989 0.017469234764576 -0.00259173475205898 -0.0180702693760395 0.0271773263812065 0.10464783757925 0.0452144406735897 -0.0477493330836296 0.0141357192769647 0.144109919667244 -0.0706496089696884 0.197104692459106 0.0626229792833328 -0.0423729382455349 -0.00115624815225601 0.114787265658379
0.0556350164115429 0.0265285521745682 -0.0135500058531761 0.208466604351997 -0.0121548352763057 0.00826898589730263 -0.0916813090443611 0.00817255862057209 -0.024796474725008 0.107057571411133 0.0519313812255859 -0.0727991908788681 0.0385381169617176 -0.0362615510821342 0.0343523882329464 0.0454511344432831 0.0124051840975881 0.00796438567340374 0.0669273361563683 0.0183055941015482 -0.00345782306976616 0.048635296523571 -0.0108853485435247 0.00162282725796103 -0.0243078526109457 0.0842159688472748 -0.0490875877439976 0.103586912155151 0.0273707713931799 0.0371227338910103 0.0274088233709335 0.0552918575704098 0.166183426976204 0.0117583833634853 -0.00542514445260167 -0.113095492124557 -0.0462454110383987 0.0314131379127502 -0.120304986834526 -0.00525101413950324 -0.0731139332056046 -0.0733107775449753 0.0662731304764748
-0.114222027361393 0.00326880067586899 0.171843141317368 -999 -0.164913892745972 -0.094421461224556 0.00196490064263344 0.038133293390274 -0.00395488180220127 0.0311831142753363 0.0178626775741577 0.0250465497374535 0.0939432233572006 0.0841762199997902 0.0634042546153069 0.146249145269394 0.0486073680222034 0.0384024083614349 0.0418422780930996 0.0332411676645279 -0.030625456944108 0.0719828978180885 -0.0126657066866755 -0.0204321779310703 0.135336935520172 0.0810097455978394 0.0528090260922909 0.0982053428888321 0.0955130383372307 0.0367609187960625 0.0432865284383297 0.0361943952739239 0.0718728303909302 0.0458755530416965 0.0693442076444626 -0.0894511342048645 0.0265008006244898 -0.173182711005211 -0.0168643854558468 -0.0915741324424744 0.0052551650442183 0.086115762591362 0.043882355093956
0.0613991543650627 0.406156539916992 0.0557210333645344 0.0957768559455872 -0.014951485209167 0.196119278669357 -0.0560663901269436 -0.149977281689644 -0.0483398362994194 -0.0169456955045462 0.139738515019417 0.179713279008865 0.169203281402588 0.145614475011826 0.0707220584154129 0.113469086587429 0.10245119780302 0.0813383162021637 0.0655456781387329 -0.0129302563145757 0.023199237883091 0.0563646927475929 0.0670513361692429 -0.0981897786259651 0.0179318003356457 0.0505103953182697 -0.100017204880714 0.0408578105270863 0.0130838397890329 0.0450345873832703 -0.0518754757940769 0.0812640339136124 0.060852687805891 0.130629524588585 -0.00427725119516253 -0.0377060435712337 -0.00209588394500315 -0.147409349679947 0.0200622975826263 -0.205109357833862 0.0554033555090427 0.0609460882842541 0.0813393890857697
-0.0376620478928089 0.116066738963127 0.0310279726982117 -0.0363271571695805 -0.0356406234204769 0.106021232903004 -999 -999 -999 -999 -999 0.178114771842957 0.0856784880161285 0.029651241376996 0.0114421788603067 0.0169781353324652 0.161306291818619 0.171403035521507 0.0238242093473673 0.00943250022828579 0.137084275484085 0.0776631236076355 0.0518478937447071 0.0913127735257149 0.0933644846081734 -0.0204855091869831 -0.0544367469847202 0.05716223269701 -0.059641283005476 0.041270200163126 -0.0301017984747887 0.00772939017042518 0.0415986701846123 0.0179760046303272 0.02029899507761 0.0522955395281315 0.0153892952948809 0.0796929001808167 -0.087288573384285 -0.190985485911369 0.0420365072786808 -0.0125870415940881 -0.00201566680334508
0.211030811071396 -999 -0.0796302482485771 -0.123747110366821 -0.250311583280563 -0.131813362240791 -0.124821648001671 -0.0211949348449707 0.290547579526901 -999 0.00591933587566018 0.137414366006851 -0.0162547286599874 0.0348459854722023 -0.0866749063134193 0.00859169289469719 -0.0428153201937675 0.0731471329927444 0.132594376802444 0.0124357342720032 0.0307100079953671 0.0600877217948437 0.0390774682164192 0.145572528243065 0.109162591397762 0.0595252737402916 0.0812937170267105 0.125673145055771 0.0584129244089127 0.0794670656323433 0.160694062709808 -0.0301338080316782 0.0304733030498028 0.125605463981628 0.133635833859444 0.0260335709899664 -0.0738908275961876 0.113010674715042 -0.0230065416544676 0.0664337798953056 -0.0560837239027023 0.0297851543873549 -0.0623951219022274
-999 0.0624029450118542 0.0824055373668671 -0.14543904364109 0.0927351266145706 0.125377923250198 0.0915890485048294 -0.0528680346906185 0.0688269734382629 -0.148629888892174 -999 -999 -0.046999741345644 0.0368044227361679 -0.00202632928267121 0.123112514615059 -0.0191885847598314 0.114983066916466 0.00248816935345531 -0.0317526198923588 0.036861814558506 0.0121113657951355 0.0368338748812675 -0.0096644340083003 0.0101137030869722 0.0595606416463852 0.0415572561323643 0.0694339498877525 0.191392883658409 0.015266771428287 0.126839280128479 0.037530180066824 0.127067819237709 0.135842576622963 0.0404313914477825 -0.0880727767944336 0.0242260731756687 0.0144234802573919 -0.0462034940719604 0.0262410882860422 0.0963379144668579 -0.0293236579746008 0.0386328808963299
-0.0121957212686539 -0.190431833267212 -0.0444691106677055 -0.0193884167820215 -0.013658138923347 -0.0514790862798691 -0.0767787396907806 -0.0782553255558014 -0.0713258162140846 -999 -999 0.0293770749121904 0.0524065308272839 -0.0371347814798355 0.0252442043274641 0.00496638705953956 0.0130857126787305 0.063003733754158 0.0656778886914253 0.0522282011806965 0.12207155674696 0.00681568682193756 -0.0210812091827393 0.0476085059344769 0.0649186298251152 0.0115247247740626 -0.0307193361222744 0.0884373337030411 0.0371304377913475 0.0158806052058935 0.0763882920145988 0.101604856550694 0.0143832666799426 0.143476530909538 0.0906751453876495 0.151455879211426 0.0668116807937622 0.0188341177999973 -0.0392872877418995 0.0750718414783478 -0.00976915657520294 0.0271443370729685 0.0132786370813847
0.144078686833382 0.180372163653374 0.0370816364884377 0.134684160351753 0.0886274129152298 -0.0844329595565796 -0.0635459795594215 0.00886953622102737 -0.332839965820312 -0.0403664633631706 -0.0327142477035522 -0.0887182876467705 -0.544533252716064 0.119025401771069 0.105819799005985 -0.000160274023073725 -0.00921780150383711 -0.0258710384368896 -0.00776820071041584 0.057011503726244 0.071575365960598 0.0795977115631104 0.0894331485033035 0.0321230515837669 0.0135301658883691 0.092287965118885 0.062463466078043 0.156649976968765 0.00324725732207298 0.0718196481466293 -0.0366982370615005 0.105178877711296 0.136557385325432 0.0824951454997063 0.0939392670989037 0.0277124010026455 0.0685907453298569 0.107645832002163 0.0601832494139671 0.059634055942297 0.123985521495342 -0.00730963796377182 0.0184664521366358
