assets/gome_f/processed/ascii/world/gome_sif_world_20121201.asc
NCOLS 720 
NROWS 360 
XLLCORNER -180 
YLLCORNER -90 
CELLSIZE 0.5 
NODATA_value -3.4e+38 
[rows 152 to 170 of 360, columns 430 to 472 of 720]
0.0682056769728661 0.189379259943962 0.0809916704893112 0.0702472776174545 0.0195093471556902 0.0806304141879082 0.0416806004941463 0.0507226511836052 0.123891651630402 0.0574742816388607 0.018654178828001 -0.0293103065341711 -0.0767426416277885 0.0301453992724419 0.115978308022022 0.0570138581097126 -0.161078527569771 0.0846727415919304 0.0678225234150887 0.0606582388281822 0.0354127287864685 -0.0700629875063896 0.00308473547920585 -0.0610216446220875 0.00999751500785351 0.0311569198966026 -0.0957685559988022 -0.0173485353589058 0.0146072627976537 -0.0491009578108788 -0.028964564204216 -0.0178113151341677 -0.0144749209284782 -0.0216280203312635 -0.0554434880614281 -0.00419869367033243 0.0351544357836246 0.00372222205623984 -0.03974324837327 -0.0886821076273918 -0.0270163826644421 0.0893159434199333 -0.0666915848851204
0.0622066296637058 0.0064305174164474 0.126991361379623 0.0131059112027287 0.114102929830551 0.0842781364917755 0.125353142619133 -0.0946761667728424 0.0634456947445869 -0.0917129218578339 -0.0200697537511587 0.0215673968195915 -0.0388688519597054 -0.0541209205985069 0.0413622818887234 0.080052524805069 -0.123047187924385 -0.0201264880597591 -0.0352129116654396 0.00968362111598253 0.0558300912380219 -0.101643204689026 0.0419155023992062 -0.0180881731212139 -0.0632980242371559 -0.0183726269751787 -0.0354665406048298 -0.0165056232362986 -0.00294532836414874 -0.0455462113022804 -0.0232588648796082 -0.0547678470611572 -0.0299988854676485 -0.00990672968327999 -0.0729113444685936 0.0164587944746017 0.00641118595376611 -0.0552901476621628 0.0371642597019672 -0.00352116557769477 -0.0381290093064308 0.0267547760158777 0.0290229953825474
0.0124861178919673 0.128299385309219 0.130827322602272 0.135787576436996 0.14321905374527 0.113857686519623 -0.0178045015782118 0.0528185591101646 0.0293967388570309 0.107453003525734 0.0399672538042068 0.0129739437252283 -0.0351364128291607 0.0671477690339088 -0.00235969759523869 0.00693309726193547 0.0696747973561287 -0.133108794689178 -0.0864096134901047 -0.166027024388313 0.0218283105641603 -0.0400842428207397 -0.0192137714475393 0.0185299012809992 -0.0883535817265511 -0.0315241850912571 -0.0888062566518784 0.0171748492866755 -0.00199424801394343 -0.0370544977486134 -0.0239903945475817 -0.0284098666161299 -0.0230547245591879 -0.0483956560492516 0.0180665086954832 0.061985470354557 -0.0302269756793976 0.103143140673637 0.159340351819992 0.0378645695745945 0.00757866771891713 -0.0154221979901195 0.0213381424546242
0.080324187874794 0.0787668600678444 0.11779347807169 0.145424827933311 0.0994822010397911 0.070421539247036 0.134668573737144 0.0710295140743256 0.0160093177109957 0.152117848396301 0.020383121445775 -0.0766578912734985 -0.0429449900984764 0.0218078084290028 -0.050515566021204 -0.156457215547562 -0.0809341818094254 0.0814387425780296 0.0626233220100403 0.0106844790279865 -0.0146429510787129 0.0784694030880928 -0.0187605787068605 0.0439025424420834 -0.0877989307045937 -0.033686276525259 -0.0129477353766561 -0.0207196157425642 -0.00688715279102325 -0.0566181764006615 0.0466487258672714 0.00844965968281031 -0.00602587824687362 0.0306760668754578 -0.0468544028699398 0.0233791805803776 -0.0444029867649078 -0.112585015594959 -0.119911856949329 -0.0876862183213234 0.00589359411969781 -0.0077313813380897 0.00641620997339487
0.0450642518699169 0.166892126202583 0.121912121772766 0.141696870326996 0.263708204030991 0.0605883598327637 0.112214460968971 0.0771268382668495 0.0359849110245705 0.0123797403648496 0.0193538274616003 -0.0199991445988417 0.0387399345636368 0.0348808355629444 -0.00373218255117536 -0.0315892584621906 0.0469718538224697 -0.0418259799480438 0.0228403154760599 -0.0229590106755495 0.011844358406961 -0.0117478892207146 -0.0427280813455582 -0.00161049317102879 0.00151822622865438 -0.0265937484800816 -0.0116246677935123 0.0409610532224178 -0.0483126752078533 -0.0721159502863884 0.028447438031435 0.108114957809448 0.0861508026719093 0.0288220029324293 -0.0165500324219465 -0.0246365405619144 0.0422881580889225 -0.0248144697397947 -0.0175291914492846 0.006084771361202 -0.024267116561532 -0.0713574439287186 0.0197683069854975
0.0882433280348778 0.222821414470673 0.0681630745530128 0.257332772016525 0.289404392242432 0.119395099580288 0.113200217485428 0.027935279533267 0.17499652504921 0.0790817961096764 -0.0355573110282421 -0.0400440059602261 -0.0203982964158058 0.0546637214720249 -0.026180699467659 -0.0212572924792767 0.0693331807851791 0.0131163103505969 -0.0225348714739084 -0.0226384997367859 0.010013934224844 0.0731092765927315 -0.0107810003682971 0.0375502556562424 0.0533920861780643 0.106005430221558 0.0749406069517136 0.146220862865448 0.130138888955116 0.0575532205402851 0.1281828135252 0.155095160007477 0.116306439042091 0.0357997193932533 -0.00185728713404387 -0.0964913666248322 0.00697598466649652 -0.00511537678539753 -0.0772412195801735 0.0063420357182622 0.0128898341208696 -0.00786925852298737 0.0093011325225234
0.0946645587682724 0.217106536030769 0.245640382170677 0.209153339266777 0.292553037405014 0.239576905965805 0.157905444502831 0.158951044082642 0.180611953139305 0.0569853037595749 0.029441948980093 0.0432502068579197 -0.0396863333880901 -0.0657126978039742 -0.0376457050442696 -0.0215800348669291 -0.0397912263870239 0.0109618222340941 0.078510470688343 0.0314064286649227 0.035413172096014 0.0763119831681252 0.106825791299343 0.121575236320496 0.0566711649298668 0.122818060219288 0.143787875771523 0.164536342024803 0.150047451257706 0.207363426685333 0.149422213435173 0.166183486580849 0.140962868928909 -0.0387439168989658 -0.041347473859787 0.0283288508653641 0.0415646359324455 0.0312461126595736 -0.0393012054264545 0.000965387909673154 -0.00332063552923501 -0.00673192646354437 0.0421135351061821
0.110615611076355 0.123281814157963 0.169344156980515 0.275696873664856 0.140214294195175 0.189089924097061 0.108468756079674 0.254247963428497 0.040781881660223 0.127388790249825 0.0183229353278875 -0.0647323876619339 -0.00328929768875241 0.0245458986610174 0.0071382150053978 -0.00695881154388189 -0.0418864451348782 0.0220307298004627 -0.0499116666615009 0.0292412396520376 0.0684879273176193 0.00978272035717964 0.101979903876781 0.0586856566369534 0.0141402604058385 -0.0548947192728519 0.0683989673852921 -0.0451337993144989 0.119461856782436 0.0256433002650738 0.0940968170762062 0.0493241287767887 0.0674050152301788 -0.00992808304727077 -0.0126299541443586 -0.0137403476983309 0.0181058384478092 -0.00439187837764621 0.0144363641738892 0.0102903535589576 0.00306263845413923 0.0181446131318808 0.0183794777840376
0.273002713918686 0.191658511757851 0.2379130423069 0.156501993536949 0.217669501900673 0.153163209557533 0.0533634796738625 0.239940330386162 0.0692722871899605 0.0896003618836403 0.0246399194002151 0.0399095304310322 0.0238661412149668 0.0254240594804287 0.0096459724009037 -0.0763427019119263 0.0607935935258865 0.0420140326023102 -0.0437671430408955 0.0262493714690208 -0.00940634403377771 0.084638737142086 0.125600025057793 0.20670223236084 0.0788435637950897 -0.0278178881853819 0.0647532567381859 0.126851215958595 0.0299279745668173 0.134764134883881 0.0525293722748756 0.176436722278595 0.111266098916531 -0.045037042349577 -0.0197532847523689 -0.0215388089418411 -0.00854514166712761 0.0367064774036407 -0.0422655567526817 0.0108289262279868 -0.029225891456008 0.0156033914536238 0.0117756770923734
0.133194372057915 0.182592958211899 0.162662371993065 0.185322150588036 0.103446111083031 0.171148434281349 0.185120165348053 0.101629883050919 0.0371670462191105 0.0582620725035667 0.134102046489716 0.0761052146553993 0.0866068303585052 0.0336499884724617 0.0938920974731445 0.0276080649346113 0.0569840967655182 0.0105610452592373 -0.0289874002337456 -0.0714403912425041 -0.0504828840494156 0.0143041322007775 0.0432994030416012 0.00367663451470435 0.044930461794138 0.0599707812070847 0.0178667530417442 0.0936881676316261 0.0966751426458359 0.0781522244215012 -0.0386356674134731 0.0592887178063393 -0.000455018627690151 0.0244811549782753 -0.0483605265617371 0.0242437999695539 -0.00694084819406271 0.0116676511242986 -0.00287529639899731 -0.01477618701756 0.0395408570766449 0.0237768571823835 -0.0065904832445085
0.278793334960938 0.256897330284119 0.286439925432205 0.160769909620285 0.14940419793129 0.188527524471283 0.184991508722305 0.0807368755340576 0.0914626568555832 0.0444741174578667 0.0220053661614656 0.0489510111510754 0.0994013771414757 0.0473051592707634 0.0379614569246769 0.0834093615412712 -0.0301262345165014 0.0673494786024094 0.0535625629127026 -0.016713859513402 -0.00252732471562922 -0.102878265082836 0.107470542192459 0.062413327395916 -0.0444034822285175 0.0396245829761028 0.00740001536905766 0.0708202198147774 0.172250494360924 0.0865826159715652 -0.0831831321120262 0.0225708018988371 -0.0100146876648068 0.0208366252481937 -0.00542991096153855 0.0150695713236928 0.00356255238875747 -0.0201113596558571 -0.00416553067043424 -0.0655501782894135 -0.0665998682379723 -0.0922574996948242 0.0120460409671068
0.403132081031799 0.364557474851608 0.318196177482605 0.309552520513535 0.203982695937157 0.200207158923149 0.108340434730053 0.168131083250046 0.217359259724617 0.170067325234413 0.179515913128853 0.0328924432396889 0.0605803020298481 0.0246660336852074 0.0320145450532436 0.0435781218111515 0.0428800620138645 0.0272505935281515 0.0661382153630257 0.0423378683626652 0.142607226967812 0.160198286175728 -0.0103978486731648 0.0609260052442551 -0.072881393134594 -0.0647322088479996 0.083889476954937 0.00103487621527165 0.0118329478427768 0.0170668680220842 0.0129838762804866 -0.0115828607231379 -0.0704854056239128 -0.0275448877364397 -0.0556772276759148 -0.00379217811860144 -0.0456548817455769 -0.0545607917010784 0.00481751095503569 0.0170671455562115 0.0639284998178482 -0.0755449086427689 -0.100436314940453
0.4482361972332 0.39881432056427 0.395187079906464 0.311406254768372 0.259808778762817 0.099335677921772 0.170332252979279 0.0161850918084383 0.178825795650482 0.0803448632359505 0.157925173640251 0.0346917249262333 0.0997295454144478 0.0765935927629471 0.00941891595721245 0.0588884390890598 0.053195845335722 0.0295710582286119 0.175154805183411 0.149876356124878 0.10679566860199 0.0176943987607956 0.0552208945155144 0.0454196222126484 0.0123808793723583 -0.0162317007780075 -0.00311164138838649 0.00266153365373611 0.051315501332283 0.160932585597038 0.039761908352375 -0.00242249481379986 -0.0431892350316048 0.0265787001699209 0.00955868046730757 -0.0970365032553673 -0.0988896638154984 -0.0188594218343496 -0.0694513767957687 -0.0702402964234352 -0.0251523721963167 0.0543307512998581 -0.0292418822646141
0.416487276554108 0.455630213022232 0.428637325763702 0.387930870056152 0.258329153060913 0.212956413626671 0.198001980781555 0.193415552377701 0.068841390311718 0.199822619557381 0.180120706558228 0.230907842516899 0.102335065603256 0.109500303864479 0.105175703763962 0.0663861334323883 0.146676406264305 0.0387908332049847 0.0532771125435829 0.0825975686311722 -0.0093369148671627 0.0451988726854324 0.102849863469601 0.0770380347967148 0.0582410432398319 -0.00680716522037983 0.0325817689299583 0.0465557500720024 -0.00217166473157704 0.0832064896821976 -0.054370854049921 -0.00542263919487596 -0.0549027137458324 0.0380671881139278 0.0261177178472281 -0.0242365356534719 -0.00856976676732302 -0.0947162508964539 -0.0212647914886475 0.00442606396973133 -0.0581385493278503 -0.0253066159784794 -0.0169139187783003
0.370725154876709 0.404217332601547 0.457973003387451 0.292659133672714 0.285699009895325 0.194859251379967 0.190795302391052 0.394212901592255 0.341432958841324 0.422194570302963 0.335643857717514 0.218282833695412 0.0800309255719185 -0.0304842758923769 0.0423333905637264 -0.00324910506606102 -0.0406664535403252 0.125280722975731 0.146478429436684 0.20057438313961 0.000752656371332705 0.128049060702324 0.0431234240531921 -0.0539154000580311 0.0769632533192635 -0.017670527100563 -0.00583615666255355 0.0387079827487469 0.119987778365612 -0.0089242048561573 -0.047119777649641 -0.0405819825828075 -0.0150232780724764 -0.12240432202816 0.04740085080266 -0.0116997454315424 -0.0028671114705503 0.0269239395856857 0.0515127442777157 0.00294879800640047 -0.0878286361694336 -0.0219655055552721 -0.0505970008671284
0.269680947065353 0.363117158412933 0.403246939182281 0.375175952911377 0.393948823213577 0.279823660850525 0.218162894248962 0.306711703538895 0.416345804929733 0.303361833095551 0.180519387125969 0.159129172563553 0.112159356474876 0.0918416157364845 0.0110297407954931 -0.0179570876061916 0.0234342906624079 0.0979719385504723 0.109197117388248 0.0550262704491615 0.0830543041229248 0.0631513148546219 0.0182547327131033 0.0299664027988911 0.0955264791846275 0.220188766717911 0.0985118374228477 0.121882654726505 0.152931675314903 -0.0605637915432453 0.0240510459989309 0.017073567956686 0.140232503414154 -0.070915199816227 0.0320144221186638 -0.00887480191886425 -0.0509168468415737 -0.0542673692107201 -0.028431223705411 0.0770073533058167 -0.00393835315480828 0.0625399202108383 -0.0708272308111191
0.333211123943329 0.199855610728264 0.341616868972778 0.293242990970612 0.152733147144318 0.277438908815384 0.30568128824234 0.387399971485138 0.39685332775116 0.26165360212326 0.157796755433083 0.150120571255684 0.0903157219290733 0.0378495045006275 -0.0140354773029685 0.0930834636092186 0.0512717962265015 0.0272828172892332 0.165167450904846 0.094235323369503 0.080854132771492 0.155027449131012 0.117495134472847 0.087008997797966 -0.0271225236356258 0.0584465749561787 0.066499337553978 0.186381638050079 0.00023183120356407 -0.0617528446018696 0.059296727180481 0.0119620384648442 -0.0196440480649471 0.0416214242577553 0.0418213941156864 -0.034242644906044 -0.0232090875506401 -0.0621977299451828 0.00778573239222169 -0.0881660208106041 0.0649858489632607 -0.0915377587080002 -0.0503481701016426
0.211001247167587 0.208754897117615 0.14267410337925 0.227420836687088 0.221962809562683 0.221336722373962 0.0998765006661415 0.261885762214661 0.179001405835152 0.249606713652611 0.22563461959362 0.0901724472641945 0.121576480567455 0.136997744441032 0.0244465190917253 0.128067597746849 0.0177250038832426 0.0606673657894135 0.0925959199666977 0.0903406515717506 0.172623157501221 0.0288210231810808 0.0115427291020751 0.14911949634552 0.0824070945382118 0.088934987783432 0.172936856746674 0.106868728995323 -0.0284156035631895 0.00431454321369529 0.0389664173126221 -0.0590748563408852 -0.00258759642019868 -0.0653932094573975 -0.0011156847467646 -0.0432378090918064 -0.00342399277724326 0.0595124289393425 0.0154990777373314 -0.0881531909108162 -0.0428256615996361 -0.0184238068759441 -0.0268474575132132
0.0940967202186584 0.0472295396029949 0.0603861100971699 0.191663265228271 0.121172249317169 0.0443665571510792 0.144514620304108 0.149772882461548 0.174726992845535 0.179200485348701 0.146521061658859 0.0661076903343201 0.108209155499935 0.0991409942507744 0.0347928591072559 0.0363166145980358 -0.035051953047514 0.0439130254089832 0.0600669234991074 0.0436638221144676 0.161508291959763 0.131119206547737 0.0410225465893745 0.0593531988561153 0.0128949852660298 0.111873470246792 0.0719412565231323 0.0193375255912542 -0.0739833861589432 -0.0294425319880247 0.0013953298330307 -0.0366243794560432 0.0700517818331718 -0.0296553745865822 -0.00381963257677853 -0.0943186283111572 -0.0316079892218113 0.019692549481988 -0.0156444516032934 0.035459004342556 0.0446948520839214 -0.0870569050312042 -0.043202418833971
