assets/gome_f/processed/ascii/world/gome_sif_world_20120301.asc
NCOLS 720 
NROWS 360 
XLLCORNER -180 
YLLCORNER -90 
CELLSIZE 0.5 
NODATA_value -3.4e+38 
[rows 171 to 189 of 360, columns 86 to 128 of 720]
-0.049757357686758 -0.158272102475166 0.0765871182084084 -0.0706658139824867 0.0730485469102859 0.0655337646603584 0.068091057240963 -0.10365354269743 -0.122013933956623 0.124952793121338 0.0629459694027901 0.0674326866865158 0.0283822622150183 -0.0594023279845715 -0.0172746200114489 0.00739239575341344 0.0305590461939573 -0.0212142504751682 0.0192524380981922 -0.0191867500543594 -0.0161581020802259 0.0230989120900631 0.0777583122253418 -0.00792842824012041 -0.178928732872009 0.0177766531705856 0.120113402605057 -0.00117377436254174 0.0138257024809718 -0.0187540780752897 0.0336549319326878 0.0417691022157669 -0.0157927758991718 -0.061163242906332 0.0214837118983269 -0.0144973816350102 0.028472738340497 -0.0275983940809965 0.0139981070533395 -0.152039796113968 -0.0546760149300098 0.119956575334072 -0.000897612073458731
-0.0361663438379765 0.024813637137413 0.0408748760819435 -0.129838451743126 -0.117282666265965 -0.105775557458401 -0.0497432760894299 -0.036047849804163 0.0141090350225568 0.237330511212349 -0.0730752721428871 -0.153134390711784 -0.0573306679725647 0.0195529088377953 0.0144001180306077 0.0622740499675274 -0.0465915687382221 -0.073494665324688 0.00539715681225061 0.0387716516852379 -0.000149078667163849 0.054786242544651 -0.0949131473898888 -0.126102045178413 -0.00487610092386603 -0.0485850088298321 0.284036487340927 0.0276572052389383 0.0695233717560768 0.0330203287303448 -0.0515245459973812 -0.0273262020200491 -0.101895973086357 -0.0809688121080399 -0.0135789290070534 -0.0524951443076134 -0.080263651907444 -0.032245796173811 -0.000643815845251083 -0.0589512325823307 -0.0598459132015705 -0.0212036874145269 0.00279344106093049
0.0465013682842255 -0.0228102523833513 -0.0461940132081509 -0.00684314826503396 0.126452684402466 -0.0431258231401443 -0.0929829478263855 0.0471528619527817 -0.0172708630561829 0.059417512267828 -0.0295387394726276 -0.0193134918808937 -0.00758351571857929 -0.0149614633992314 -0.00559183163568377 -0.0703188180923462 -0.0580565929412842 -0.0667080953717232 0.0977564454078674 0.0689360499382019 -0.0126147652044892 -0.112027995288372 0.0308509040623903 0.0537961907684803 0.0362298861145973 -0.0719068869948387 0.0122690601274371 0.0210839994251728 -0.0146475788205862 -0.00487503921613097 -0.0634584277868271 -0.0395303554832935 0.0460456386208534 -0.0257407892495394 0.0449108071625233 -0.0632279291749001 0.0677286833524704 0.00286673312075436 0.000774474465288222 -0.0366598591208458 -0.0828910544514656 -0.0401991903781891 -0.0868577286601067
-0.0328134708106518 -0.086592324078083 -0.0183799806982279 -0.0251095797866583 -0.0731061995029449 0.112399995326996 -0.0956128761172295 -0.0149365058168769 -0.0154187306761742 -0.0454976670444012 -0.00454531004652381 -0.0172013901174068 -0.027490321546793 -0.0620932579040527 -0.0661774277687073 -0.0631421804428101 -0.0526683330535889 -0.108711764216423 0.0723426714539528 -0.134302377700806 0.0942646190524101 0.00511587597429752 0.0706098899245262 0.0684179812669754 0.00633505918085575 -0.0373327694833279 -0.0641023367643356 -0.0473437905311584 -0.0544461011886597 -0.0717827677726746 -0.0864656195044518 0.00419056508690119 -0.095908559858799 -0.0282903667539358 0.00748272333294153 0.0453821644186974 -0.0882371366024017 -0.0544734485447407 -0.0274317134171724 0.0433779358863831 -0.0496771521866322 -0.118268489837646 -0.0247387792915106
-0.0411604754626751 -0.111286997795105 -0.0662829354405403 -0.0358649417757988 0.0334632024168968 0.0922949463129044 0.00380726391449571 0.00750769954174757 -0.0445295199751854 0.0465118587017059 -0.0316919982433319 -0.00346974236890674 -0.0057976022362709 -0.111058071255684 -0.0354081951081753 0.068507082760334 -0.0630618184804916 -0.0214737020432949 -0.0818577036261559 -0.0450037717819214 -0.0352172367274761 -0.10457893460989 -0.00819923169910908 -0.0829620212316513 0.0539187304675579 -0.0305655896663666 -0.0311066191643476 -0.00115180655848235 -0.0590279623866081 -0.000941475213039666 0.00855033658444881 -0.075746513903141 0.0142269711941481 0.0163596365600824 -0.0038890007417649 -0.0678707137703896 -0.00865348428487778 -0.035516045987606 0.00619662832468748 -0.00992349721491337 0.0509332716464996 -0.0231988299638033 0.00506640365347266
-0.0567384846508503 0.00837237574160099 0.0153813632205129 -0.102456644177437 -0.12399210780859 0.019201597198844 -0.0272881835699081 -0.0608079247176647 -0.132741361856461 0.0277579370886087 0.0206053294241428 0.000974771566689014 -0.111074298620224 -0.101914145052433 0.0691252946853638 -0.102807357907295 0.0563804171979427 0.0153645817190409 -0.0541767850518227 -0.0272637885063887 -0.105026848614216 -0.0605355948209763 0.0271113738417625 0.021747438237071 -0.0672786682844162 -0.0129405567422509 -0.00797358993440866 -0.118344746530056 -0.124336197972298 -0.0114233503118157 0.054996844381094 -0.0446168929338455 -0.0246342476457357 0.0228732693940401 0.0538406111299992 -0.146237283945084 -0.0675550550222397 -0.0129187405109406 -0.031861636787653 -0.0176494270563126 -0.0127490749582648 0.00468595745041966 0.0401838347315788
0.0189896896481514 -0.0461754761636257 -0.00606331881135702 -0.0296163186430931 -0.0281808879226446 0.0260534528642893 -0.028207765892148 -0.0505110025405884 -0.0576623156666756 0.0253528617322445 -0.0892591327428818 0.0199738647788763 -0.0179106835275888 -0.0248165838420391 0.0434903055429459 -0.0726753026247025 -0.0608830451965332 -0.0164093058556318 -0.0772178769111633 0.0923801884055138 -0.0542127937078476 -0.0516680665314198 -0.00759049225598574 -0.0504846945405006 -0.0426447652280331 -0.0178642384707928 0.0367481298744678 0.119729019701481 -0.0459121279418468 0.0470374040305614 0.0235079359263182 -0.0482141189277172 -0.021437756717205 -0.0818074494600296 0.00350926443934441 -0.102101281285286 0.0943920537829399 0.0263754613697529 -0.0251348074525595 0.0719154104590416 0.0132724717259407 0.00609116582199931 -0.0548569783568382
0.0459052100777626 -0.0797175243496895 -0.0451982654631138 0.0392879098653793 0.054539367556572 -0.0911292359232903 -0.144349753856659 -0.0141269657760859 0.000693845737259835 -0.16041873395443 -0.0156434327363968 0.00934990122914314 -0.0955900102853775 -0.151720553636551 -0.00622659409418702 -0.038349911570549 0.101876303553581 -0.117334976792336 -0.00099284783937037 -0.0151048572733998 -0.0423662103712559 -0.0414080917835236 0.0353281088173389 -0.132366612553596 -0.0303320903331041 -0.039045188575983 0.00451486185193062 -0.09994787722826 -0.00173975410871208 -0.0273167621344328 -0.076424665749073 0.0137555301189423 -0.0582877062261105 -0.0505226515233517 0.00969740003347397 -0.133326381444931 0.0574632696807384 -0.0147373778745532 -0.0810370668768883 0.0696378722786903 -0.0572299510240555 -0.111257813870907 -0.0336452908813953
-0.0814812183380127 -0.010105081833899 0.046782560646534 0.131213501095772 -0.0274069271981716 -0.023118706420064 -0.177044242620468 -0.0265107452869415 0.0118184648454189 -0.00075586314778775 0.037353690713644 -0.0629535242915154 0.0412071086466312 -0.0590013079345226 0.0255446191877127 -0.0182222481817007 0.00222726236097515 -0.0276463851332664 -0.0666410475969315 -0.0514529794454575 -0.151281863451004 -0.0659103915095329 0.0739199295639992 -0.06407131254673 -0.0169418007135391 0.0804567337036133 -0.0301966853439808 0.00346368621103466 -0.0483448505401611 -0.0142649589106441 -0.00992731656879187 0.0429836809635162 -0.112905725836754 -0.0936912596225739 0.00734785106033087 0.0160492472350597 0.022104674950242 -0.0746710151433945 0.0199173893779516 0.0532540641725063 0.0337102152407169 -0.0630641505122185 -0.069385826587677
-0.0350413024425507 -0.0895611494779587 -0.0828799307346344 0.0550473779439926 -0.169652193784714 -0.14269956946373 0.0545456930994987 -0.0991724953055382 -0.026471421122551 -0.0614868775010109 -0.060597863048315 0.0455580465495586 -0.0793343558907509 -0.0704518631100655 0.0587684586644173 0.0254080258309841 0.069238618016243 -0.0303222201764584 0.0517822168767452 0.0649034827947617 -0.112690985202789 0.0214549265801907 -0.023597402498126 -0.0570544078946114 0.0250719338655472 -0.0328604504466057 0.0710080340504646 0.0122017236426473 -0.00942679774016142 -0.0596522055566311 0.0415293239057064 -0.0839907005429268 -0.00827053096145391 -0.129911869764328 -0.0310630723834038 -0.0673495903611183 -0.121702812612057 -0.0704304054379463 0.00921299681067467 -0.0174554660916328 0.0247811432927847 0.00675132405012846 0.0740099623799324
-0.0974661782383919 0.0159877389669418 -0.0929699912667274 -0.00220930390059948 -0.0213945358991623 -0.047622986137867 -0.016410605981946 -0.0762089937925339 -0.0669771432876587 0.0539891868829727 -0.00283921416848898 -0.0678980723023415 0.0372197888791561 0.0650322437286377 -0.06618332862854 0.0626445561647415 -0.0567632578313351 0.0014840925578028 -0.0799036249518394 0.0397861152887344 -0.0128543730825186 0.0879321694374084 0.0167786255478859 0.013722981326282 -0.00618861196562648 -0.0936796590685844 -0.0277177914977074 0.0334521532058716 -0.0559346452355385 0.0165506582707167 -0.0184097941964865 -0.0173703543841839 0.0181149393320084 -0.119858965277672 0.0106941433623433 0.0657844990491867 -0.0878456085920334 -0.0151125164702535 0.00128785369452089 -0.0991927683353424 0.0474480167031288 -0.0282450448721647 0.0197523105889559
-0.0267331935465336 -0.0954435840249062 0.0174007061868906 -0.0702903941273689 0.0213179066777229 -0.0782301649451256 -0.0525077767670155 -0.0786501988768578 -0.0477235540747643 -0.00770994881168008 0.0667732283473015 -0.0621551349759102 0.0192317441105843 0.04728152602911 -0.0334124341607094 -0.0158789362758398 0.0447150245308876 0.0220490545034409 -0.0208560768514872 0.0174412615597248 0.0315430536866188 0.0965567007660866 -0.0657972395420074 -0.0689912736415863 0.0353124178946018 -0.00113279651850462 0.0827596485614777 -0.0497635900974274 -0.0176740735769272 0.00638233823701739 0.00646422896534204 -0.00849265791475773 -0.0264746937900782 0.0304908882826567 0.0365820154547691 -0.0209950245916843 -0.0395975038409233 0.0265439692884684 -0.0197416078299284 0.104300685226917 0.0995749607682228 -0.0311548765748739 -0.0233131069689989
-0.0155320866033435 -0.0325343422591686 -0.044101532548666 -0.0104653928428888 -0.0715203955769539 -0.108602814376354 -0.0330173410475254 -0.0031491587869823 0.102552473545074 -0.0590442158281803 -0.00779875041916966 0.0710541978478432 -0.047481395304203 0.0565174072980881 -0.0395468920469284 -0.0711550787091255 -0.0428970046341419 0.016814436763525 0.0382286347448826 -0.00434064399451017 -0.00877095013856888 0.0967353135347366 0.0522673577070236 -0.0545683428645134 -0.0952790826559067 -0.0607922300696373 0.0327570997178555 -0.00886694248765707 -0.0123118031769991 -0.0949759855866432 -0.0598437562584877 -0.103909656405449 -0.00853525009006262 -0.186648353934288 0.0501943901181221 0.0237646270543337 0.0162977539002895 0.00174034293740988 -0.0617201179265976 0.105114854872227 0.0474616475403309 -0.0342895723879337 0.00817596446722746
-0.0467415414750576 -0.0268659386783838 0.135734096169472 0.0589698255062103 -0.0481662265956402 0.0259519387036562 0.0459452793002129 -0.00276954262517393 0.000266948569333181 -0.0138780102133751 0.0165657252073288 -0.0261172242462635 0.0153085067868233 -0.0421673357486725 0.0703852847218513 -0.0153126651421189 0.00801631808280945 0.00247252685949206 -0.0860590636730194 -0.13970448076725 0.173697233200073 -0.0347511693835258 0.0404194667935371 0.0379809848964214 -0.0653048753738403 -0.0135961659252644 0.00356705486774445 0.0882509052753448 0.0600645504891872 -0.0485310815274715 -0.0982138440012932 -0.0600126087665558 -0.0142176793888211 0.137193873524666 0.0680889934301376 -0.0774000808596611 0.0272847041487694 -0.171625062823296 0.108970902860165 -0.00390056008473039 0.0508589968085289 -0.0663524717092514 -0.128308042883873
-0.016701078042388 -0.0424084290862083 -0.0775455832481384 -0.0514840297400951 -0.0266971234232187 0.0317472666501999 0.106554619967937 -0.028138630092144 0.018032792955637 0.0383039154112339 -0.0307822227478027 0.0282912999391556 0.00720979366451502 0.0303283426910639 0.0783794522285461 0.126588672399521 0.0531708747148514 -0.0428752712905407 -0.0356471538543701 0.130239874124527 0.0232820529490709 -0.0547085218131542 -0.0532276667654514 0.101306326687336 -0.0182954836636782 0.0715310201048851 0.0609739422798157 0.0305808112025261 -0.0363162122666836 -0.0536999143660069 -0.0175620745867491 -0.00883272476494312 -0.0290983133018017 -0.0902707874774933 0.0872398912906647 0.072373278439045 -0.0491757690906525 -0.0294801574200392 0.0395720228552818 -0.127343088388443 0.0222259722650051 -0.158414125442505 -0.0994549617171288
0.00839982088655233 -0.0534542016685009 0.015322282910347 0.0470716767013073 -0.12712262570858 0.05165746062994 0.0414103828370571 -0.0275636408478022 -0.0293149873614311 -0.0326888151466846 0.13028521835804 0.0857983753085136 -0.0586224384605885 0.0846876427531242 -0.0146660534664989 -0.00736407423391938 0.0283157527446747 -0.129350796341896 0.0564598888158798 -0.0215346626937389 -0.00261253560893238 0.0397182032465935 0.182059153914452 -0.0778099521994591 0.0322533212602139 0.0533697903156281 -0.120394587516785 0.0878342092037201 -0.139201685786247 0.0256027020514011 -0.0670539438724518 -0.00360291637480259 0.0667693763971329 0.0357781909406185 -0.0271673239767551 0.12496005743742 -0.0519245155155659 0.0638866722583771 0.041166216135025 0.0845563858747482 -0.031168295070529 -0.00647121435031295 -0.016677513718605
0.00713214185088873 -0.0271355267614126 0.0288910903036594 -0.00688590994104743 -0.0881816148757935 -0.00904717016965151 0.114323191344738 -0.0069543793797493 0.0212303642183542 0.0407446771860123 0.125553667545319 0.0395735315978527 -0.0403239354491234 0.00169073173310608 -0.00775780016556382 -0.0855950340628624 -0.0367375798523426 -0.127746537327766 -0.0256575867533684 0.0571890100836754 -0.0455984063446522 0.0764217749238014 -0.0614669173955917 -0.099960595369339 0.0873090028762817 0.0447684861719608 0.164631217718124 -0.0933116599917412 -0.0976718217134476 0.0488594509661198 0.00867792684584856 -0.0705719739198685 -0.164072751998901 -0.0659943222999573 -0.0488233231008053 0.0419263802468777 -0.0495688170194626 0.00746140023693442 -0.0793458893895149 -0.0088126827031374 0.0214980375021696 0.0478396192193031 -0.115243956446648
-0.0474008955061436 -0.000863332592416555 0.00535331480205059 -0.144100680947304 -0.0242258198559284 -0.251709222793579 -0.0708403438329697 0.0544436685740948 0.109925419092178 0.0309325773268938 0.0319314487278461 -0.04343082010746 0.0178587362170219 0.0534796863794327 0.0283910781145096 -0.100973665714264 3.75010640709661e-05 0.00880186352878809 -0.0904973074793816 -0.0226325131952763 0.0473220944404602 0.0186697728931904 -0.268038094043732 -0.052439883351326 0.0390074402093887 0.0033237561583519 -0.0414856299757957 -0.0981339439749718 0.0155500769615173 -0.0394576676189899 0.0274260733276606 -0.0277249589562416 -0.109940148890018 -0.0155728878453374 0.0203133411705494 0.0335971862077713 -0.177606642246246 -0.0537331812083721 0.142480492591858 0.00885421317070723 0.0149921979755163 -0.0215219222009182 0.0243093464523554
0.0147057697176933 -0.0663175657391548 0.0221437737345695 -0.0695418864488602 0.0449987314641476 -0.0382137522101402 0.0336821526288986 -0.0355740264058113 -0.0486282259225845 0.0906964913010597 0.090264156460762 -0.0595295615494251 -0.0581700876355171 -0.0475638173520565 0.0579121932387352 0.0267013069242239 -0.0652626678347588 -0.0684735029935837 -0.00981440953910351 0.0308955069631338 0.0869548767805099 -0.0262908302247524 0.0725602731108665 0.00385377812199295 0.0141308652237058 0.00632042717188597 0.0605894476175308 -0.0237243436276913 -0.0836029648780823 0.11277911067009 0.101566046476364 -0.0404672287404537 -0.0042054639197886 -0.0438629612326622 0.036559097468853 0.0157657526433468 0.068405993282795 -0.00276062428019941 -0.0468323566019535 -0.0950954630970955 -0.0537760481238365 0.0180739313364029 -0.148364126682281
