assets/gome_f/processed/ascii/world/gome_sif_world_20120801.asc
NCOLS 720 
NROWS 360 
XLLCORNER -180 
YLLCORNER -90 
CELLSIZE 0.5 
NODATA_value -3.4e+38 
[rows 38 to 56 of 360, columns 301 to 343 of 720]
0.0265151094645262 0.0840243175625801 0.0621423423290253 0.0765285864472389 -0.0147501202300191 -0.0217855349183083 -0.0324141010642052 0.0423377119004726 0.1313506513834 0.12646509706974 -0.008275774307549 -0.0038223045412451 0.0595302693545818 -0.0776577964425087 0.0266113132238388 0.00390479317866266 0.00698833772912621 0.122101366519928 0.112673677504063 -0.0228025652468204 0.0549701042473316 -0.0474798418581486 0.0502879396080971 -0.148172616958618 0.107075698673725 0.0648119747638702 -0.0118723725900054 0.155236184597015 -0.00742187350988388 0.0113863302394748 0.0554239675402641 -0.034718319773674 -0.128550812602043 -0.127229049801826 0.0661329180002213 0.00525139411911368 -0.283628523349762 0.168784782290459 0.0368695296347141 0.124709621071815 0.0182837285101414 0.131191566586494 -0.352286517620087
0.140674263238907 -0.0478598289191723 0.0144742531701922 0.0161689054220915 -0.0205474402755499 -0.100557513535023 -0.050616517663002 -0.00114775309339166 -0.0462322868406773 0.0245955865830183 -0.0220323726534843 0.199065983295441 0.0184865351766348 0.144009917974472 0.0227641705423594 0.00339882401749492 -0.0331344306468964 -0.0702755972743034 0.0946868509054184 -0.0251798983663321 -0.0965814366936684 0.00217380095273256 0.233649536967278 0.013268175534904 0.0891615673899651 0.0340002700686455 -0.00255348160862923 0.154279097914696 -0.0585827343165874 0.200926780700684 0.06511589884758 0.0265537742525339 -0.0542899817228317 -0.0821931064128876 -0.0294354353100061 0.130606129765511 -0.0623930506408215 0.0296560656279325 -0.109860695898533 0.0829017236828804 -0.0503464080393314 -0.0584383681416512 0.0116315186023712
-0.24587607383728 -0.174520820379257 0.158983945846558 0.655745148658752 0.159725785255432 -0.0108924834057689 0.131371378898621 -0.0448038876056671 -0.184818834066391 -0.16912168264389 -0.032269511371851 0.120495773851871 0.053151149302721 0.0981716439127922 -0.0311212502419949 0.0312664806842804 -0.0780310481786728 0.0810089334845543 0.118138797581196 -0.0752589330077171 -0.0218607876449823 0.057025957852602 -0.155128121376038 -0.143767267465591 -0.0514771938323975 0.060814805328846 0.124028898775578 -0.110176466405392 -0.276962339878082 0.178907155990601 -0.0779151171445847 0.0820732638239861 -0.0270416662096977 -0.146823510527611 0.0526934079825878 -0.294550836086273 -0.194040015339851 -0.170320317149162 -0.13495896756649 0.0459265038371086 0.0150262070819736 -0.18447057902813 -0.134339511394501
-0.526084780693054 -0.40393790602684 -0.418281853199005 0.143886968493462 -0.109083235263824 0.0775798708200455 0.199737280607224 0.0231763329356909 0.0444751121103764 -0.0115515822544694 -0.0496071614325047 -0.00461517553776503 0.0676034390926361 0.104850202798843 -0.0118372179567814 -0.0205983985215425 -0.0466100722551346 -0.04986771941185 0.00205740006640553 -0.115828938782215 -0.0103208711370826 -0.0366618782281876 -0.0751386284828186 0.0416914075613022 -0.0570426173508167 -0.0581991896033287 -0.0804708003997803 -0.00888440199196339 0.156918928027153 -0.19977979362011 0.0826633274555206 0.0517737604677677 0.035405270755291 0.067325048148632 0.0375543348491192 -0.0418674722313881 -0.0521413683891296 -0.0983594655990601 0.0466898418962955 0.0849177613854408 -0.188322514295578 -0.18290077149868 -0.0567907951772213
-0.119752176105976 -0.127668231725693 -0.0753104239702225 0.00701712677255273 -0.0410268865525723 -0.0786993578076363 0.0200494769960642 -0.0211372468620539 0.143599092960358 0.0406103730201721 -0.0196240916848183 -0.0691633746027946 0.0431580953299999 0.0803918763995171 -0.0678455010056496 -0.143507227301598 0.0850626304745674 0.14625945687294 -0.0629450455307961 0.0116883646696806 0.00847858004271984 0.0422797650098801 0.0950423255562782 0.123558148741722 0.182301089167595 -0.0231404602527618 -0.0353697165846825 -0.101014576852322 0.0444763712584972 0.016883660107851 0.0474947653710842 -0.038512397557497 0.0294128190726042 -0.129965662956238 -0.104298889636993 -0.193603232502937 -0.176609188318253 -0.184477850794792 0.403209686279297 0.138198569417 -0.174869030714035 0.202842339873314 0.124083764851093
0.0545154176652431 -0.0535680800676346 0.0177611000835896 0.0857632234692574 -0.00368686905130744 0.0257725995033979 -0.029241232201457 -0.0270102713257074 -0.0320819802582264 0.0978003069758415 -0.0198976192623377 0.0392301455140114 0.116102583706379 0.0242455247789621 -0.0264217499643564 -0.105875931680202 0.0178788229823112 -0.0558442771434784 0.120540365576744 0.057965561747551 -0.101090162992477 -0.0782330632209778 0.104453042149544 0.0330532677471638 0.106908805668354 -0.0786004737019539 -0.100749805569649 -0.10619131475687 -0.0669961646199226 -0.132603839039803 -0.262501299381256 -0.0794842094182968 -0.0815779715776443 0.153415963053703 0.0113920764997602 -0.163195058703423 0.0153008103370667 0.326788753271103 -0.0985704585909843 -0.456994712352753 -0.09037796407938 -0.100982144474983 -0.220175445079803
-0.00284064491279423 0.0580847598612309 -0.133516043424606 0.0245010610669851 0.0376406200230122 -0.0284581054002047 -0.0888135433197021 -0.050777118653059 -0.0739118903875351 0.060309998691082 0.0189306288957596 -0.130341082811356 -0.0325049161911011 0.0608292929828167 -0.0018602479249239 0.0102400397881866 -0.0999495834112167 0.0856000781059265 -0.00505325524136424 0.143119439482689 0.0224280711263418 0.0351985655725002 0.0176044665277004 -0.0895204916596413 -0.0771831721067429 -0.00619443878531456 0.0399257689714432 0.0845428928732872 -0.00337149621918797 -0.0748563855886459 -0.0484775900840759 0.00310636102221906 -0.00589132076129317 0.111219175159931 -0.149777784943581 0.0676257684826851 -0.0274181626737118 -0.186758443713188 -0.118157528340816 0.0143289584666491 0.0198294185101986 -0.226145818829536 0.0755685493350029
-0.0449086166918278 0.0701825320720673 -0.102550663053989 0.117750972509384 -0.101821236312389 -0.00994031503796577 -0.0114764804020524 -0.17820231616497 -0.154885903000832 -0.144641473889351 -0.0286503378301859 -0.0286971814930439 0.112026214599609 0.141608089208603 -0.0341543033719063 0.0262244269251823 0.0667181611061096 -0.142733111977577 0.0797995775938034 0.0574349947273731 0.0290991403162479 0.070805199444294 0.16591514647007 -0.0334423892199993 -0.0325739979743958 0.0904906913638115 0.101198300719261 0.00291795819066465 0.0226513389497995 0.0776075422763824 -0.0500125326216221 0.0119773140177131 0.00975370593369007 0.0332064963877201 0.0358936972916126 -0.0487921051681042 0.0272944960743189 -0.0178469195961952 0.13035973906517 -999 -0.0788349062204361 0.128154054284096 -0.0755786895751953
-0.0504330322146416 -0.0665243044495583 -0.0479476861655712 -0.0513593629002571 -0.0240512695163488 -0.0487271212041378 -0.0312908850610256 0.0656541213393211 0.0973458811640739 -0.146451905369759 0.0497670061886311 -0.0322603806853294 0.0400520265102386 0.0723916739225388 0.100561462342739 0.177867844700813 -0.08515864610672 0.0109426062554121 -0.137200057506561 0.12528070807457 -0.0883539170026779 0.0620103739202023 -0.035997062921524 -0.0864335969090462 -0.0443857088685036 -0.0884221419692039 0.00596453994512558 0.184047356247902 -0.216090589761734 -0.0818947404623032 0.094095803797245 -0.0327761173248291 0.0496908873319626 -0.215903699398041 -0.114025719463825 0.0905283987522125 -0.0533467531204224 0.00730711920186877 -0.0392142683267593 -0.0436642169952393 -0.181441858410835 -0.0151062328368425 -0.000606210553087294
-0.0642209127545357 -0.0231935493648052 0.102681957185268 -0.0111399739980698 0.0623193010687828 0.016147879883647 0.0807543396949768 -0.0165907442569733 -0.0945377945899963 0.0583500601351261 -0.0763858482241631 -0.0711735114455223 0.148959547281265 -0.0553758442401886 0.106547974050045 0.126313894987106 0.0763825252652168 0.176876530051231 0.0491373427212238 0.0111873857676983 0.0863388329744339 0.0568559505045414 0.10164001584053 0.133493766188622 -0.00220269872806966 0.0169449597597122 0.0614956505596638 0.0123194865882397 0.196318551898003 0.0725894495844841 0.0669911205768585 -0.0751050710678101 0.00672850199043751 -0.0166379008442163 -0.162339448928833 -0.00844984594732523 -0.19108060002327 0.0439120680093765 -0.0304910037666559 0.0163502264767885 0.041346650570631 0.135634183883667 -0.0995530486106873
-0.220961585640907 0.0589976571500301 0.00292402133345604 0.145104080438614 0.0942060798406601 -0.0703876689076424 0.0804397091269493 0.0120527101680636 -0.0693014487624168 0.0918083935976028 0.0985011011362076 -0.045856524258852 -0.0539452247321606 0.23662443459034 0.189630538225174 0.113480448722839 0.130807235836983 0.0299158208072186 -0.140449419617653 0.118490971624851 0.0988147184252739 0.105399042367935 0.119216829538345 0.409648597240448 0.120871223509312 0.184983387589455 0.091229610145092 0.116466142237186 0.0908418446779251 0.169332712888718 0.121366262435913 0.0673961862921715 -0.0931497365236282 -0.125486701726913 0.0447918027639389 0.030220253393054 -0.116270683705807 0.065656453371048 0.157411649823189 -0.045370951294899 -0.0399344004690647 -0.122355714440346 -0.00299935974180698
-0.10530099272728 -0.0517346635460854 0.0153708700090647 0.135286688804626 0.154281556606293 0.103598386049271 0.184661835432053 0.100382775068283 0.120852023363113 0.0394649803638458 -0.0158423557877541 0.0473380349576473 -0.0761630535125732 -0.0716686919331551 0.09025938808918 0.256249934434891 0.171489149332047 0.325066328048706 0.131208002567291 0.234587207436562 0.125272691249847 0.0110361622646451 0.129118055105209 0.07032211124897 -0.0280131567269564 -0.0764996111392975 0.0692223832011223 0.0541427731513977 0.0528635084629059 0.0262111946940422 0.173073381185532 -0.0621450357139111 0.0533646419644356 -0.0582804344594479 -0.0926361232995987 -5.3767620556755e-05 0.0486281514167786 0.0251592118293047 -0.0569066815078259 0.0131923072040081 -0.103289172053337 0.0319067165255547 0.0489221550524235
-0.189567357301712 0.0657613798975945 0.291559010744095 -0.0464315563440323 -0.0317445620894432 -0.0297114215791225 -0.165674448013306 0.100881204009056 -0.0154133578762412 0.124507799744606 0.0321227088570595 -0.0247608963400126 0.0825237408280373 -0.177852213382721 0.0583269186317921 0.14086826145649 0.189473152160645 0.197412088513374 -0.0179979745298624 0.0757730603218079 0.0952958539128304 0.153180181980133 -0.059555571526289 0.0692836716771126 0.079724982380867 0.143472895026207 0.12930203974247 0.23727460205555 0.0706040114164352 0.058440838009119 0.0411403030157089 0.020682156085968 0.0662730932235718 0.0970877781510353 -0.125252470374107 0.00194638967514038 -0.0479954369366169 0.0655564442276955 0.00279796496033669 -0.244732782244682 -0.152416542172432 0.0740888118743896 -0.021484112367034
-0.0214602053165436 -0.0637717694044113 -0.125199943780899 0.154385209083557 -0.239063307642937 -0.0495996922254562 -0.0716047883033752 -0.131674498319626 0.157936170697212 -0.0264075994491577 0.0244163442403078 -0.00834357365965843 -0.0488443560898304 0.0370115451514721 -0.15669746696949 -0.0464453846216202 0.174175217747688 0.197163000702858 0.280329167842865 0.283351421356201 0.137402445077896 -0.03504753485322 -0.0299341250211 -0.082226850092411 -0.353350192308426 -0.0910890027880669 0.136537626385689 0.0451293289661407 -0.0081250024959445 0.00792948808521032 -0.0700370445847511 0.039442989975214 -0.0810028538107872 -999 -0.112662486732006 -0.108453556895256 -0.0263103004544973 -0.0737275704741478 0.123837873339653 -0.103117778897285 0.0562961101531982 -0.212194055318832 0.263979941606522
-0.00584588805213571 -0.102197788655758 0.0310214161872864 -0.0124278934672475 -0.16946904361248 -0.027598837390542 -0.0195781104266644 0.429987728595734 -0.0191372688859701 0.136307045817375 0.0847936272621155 0.0425184741616249 6.13342417636886e-05 -0.0774436742067337 0.0786193683743477 0.0554346293210983 0.00758666172623634 0.0416500419378281 0.167319908738136 0.0631336346268654 0.00435305293649435 0.229176968336105 0.149056747555733 0.0558556728065014 -0.144235953688622 -0.146715268492699 0.00998691469430923 0.118991293013096 -0.0102549968287349 0.115427806973457 0.0670219659805298 0.053586982190609 0.159197926521301 0.159680038690567 -0.114279136061668 -0.0629826262593269 -0.0751389563083649 -0.139185354113579 -0.164134338498116 -0.213697955012321 0.0993443876504898 -0.0896416306495667 0.022006418555975
-0.0122455572709441 -0.210679993033409 -0.0164040066301823 0.0720637738704681 -0.123389050364494 -0.00635037804022431 0.0963093265891075 0.0874550491571426 -0.171850308775902 0.114573031663895 0.232086598873138 0.172310546040535 -0.0335473120212555 -0.0464389361441135 0.0184853952378035 -0.0415308065712452 -0.0133570823818445 -0.0150967016816139 -0.0676145926117897 -0.0667604729533195 0.191795736551285 0.037906575948 0.133190497756004 -0.00347266485914588 0.107133843004704 -0.0770180746912956 -0.0209439340978861 -0.0535471849143505 0.0288243852555752 0.00558161921799183 -0.0983725264668465 0.137226432561874 -0.0614668242633343 0.141147181391716 -0.0526878125965595 -0.172537222504616 -0.0341119356453419 0.00239850976504385 0.0816643238067627 -0.0143280001357198 0.0948967039585114 -0.0430100150406361 0.0543591417372227
0.0123844668269157 0.0208026971668005 -0.22589810192585 -0.112464807927608 -0.29605233669281 0.102016665041447 0.0185275562107563 -0.043119877576828 -0.115720771253109 -0.0572040677070618 -0.115837082266808 -0.0285802576690912 0.0103947035968304 -0.0751364529132843 -0.00145626172889024 -999 0.100509025156498 -0.045769277960062 0.180791527032852 0.0671215802431107 -0.080256775021553 0.105386070907116 0.0457771383225918 0.228467270731926 0.0886951237916946 0.144816964864731 -0.249281853437424 -0.106954246759415 0.117847226560116 -0.17250919342041 0.2588791847229 -0.083588719367981 0.175057262182236 0.224653050303459 -0.000225841999053955 -0.0698485672473907 0.125164791941643 -0.120781309902668 0.168617501854897 -0.0447658039629459 -0.0730236917734146 0.0644402652978897 -0.211942672729492
-0.00694564171135426 -0.140642821788788 -0.106902815401554 0.23245869576931 0.111239686608315 -0.098588339984417 -0.0487030930817127 -0.11207989603281 0.0514583885669708 0.263816297054291 -0.115580692887306 0.179887935519218 0.0451979488134384 -0.0628147423267365 0.236014306545258 0.0213782638311386 0.010610225610435 0.00745758041739464 0.0614608563482761 0.0280113350600004 0.0647993385791779 0.150960430502892 -0.000475555658340454 0.11812561750412 -0.0913259014487267 -0.080304279923439 -0.0214220955967903 0.107997700572014 0.167676374316216 -0.0414770767092705 -0.0036635734140873 0.00143054127693176 -0.00662970496341586 -0.153566896915436 -0.018629701808095 0.0913085862994194 -0.0227890983223915 -0.113119646906853 -0.131647899746895 0.179678395390511 0.0965986251831055 -0.105793595314026 -0.0292163249105215
0.0124632194638252 -999 -0.171701908111572 0.0117150461301208 -0.229555860161781 -0.00264261290431023 -0.0262859538197517 -0.078191302716732 -0.376922994852066 0.000410149485105649 -0.105675287544727 -0.00210298341698945 -0.26834911108017 0.181305527687073 -0.025946781039238 -0.00572618236765265 -0.0217387117445469 0.0114622665569186 0.0115928398445249 0.0159776154905558 0.130484983325005 -0.0571641512215137 0.0199458412826061 -0.0435448437929153 -999 -0.17009511590004 0.0127413822337985 0.0685436874628067 0.019100634381175 -0.0675031542778015 -0.0101637449115515 0.0927155390381813 -0.0631208047270775 0.153933808207512 0.28348970413208 -0.0182757116854191 0.0287542901933193 0.0128615498542786 0.0155488848686218 -0.0242312494665384 0.419217944145203 0.0786516144871712 -0.0595367141067982
