assets/gome_f/processed/ascii/world/gome_sif_world_20120801.asc
NCOLS 720 
NROWS 360 
XLLCORNER -180 
YLLCORNER -90 
CELLSIZE 0.5 
NODATA_value -3.4e+38 
[rows 209 to 227 of 360, columns 172 to 214 of 720]
0.117557302117348 0.1135099157691 0.142651319503784 0.00642348639667034 0.0376051962375641 -0.157558843493462 0.107800118625164 -0.00777155067771673 7.36068177502602e-05 -0.0889347493648529 -0.058865312486887 0.0383637212216854 -0.0294082462787628 0.0929991453886032 -0.115232609212399 0.0784382894635201 -0.0885472819209099 -0.0228026788681746 -0.0436730459332466 -0.0305269453674555 0.171823263168335 -0.0681666731834412 -0.0218963883817196 0.0535070113837719 0.0167613811790943 -0.0783906504511833 0.0926181674003601 -0.160084053874016 -0.10610032081604 -999 -999 -999 -999 -0.258081138134003 -0.0883713588118553 0.073992446064949 -0.0424075685441494 0.149471804499626 0.094007208943367 0.0153941474854946 0.210703343153 0.148126661777496 0.0335721746087074
0.00493616657331586 -0.0131482528522611 -0.118758343160152 0.0736287459731102 -0.113626599311829 0.0492305569350719 0.099616065621376 0.0360604859888554 -0.00392294675111771 -0.0891795009374619 -0.0239329058676958 0.0560013242065907 -0.1098892390728 -0.160243794322014 -0.0738309994339943 0.029140293598175 0.037071269005537 0.0190302915871143 -0.0254279170185328 0.0256719142198563 -0.173054322600365 -0.124447658658028 0.253555476665497 0.126595854759216 0.119632720947266 -0.109383642673492 0.315577059984207 0.0614350214600563 -0.00199717283248901 0.0133635699748993 -0.243694186210632 0.114230819046497 0.398875564336777 0.0783552974462509 0.0901674032211304 0.0479545705020428 0.143782675266266 0.0158983897417784 0.142265155911446 -0.00470200413838029 0.00805112067610025 -0.0813316479325294 -0.0196280013769865
0.00214826967567205 0.111083492636681 -0.0223718676716089 -0.0675870180130005 0.0446909330785275 -0.0201765801757574 0.120845980942249 -0.0165907517075539 0.0667375102639198 -0.134656965732574 -0.0839236825704575 0.0239349231123924 -0.0798615515232086 0.14250710606575 -0.0463743172585964 -0.115766786038876 -0.152721241116524 0.166291981935501 -0.03719612210989 0.0403597317636013 -0.113218881189823 0.04243154078722 -0.011229244992137 -0.0581212714314461 0.0315275080502033 -0.194032058119774 -0.05778568983078 0.0954083427786827 -0.366063594818115 0.0140242874622345 -0.232195153832436 -0.17646598815918 -0.224696561694145 0.0808046385645866 0.143605694174767 0.0372219532728195 -0.40419939160347 0.0081457644701004 0.103789731860161 0.160941377282143 0.159140005707741 0.164890736341476 0.199188411235809
0.0318074226379395 0.0434671081602573 -0.0142628587782383 -0.140507742762566 0.115423932671547 0.00774004543200135 0.0167433358728886 0.131297990679741 -0.0234203860163689 -0.119405165314674 -0.101083539426327 0.135538086295128 -0.0491647012531757 0.0885538160800934 0.0810824111104012 0.00571605516597629 -0.0199952907860279 0.0371322855353355 0.0446430630981922 -0.0514112189412117 0.0844594389200211 -0.0223383679986 0.109466671943665 0.0263753235340118 -0.049384530633688 0.337681293487549 0.0997612327337265 -0.0887488350272179 -0.0584453344345093 -0.10139749199152 0.0456128902733326 0.572226524353027 -0.0512249507009983 -0.218582272529602 -999 -0.0168111771345139 -999 -0.0040770061314106 -0.126659199595451 0.041225403547287 0.355417549610138 0.302303314208984 0.171810165047646
-0.0559625998139381 0.0168758034706116 -0.0402764640748501 0.0430284254252911 0.163360014557838 0.0171855334192514 -0.0729045644402504 -0.0562123171985149 -0.00412869686260819 -0.0328369401395321 -0.00601641973480582 0.168437197804451 -0.0480997487902641 -0.0172575768083334 0.0278917625546455 -0.0124238757416606 0.0552159510552883 -0.00911281071603298 -0.0642418265342712 0.0604124926030636 -0.105699047446251 0.0139810051769018 0.0827813446521759 -0.0112114809453487 0.0381029434502125 -0.0199903771281242 -0.0165355801582336 -0.0246923286467791 -0.0787613242864609 -0.250914484262466 -0.443432450294495 -999 -0.282315969467163 -999 0.408526241779327 -999 0.487658470869064 0.173257797956467 -0.0614065937697887 -0.165445014834404 0.512230575084686 -0.105037704110146 -0.162202939391136
-0.0774956047534943 0.0616538003087044 0.0500766597688198 -0.0363970994949341 0.0123641360551119 0.197503104805946 0.0613683089613914 -0.0519032143056393 0.127003356814384 -0.0642742514610291 0.0895665735006332 -0.139062583446503 0.352546483278275 -0.110833846032619 0.0805463120341301 0.0445578247308731 0.162258222699165 0.017733795568347 -0.106853663921356 0.144464895129204 -0.0820510536432266 -0.0818448960781097 -0.081401951611042 -0.0809249132871628 -0.025180047377944 -0.0241627544164658 0.164090469479561 0.0739270001649857 0.0215373821556568 -0.0473241582512856 -0.251875191926956 -999 0.290518075227737 0.111116968095303 -999 0.101779289543629 -999 -0.107332117855549 0.115420781075954 0.131429061293602 -999 0.233583182096481 0.0925798192620277
-0.0535443909466267 0.0651181191205978 0.0700544640421867 -0.0368631631135941 -0.00302315433509648 -0.0244320016354322 0.0909817591309547 -0.111722238361835 -0.00601685047149658 0.0105723338201642 0.07879838347435 -0.0958771333098412 0.0739880129694939 0.0960714593529701 -0.128739893436432 -0.045552920550108 -0.0121604185551405 -0.0560679025948048 -0.111879095435143 -0.0845992043614388 0.005926170386374 0.095813937485218 -0.0928743854165077 -0.0799096152186394 -0.146234199404716 -0.111456304788589 0.198791146278381 -0.0549262873828411 0.0171637423336506 0.0358950793743134 0.0538739748299122 -0.114585988223553 0.268626004457474 0.0450563654303551 -0.591124951839447 -999 -0.2666035592556 0.0817449241876602 -999 -0.137103572487831 0.132252976298332 0.0780372396111488 0.0171989407390356
-0.0041153198108077 0.0538536906242371 -0.0177141688764095 0.0194355621933937 0.0835825055837631 -0.0440670549869537 0.012864843942225 -0.0657149776816368 0.0144861796870828 -0.209569498896599 -0.0233514606952667 0.0806062668561935 -0.0364681743085384 -0.0833195075392723 0.0633129626512527 -0.0739531069993973 0.0219815373420715 -0.11363061517477 0.0458326414227486 0.212546408176422 0.00786467920988798 0.0306820161640644 -0.0304843988269567 0.0688833966851234 -0.140253081917763 0.10761583596468 -0.245201081037521 -0.0390674322843552 -0.138921916484833 -0.461610555648804 -0.00602438068017364 -0.282250076532364 -0.390515744686127 0.118690393865108 -0.265136629343033 -999 -999 0.0487669706344604 -999 -0.144827261567116 0.146474421024323 0.547297179698944 -0.127639323472977
0.028494643047452 0.0558244362473488 -0.00721740908920765 0.134584054350853 0.0245804861187935 0.00905892625451088 -0.0940103083848953 0.0236669648438692 -0.0675441548228264 -0.0159842744469643 0.0554641857743263 -0.0187856815755367 0.0794980451464653 0.0999004915356636 0.0883833020925522 0.156436890363693 0.214876934885979 -0.0688972771167755 -0.0754480138421059 0.0743582397699356 0.0499568693339825 0.0413441583514214 0.134501591324806 -0.0579610839486122 -0.00739146256819367 0.0581990964710712 0.0112652778625488 0.0262814238667488 0.0237957555800676 -0.281819373369217 -0.133297324180603 0.372355729341507 -0.0681994929909706 0.207212120294571 -0.306217789649963 -0.170976534485817 -0.0636674463748932 -0.0211658626794815 0.217222735285759 0.158689424395561 -0.00645310804247856 0.17496395111084 -0.318798273801804
-0.0569355599582195 -0.0167637001723051 -0.0768597647547722 0.091421827673912 0.0380011387169361 -0.0277845356613398 -0.00217699096538126 -0.043034628033638 0.0904192253947258 0.00733678881078959 0.0953146070241928 0.243658915162086 0.036927305161953 -0.0802618488669395 0.147256627678871 -0.0309891756623983 0.120054177939892 0.0212617199867964 0.0975398644804955 0.064925990998745 -0.245686143636703 0.0133019471541047 -0.0267044063657522 0.118910029530525 0.0190638843923807 0.139654189348221 0.111539408564568 0.0812369287014008 0.0389175415039062 -0.00296930968761444 -0.058641642332077 -0.353296667337418 0.0306174512952566 -0.0821181014180183 0.325472861528397 0.266726016998291 -0.176922783255577 -0.192576304078102 -999 -999 0.00530129158869386 0.043767012655735 0.36436128616333
0.0280339997261763 0.0267578512430191 -0.0138402599841356 0.0932329148054123 0.0527528040111065 -0.0561259537935257 -0.0314607694745064 0.0511552803218365 -0.192595109343529 -0.0573263056576252 0.130050584673882 -0.0778723210096359 -0.0605513080954552 -0.103418171405792 0.020534897223115 -0.0558049269020557 0.0023285485804081 -0.172159165143967 0.0416882000863552 0.022631349042058 0.183542996644974 0.0230446923524141 -0.0788615047931671 0.184809446334839 -0.114815287292004 0.0669269114732742 -0.0342602171003819 -0.168239086866379 0.12638983130455 0.0167409721761942 -0.192430257797241 -0.077430784702301 -0.241209581494331 0.0105050401762128 -0.047892902046442 0.39768984913826 0.0451576001942158 0.0560286678373814 -0.116679035127163 -0.0615178011357784 0.167753204703331 0.637077391147614 0.00602077320218086
-0.0440032482147217 -0.149849608540535 0.0226847156882286 0.218294650316238 0.0648293122649193 -0.0391927622258663 0.0584509968757629 -0.164156064391136 -0.074393555521965 0.101321302354336 -0.0107995662838221 0.0335188843309879 -0.00923393480479717 0.0271052364259958 0.0959884971380234 -0.0776492804288864 -0.0508434176445007 0.0896254256367683 -0.13819807767868 -0.0254475940018892 0.202185720205307 0.0232680104672909 -0.0269227083772421 0.122621648013592 0.0581690482795238 -0.200864717364311 0.0376269929111004 0.0645638108253479 0.0360121130943298 0.235724553465843 -0.0056136199273169 0.0909466817975044 -0.233706831932068 -0.292783111333847 0.231307312846184 0.00495853740721941 -0.216410622000694 0.310909330844879 -0.136219158768654 -0.161790385842323 -0.0177200250327587 -0.0779421627521515 0.138244494795799
-0.02611911483109 0.0693347901105881 -0.109365381300449 -0.163898020982742 -0.0857711583375931 -0.00840490311384201 -0.0852288454771042 -0.0500932447612286 0.169115111231804 -0.0508021116256714 -0.0537435449659824 0.0714106932282448 0.209016934037209 -0.070726253092289 0.0137291820719838 0.0593372844159603 0.0951288193464279 0.166860103607178 -0.267809420824051 0.135414496064186 0.131067454814911 -0.00232483702711761 0.100982517004013 -0.353932589292526 -0.0303236357867718 -0.0220247488468885 0.0508618168532848 -0.0747887268662453 0.121413499116898 -0.105002447962761 0.0527605451643467 0.0607276186347008 -0.0537222623825073 -0.122052349150181 0.189272731542587 0.203698635101318 0.0479123145341873 -0.0626775026321411 -0.0723713934421539 -0.306377232074738 0.0400645770132542 -0.0106869675219059 -0.221540689468384
0.0297226682305336 -0.00152915925718844 0.0527259036898613 -0.0214438494294882 -0.0457271933555603 -0.0342173650860786 0.0152076268568635 -0.0431140922009945 0.00869144592434168 -0.136864975094795 0.00537946075201035 -0.00436454778537154 0.128556609153748 -0.0166440643370152 -0.0332457087934017 0.0168842393904924 -0.0942020565271378 -0.0195050183683634 -0.153826981782913 0.179274514317513 -0.104923471808434 0.0682601034641266 0.000372317095752805 -0.015277105383575 -0.162846118211746 -0.0569340400397778 -0.0420501381158829 0.187537297606468 0.077614352107048 0.03118896484375 0.0447259023785591 0.0866955742239952 -0.404968768358231 0.0344114378094673 0.129335030913353 0.128605723381042 0.0592617094516754 0.072746567428112 -0.230537682771683 -0.101503141224384 0.293385744094849 0.103473283350468 -0.0634594112634659
0.0252065807580948 -0.135978698730469 0.030872642993927 0.00726885441690683 0.0159137975424528 0.0245332550257444 0.050994299352169 0.0483302362263203 -0.147939443588257 -0.0280536059290171 0.093668706715107 -0.0425471849739552 -0.0377900525927544 0.0813045054674149 0.0466584526002407 -0.0905464440584183 -0.025289848446846 -0.11859418451786 0.0390654318034649 0.00349642662331462 -0.000990966684184968 -0.0864755213260651 0.1035186201334 0.0166378132998943 0.147408932447433 0.0928985103964806 -0.0945014655590057 -0.27670630812645 0.00368892936967313 -0.13066141307354 0.150916203856468 -0.104395650327206 0.0226417686790228 0.186530083417892 -0.137517467141151 0.0767202004790306 0.0859607085585594 -0.162678375840187 0.165437936782837 0.098069965839386 -0.0681346952915192 -0.129382386803627 -0.283355265855789
-0.0300698075443506 -0.0328040905296803 0.0093162814155221 -0.00181524292565882 -0.0549949221313 -0.0211498085409403 -0.089151531457901 -0.0477589033544064 0.0369366370141506 -0.0558524429798126 -0.0677295997738838 -0.00266380934044719 -0.0691880732774734 0.0881574898958206 0.0192108824849129 0.0399744212627411 0.0821692273020744 0.0630201622843742 -0.0454671606421471 0.00790956150740385 -0.0336850918829441 0.133315667510033 0.0888998880982399 -0.000702513905707747 -0.0147347338497639 0.0364625863730907 -0.139595404267311 0.0716224610805511 0.168974056839943 0.0437313057482243 -0.0215590689331293 -0.127863153815269 0.0196314044296741 0.229028195142746 0.00325137167237699 0.0954981297254562 0.221011012792587 0.364854365587234 0.00399349862709641 -0.267991840839386 -0.127880901098251 0.227019146084785 -0.157275572419167
-0.0439903400838375 0.0768793448805809 -0.000620367936789989 0.024558749049902 0.00335094938054681 -0.0468533486127853 -0.0889048725366592 0.0140084661543369 -0.0367317646741867 0.0479121655225754 0.0418186001479626 -0.133668750524521 0.122651405632496 -0.169633507728577 0.13534115254879 0.17509537935257 -0.105379194021225 -0.106218121945858 0.0239769518375397 0.117248259484768 -0.0384950079023838 -0.0268309470266104 -0.0301918741315603 0.0771881639957428 -0.010275574401021 0.129069238901138 -0.0835859104990959 0.114415407180786 -0.0175741761922836 0.0352470055222511 0.0579944103956223 -0.0160868242383003 -0.0855859667062759 0.260631233453751 -0.125365480780602 -0.0903662368655205 -0.0991612002253532 -0.232317134737968 -0.0769989341497421 0.282311230897903 0.185240238904953 0.234198376536369 0.068644218146801
-0.0455829240381718 0.118638463318348 -0.121218122541904 -0.117356844246387 0.094873383641243 -0.0278573650866747 -0.138491839170456 0.118521243333817 -0.0553720705211163 -0.028793090954423 0.0139038050547242 -0.0866039395332336 -0.0269654896110296 -0.0158061981201172 0.0814015194773674 -0.0548070482909679 -0.189519703388214 -0.00557507527992129 -0.00613291142508388 -0.0813010260462761 -0.0569155812263489 0.0580455735325813 0.065827377140522 0.123151019215584 -0.0843788385391235 -0.0439093001186848 0.00848074723035097 0.161155134439468 -0.00691728480160236 0.0849140211939812 0.0415831170976162 0.145020708441734 -0.0357032045722008 -0.16757932305336 -0.153291076421738 0.0599100962281227 0.125564619898796 0.0731586888432503 -0.0195404160767794 -0.215630978345871 0.250673353672028 -0.27853724360466 -0.110951721668243
-0.0505232103168964 -0.0845774784684181 -0.00842152815312147 -0.0364438891410828 -0.00460947444662452 -0.157908856868744 -0.0565219670534134 -0.0249757394194603 -0.0195025615394115 -0.107172660529613 0.0652520135045052 -0.0710202902555466 0.00159292109310627 -0.0968429148197174 0.0784550905227661 0.104715310037136 0.0700588673353195 -0.118716664612293 -0.019752623513341 -0.0542307868599892 0.0344799868762493 0.0113303894177079 0.0223624464124441 -0.133755519986153 0.089787669479847 -0.106081247329712 0.208582907915115 -0.112186267971992 -0.0481901988387108 0.0181596782058477 0.0199625045061111 0.0267999172210693 -0.064412996172905 0.0513346195220947 -0.042276818305254 -0.0449009835720062 -0.000930869020521641 -0.0252761170268059 -0.049506489187479 0.271342664957047 0.0426789671182632 0.0267833117395639 0.261720389127731
