assets/gome_f/processed/ascii/world/gome_sif_world_20130101.asc
NCOLS 720 
NROWS 360 
XLLCORNER -180 
YLLCORNER -90 
CELLSIZE 0.5 
NODATA_value -3.4e+38 
[rows 247 to 265 of 360, columns 215 to 257 of 720]
0.0448151119053364 0.296351343393326 0.077858068048954 0.170558974146843 0.447236120700836 0.148984774947166 -0.138424009084702 0.0572059527039528 -0.0563263781368732 0.0928143635392189 0.0959310233592987 0.147062093019485 0.308582127094269 0.309435337781906 0.676371395587921 0.550594687461853 0.735428988933563 0.716479659080505 0.606497347354889 0.670175790786743 0.844866275787354 0.694830656051636 0.96514219045639 0.799397945404053 0.96904331445694 0.749550461769104 0.628874957561493 0.458342105150223 0.639854490756989 0.554074347019196 0.549746692180634 0.810012936592102 0.479904472827911 0.534463882446289 0.768367230892181 0.554454684257507 0.733103930950165 0.464373826980591 0.0895564183592796 0.176833048462868 0.0084277680143714 -0.109178602695465 -0.0526733808219433
0.13101714849472 0.169863224029541 0.350817412137985 0.28846549987793 0.251702278852463 0.0704843029379845 -0.178815126419067 0.12526248395443 0.225324586033821 0.118020936846733 -0.126141577959061 0.110736533999443 0.396808505058289 0.299461364746094 0.352465748786926 0.693052172660828 0.558666825294495 0.808826923370361 0.63270890712738 0.698855459690094 1.13620150089264 0.750077724456787 0.591103613376617 0.844344198703766 0.889835476875305 0.648381650447845 0.771736145019531 0.380275368690491 0.272633045911789 0.244892165064812 0.301630288362503 0.642755806446075 0.573328077793121 0.461298763751984 0.463443726301193 0.448036283254623 0.407619327306747 0.429627805948257 -0.0245403256267309 0.174234613776207 -0.0897613689303398 -0.233787044882774 -0.226970180869102
0.16226489841938 0.17715673148632 0.449857741594315 0.0576616935431957 -0.0858753025531769 0.107456795871258 -0.151872172951698 0.176033481955528 0.0845568403601646 0.0311674252152443 0.245939463376999 0.239884719252586 0.118767917156219 0.132688567042351 0.269825220108032 0.559566915035248 0.737522125244141 0.6868776679039 0.586415648460388 0.517731249332428 0.595997333526611 0.555212080478668 0.478138417005539 0.501295506954193 0.874954044818878 1.07077467441559 0.619206011295319 0.772194862365723 0.341896414756775 0.585667490959167 -0.103621825575829 0.107395499944687 0.0770992636680603 0.377778887748718 0.433436214923859 -0.0465538911521435 0.105398833751678 0.366951674222946 0.0541099160909653 -0.1383957862854 0.120472766458988 0.153791531920433 -0.0854751318693161
0.178384393453598 0.326564967632294 0.221600994467735 0.263656973838806 0.138074114918709 0.192253813147545 0.159287557005882 0.198420196771622 0.233101308345795 0.110478088259697 0.151673853397369 0.127115398645401 0.286479115486145 0.229071348905563 0.526800036430359 0.59572958946228 0.602699875831604 0.573897004127502 0.889251112937927 0.603241443634033 0.766244292259216 0.623234212398529 0.349076062440872 0.760849714279175 0.429617583751678 0.689783036708832 0.530520915985107 0.411085993051529 0.535070240497589 0.525227189064026 0.444091886281967 -0.0515478625893593 -0.00117662933189422 0.0217499788850546 0.0938248634338379 -0.145355775952339 0.104482933878899 0.00089792994549498 0.075933963060379 0.203610762953758 0.109538696706295 0.169533759355545 0.206868425011635
0.201655715703964 0.607322633266449 0.241433814167976 0.176114365458488 0.248608559370041 -0.104892857372761 0.00874569360166788 -0.00924801640212536 -0.11013413220644 0.246767669916153 0.241097569465637 0.0762453526258469 0.18702931702137 0.184050962328911 0.493591725826263 0.394773125648499 0.915095090866089 0.594962656497955 0.779646694660187 0.796478807926178 0.373252749443054 0.474235236644745 0.510412752628326 0.527679562568665 0.606076419353485 0.956077456474304 0.463648498058319 0.685343742370605 0.515774726867676 0.641463220119476 0.278892576694489 0.0941655039787292 0.0185566805303097 -0.167339146137238 0.174956247210503 -0.137076482176781 -0.154676899313927 -0.0860012769699097 0.193935617804527 -0.064585842192173 -0.151500806212425 -0.0295845400542021 0.235202342271805
0.562979400157928 0.603057324886322 0.319828391075134 0.401082128286362 0.0391935370862484 0.122198149561882 0.0998072996735573 -0.13798476755619 0.0386300832033157 0.154859274625778 0.0305437687784433 0.0278232544660568 0.146296516060829 0.283498078584671 0.516200065612793 0.37143748998642 0.528819799423218 0.75195586681366 0.789473056793213 0.529723823070526 0.825862765312195 0.483321040868759 0.557531952857971 0.68944376707077 0.538795650005341 0.381990313529968 0.732611477375031 0.58247298002243 0.616149723529816 0.602258205413818 0.599130153656006 0.384927183389664 0.0195448901504278 0.184815660119057 0.0623917989432812 0.0299240630120039 -0.0881985351443291 0.188692286610603 0.131439596414566 0.132163062691689 0.110949672758579 -0.104594111442566 0.00635140528902411
0.412329167127609 0.381759792566299 0.48935878276825 0.0821854323148727 0.207414492964745 0.239294424653053 0.110221922397614 -0.0346100814640522 0.0817613378167152 0.160973727703094 0.192091017961502 0.28261387348175 0.176175966858864 0.337603837251663 0.321625858545303 0.47809299826622 0.383714973926544 0.339941740036011 0.506663918495178 0.545465409755707 0.441646635532379 0.421011954545975 0.54189270734787 0.45358881354332 0.375144362449646 0.537733674049377 0.555000960826874 0.59744393825531 0.626894652843475 0.585886716842651 0.68693083524704 0.544502973556519 0.0631908029317856 0.240451276302338 -0.0761336088180542 0.241150707006454 -0.139495342969894 0.239886283874512 -0.0564134530723095 -0.112596161663532 0.1858039945364 -0.133919477462769 -0.00180932972580194
0.595652282238007 0.482247740030289 0.34831765294075 0.219451129436493 0.0465849116444588 0.0950459390878677 0.0162446685135365 0.106611631810665 0.0259286276996136 0.141714736819267 0.138774663209915 0.0939858704805374 0.166072934865952 0.345573127269745 0.312904804944992 0.366254895925522 0.129361659288406 0.304148972034454 0.547206044197083 0.504102826118469 0.507615208625793 0.699650585651398 0.769919872283936 0.700355589389801 0.446917206048965 0.408100366592407 0.474923968315125 0.498431891202927 0.632298052310944 0.758063793182373 0.489168524742126 0.445551604032516 0.0388992950320244 -0.0269383415579796 0.156029105186462 -0.0102462647482753 -0.116273321211338 -0.0385374538600445 0.105459913611412 0.0469497442245483 0.00840992946177721 0.209072098135948 -0.214983552694321
0.663594782352448 0.404708713293076 0.362627953290939 0.164319336414337 0.062439139932394 0.0190400294959545 0.0557538978755474 -0.0175655968487263 -0.0436112880706787 0.169247210025787 0.029030928388238 0.0890962034463882 0.18379707634449 0.144169196486473 0.173931121826172 0.22435063123703 0.299633234739304 0.246405333280563 0.333527803421021 0.489303112030029 0.546750485897064 0.610500812530518 0.712439835071564 0.561508297920227 0.280224353075027 0.450647413730621 0.613224565982819 0.773499310016632 0.849875330924988 0.574905931949615 0.310132503509521 -0.0893191993236542 0.137121021747589 0.113024473190308 0.0315138213336468 0.0895456448197365 -0.220195800065994 0.138225227594376 -0.0705740973353386 0.0210806876420975 0.0379827208817005 0.072268545627594 0.148591622710228
0.416195690631866 0.609886765480042 0.325973063707352 0.251626878976822 0.178509190678596 0.0336160771548748 -0.0544269271194935 -0.0196598190814257 0.0427128970623016 0.126795247197151 0.0499839000403881 0.16531203687191 0.167017221450806 0.06460190564394 0.110891155898571 0.227241843938828 0.0448653772473335 0.266361057758331 0.227377742528915 0.0904240906238556 0.489535242319107 0.318051159381866 0.367607027292252 0.669224858283997 0.475697845220566 0.521349728107452 0.337665736675262 0.512584269046783 0.479337692260742 0.35468453168869 0.156569942831993 0.0503452830016613 0.0361834950745106 -0.0213619396090508 -0.052962850779295 0.0631840974092484 0.2212845236063 -0.0385708399116993 -0.0451348163187504 0.135998591780663 0.119364306330681 -0.178578361868858 -0.12278001755476
0.586545169353485 0.534254133701324 0.45062455534935 0.236033126711845 0.275284588336945 0.0373072288930416 -0.128856882452965 0.180093541741371 0.0882539227604866 0.246131479740143 0.260224044322968 0.100867137312889 0.188784152269363 0.128923028707504 -0.0226462204009295 -0.028588954359293 0.401327341794968 0.185503914952278 0.221934229135513 -0.0517501123249531 0.330381900072098 0.0719434395432472 0.147036254405975 0.144013285636902 0.31724289059639 0.159128710627556 0.0766125842928886 0.323019713163376 0.0800662562251091 -0.0112483901903033 -0.0511455461382866 -0.0337794572114944 0.0565026365220547 -0.177209958434105 -0.144543617963791 0.0600388497114182 0.00443315366283059 -0.00639039278030396 0.0104756187647581 -0.0765231549739838 -0.0109815467149019 0.0584380701184273 0.173930272459984
0.538103759288788 0.546950161457062 0.50325208902359 0.414047747850418 0.203434437513351 0.162462815642357 -0.062683954834938 0.194742068648338 -0.0380775853991508 0.0968227609992027 0.18476876616478 -0.0224061533808708 -0.0628673061728477 0.138113483786583 0.338828444480896 0.12356786429882 0.12240919470787 0.131516173481941 0.321419417858124 0.238532274961472 0.287950754165649 0.033867072314024 0.0435470417141914 0.00968637689948082 0.0645453929901123 0.00941082183271646 -0.0463246963918209 -0.0671614333987236 0.0106576569378376 0.156317010521889 0.212260752916336 0.115677990019321 -0.260193139314651 0.0507883690297604 -0.152268543839455 0.0517840087413788 -0.0163858644664288 -0.0544547885656357 -0.0393028631806374 -0.0517583638429642 0.119110323488712 -0.125846281647682 -0.0449869930744171
0.620725810527802 0.593818426132202 0.323062777519226 0.226301819086075 0.0706009194254875 -0.204001531004906 0.253017127513885 -0.103458672761917 -0.138072162866592 -0.0181397441774607 0.0562166981399059 0.20634463429451 -0.0535898879170418 0.159807458519936 0.184254094958305 0.122537322342396 0.100303612649441 0.145979210734367 0.158855020999908 0.127976953983307 0.150835067033768 0.125457555055618 0.0243266075849533 0.00839388184249401 0.0195018649101257 -0.101156532764435 0.0141962515190244 -0.0681781396269798 -0.111620858311653 0.129915118217468 -0.010527491569519 -0.0309412647038698 0.172856763005257 0.0493982993066311 0.00197460362687707 -0.0362793505191803 -0.0267248060554266 -0.104240357875824 0.0638293847441673 0.113523297011852 -0.147920578718185 0.033867321908474 0.190085515379906
0.673782587051392 0.425529539585114 0.33876046538353 0.240900084376335 0.0141817405819893 0.0378918647766113 0.133343264460564 0.0758781805634499 0.0786741599440575 0.0191525761038065 -0.0789160206913948 -0.109868325293064 0.0189974326640368 0.0509922653436661 -0.17617729306221 0.155704542994499 0.00566983781754971 0.103761464357376 0.178171992301941 0.221022412180901 0.187368184328079 0.147016242146492 -0.0441051945090294 0.0345436185598373 -0.188464969396591 -0.0131861222907901 -0.174508884549141 -0.0492304153740406 0.149826198816299 0.0314855687320232 0.0152231315150857 0.00934415031224489 0.13700769841671 -0.0404603630304337 -0.0162320379167795 0.180492505431175 -0.0730671286582947 0.0591597445309162 0.0476927757263184 -0.0409006848931313 0.038220539689064 0.0952644646167755 -0.0745617970824242
0.408638000488281 0.319460391998291 0.145990401506424 0.282681077718735 0.152585282921791 0.155911087989807 0.271931976079941 0.0457899235188961 -0.0366132296621799 0.0276623442769051 0.0593286566436291 -0.0297547411173582 -0.0333470441401005 0.0226991884410381 0.0856004506349564 -0.138824075460434 0.0333875901997089 -0.00226482399739325 0.0995963513851166 0.0246876776218414 0.00252067949622869 0.0796047747135162 -0.103330440819263 0.0945514217019081 -0.133516743779182 0.065775565803051 -0.0298450272530317 -0.0579163879156113 0.0469714254140854 -0.0199104156345129 0.0278426725417376 -0.0333876237273216 0.139378979802132 0.0882605239748955 0.0872459709644318 0.117917522788048 0.0836142376065254 0.0249761994928122 -0.0128052337095141 0.0716065540909767 -0.130767896771431 0.0826403573155403 -0.00364600960165262
0.404925614595413 0.267358362674713 0.129852771759033 0.152993470430374 0.0729050189256668 -0.0301448050886393 0.0211552139371634 -0.106800593435764 0.07917520403862 -0.147072404623032 -0.0572576448321342 -0.0491339042782784 0.1217026039958 0.108489751815796 0.0324161797761917 0.0447187125682831 -0.1960309445858 -0.0416808538138866 -0.108329795300961 -0.0383568666875362 0.132709726691246 -0.0718742832541466 -0.0707782283425331 0.00473665911704302 0.151320084929466 -0.117789641022682 0.076724998652935 -0.0106200017035007 -0.0344163104891777 0.109893374145031 0.0737984701991081 0.252069920301437 0.144346371293068 -0.210745647549629 0.100134178996086 -0.0221496503800154 0.151798710227013 -0.0106215719133615 -0.0887350142002106 0.49612757563591 -0.0773015767335892 -0.125792756676674 0.106303557753563
0.356188714504242 0.326270550489426 0.290776342153549 0.182890221476555 0.0880227014422417 0.00710171833634377 -0.0705966949462891 0.0895540341734886 -0.0598039627075195 -0.106295548379421 0.110242664813995 0.0198978614062071 0.0751027837395668 0.0488738976418972 0.102121837437153 0.0828478038311005 -0.0473172813653946 0.00546417105942965 0.0302395727485418 -0.0206239372491837 0.0308641865849495 0.0943878367543221 -0.0541028417646885 0.0839848667383194 0.0969370827078819 0.0355807840824127 0.0310728922486305 0.101981990039349 -0.0946861729025841 -0.093291737139225 0.102951027452946 -0.067842498421669 -0.0486814081668854 -0.11558786034584 -0.177956357598305 -0.167097553610802 -0.116601303219795 -0.0743674486875534 -0.0118691604584455 -0.0743194669485092 -0.018543429672718 -0.0578889064490795 0.0923227891325951
0.310503154993057 0.261374086141586 0.348216503858566 0.0938811302185059 0.00945030525326729 0.0993467345833778 0.13820806145668 0.0551191307604313 0.129637628793716 0.121040649712086 0.0528899244964123 0.0285853389650583 0.052498422563076 -0.0536295659840107 0.0817800834774971 0.0295943859964609 -0.0149427419528365 0.0266014616936445 0.104313708841801 -0.0750601515173912 -0.000244104434386827 0.0571225620806217 0.0680333971977234 -0.0145506504923105 0.101953506469727 -0.0269050840288401 0.00384800066240132 0.0874568819999695 -0.119604952633381 -0.0137797780334949 0.0739502757787704 0.13988770544529 -0.0127150099724531 0.0448180474340916 0.0495694391429424 0.0379505679011345 -0.00192699860781431 -0.0854623690247536 0.0185093134641647 -0.0306972973048687 -0.043481882661581 -0.000179009395651519 0.0456934608519077
0.281727403402328 0.354370832443237 0.271919667720795 0.29410046339035 0.0575941205024719 -0.0796365812420845 0.110349275171757 0.0732152909040451 0.0920962020754814 -0.23782879114151 0.14869137108326 0.0907299891114235 0.0611197724938393 0.0423197820782661 0.0995253548026085 -0.0092260604724288 -0.154016301035881 -0.0824393257498741 0.00291686691343784 -0.00894933380186558 0.0344417318701744 0.0395509861409664 -0.0625827237963676 -0.0172989033162594 0.0491628497838974 0.0458888597786427 0.0768802538514137 -0.0192467588931322 -0.0620478168129921 -0.0795898288488388 -0.0121525889262557 0.0793366953730583 0.00254478538408875 0.0180061217397451 0.00844397954642773 0.11573301255703 -0.0208787992596626 0.188625678420067 0.0642034560441971 -0.0935279428958893 -0.0199046712368727 0.0762604847550392 0.00787508673965931
