assets/gome_f/processed/ascii/world/gome_sif_world_20130701.asc
NCOLS 720 
NROWS 360 
XLLCORNER -180 
YLLCORNER -90 
CELLSIZE 0.5 
NODATA_value -3.4e+38 
[rows 114 to 132 of 360, columns 43 to 85 of 720]
-0.0373528562486172 0.00124723766930401 -0.00716075580567122 0.0105342967435718 0.0310629233717918 -0.0153277367353439 -0.0615205690264702 0.00617789523676038 0.0668731927871704 0.026105634868145 0.0238136313855648 0.0828128978610039 0.119653172791004 -0.101189784705639 -0.00621542986482382 -0.0828994438052177 -0.0072014108300209 0.0269742924720049 -0.0488075166940689 -0.00686677591875196 -0.0228383541107178 0.0284220091998577 0.0899318978190422 0.0153751382604241 -0.0151228327304125 0.0240391194820404 0.141544833779335 0.0534159764647484 -0.0278035886585712 0.0553672201931477 -0.0385799780488014 0.145157217979431 0.0877395048737526 0.0591061562299728 -0.0564305149018764 -0.0229697190225124 0.137030407786369 0.0943068489432335 0.09909837692976 0.0453221276402473 0.0536888241767883 -0.0303465612232685 0.179511249065399
0.00533059006556869 -0.0212421398609877 0.0490333698689938 -0.00796297378838062 0.0067077437415719 0.032707218080759 0.113385833799839 0.0439222157001495 0.00853404123336077 -0.0417720712721348 0.0553145594894886 2.05071901291376e-05 0.0564935579895973 -0.00257324683479965 0.0169225353747606 -0.0520641468465328 -0.0237695537507534 -0.0164115708321333 0.0040705855935812 -0.07667475938797 -0.0491452477872372 0.107458017766476 0.0752935260534286 0.0304689425975084 -0.0503182448446751 -0.0111919548362494 0.108703173696995 -0.0301728956401348 -0.0347839444875717 0.0919954553246498 0.0330394767224789 0.108525149524212 0.097725048661232 0.0915905982255936 0.0411495119333267 0.000971236964687705 0.0878468900918961 0.113744705915451 0.0525159388780594 0.160127028822899 0.0370662286877632 0.0158012416213751 0.0736620351672173
0.024102296680212 -0.0586656704545021 0.0468931719660759 -0.0115088662132621 -0.0378616079688072 -0.0111582214012742 -0.0513772033154964 0.000525203358847648 -0.0150049328804016 0.0205373093485832 0.0110878935083747 -0.051874652504921 0.00927038863301277 -0.0470159538090229 -0.00699376594275236 -0.0321407914161682 0.0502283908426762 0.0514245890080929 0.0215993616729975 -0.0748167186975479 0.0290639977902174 0.0928298532962799 -0.079925462603569 -0.0188045017421246 0.0654349699616432 -0.0431455411016941 -0.00976377539336681 0.0103519773110747 -0.0152004444971681 0.0351737923920155 0.0707530602812767 0.0714736953377724 0.158122077584267 -0.0106518343091011 -0.0266344528645277 -0.0216368064284325 0.0984680652618408 0.0308439396321774 0.166351079940796 0.0287181213498116 0.0420317687094212 0.054222222417593 0.090240053832531
0.0589065551757812 0.0148574458435178 0.0345448441803455 0.096116229891777 -0.010934853926301 0.0752560570836067 0.0160259250551462 -0.0358833074569702 0.0392461977899075 0.0224677156656981 0.00304276845417917 -0.0326248519122601 -0.0322183035314083 -0.00804159138351679 0.0553244799375534 0.006797946523875 -0.0127713019028306 0.0365514382719994 0.0423628725111485 0.02054088935256 -0.0913947746157646 0.0673506036400795 0.0661330297589302 -0.0361985825002193 -0.0728646516799927 0.0541345439851284 -0.0281991418451071 0.114355638623238 -0.0373214557766914 0.0304313041269779 0.0742611214518547 0.0241000540554523 0.147011652588844 0.0276887733489275 -0.0210241544991732 -0.039884477853775 -0.0740029439330101 0.0669876858592033 -0.00320552289485931 0.0066188401542604 0.063773438334465 0.0634967833757401 -0.0851098001003265
0.000676933967042714 -0.0300209913402796 -0.0645415484905243 0.00946710258722305 -0.00799010787159204 0.042207844555378 -0.0450090989470482 -0.086826890707016 -0.02372807264328 0.0395449250936508 0.0303971935063601 -0.0890379250049591 -0.00871812179684639 0.113190218806267 0.00630979612469673 0.000616978737525642 0.0749412924051285 0.0721926614642143 0.0783510133624077 -0.02643789537251 0.0308491811156273 0.00889594294130802 -0.00503896176815033 -0.0387920215725899 -0.0187998563051224 0.033245112746954 0.0139963552355766 -0.029885146766901 -0.000765913049690425 0.0779679045081139 0.0545244477689266 0.00885143782943487 -0.0201598443090916 0.0163738448172808 0.0641756951808929 0.0345478840172291 -0.00308577227406204 0.0806876048445702 -0.0259381756186485 -0.093298077583313 0.0927348956465721 -0.0015457384288311 0.00703715160489082
0.0303178057074547 0.00675048818811774 -0.0772671774029732 0.0728536322712898 -0.00260743731632829 -0.0288211442530155 -0.04065852612257 0.060283113270998 0.0862087458372116 -0.0412882268428802 0.03946628049016 0.0382119379937649 -0.0433573834598064 0.035189013928175 -0.000718718103598803 0.0142792668193579 0.00805603247135878 0.0334623642265797 0.0344046950340271 0.0461629889905453 0.0154097033664584 0.00338109419681132 -0.0711860880255699 0.0616719610989094 -0.0695159807801247 0.0849430039525032 0.110861919820309 -0.0494730025529861 -0.0864198133349419 0.0716264098882675 0.0653917640447617 0.0590203292667866 -0.0499300546944141 -0.0286951921880245 0.0314430482685566 -0.0482502393424511 0.109060756862164 -0.0751655250787735 0.0159504394978285 0.1109599173069 0.0177581515163183 0.0265220999717712 -0.0537415593862534
0.00337306526489556 0.0131601635366678 0.0327620282769203 0.00451241433620453 -0.0422266237437725 -0.0982791259884834 0.110138364136219 0.0377541668713093 0.0136540643870831 -0.101971477270126 -0.0357063002884388 0.101487658917904 0.0629922673106194 0.0593302436172962 -0.0152270067483187 -0.000337117380695418 -0.0789571478962898 0.0278162192553282 0.0118040405213833 -0.0298583768308163 0.081531248986721 -0.00590754253789783 -0.0158424526453018 0.0400613099336624 -0.0507603250443935 0.0358970388770103 -0.0130694210529327 -0.0193828009068966 -0.00598077708855271 0.0107675231993198 0.0710998848080635 -0.000228509961743839 0.0498496480286121 0.0427423343062401 -0.0301224365830421 0.0147461136803031 0.00281278789043427 0.0186664164066315 -0.0551697611808777 0.107914187014103 0.0513302758336067 0.121774569153786 0.054572056978941
-0.00473944284021854 -0.0136357387527823 -0.0525065325200558 0.0427896305918694 -0.0409166105091572 -0.0298679322004318 0.0130726704373956 -0.0168917831033468 0.109521582722664 -0.0849948450922966 -0.056990522891283 0.0928660705685616 -0.0663439854979515 0.0764313712716103 -0.0216465890407562 0.0165905319154263 -0.00973611325025558 0.0129488753154874 0.0221437197178602 -0.0437564961612225 0.0422000139951706 0.0429845973849297 0.0129891010001302 0.0194452740252018 -0.0834602415561676 -0.0157022979110479 -0.0163767337799072 -0.0141911115497351 -0.0316496044397354 0.0652846693992615 0.00484074372798204 0.0452618636190891 0.048758503049612 -0.000123825142509304 0.150889664888382 -0.00924231950193644 0.0277087744325399 -0.0271814148873091 0.0439542457461357 0.0247980654239655 -0.133053630590439 -0.0190466027706861 0.125390291213989
-0.028124051168561 0.0312515236437321 0.0802486091852188 -0.0213084314018488 -0.00977582484483719 -0.119781650602818 -0.0156887359917164 0.0219347793608904 0.00417085224762559 0.0063349949195981 -0.00837297458201647 -0.0153419841080904 0.0397135764360428 -0.0416231788694859 0.0321392416954041 -0.0100335078313947 0.0375452116131783 -0.0350774489343166 0.0700267106294632 0.144778773188591 0.0960529968142509 0.0826334282755852 0.0255401004105806 0.032860990613699 0.0621265470981598 0.00475855264812708 -0.100140914320946 0.0395629107952118 -0.00784898456186056 0.0768426805734634 0.101463332772255 0.0206071697175503 0.0150426644831896 -0.0136430114507675 0.0483996905386448 0.0213970337063074 0.102172277867794 0.0248576011508703 -0.00359903275966644 -0.00237555522471666 0.00321043818257749 0.0435141995549202 -0.0481864959001541
0.00879528746008873 -0.0236274376511574 0.0412189662456512 -0.0189378000795841 -0.0357313752174377 0.015611900947988 0.0555202476680279 0.0682385116815567 0.0609153918921947 0.0262312013655901 0.0209366548806429 0.00773688917979598 -0.0611178763210773 -0.0556282177567482 0.0314363352954388 -0.012375770136714 0.0421706661581993 0.0475259013473988 -0.00314826960675418 0.0852633193135262 0.0319724753499031 0.0363327413797379 -0.0278335064649582 0.0535396784543991 0.0842064842581749 0.0325657837092876 -0.0504995584487915 -0.0189749840646982 0.0440987944602966 0.05826435983181 -0.0170495696365833 0.20433309674263 0.051062423735857 0.019571915268898 -0.0759931057691574 0.017480531707406 -0.0139935929328203 0.0822140648961067 0.176747471094131 0.0874048620462418 0.0200990531593561 0.0373009331524372 -0.0249192826449871
0.0372377336025238 0.00481427507475019 -0.010228369385004 -0.0812722891569138 0.0744985193014145 0.0206552222371101 -0.0178582407534122 -0.0461157523095608 0.0899074450135231 -0.0206284672021866 -0.029359707608819 0.00821621622890234 -0.0186446718871593 0.0378839336335659 -0.017420556396246 0.0397597067058086 0.00464138062670827 -0.0594725087285042 -0.0223947074264288 0.0599319711327553 0.0373045839369297 0.0833181217312813 -0.00250933622010052 0.0514265596866608 0.0156908594071865 0.015916870906949 0.0417826846241951 -0.0767998993396759 0.0132022257894278 0.00678049586713314 -0.0409222692251205 0.0682285875082016 -0.0275852270424366 0.0573170371353626 0.0413306467235088 0.0050532235763967 -0.0285947751253843 0.128340885043144 0.147934004664421 0.0324551165103912 0.0683171004056931 0.00310061010532081 0.037425059825182
0.00232137786224484 -0.0644405707716942 -0.0323685221374035 -0.00896512344479561 -0.00897465087473392 0.00896930042654276 0.0438956134021282 0.0403444282710552 -0.0219318028539419 0.0464587286114693 0.127979889512062 0.0273027922958136 0.0106951128691435 -0.000241240573814139 -0.013362699188292 -0.00381239573471248 0.0595325753092766 0.0219236891716719 0.0816696435213089 0.06295195966959 0.0551324933767319 -0.000783744442742318 -0.0231916699558496 -0.0296124443411827 0.00532714556902647 -0.0171168465167284 0.0639053359627724 -0.0638734325766563 0.054216168820858 0.0694892257452011 0.10091008991003 0.00406491849571466 0.0573093257844448 0.0244569517672062 0.00909950397908688 -0.0344906076788902 0.0808348134160042 0.105958893895149 0.0514142997562885 -0.0606322772800922 0.0278236735612154 0.0797145590186119 -0.069119431078434
0.0675245150923729 0.0880574658513069 -0.0188249628990889 0.0430230610072613 -0.00258680852130055 0.0431288331747055 -0.0327231884002686 -0.0172083415091038 -0.0431313402950764 -0.0090390695258975 -0.0319327898323536 -0.0112680401653051 0.0560364574193954 0.0130950510501862 0.029585849493742 -0.0117684677243233 0.0337464772164822 0.0848125964403152 0.0992348194122314 -0.000132894769194536 0.0918139219284058 0.0889187231659889 0.0263492148369551 0.0769086182117462 0.0501736998558044 0.0513011887669563 0.0659673288464546 -0.0310840886086226 -0.0100035862997174 -0.0383319966495037 0.0220250133424997 0.0724299922585487 0.0231976229697466 0.103809885680676 -0.133186623454094 0.0996230915188789 0.141524240374565 0.0309908892959356 0.0200895480811596 -0.0181041955947876 0.0391761474311352 -0.00201669987291098 -0.0521612390875816
-0.000662939681205899 -0.0676346719264984 -0.0200247727334499 0.0149514665827155 0.0250186324119568 0.00838077440857887 -0.0396520122885704 0.00589055381715298 0.0352322496473789 0.00807314366102219 0.0609298124909401 -0.00541062979027629 -0.0499357059597969 0.0694695264101028 0.023139962926507 0.0403391346335411 -0.0558012090623379 0.0988326147198677 0.0246758852154016 0.0557931996881962 -0.0453402996063232 0.00706592248752713 0.0219576302915812 0.0504572689533234 -0.0226578954607248 0.0830622389912605 0.0223967172205448 0.0289404988288879 0.0953061282634735 -0.000424666155595332 0.0945447012782097 -0.000864580273628235 -0.069139689207077 0.012132165953517 0.0542524978518486 -0.00124647130724043 0.18123260140419 0.109599083662033 0.0873481333255768 0.00243317987769842 0.0528460703790188 -0.033338725566864 0.0163648501038551
0.00272323586978018 0.0110391918569803 -0.045609962195158 0.0039189662784338 -0.0381796769797802 0.076810747385025 0.0856058076024055 -0.00472717639058828 -0.0190903283655643 0.00843775551766157 0.00151111406739801 0.0151878865435719 0.0220825262367725 -0.0135573074221611 0.00509790657088161 -0.0188724845647812 0.0334894694387913 0.0361721403896809 0.00164282147306949 0.0249844808131456 -0.0207352675497532 0.017336618155241 0.0282776076346636 0.0289462804794312 -0.00403971271589398 0.0604760237038136 0.00238236086443067 0.0142369419336319 -0.0105013232678175 -0.029803141951561 0.0355381742119789 0.00475133117288351 -0.0446226336061954 0.0361741222441196 0.128265604376793 0.0126050245016813 0.123863480985165 0.0552615709602833 0.0796482488512993 -0.0364350751042366 0.0984237194061279 -0.0111635662615299 -0.0324151962995529
-0.0224420484155416 0.0153137762099504 0.0482861064374447 -0.0523979961872101 0.0101160807535052 0.00860709883272648 -0.0734250769019127 -0.0136430189013481 -0.0960546061396599 0.0127166770398617 0.088812455534935 -0.0749093368649483 0.0162438359111547 0.0310191418975592 0.039472620934248 -0.0336079560220242 0.0170999448746443 -0.0199669189751148 0.0226955767720938 0.00992604251950979 0.0297461375594139 0.0182330068200827 -0.0647695437073708 -0.0512968935072422 0.0191189218312502 0.00617708917707205 0.0974297150969505 0.044311985373497 0.129882335662842 0.0569644384086132 0.031939473003149 0.0656208172440529 -0.00339943217113614 0.0444665290415287 -0.0114351473748684 0.0540393032133579 0.0644214376807213 0.0264820698648691 -0.0238133687525988 -0.122018523514271 -0.116367675364017 -0.0982898026704788 -0.08957389742136
0.0167655255645514 -0.0388840585947037 0.0733867660164833 -0.0412308871746063 -0.00760660087689757 -0.0395219139754772 0.0319479554891586 0.0669495463371277 0.0209008622914553 -0.0214522909373045 0.0202186647802591 -0.0810408964753151 -0.0146753396838903 0.0478363074362278 -0.071107342839241 -0.0187526345252991 0.060343261808157 0.0529556199908257 0.0156301204115152 0.00710175279527903 0.0545266456902027 0.0047936593182385 0.0475323349237442 -0.00804635044187307 -0.00927606970071793 0.0129130277782679 0.00248832884244621 0.159522235393524 0.0173467490822077 0.00518651166930795 0.0328140668570995 0.0182847995311022 0.0489402264356613 -0.0864794328808784 0.0435553900897503 -0.0757599696516991 0.0516112819314003 0.174116924405098 0.00635079713538289 0.0442680269479752 0.0264240130782127 0.0984946116805077 0.089151456952095
-0.00574817694723606 0.059013269841671 -0.0978349521756172 0.0158590264618397 0.00213399692438543 0.0895195975899696 0.0278869364410639 -0.0196235179901123 0.0223560836166143 0.092926099896431 0.0135552184656262 0.0278663821518421 0.0690154284238815 0.029306311160326 0.0604668632149696 0.0277805738151073 0.023843677714467 -0.0330066345632076 -0.0556565411388874 -0.0434828139841557 -0.0559807121753693 0.162288829684258 0.00864801742136478 0.0398097150027752 -0.0384467877447605 0.0419343337416649 0.0466348752379417 0.0103610949590802 0.031881894916296 0.0228538252413273 0.0614933110773563 0.113011322915554 0.0125484261661768 -0.0443718023598194 -0.00161460041999817 0.130143895745277 0.195812255144119 0.0621291287243366 -0.0218655653297901 -0.0135895935818553 -0.0210631787776947 0.00347734033130109 0.111838057637215
0.0611833818256855 0.00168414402287453 0.0127161024138331 -0.0287680998444557 -0.0898318216204643 0.0471982136368752 -0.0261246524751186 0.0160494931042194 -0.0435326918959618 0.0313858278095722 -0.043983168900013 -0.00152234092820436 0.0217920858412981 0.0060214689001441 0.0535746738314629 0.0629128515720367 -0.115842327475548 0.100323379039764 0.0985776260495186 0.0752871781587601 -0.0463966391980648 0.0285405293107033 0.0739554241299629 0.0688442289829254 0.102737993001938 0.102192230522633 -0.0334508493542671 0.0443153530359268 0.0426517985761166 0.177573308348656 0.0322980210185051 0.13165394961834 0.0934545621275902 0.0243792943656445 0.112715318799019 -0.0174250807613134 -0.066343829035759 -0.10553065687418 0.106449857354164 0.0253855865448713 -0.0196569170802832 0.105998381972313 0.0259295869618654
