assets/gome_f/processed/ascii/world/gome_sif_world_20120701.asc
NCOLS 720 
NROWS 360 
XLLCORNER -180 
YLLCORNER -90 
CELLSIZE 0.5 
NODATA_value -3.4e+38 
[rows 228 to 246 of 360, columns 559 to 601 of 720]
0.0341179668903351 -0.102994047105312 0.0235277879983187 -0.0805706158280373 -0.0449591502547264 0.0857954174280167 -0.0487054474651814 -0.00225679646246135 -0.0143640907481313 0.0691335648298264 0.117185279726982 -0.0882033333182335 -0.0480343773961067 0.00322280707769096 -0.0420455932617188 -0.100429989397526 0.0569707117974758 -0.0578191950917244 0.0454241335391998 0.0247590765357018 0.0108290147036314 0.00673363404348493 -0.0204460676759481 -0.0209734942764044 0.0702000930905342 0.0160426963120699 0.0818484798073769 -0.0694272145628929 0.0759872049093246 0.00862211268395185 0.0298362895846367 0.0796753987669945 0.0862642228603363 0.0773980543017387 0.0756571143865585 -0.00993140134960413 0.0328914672136307 0.0829590559005737 0.0423097610473633 0.0113637372851372 0.136872410774231 0.0410374104976654 0.0502143613994122
0.100499920547009 -0.0289350487291813 -0.0314595587551594 -0.0525493323802948 -0.0519633628427982 0.0176240894943476 -0.0466170273721218 -0.0955300182104111 0.00906662829220295 -0.0862940177321434 0.0601431466639042 -0.092327281832695 0.0161581300199032 0.0362832993268967 -0.0236413851380348 -0.0315184220671654 0.0391293950378895 -0.0544331558048725 -0.0547567754983902 0.0636199563741684 0.0520709939301014 -0.0363393239676952 0.022278469055891 -0.0322868078947067 0.0602837577462196 0.0181812588125467 -0.0274267680943012 0.0102392137050629 0.0170055478811264 -0.0673900246620178 -0.0193577148020267 -0.000531741010490805 -0.0196688994765282 -0.00857950747013092 -0.0132633987814188 0.0385336242616177 0.0447213426232338 -0.00933949649333954 0.0606978759169579 0.0422464646399021 0.0467288084328175 0.0829428657889366 0.060524508357048
0.0190215464681387 -0.0349088087677956 -0.0262808445841074 0.11408519744873 -0.0297790877521038 0.020601250231266 -0.0436955317854881 -0.000680405006278306 0.0548682473599911 -0.0384943559765816 0.0773418098688126 -0.00464465841650963 -0.0936369895935059 -0.0593529567122459 -0.0729130133986473 0.0524979457259178 0.0320449396967888 -0.161437422037125 -0.0603691972792149 0.0102769006043673 0.0654103010892868 0.00492303166538477 -0.0567168295383453 -0.0729227066040039 0.0257245525717735 -0.0548922643065453 0.0201399829238653 0.0538753122091293 -0.0456429868936539 0.0525844469666481 0.00763433473184705 -0.0516008324921131 0.100070834159851 0.00105046282988042 0.117116771638393 0.0118819987401366 0.00622682506218553 0.0390172228217125 0.0420263260602951 0.000342998246196657 0.0458608940243721 -0.0157885439693928 -0.0611849054694176
-0.0606385357677937 -0.0449654571712017 0.000538212072569877 -0.00730821024626493 0.0892932936549187 0.126389652490616 -0.0381584726274014 -0.0118841622024775 0.00542831746861339 0.0234830193221569 -0.204146131873131 0.0157521404325962 -0.0934062451124191 -0.0011035721981898 0.0173440612852573 -0.000857149891089648 0.0193499363958836 -0.0630052089691162 0.0527968481183052 0.0451737642288208 -0.024668836966157 0.06961440294981 0.00421846611425281 0.000995900249108672 0.00407417630776763 0.013180117122829 0.0186232514679432 0.0145336491987109 0.0156298410147429 0.00711037451401353 0.077485017478466 0.0546153672039509 -0.0170505307614803 -0.0481933765113354 0.0867852568626404 0.0535708591341972 -0.0248514898121357 0.041178997606039 -0.0183475408703089 -0.0265303328633308 -0.06370859593153 0.0212940517812967 0.0541862547397614
0.00824606418609619 -0.018896596506238 -0.0761088132858276 0.104140840470791 0.0343996360898018 -0.0363192223012447 0.0438264757394791 0.0510554425418377 -0.0300744064152241 0.0072111445479095 -0.0296211801469326 -0.0419081300497055 0.0403035692870617 -0.0451365858316422 0.096885159611702 -0.083024188876152 -0.0150356013327837 -0.070160448551178 0.0439733751118183 -0.0599098950624466 -0.00303775863721967 0.0485630854964256 -0.000213606283068657 -0.0275399088859558 -0.0199777949601412 0.101630412042141 0.0327207483351231 -0.0787570402026176 0.117536276578903 -0.0260667018592358 0.128344818949699 0.0184308923780918 -0.0160260479897261 -0.042956281453371 -0.0176143366843462 0.002391287824139 0.115499876439571 -0.00823719892650843 0.13296015560627 0.0116567742079496 0.0728660523891449 0.00811294745653868 0.0304918475449085
0.127789780497551 -0.0977407023310661 -0.0986761674284935 0.00813241768628359 0.0563678219914436 0.0113336266949773 -0.140503123402596 -0.0131133738905191 0.0276058595627546 0.0694719105958939 -0.0314793698489666 -0.00654692715033889 -0.0178227070719004 -0.111516371369362 0.0656573325395584 -0.0254063010215759 -0.0943498909473419 0.012393219396472 0.0630824118852615 -0.133881390094757 0.063212513923645 -0.0155581524595618 0.0322728306055069 0.00753785111010075 0.00445826863870025 -0.0519322752952576 0.014285596087575 -0.0120582710951567 0.0542729720473289 0.0744428113102913 0.100137658417225 0.0422105826437473 0.111386969685555 -0.00435390463098884 -0.0422693863511086 0.0830215662717819 -0.0299997925758362 -0.0161263085901737 0.0424474887549877 0.0429152511060238 0.0790308564901352 -0.0499456785619259 0.00820992607623339
0.0873426869511604 0.0207159928977489 0.0672480091452599 -0.0288688037544489 -0.0797805339097977 0.0722484290599823 -0.0501149222254753 -0.0506199263036251 -0.0128553509712219 -0.0942205935716629 0.0318975783884525 0.0237867552787066 -0.00331415585242212 0.00499945180490613 -0.124674215912819 0.0327132195234299 -0.0384573750197887 -0.0781614035367966 -0.0380689278244972 0.0176859796047211 -0.11512403190136 -0.0586812309920788 -0.00493183732032776 0.0207320470362902 -0.106686241924763 -0.00198518298566341 0.0361056439578533 -0.0386578626930714 -0.0385568514466286 0.0945012867450714 0.147419258952141 0.125607997179031 0.0426253005862236 0.0950917750597 0.132048740983009 -0.030799861997366 0.0139519870281219 0.00785538926720619 0.0688603669404984 0.150523260235786 0.0221863482147455 0.107857637107372 0.0437115356326103
0.0677653327584267 0.00793109554797411 0.0146616622805595 0.0358121544122696 -0.0707046613097191 0.0842299833893776 -0.0789564400911331 -0.104644075036049 -0.0283494889736176 -0.0486363172531128 0.0115773463621736 -0.0551631860435009 -0.0435422621667385 0.0152165126055479 0.0468722060322762 -0.00195768568664789 -0.0152936829254031 0.0523388125002384 -0.00989435892552137 0.156634137034416 -0.0314342677593231 -0.0378590188920498 0.0428570955991745 0.0210844501852989 -0.0278589222580194 0.0441819354891777 0.136558070778847 -0.0990816876292229 0.0108996983617544 0.0308520309627056 0.15022274851799 0.0505717806518078 0.101878441870213 -0.0205250084400177 0.119320303201675 0.0482069030404091 0.0332792475819588 -0.0297984350472689 0.123446077108383 0.0975493863224983 0.10365442186594 -0.0410711541771889 -0.00393261108547449
0.0247604884207249 0.0498286634683609 0.077891431748867 0.0166707262396812 -0.104031972587109 0.0127951679751277 0.0078673530369997 -0.119964487850666 -0.0195125192403793 0.0542310327291489 -0.0578633770346642 0.0136642381548882 0.00155105348676443 0.014314902946353 -0.0423926822841167 -0.0106201311573386 -0.0079738674685359 0.0356618240475655 0.0330527909100056 -0.0559299141168594 0.0537522360682487 -0.0242905113846064 -0.0473694317042828 0.0051575219258666 0.0750520303845406 -0.0408977456390858 -0.0590481497347355 0.00830295495688915 -0.0440932177007198 0.0521553047001362 0.226514384150505 0.158830866217613 0.00897586438804865 0.00990053452551365 0.045197244733572 0.0423840135335922 0.0890081524848938 -0.000415755232097581 0.00326094543561339 0.126218691468239 -0.00671635754406452 0.0791345462203026 -0.0241658259183168
0.0176334548741579 -0.115252293646336 0.0100017888471484 0.0684214979410172 -0.0782283768057823 -0.0337391458451748 -0.00452546775341034 -0.0134916603565216 -0.0286980830132961 0.0536218732595444 0.0236449465155602 0.0295059476047754 0.043889794498682 0.0101557709276676 -0.0557028166949749 0.00778530910611153 0.0942433178424835 -0.0365818589925766 -0.0455337911844254 0.0648171976208687 -0.0240922402590513 0.0591087117791176 -0.0453241989016533 -0.0870671048760414 -0.00153130106627941 0.0205569043755531 -0.0655613616108894 -0.0182093661278486 -0.0181478653103113 -0.000871473574079573 0.0832900255918503 0.252038061618805 0.249826237559319 0.0876166149973869 0.0275505781173706 0.0532332547008991 0.105710528790951 0.0877707228064537 0.0133898761123419 0.0698966160416603 -0.0177933368831873 0.0389527194201946 0.122944854199886
-0.0834537371993065 0.0207170825451612 -0.0334670208394527 -0.0372775755822659 -0.104422003030777 0.00455613387748599 -0.0306904762983322 -0.00640001660212874 -0.033565066754818 -0.0177105292677879 -0.0753487050533295 -0.00365621852688491 -0.0224638171494007 0.0761309489607811 0.0324971452355385 0.0357028543949127 -0.0587409362196922 0.00247006234712899 0.0366562530398369 0.00392921036109328 0.00230390834622085 0.00359196029603481 0.000458912050817162 0.0174327250570059 0.0393348671495914 0.0272665675729513 -0.0149781499058008 -0.0544758252799511 0.0016586227575317 0.0257559902966022 0.0951691940426826 0.182809874415398 0.274955242872238 0.113350532948971 0.0539306029677391 0.0904818028211594 0.0907157063484192 0.129861623048782 0.0997871235013008 0.0636607110500336 0.042873453348875 0.11904489248991 0.0730288922786713
0.00070635974407196 -0.0734409242868423 0.0341930724680424 0.0412800870835781 -0.0635737255215645 -0.0724292173981667 0.00700972741469741 0.0832951664924622 0.0413584783673286 0.0443096421658993 -0.0688283741474152 -0.011982461437583 -0.0227394569665194 -0.0548225119709969 -0.00341058685444295 0.00127073854673654 -0.00462946202605963 0.0530229918658733 -0.0145350238308311 -0.0937968716025352 0.0296254195272923 0.0211643017828465 -0.0674203857779503 0.0231128595769405 0.0726390182971954 0.00012913066893816 0.0499010197818279 -0.049743115901947 0.0642855912446976 0.0476636737585068 0.0759937316179276 0.0522525943815708 0.135701477527618 0.12708805501461 0.0668796971440315 0.128835812211037 0.058984287083149 0.0824528560042381 0.107071869075298 0.0325891561806202 0.0459864139556885 -0.0192032922059298 0.0804594084620476
0.00284191151149571 -0.00617905706167221 -0.0156518332660198 -0.0131049500778317 0.0489134378731251 -0.0104846190661192 0.0598587580025196 0.0196103863418102 -0.0281517375260592 0.00805288646370173 -0.0656362771987915 0.0387730896472931 0.145033046603203 -0.0102732060477138 0.0300999712198973 -0.0116691598668694 0.0146184861660004 0.0163500793278217 -0.00506440456956625 -0.0355441533029079 0.0316684059798717 -0.0694449469447136 -0.0473707728087902 -0.00489499140530825 -0.0103164343163371 -0.0302993394434452 -0.0815239995718002 -0.0161507502198219 0.0421327129006386 -0.0365074574947357 0.117287673056126 0.039167445152998 0.150946244597435 0.148711860179901 0.14826662838459 0.053768128156662 0.0710190683603287 0.156484991312027 0.0589942447841167 0.095216803252697 0.17497256398201 0.0543697364628315 0.030894098803401
-0.0942160114645958 0.0243573151528835 0.0197072252631187 0.00144116382580251 0.0200030971318483 -0.146669372916222 0.00487282732501626 0.0403644405305386 -0.0189183335751295 0.060564611107111 -0.0705703347921371 0.0446941331028938 -0.0453538112342358 0.0962051823735237 0.0725819990038872 -0.0331239961087704 0.00899987295269966 0.0557890795171261 0.0358243957161903 -0.00569558283314109 0.00777335651218891 -0.0590877793729305 0.00951262284070253 0.0419135317206383 -0.0686225444078445 0.0221099108457565 0.0217415988445282 0.00746587105095387 0.0318238995969296 0.020385367795825 0.0256426427513361 0.106346167623997 0.217434346675873 0.181503131985664 0.260536789894104 0.127972364425659 0.0636769533157349 0.108975365757942 0.12404353171587 0.0473769791424274 0.0283833555877209 0.00898152124136686 -0.0693440735340118
0.0445354133844376 0.113405726850033 -0.0121993124485016 0.0262424238026142 -0.0519299954175949 -0.0618193671107292 -0.0448253937065601 -0.00644354615360498 0.0382334627211094 -0.0110702775418758 0.178671360015869 -0.0842128247022629 -0.0343837812542915 -0.0282862074673176 0.0274013560265303 -0.0130444820970297 -0.0239922609180212 0.000741548836231232 0.0153173329308629 -0.00724406540393829 0.0353418327867985 -0.0360236801207066 0.0562981441617012 -0.00834914017468691 0.0456897765398026 -0.0534150078892708 -0.0966792926192284 -0.0138308852910995 0.0127407060936093 -0.0509896650910378 0.0091896178200841 -0.0154257249087095 0.0944748893380165 0.146077364683151 0.21643440425396 0.126255467534065 0.100678473711014 0.120263703167439 0.219726368784904 0.0528667196631432 0.115696720778942 0.113134942948818 0.0852546021342278
-0.00871942285448313 -0.0699401795864105 -0.0352639853954315 0.0385241024196148 0.118080466985703 -0.013931954279542 -0.200281828641891 -0.0511460602283478 -0.0703122541308403 -0.0421187840402126 0.119670070707798 0.00315874721854925 -0.00335948751308024 -0.0572412610054016 -0.0445036515593529 -0.160421282052994 -0.0555014945566654 0.0416523367166519 -0.0436078235507011 -0.0472524501383305 -0.143511369824409 0.0937670841813087 -0.0708249658346176 0.0708037540316582 -0.0295097064226866 -0.0671920999884605 -0.051712729036808 0.0946704968810081 -0.011401922442019 0.0436596944928169 0.0366814136505127 0.0325636938214302 0.0456010177731514 0.182192534208298 0.189601808786392 0.195631816983223 0.23014272749424 0.179793447256088 0.0654542371630669 -0.0102459648624063 0.10678094625473 0.148299410939217 0.0847384259104729
0.00338454614393413 0.0428554750978947 0.0401918180286884 -0.0786651521921158 -0.0273958910256624 -0.0716756582260132 0.153903901576996 -0.0176634956151247 -0.0184128023684025 -0.01405955478549 0.00650961697101593 0.065516784787178 0.029255710542202 0.0442402511835098 -0.0151042519137263 -0.0334322974085808 -0.0657039880752563 0.0916448086500168 0.00216485047712922 -0.0530873909592628 0.0757177025079727 -0.0533999353647232 0.0485224165022373 0.0165737699717283 0.0924166440963745 0.0599236153066158 -0.00726971542462707 -0.071336530148983 0.00353178684599698 0.012734710238874 -0.0504695102572441 -0.0414510816335678 0.158084943890572 0.217587098479271 0.110271006822586 0.178455099463463 0.195687666535378 0.323288112878799 0.150052204728127 0.0687518715858459 0.0817810893058777 0.102170594036579 0.0829471424221992
0.00832635164260864 0.0235050600022078 0.0494597293436527 -0.0215379036962986 0.0735422521829605 0.0322233401238918 -0.0502436086535454 0.0728328004479408 -0.0179323703050613 0.0176300760358572 -0.0322693735361099 -0.0140671953558922 0.0620210021734238 0.0254049487411976 0.146890193223953 -0.0342717096209526 -0.00463507464155555 0.0212972182780504 -0.141323044896126 -0.0555511638522148 -0.0656430497765541 -0.0183107573539019 -0.0232659578323364 -0.0184417255222797 0.0190558489412069 0.0437493063509464 0.101800546050072 -0.0562835782766342 -0.0236269868910313 0.0613596551120281 0.0871023312211037 0.0850149393081665 0.198547378182411 0.200897440314293 0.213441669940948 0.225323468446732 0.18057245016098 0.0870863497257233 0.151049479842186 0.141631603240967 0.142807051539421 0.0270673856139183 -0.00896018277853727
0.0320070162415504 -0.0548069998621941 -0.0739524438977242 0.0214922092854977 0.037138108164072 -0.281928837299347 -0.0138093139976263 0.143252685666084 -0.0966470241546631 -0.0235553942620754 -0.0192561987787485 0.0557337999343872 -0.0618143752217293 -0.0395956672728062 0.0959940701723099 -0.0200851932168007 -0.0477949343621731 -0.038958016782999 -0.00964104570448399 0.000744389370083809 0.0570838786661625 -0.0198780912905931 -0.00558621250092983 0.0633884966373444 0.0237586218863726 0.0221254155039787 -0.194572851061821 -0.0178204383701086 0.00968172494322062 0.0245692916214466 0.00310678617097437 0.148020699620247 0.215479731559753 0.142665326595306 0.214192301034927 0.155366092920303 0.235858172178268 0.118878945708275 0.164636939764023 0.126997455954552 0.150997459888458 0.131816923618317 0.22710919380188
