assets/gome_f/processed/ascii/world/gome_sif_world_20130501.asc
NCOLS 720 
NROWS 360 
XLLCORNER -180 
YLLCORNER -90 
CELLSIZE 0.5 
NODATA_value -3.4e+38 
[rows 152 to 170 of 360, columns 86 to 128 of 720]
-0.00495345797389746 -0.00836950540542603 -0.0179346036165953 0.0708132237195969 0.0345635898411274 -0.0909788534045219 0.0590266585350037 -0.063953809440136 -0.0087766507640481 0.0326861217617989 0.0646911039948463 -0.0228257663547993 0.0687144696712494 -0.134781435132027 -0.0968326926231384 -0.0128176677972078 -0.0186905972659588 0.0548329763114452 -0.121558085083961 0.0135189956054091 -0.0407949611544609 -0.0151522466912866 -0.0843934193253517 0.00720382342115045 -0.0469994023442268 0.105818927288055 0.0355833433568478 0.0284498278051615 -0.102473013103008 0.0471560247242451 0.155341804027557 0.183020621538162 0.117737263441086 -0.0874497815966606 0.0286643970757723 0.0216007977724075 -0.0613782964646816 0.00506344996392727 0.0333447679877281 -0.0520000420510769 -0.0569268129765987 0.0161765776574612 0.0422821715474129
-0.0456949695944786 0.00969518721103668 -0.104852192103863 0.110952444374561 0.0509049668908119 0.0661997124552727 0.0231564380228519 -0.0814851373434067 0.0341258086264133 -0.0141940359026194 0.0648700818419456 0.102100215852261 0.00196728599257767 0.0545061640441418 -0.014660538174212 0.0835565701127052 -0.13920359313488 0.0641818270087242 -0.00831196550279856 -0.0503430776298046 0.0206437185406685 0.116083420813084 -0.0197277031838894 -0.0262337066233158 0.0197369419038296 0.035225372761488 -0.0379223339259624 -0.0276577528566122 0.0757029801607132 0.0702242627739906 -0.0290192160755396 -0.00374448159709573 -0.0133542967960238 -0.041302353143692 0.00777152040973306 0.00297188758850098 0.0267249792814255 -0.0491931587457657 0.0289800502359867 0.0344328284263611 0.0709603801369667 -0.0170148387551308 0.00218744296580553
0.0844953283667564 0.0220530964434147 0.133081093430519 -0.0515829809010029 0.0407223589718342 0.0710761845111847 0.0912881642580032 -0.0556236989796162 0.0401246622204781 0.0414848811924458 -0.112671695649624 0.0409918762743473 -0.0596484951674938 0.00141908542718738 0.0604536272585392 0.0590780936181545 -0.0261918902397156 -0.0735385715961456 -0.0445639938116074 0.0173132065683603 0.0696337521076202 -0.0772401466965675 0.0419292561709881 0.0586714930832386 0.0470586717128754 -0.0479755401611328 0.155347794294357 0.0024837926030159 0.0503611862659454 0.0347826331853867 -0.0183934364467859 -0.0123469643294811 0.0794149115681648 0.00563587760552764 -0.00462157884612679 -0.00835360586643219 -0.0721891298890114 0.0372187905013561 -0.00181241310201585 0.0653213784098625 0.0187788866460323 0.00189106585457921 -0.0582187362015247
-0.0497642159461975 -0.0545179434120655 -0.00577785260975361 0.0705969855189323 0.0963514372706413 -0.0708065181970596 0.0145282866433263 -0.00977159757167101 0.0604519359767437 -0.0616945214569569 -0.0447503849864006 0.0451678074896336 0.0680009052157402 -0.0424526073038578 0.0178197752684355 0.0515500232577324 -0.0260511636734009 -0.0520199239253998 0.066579207777977 0.0199302341789007 0.0301943011581898 -0.0360456816852093 -0.0610127523541451 -0.0472173281013966 -0.126328140497208 0.0625316500663757 -0.0159756783396006 -0.0141459815204144 -0.0667233616113663 0.109695613384247 0.0455416850745678 0.0319787971675396 -0.0521974675357342 -0.0159214939922094 -0.0139262331649661 0.0377127006649971 -0.0169277135282755 -0.0291135888546705 0.00352822011336684 -0.00431716255843639 0.00782109890133142 0.049868356436491 0.0954923927783966
-0.0512774437665939 -0.0578162372112274 -0.103274554014206 -0.0552559792995453 0.0130530996248126 0.112791761755943 -0.0865529626607895 0.0615324415266514 -0.133346512913704 0.061005387455225 -0.0669896528124809 0.0617610923945904 0.0155230490490794 -0.126461401581764 -0.0497761555016041 0.0877711474895477 0.0647227689623833 0.0787375941872597 -0.000456919893622398 0.0694850757718086 -0.0125319603830576 0.00049170502461493 -0.0009683882817626 -0.0371627435088158 -0.0468896627426147 -0.0091981990262866 0.0505907498300076 0.0588326118886471 -0.0608408264815807 -0.0174724087119102 -0.0337305665016174 -0.148823752999306 0.0368106514215469 0.0764058902859688 -0.0598271787166595 0.0772236511111259 -0.0266186166554689 -0.0141284242272377 0.0243137162178755 0.0273991618305445 0.0707304105162621 -0.0942033752799034 -0.012834114022553
-0.0152971530333161 0.088957853615284 -0.0269361976534128 0.100353762507439 -0.0572833083570004 0.0204482488334179 0.101016126573086 -0.0483034327626228 -0.00803865678608418 0.122953459620476 0.00230006128549576 -0.0702334493398666 -0.0991620495915413 -0.182045787572861 0.119942881166935 0.000236930951359682 0.144661977887154 -0.0626907348632812 0.091221421957016 -0.069240503013134 -0.0299537498503923 -0.00199753395281732 0.0733046978712082 -0.0508876703679562 0.024351853877306 0.0406464375555515 -0.122546464204788 0.0836276113986969 -0.022972634062171 -0.0931077748537064 -0.0682690441608429 -0.0548048615455627 -0.0053000464104116 -0.0612899288535118 -0.0406055003404617 0.0167057514190674 0.008307876996696 0.148060068488121 0.0106769613921642 0.068041704595089 -0.00666473945602775 0.125671580433846 -0.0237223245203495
-0.108843691647053 -0.0250504948198795 0.0635965317487717 -0.0384584106504917 0.0472792237997055 -0.0409887842833996 -0.0798901244997978 -0.109180100262165 0.0285803489387035 0.268660455942154 0.178796261548996 0.108225993812084 -0.0620386451482773 -0.207567825913429 0.0316949300467968 -0.0420061871409416 -0.0299308970570564 -0.0228745825588703 0.0128535460680723 0.0133640728890896 -0.105389542877674 -0.0431383401155472 -0.0334111116826534 0.0324891544878483 -0.0154926301911473 -0.0895362719893456 0.0639432966709137 -0.133007109165192 -0.00154746661428362 0.00272944173775613 0.0512215495109558 0.0779834687709808 0.0974689573049545 0.0424888506531715 0.109085753560066 -0.119002677500248 0.00149318482726812 -0.111300446093082 0.067520298063755 0.0622650384902954 -0.0276293456554413 0.0415443815290928 0.0419229902327061
-0.0365772992372513 -0.0711817890405655 0.00992102827876806 -0.0175542607903481 0.198985412716866 0.00631985394284129 0.193270280957222 0.029913067817688 0.0626018717885017 -0.0779888778924942 -0.00250603118911386 0.0344342775642872 0.026035001501441 -0.0353428646922112 0.0217051301151514 0.0624786205589771 -0.166166111826897 0.000950469577219337 0.000127146835438907 -0.0483370013535023 -0.0902737081050873 -0.0502143539488316 0.0289567727595568 -0.0297770649194717 0.0330629944801331 0.0174515321850777 0.0321013368666172 0.0104632647708058 0.00343968975357711 0.127943143248558 0.00633704895153642 0.0100343972444534 0.118070520460606 -0.0169473476707935 -0.0536518134176731 0.0173817481845617 -0.123795367777348 0.0374131910502911 0.0360181704163551 0.0159154701977968 -0.00629100203514099 0.0234618429094553 0.162675634026527
0.0402556583285332 0.0426006652414799 -0.0623655319213867 0.0816833674907684 -0.108775161206722 0.0891611650586128 0.0223452020436525 -0.128991857171059 -0.0587033964693546 -0.00105706916656345 -0.117747686803341 0.0359782055020332 0.00854049995541573 -0.0763150379061699 0.146297812461853 -0.0786926746368408 -0.0639179646968842 0.0166205167770386 -0.0522355772554874 0.0323974788188934 -0.0158080775290728 0.0332536436617374 0.0360428094863892 -0.00354674272239208 -0.0318525843322277 0.00306495255790651 -0.0151363583281636 -0.00178042461629957 0.0421537049114704 0.0761431902647018 0.0124992644414306 -0.0858716666698456 0.137203976511955 0.174750626087189 0.0788486376404762 0.011279140599072 -0.0595469996333122 0.121692553162575 -0.107553228735924 -0.0289435349404812 -0.0153277311474085 -0.00684763211756945 0.0924788191914558
-0.0284735281020403 -0.137371018528938 0.0537939667701721 -0.0362379737198353 -0.000190026505151764 0.0613619722425938 -0.0763963609933853 -0.109670877456665 -0.025837505236268 0.0115617159754038 0.0448468551039696 -0.090778686106205 -0.159048348665237 -0.10409290343523 -0.0191645994782448 -0.0575030706822872 0.0655105784535408 -0.0854663476347923 -0.072644904255867 -0.0329048819839954 0.040117084980011 -0.0888619795441628 -0.0909227728843689 -0.0771692171692848 -0.178099781274796 0.062529444694519 0.0939146652817726 0.0336006954312325 0.018975842744112 0.025000112131238 0.10128191113472 0.235950171947479 0.0516416728496552 -0.142393350601196 -0.109891071915627 -0.0111083732917905 -0.0431641899049282 0.0732556730508804 -0.0510405227541924 -0.0442746058106422 -0.00385053083300591 -0.103855691850185 -0.12355350703001
-0.0457257926464081 0.0508034527301788 0.0562441200017929 0.0275824312120676 0.054417509585619 -0.0385287366807461 0.0341692976653576 0.0496792793273926 0.018052639439702 -0.13012982904911 0.0250016413629055 0.0997447967529297 -0.137828841805458 -0.0207385923713446 -0.137104690074921 -0.0612926185131073 -0.0636402741074562 -0.0385106541216373 -0.0902989506721497 0.0156773887574673 -0.130649834871292 -0.0309491138905287 -0.00947879999876022 -0.111387714743614 0.040567222982645 -0.127945050597191 -0.121385261416435 0.022488771006465 -0.0175982639193535 0.204980358481407 -0.0292465575039387 0.01199552975595 -0.0717428103089333 -0.00431465404108167 -0.0044479756616056 -0.0253995824605227 0.0596618689596653 0.0604070797562599 -0.111244507133961 -0.0615177676081657 -0.0775402411818504 -0.0810310766100883 -0.0799664855003357
0.0333796851336956 0.0446025803685188 -0.0720771849155426 0.0257033742964268 0.0606955587863922 -0.0371532589197159 -0.0633078664541245 0.101853013038635 0.00292284437455237 0.0363896675407887 -0.041175302118063 -0.0593698471784592 0.0669347867369652 0.0320800729095936 -0.0806617736816406 -0.0351078324019909 -0.0350260958075523 0.0465538986027241 -0.0415102615952492 0.0253047402948141 -0.104902133345604 0.0216534622013569 -0.0438794679939747 -0.0919497385621071 -0.0369980782270432 -0.0900654718279839 -0.119108974933624 0.02108059450984 -0.152753263711929 -0.00386319099925458 0.0576289482414722 -0.0967711880803108 0.0862705335021019 -0.130134850740433 0.247786328196526 0.00271814200095832 0.0322619825601578 0.0554791204631329 -0.0328325144946575 -0.0186018999665976 -0.190074309706688 -0.107780314981937 -0.0176924671977758
-0.0966056659817696 -0.0168285109102726 -0.0455136112868786 0.0607360154390335 0.0525598786771297 -0.0181362144649029 -0.111730419099331 0.0102861383929849 -0.096486397087574 -0.0284505002200603 0.00683936849236488 -0.113369964063168 -0.164906948804855 -0.167785733938217 0.0466362982988358 -0.0575049892067909 -0.0280825905501842 -0.0153781026601791 0.138501420617104 0.0349919833242893 -0.00440707430243492 -0.010034641250968 0.145022958517075 -0.0667900219559669 -0.0865713283419609 0.0656889975070953 -0.0835902243852615 0.103287950158119 -0.0971112325787544 -0.115188263356686 0.199336051940918 0.243108496069908 0.0799894779920578 0.0889928862452507 0.0637333542108536 0.0268526151776314 0.0703501850366592 0.0314407981932163 -0.0467359609901905 0.0191862694919109 -0.0939548909664154 -0.0478926226496696 -0.0649607256054878
0.0297255255281925 0.0294474214315414 -0.101926498115063 -0.0494830124080181 -0.149327993392944 -0.0138436695560813 0.12269689142704 0.0871183648705482 -0.0130454041063786 -0.0411619320511818 -0.194490015506744 -0.0418015606701374 0.00698234932497144 -0.0735322311520576 -0.0691189616918564 -0.0576222948729992 0.0350364111363888 -0.0127016128972173 0.00108188390731812 0.0644807443022728 0.0140584874898195 0.00912255328148603 -0.250942349433899 0.105373524129391 0.00955411791801453 -0.195257842540741 0.0188311692327261 0.103930316865444 0.0479579046368599 -0.0170714762061834 -0.140697076916695 -0.155881032347679 -0.0891207233071327 0.0693096667528152 0.0364631153643131 0.18511226773262 0.219666972756386 -0.141545757651329 0.116028666496277 0.125957474112511 -0.0251880325376987 0.0513652041554451 0.0167568847537041
0.0237131770700216 0.0901314318180084 -0.183120563626289 -0.0859817117452621 0.0953900516033173 -0.140801697969437 0.0980540812015533 -0.0172776114195585 -0.0334283374249935 0.0289131216704845 0.0626947209239006 -0.0616516545414925 -0.10367588698864 -0.0139154763892293 -0.152278304100037 -0.156867325305939 -0.170663744211197 0.140761062502861 -0.208329603075981 -0.200690254569054 -0.0406547337770462 0.00943375006318092 -0.15806171298027 -0.151716202497482 0.141019821166992 -0.0343638509511948 0.0418368689715862 -0.0320301093161106 -0.110197491943836 -0.0020889937877655 0.0919009521603584 -0.0533594787120819 -0.111551560461521 -0.000244830036535859 0.0494060590863228 -0.133914023637772 0.107629984617233 0.0403689369559288 0.0309679619967937 0.109370924532413 -0.106098480522633 0.142042145133018 -0.0558795481920242
-0.104364939033985 -0.117314033210278 0.0124314278364182 0.0328019894659519 -0.0617055855691433 -0.0319421514868736 0.0525749064981937 -0.00309913605451584 0.0559019595384598 -0.0136561589315534 -0.0873246937990189 0.0993314385414124 -0.152103587985039 0.0859978944063187 0.0551167875528336 -0.0348798967897892 -0.107114061713219 -0.0769859924912453 -0.0685523599386215 -0.076592393219471 -0.044447023421526 -0.00225187977775931 -0.00606349669396877 0.0176899377256632 -0.102983467280865 -0.103704497218132 -0.050165418535471 -0.0833074674010277 -0.0312173794955015 -0.123244218528271 0.0776832178235054 -0.0286483764648438 -0.0699567347764969 -0.00282091228291392 0.0849728435277939 -0.164876371622086 -0.0537861920893192 -0.138090208172798 -0.0948404595255852 -0.161319687962532 -0.0558467246592045 -0.0505731962621212 0.0257909670472145
-0.0299868807196617 -0.0638826936483383 -0.0328342877328396 -0.064481757581234 0.0197700727730989 -0.0387870594859123 -0.108021415770054 -0.0239583775401115 -0.124045416712761 -0.0505674444139004 -0.0339254327118397 -0.0527181588113308 -0.0800037533044815 -0.131631582975388 -0.0191187616437674 -0.0418807081878185 0.0159196089953184 -0.155161321163177 -0.0257460251450539 -0.0448952801525593 -0.0346387103199959 -0.00594903994351625 -0.140925824642181 -0.0362780690193176 -0.0837478935718536 -0.135403767228127 0.00195276946760714 0.0710292235016823 -0.0183183718472719 0.115169234573841 0.00406717136502266 -0.127149611711502 0.00921077188104391 -0.139156132936478 0.0345908813178539 -0.00952391792088747 -0.114695556461811 -0.0845076069235802 -0.0318967252969742 -0.0928656458854675 -0.0223006904125214 0.0444584377110004 -0.0412028953433037
-0.0191692002117634 -0.0415522567927837 -0.00328781339339912 0.0215473994612694 0.0411951690912247 -0.094866506755352 0.00874174945056438 -0.0182659421116114 -0.0122771505266428 -0.135308608412743 0.0433289594948292 -0.0896863117814064 0.0467309877276421 -0.0376153625547886 -0.0701794177293777 -0.0203270111232996 0.00585811026394367 -0.0959425717592239 -0.0491621643304825 -0.045547641813755 0.0163466539233923 -0.124622672796249 0.0025653385091573 -0.0115808034315705 -0.0168693792074919 -0.0275862757116556 -0.0375218763947487 -0.184181377291679 0.0698651671409607 -0.0650983229279518 -0.0139264147728682 -0.058677539229393 -0.0722531005740166 -0.0310671143233776 -0.0820413678884506 0.0284096486866474 0.0473727807402611 -0.0396044068038464 -0.0543101578950882 0.0209880173206329 -0.0659979283809662 -0.0343828536570072 -0.0717290416359901
0.0555416792631149 0.101581931114197 0.0468525514006615 0.00912503432482481 -0.0117912469431758 -0.0240823160856962 0.0649082437157631 0.0349386222660542 -0.00484087783843279 -0.0301597472280264 -0.0613904595375061 -0.0931763872504234 0.0128004215657711 -0.031402200460434 -0.0840854346752167 -0.0470948666334152 -0.0555847771465778 -0.0598938167095184 0.0667710304260254 0.0281535033136606 -0.0804943144321442 0.0435173176229 0.00584885943681002 -0.0152169493958354 -0.0786997228860855 -0.012925717048347 0.00871818978339434 -0.0416020676493645 -0.0610404461622238 -0.0230241641402245 0.0278663784265518 0.0169782266020775 0.0118417320773005 -0.0433348566293716 -0.0486450046300888 -0.0595275536179543 0.0401500202715397 -0.0285681914538145 -0.123815581202507 0.0474652834236622 -0.016749519854784 -0.0471018515527248 0.0558114610612392
