assets/gome_f/processed/ascii/world/gome_sif_world_20120701.asc
NCOLS 720 
NROWS 360 
XLLCORNER -180 
YLLCORNER -90 
CELLSIZE 0.5 
NODATA_value -3.4e+38 
[rows 114 to 132 of 360, columns 215 to 257 of 720]
0.0745396092534065 -0.029055081307888 -0.0519547611474991 0.0456301756203175 0.0100617911666632 0.00810656230896711 0.0504497140645981 -0.0327678732573986 0.0311941169202328 -0.118300631642342 -0.0546836964786053 -0.12395691126585 0.0475929975509644 -0.0052804546430707 -0.0107191763818264 -0.0422825403511524 -0.0455643683671951 0.0552967824041843 -0.0825545638799667 -0.0277933701872826 -0.0278408862650394 0.0576738081872463 0.0331014208495617 -0.0357779785990715 -0.047162838280201 0.128880620002747 0.0145019590854645 0.0121159935370088 0.0442102514207363 0.000764979049563408 -0.0670942217111588 0.0841741263866425 0.0698399096727371 0.020257631316781 0.0568246319890022 -0.0342350266873837 0.0293534584343433 -0.0477160736918449 -0.0289476085454226 -0.0322266817092896 -0.0332088023424149 0.0700948461890221 0.0361859127879143
0.0162065364420414 0.00992908142507076 -0.0399005636572838 0.033392146229744 -0.0369907841086388 0.043438296765089 -0.0352770946919918 0.0269584432244301 -0.000391841313103214 0.0784707367420197 0.0216733645647764 0.0257797297090292 0.0419256500899792 0.00716604664921761 0.202816888689995 0.0309534650295973 -0.0502098686993122 -0.038962859660387 -0.0829837322235107 0.0119229629635811 0.031622376292944 0.0637997016310692 0.0231480244547129 0.0475155375897884 -0.00488394359126687 -0.0469077490270138 -0.0290188882499933 0.0211396645754576 -0.0188665520399809 0.0747760981321335 -0.0452187322080135 -0.0056999740190804 -0.0858319699764252 0.0644184723496437 -0.048453364521265 0.0558774173259735 0.0269176885485649 -0.0781600251793861 0.0591513104736805 0.0323050916194916 0.0205283313989639 -0.0804402902722359 -0.0104130450636148
0.037152711302042 -0.0362110957503319 -0.0819140449166298 0.00203694333322346 -0.0271202363073826 0.0258531477302313 -0.0151791786774993 -0.0660215392708778 0.0450101420283318 -0.0491749048233032 0.0887727439403534 -0.00743600260466337 -0.00961215514689684 0.0931298434734344 0.0184091981500387 0.0143597908318043 -0.0629993602633476 0.0390684045851231 -0.0439446941018105 0.0305161457508802 0.000956180039793253 0.00365340174175799 -0.0315684825181961 0.024213295429945 -0.0189586505293846 -0.0398581735789776 0.00937362015247345 -0.0686833187937737 0.079974539577961 0.0637370869517326 -0.0812843814492226 0.0250363517552614 -0.00570387346670032 -0.0437393710017204 0.0509731471538544 0.0990685969591141 -0.0127373663708568 -0.0480076111853123 -0.0432676896452904 0.00998382829129696 0.0317170135676861 0.00143734831362963 -0.0901834890246391
0.0189175587147474 0.0453982651233673 -0.0247969496995211 0.0280563700944185 0.0373254232108593 -0.0465089604258537 0.03340695053339 -0.0329382456839085 0.0309287738054991 -0.0136572001501918 -0.0145266633480787 -0.0168650522828102 0.0276071075350046 0.0162773299962282 0.0543010011315346 0.00255381013266742 -0.0179634839296341 0.0270829796791077 -0.0514726564288139 -0.000209954218007624 0.0934605672955513 -0.0287278890609741 -0.0201753303408623 0.0502030588686466 0.077910527586937 -0.0250568371266127 -0.0590708591043949 0.044203408062458 -0.00715798139572144 0.0329299569129944 0.000512306985910982 0.153605118393898 -0.0313795246183872 -0.060316514223814 0.0527148582041264 -0.0417467802762985 0.0618423037230968 0.00488252472132444 -0.0448536798357964 -0.0118778832256794 -0.00556614715605974 -0.0031084802467376 -0.0122105227783322
0.0193407274782658 0.0244674831628799 -0.00707698240876198 -0.0317238047719002 -0.0628899708390236 0.011582518927753 0.118518359959126 -0.029468584805727 0.051743783056736 -0.0565088763833046 0.0936323404312134 0.0146751282736659 -0.0818621888756752 0.0739418044686317 -0.0398612692952156 -0.0558466352522373 -0.0891874805092812 0.0294375456869602 0.0242433696985245 0.0340491086244583 0.060695718973875 -0.0035680322907865 -0.0113041969016194 -0.0190281011164188 -0.0316045880317688 0.0660328641533852 0.0525432080030441 -0.0166299603879452 -0.0159542318433523 0.0250925868749619 0.0703828632831573 -0.024361802265048 0.0309725925326347 -0.124870866537094 -0.00839690491557121 -0.0541429370641708 0.013305302709341 -0.0840115398168564 -0.0353520549833775 -0.0935242846608162 -0.0253060422837734 0.0405471958220005 -0.0268580578267574
0.0289562661200762 -0.0499118641018867 0.0905910581350327 -0.0360915958881378 0.0343980379402637 -0.0803985595703125 -0.0471667423844337 0.00929079111665487 0.0149171752855182 0.0553153976798058 0.0094548836350441 0.0310766324400902 -0.00794825702905655 0.0224638134241104 -0.0109023274853826 -0.0347271077334881 0.0692226439714432 -0.0896369516849518 0.0466969721019268 -0.0239966455847025 0.0769504681229591 0.0317442566156387 -0.0489181317389011 -0.0199454706162214 -0.0501291528344154 0.0484108962118626 0.0429700687527657 0.0023066692519933 -0.0194691047072411 0.073839046061039 -0.0695784464478493 0.0221445392817259 -0.111263118684292 0.00515930354595184 0.0917437002062798 0.0811106786131859 -0.0428273305296898 0.0389678440988064 0.0109513327479362 0.0543006025254726 -0.022004097700119 -0.0610243417322636 0.0223794560879469
0.0632237493991852 0.0226195994764566 0.0128270611166954 0.0387340560555458 -0.0239477213472128 0.130387663841248 -0.0339607782661915 0.0186850074678659 0.0306059326976538 0.0589208379387856 -0.0414441525936127 -0.0313195809721947 -0.122093267738819 0.0993832349777222 -0.0719321668148041 0.0129139544442296 0.027853712439537 -0.0369947627186775 -0.0290148854255676 -0.00486323237419128 0.0180574208498001 -0.00299538602121174 -0.077285572886467 0.0795720145106316 0.0251166261732578 -0.0387055911123753 0.018131036311388 0.119749560952187 0.00335598667152226 -0.125886902213097 0.0606132037937641 0.0401225946843624 0.0827343761920929 -0.00478761876001954 -0.0461590625345707 -0.00155585783068091 -0.00538439536467195 0.000419697171309963 -0.0154772140085697 -0.0194498337805271 -0.0603115782141685 -0.0391379408538342 0.0183512140065432
0.0606776587665081 -0.0081405146047473 0.0130589436739683 0.0237256456166506 -0.0126968771219254 0.110254734754562 -0.0201335251331329 0.062881737947464 0.0869703143835068 -0.00545491324737668 -0.0494978800415993 -0.0222765598446131 0.00957711506634951 -0.0178718119859695 0.0431395471096039 -0.0362801626324654 0.0817289799451828 0.00291722663678229 0.0160100758075714 -0.00469657173380256 -0.0200253035873175 0.013035474345088 -0.0455371327698231 -0.0144267017021775 0.0664471313357353 -0.106660656630993 0.00380455143749714 -0.0145573057234287 0.0319589525461197 -0.0836767628788948 -0.0318585075438023 0.0149792553856969 0.0733926966786385 0.0867737978696823 -0.0176652390509844 0.0447427406907082 0.0765910521149635 0.0146303856745362 -0.0747395232319832 -0.0158932283520699 -0.0406910665333271 0.0198138654232025 -0.0372911281883717
0.0493548847734928 0.0402570441365242 0.0226873848587275 0.0344138517975807 -0.0830288976430893 -0.0285930410027504 -0.0982217714190483 0.0562130436301231 -0.0606968551874161 -0.073403462767601 0.0187399759888649 0.0115527547895908 0.0115990824997425 -0.0435011796653271 -0.0551464669406414 0.0363481752574444 0.0161411501467228 0.0221507772803307 -0.000103612677776255 0.0843857154250145 -0.0937599912285805 0.00936164893209934 0.0459383316338062 0.0434689223766327 0.0154280588030815 -0.041811253875494 0.0112613355740905 -0.0113509483635426 0.0293922480195761 -0.00506024761125445 -0.013611014932394 0.0185769721865654 -0.0301135368645191 -0.0280119627714157 -0.0223893374204636 -0.015184948220849 -0.146942853927612 0.0226505286991596 0.0327659882605076 -0.0483264699578285 0.00500243809074163 -0.0714567825198174 -0.0274497400969267
0.0182184893637896 -0.0853825733065605 -0.0195019710808992 0.0236669201403856 -0.111336201429367 0.0216790419071913 0.0130564998835325 -0.0595247745513916 -0.0380317084491253 0.0760937109589577 -0.0350503660738468 -0.00808012392371893 0.0127157988026738 -2.09419267775957e-05 -0.0496433898806572 0.0473396778106689 0.0233951080590487 0.0872096568346024 0.0242942851036787 0.0355100892484188 -0.0842029079794884 -0.0724111124873161 0.0236893836408854 0.0553339794278145 -0.0521484762430191 -0.0169453751295805 -0.000357388315023854 0.0303719099611044 -0.0327218398451805 -0.0903217494487762 -0.043903898447752 0.0415033102035522 0.0529325567185879 0.116528868675232 -0.0668887346982956 -0.0478972084820271 -0.054401621222496 -0.0156737938523293 0.0123880319297314 0.0429083183407784 -0.00594390369951725 0.010831955820322 0.0301331002265215
0.0172675866633654 -0.0141685055568814 -0.0209764502942562 0.00109977822285146 0.0384309105575085 -0.0759628266096115 -0.0238739904016256 0.0430240631103516 -1.53101718751714e-05 0.0556876361370087 0.0159378591924906 -0.0932474285364151 -0.0068591102026403 0.0386199243366718 -0.0700545310974121 -0.0379796102643013 0.00211424566805363 0.0368622578680515 -0.0850216224789619 -0.0110336383804679 -0.023868540301919 -0.0934509113430977 -0.00447726016864181 -0.013644247315824 0.00163070717826486 -0.0286622978746891 -0.0375150851905346 0.0727350488305092 -0.0428689904510975 -0.00633094599470496 -0.0393846482038498 -0.0448485799133778 0.0118530858308077 -0.0705849230289459 0.0507241375744343 0.0509716011583805 -0.0418731719255447 0.05986163392663 -0.0457566492259502 0.0288984067738056 -0.0437386073172092 -0.0183264594525099 -0.045774232596159
-0.0522004887461662 0.00617454061284661 0.093914695084095 0.0619022771716118 -0.0150154018774629 0.0311033315956593 0.0218010041862726 -0.0376800112426281 0.0340336598455906 0.112298250198364 -0.0240205265581608 -0.0389489009976387 -0.111242562532425 0.0139781748875976 -0.00181635376065969 -0.0428072139620781 0.010018196888268 -0.0175489280372858 0.0464428253471851 0.0337834022939205 -0.00704681593924761 0.0377997793257236 0.0013378718867898 -0.0213688518851995 -0.0625529885292053 -0.0230581555515528 0.0524163097143173 0.0280821211636066 0.0178534872829914 0.0382521040737629 -0.12938466668129 -0.00870926212519407 -0.0156605094671249 -0.0576390475034714 0.00920630805194378 0.00962748564779758 0.0426860526204109 0.083025835454464 -0.0438516959547997 -0.0315822400152683 0.0818867832422256 0.0205571856349707 0.0282996539026499
0.115582101047039 0.0125464992597699 -0.0014941148692742 -0.0122088072821498 0.0104314675554633 -0.0617665126919746 0.00189867010340095 0.0286978017538786 0.0569641180336475 -0.0371367409825325 0.104128666222095 0.00474153691902757 0.0281036272644997 -0.0176775474101305 -0.0322726927697659 0.094240739941597 0.0493013300001621 0.109092347323895 -0.026732575148344 0.00626426003873348 -0.0365884676575661 0.0572277046740055 -0.00386757706291974 -0.104171358048916 -0.0952039137482643 -0.0207736101001501 0.0314760655164719 -0.0528692044317722 -0.0567123517394066 -0.000633331306744367 -0.0474091246724129 -0.023252822458744 -0.0721643939614296 -0.10608809441328 -0.0266644787043333 0.0283685624599457 -0.120974265038967 0.0744702517986298 0.0136698763817549 -0.0600123293697834 -0.0352985672652721 -0.0441927798092365 -0.00908071827143431
0.0745249912142754 0.0666499957442284 -0.123108297586441 -0.0623055770993233 0.0437530539929867 -0.0482606552541256 -0.0440698973834515 0.0595110356807709 -0.0120793161913753 0.0303715374320745 0.000624959007836878 -0.0458818711340427 0.00420678174123168 -0.00143913552165031 0.0260119363665581 0.044765941798687 0.0625200420618057 -0.00982366874814034 -0.0309586115181446 0.0341745913028717 -0.0191427189856768 0.00742782466113567 0.0199214778840542 0.0121971005573869 -0.0924743562936783 -0.0163292177021503 -0.0137784173712134 0.00332673662342131 -0.0502236932516098 0.00223513343371451 -0.0477841384708881 -0.00634721945971251 0.0164629779756069 -0.0332385636866093 0.0509869419038296 -0.0629336982965469 -0.00755201280117035 0.0237967260181904 -0.0578289851546288 -0.0307115688920021 -0.0119893690571189 0.0346520021557808 0.0407018400728703
-0.0375622473657131 -0.0627192407846451 0.0242179464548826 -0.00737968552857637 -0.0220164954662323 0.0631706565618515 0.00440724426880479 0.0251852720975876 -0.0255204234272242 -0.0589845217764378 0.0242323596030474 -0.0782644301652908 0.0396295823156834 0.015478334389627 0.0349947661161423 0.0739255398511887 0.100454337894917 -0.0382951274514198 -0.0180088523775339 -0.0120372362434864 -0.0187112260609865 -0.0198961514979601 -0.0736992135643959 -0.0706203877925873 -0.0849522948265076 0.0295173916965723 -0.0589066110551357 -0.0434432029724121 -0.0163642764091492 0.0136514753103256 -0.0321857109665871 -0.0582676157355309 -0.0770266726613045 0.018251433968544 0.0584045499563217 -0.0896951109170914 -0.000715030357241631 -0.0225559789687395 0.0222243703901768 -0.080142505466938 0.0174420494586229 -0.0638729706406593 0.0119405100122094
-0.0236248057335615 -0.0494896620512009 0.0653286725282669 -0.0448685996234417 0.0964354798197746 0.023440770804882 0.0154157169163227 -0.10317900031805 -0.0432023778557777 -0.0318120867013931 -0.0131214503198862 -0.0225359685719013 -0.0311339180916548 -0.04329714179039 0.0142830582335591 0.0518814511597157 0.125094771385193 -0.00711277080699801 0.031477015465498 0.0167648606002331 0.0119701204821467 0.00840339809656143 0.0545485578477383 -0.00919186882674694 -0.035330805927515 0.0654920414090157 0.0367097668349743 0.0307325180619955 0.0416575707495213 -0.00775891682133079 0.109538026154041 -0.0208970084786415 -0.0737057998776436 0.0409214235842228 0.044413223862648 -0.0813536569476128 0.0103007210418582 -0.000668593682348728 0.05840003490448 -0.0134807219728827 -0.036171592772007 0.0970674008131027 0.0347575880587101
-0.0078188544139266 0.0459241755306721 0.0331726856529713 -0.0540402829647064 0.0660473257303238 -4.71486273454502e-05 0.082672543823719 0.0153735037893057 0.079772524535656 -0.0466025844216347 -0.057440984994173 0.034092728048563 -0.0095237260684371 -0.0746795013546944 0.0939777418971062 0.0193011686205864 -0.0311475247144699 0.0442330688238144 -0.0508298650383949 -0.0068091400898993 0.0367366969585419 -0.099914439022541 0.043167058378458 0.00661914050579071 -0.0138758420944214 0.0120327789336443 0.0206535998731852 -0.0170548744499683 -0.110655151307583 -0.00219452474266291 -0.051807202398777 -0.0203578732907772 0.0271272920072079 -0.0093299075961113 0.0199966579675674 -0.0245808660984039 0.0357341803610325 0.0478038564324379 0.0216516479849815 0.0753389522433281 0.00364726176485419 0.0156847890466452 0.0404823012650013
-0.0895278230309486 -0.0621790066361427 0.0274883378297091 0.0404282845556736 0.0123029230162501 -0.0738593488931656 -0.019684623926878 0.00663809105753899 -0.00692542409524322 0.0391097255051136 0.063206747174263 -0.019180703908205 -0.0587747544050217 0.0498173758387566 0.0532070137560368 0.0249747522175312 -0.00878117047250271 -0.0280720498412848 -0.0224723368883133 0.026501290500164 -0.0860091894865036 -0.0476141087710857 0.00928411353379488 0.0227292906492949 0.0608045272529125 -0.0242524575442076 -0.0373938120901585 0.00513885589316487 -0.00308628310449421 -0.0454777739942074 -0.0255799051374197 -0.0537091568112373 -0.0246661808341742 -0.0357717126607895 0.0401831082999706 0.0502736903727055 -0.0438888072967529 -0.0526518374681473 -0.00410904223099351 0.0339721441268921 -0.0277193747460842 -0.048068068921566 -0.0245173815637827
-0.0216826852411032 0.129296600818634 0.0250301770865917 0.0257158074527979 -0.00430758809670806 0.02783446572721 -0.104866534471512 0.032170195132494 -0.0156893692910671 0.0198902152478695 0.0323753319680691 0.0462650582194328 -0.050955057144165 -0.027809139341116 0.0859439745545387 0.0151666216552258 -0.0925951227545738 0.0680381581187248 -0.00303830811753869 -0.0525263138115406 0.0369860753417015 -0.0484874732792377 0.0966844782233238 -0.0232829954475164 -0.0780526921153069 0.0659027025103569 -0.0681188777089119 -0.0625761225819588 -0.0132165877148509 -0.00874209590256214 -0.0164869427680969 -0.092337891459465 -0.00835253950208426 -0.0512449592351913 -0.0440780781209469 -0.0236748345196247 -0.0723525434732437 0.0570183023810387 0.0544747188687325 -0.0267591178417206 0.0182461924850941 0.0129503700882196 -0.028225839138031
