assets/gome_f/processed/ascii/world/gome_sif_world_20120101.asc
NCOLS 720 
NROWS 360 
XLLCORNER -180 
YLLCORNER -90 
CELLSIZE 0.5 
NODATA_value -3.4e+38 
[rows 266 to 284 of 360, columns 172 to 214 of 720]
0.0548016205430031 -0.00246218964457512 -0.250674545764923 0.0524387955665588 0.228375762701035 0.0186712834984064 0.106629244983196 -0.0598597973585129 -0.300154596567154 0.00386472651734948 0.126798063516617 0.210580825805664 0.0676802545785904 0.174639105796814 -0.0842457339167595 -0.147931143641472 -0.0920424833893776 0.213328942656517 -0.0584668405354023 0.262204051017761 -0.0696095302700996 0.00250062998384237 -0.123417317867279 -0.0121413106098771 -0.0762971416115761 0.0324477963149548 0.0215943865478039 -0.0779327154159546 -0.029345965012908 -0.136936113238335 0.0189517363905907 -0.127008095383644 0.0441287122666836 0.134977549314499 0.0185315627604723 0.0446649603545666 0.169714123010635 0.162454783916473 -0.0430266074836254 0.139982670545578 0.057634100317955 0.0781524106860161 0.0708987340331078
-0.106052964925766 -0.200441762804985 -0.010276754386723 0.259787797927856 -0.0810514092445374 0.0875453427433968 0.0509620755910873 0.0176011528819799 0.0662374496459961 -0.00547604262828827 0.0279462337493896 -0.0734609514474869 0.0561810396611691 0.221187859773636 0.0285471081733704 0.071143738925457 -0.128174111247063 0.0412419848144054 0.109673283994198 0.0276956167072058 0.140184789896011 0.135954529047012 0.128412589430809 0.18019825220108 0.160817995667458 0.0738658756017685 -0.0832771807909012 -0.000179369628312998 0.0600632876157761 -0.0847864523530006 -0.0799906849861145 0.1065524071455 0.00471965689212084 0.066257119178772 0.0905615463852882 0.0375536978244781 -0.0547507107257843 -0.00871043838560581 0.0949923098087311 0.0269994735717773 0.0807208493351936 -0.0934571474790573 0.274861693382263
-0.138366907835007 0.0674662217497826 0.0497428178787231 -0.00321645149961114 0.0744550749659538 0.0974351540207863 0.095124252140522 0.0315791293978691 0.162607178092003 0.160761192440987 0.0258091893047094 -0.0362672545015812 0.408659607172012 -0.0830670967698097 0.0771915838122368 0.11290180683136 0.227546170353889 0.0422829613089561 -0.0140693131834269 0.0527397319674492 0.138717234134674 -0.0700353235006332 -0.129158526659012 -0.0359491817653179 -0.0521122440695763 0.106426455080509 0.00476607074961066 -0.0916361883282661 -0.172712460160255 -0.070893332362175 -0.112725332379341 0.082688145339489 -0.0893885269761086 -0.015302506275475 0.0301628336310387 -0.0163207873702049 -0.077030785381794 -0.0313405878841877 0.169736504554749 0.099493719637394 0.240704536437988 0.190808638930321 0.322012603282928
-0.0205908175557852 0.29635551571846 0.101725906133652 0.00333480397239327 0.00735917687416077 0.10770358890295 0.00220447173342109 0.07636608928442 -0.196379572153091 0.154428735375404 -0.146413460373878 0.00382081163115799 -0.0168289635330439 -0.0281543955206871 0.243703126907349 -0.0918867886066437 0.0198670141398907 -0.167010605335236 -0.0820825397968292 -0.214635640382767 0.0983333438634872 -0.196988791227341 0.0569149851799011 0.0275742691010237 -0.0141689907759428 0.0935470908880234 -0.0854464694857597 -0.0735874027013779 -0.0478489100933075 -0.306216478347778 -0.272828727960587 -0.00691173272207379 0.0044201547279954 -0.0180494990199804 -0.107251696288586 -0.0981293246150017 0.0209937281906605 -0.0217201113700867 -0.00359988282434642 0.119281761348248 0.151068359613419 0.436701476573944 0.41479903459549
-6.12239018664695e-05 -0.0338531620800495 0.0554119721055031 0.331208199262619 0.19003988802433 -0.0555062294006348 -0.0876171961426735 0.101547464728355 0.0520018935203552 0.0130188688635826 -0.0888388752937317 0.220958694815636 0.0614805370569229 0.0208812206983566 0.0591684877872467 -0.296695977449417 0.0630349144339561 0.163763180375099 0.070296086370945 0.0572099722921848 -0.00187331764027476 -0.0708737224340439 0.0269962623715401 -0.0495977886021137 0.00593156181275845 0.171318605542183 0.0267766304314137 -0.00204844609834254 -0.102757923305035 0.0216686818748713 -0.220826134085655 0.0135102588683367 -0.0882851183414459 0.106975436210632 -0.0459677614271641 0.157809838652611 0.0210324116051197 -0.0107691558077931 0.165765687823296 0.255646854639053 0.234786033630371 0.280033886432648 0.420344799757004
0.221096560359001 0.00754043972119689 -0.161273717880249 0.00574096525087953 -0.0505514368414879 -0.246041476726532 0.00595803977921605 -0.128348425030708 -0.0478638410568237 0.0978955626487732 -0.1679477840662 0.219111293554306 -0.0446595177054405 -0.221706584095955 -0.158605650067329 0.147222489118576 -0.136475637555122 -0.111991107463837 -0.132369786500931 -0.0548543371260166 -0.0586165077984333 -0.0315232202410698 -0.149998188018799 0.0148079879581928 0.00665247952565551 0.0757262036204338 -0.15343901515007 0.150613591074944 -0.0986814200878143 -0.0208460614085197 -0.159367457032204 0.0417114943265915 -0.181043118238449 -0.12681220471859 -0.0818172320723534 0.260886818170547 0.057230032980442 0.082115538418293 0.116907067596912 0.231328308582306 0.231772318482399 0.315845787525177 0.328266561031342
0.2679343521595 -0.130534291267395 0.177632734179497 -0.144010543823242 0.19420762360096 -0.0220130626112223 0.159510463476181 -0.185173511505127 0.14808514714241 0.0368754044175148 0.310782372951508 0.140893042087555 -0.0739509835839272 0.096591591835022 -0.0887352973222733 0.286977201700211 -0.0287496149539948 0.0553570054471493 0.102781340479851 0.0218228586018085 -0.0637805312871933 0.239209175109863 0.0210209414362907 0.0241040699183941 -0.131763502955437 -0.00507505889981985 -0.0846192911267281 0.111158221960068 -0.0239218417555094 0.130000695586205 -0.265691310167313 -0.0793211981654167 0.0635684356093407 -0.00323000550270081 -0.0450363866984844 0.270294010639191 -0.184350371360779 0.058798361569643 0.285728275775909 0.153328746557236 0.230172947049141 0.259147524833679 0.572432160377502
0.211743399500847 0.0931137427687645 -0.0410466305911541 0.108728229999542 0.149167522788048 -0.141080945730209 -0.0079295476898551 -0.06998261064291 0.0562674850225449 -0.21951650083065 0.0502191632986069 -0.11334016174078 -0.155566617846489 -0.0811237096786499 -0.187807008624077 0.176052808761597 -0.409821331501007 0.158501103520393 0.247887700796127 0.243100211024284 -0.174052312970161 0.15004551410675 0.0608971752226353 0.00667095184326172 0.0580586716532707 -0.225623100996017 -0.239579766988754 -0.117706321179867 0.0429712533950806 -0.0993800237774849 0.027088126167655 0.170304670929909 0.26397767663002 -0.246403694152832 -0.00932727381587029 -0.101503163576126 -0.0911083519458771 -0.055623471736908 0.0183777865022421 -0.0359199978411198 0.150556638836861 0.484470009803772 0.279279321432114
0.251716107130051 0.0289916172623634 -0.00211679190397263 0.166159883141518 0.150348320603371 -0.0248461607843637 -0.0224558413028717 -0.198694184422493 -0.100843109190464 0.0406846553087234 -0.0953692495822906 0.20353065431118 0.208533808588982 0.0578843615949154 -0.033794641494751 0.0229227840900421 0.0459307841956615 -0.109593406319618 0.0384371690452099 -0.152413338422775 0.177662789821625 0.138394922018051 -0.127496138215065 0.215526878833771 0.143628656864166 0.0430765151977539 0.0903818607330322 0.0833244770765305 1.57100821525091e-05 -0.0564403459429741 -0.126961648464203 0.134633436799049 -0.0327915623784065 0.0069253402762115 0.161369994282722 0.0538053624331951 0.199597805738449 0.152660727500916 -0.163192972540855 -0.174888432025909 0.016100762411952 0.190567702054977 0.370533645153046
0.293968707323074 0.0227568205446005 0.0932608619332314 -0.101686500012875 -0.0600778833031654 -0.00832960475236177 -0.0483935438096523 0.017031516879797 -0.0822856277227402 -0.256050586700439 -0.218945354223251 0.02210065536201 -0.315809309482574 0.0631764903664589 0.0931973680853844 -0.0481927208602428 -0.196884378790855 -0.221574380993843 0.0303635857999325 -0.132684156298637 0.106828808784485 -0.11436428129673 -0.145214468240738 0.242687031626701 0.125455379486084 -0.0391796082258224 0.130759462714195 -0.227357223629951 0.034025464206934 -0.0136008337140083 -0.0861320421099663 0.0799997001886368 0.0427450053393841 -0.136357024312019 -0.0404584147036076 0.0512762144207954 0.160085618495941 -0.0214945804327726 0.0866043567657471 0.187708392739296 0.163745000958443 0.210878700017929 0.126823678612709
-0.0348519012331963 0.207338064908981 0.0274586733430624 0.169640898704529 0.0319520384073257 -0.0180622525513172 -0.277782440185547 0.0391429513692856 0.252968043088913 -0.348940551280975 0.15909731388092 -0.113292165100574 -0.118083417415619 0.0965737774968147 0.0406926870346069 0.126131653785706 0.0870032608509064 -0.0138565599918365 0.198761105537415 -0.08145921677351 -0.0604923367500305 0.140572756528854 0.128451481461525 0.096795916557312 0.114161521196365 0.0373189151287079 -0.0117585901170969 0.00353960948996246 0.137769520282745 -0.174337759613991 -0.00101112993434072 0.0707731395959854 0.200743466615677 0.0391054674983025 -0.28442594408989 -0.0389181263744831 0.355465322732925 0.0346313528716564 0.325433403253555 0.0362228341400623 0.337582409381866 0.322213351726532 0.0606991127133369
-0.0779388919472694 0.035674549639225 0.0325235426425934 0.0580940954387188 0.0044072070159018 0.0317925475537777 -0.147561371326447 0.024334441870451 -0.302089393138885 0.0125144887715578 -0.212576165795326 -0.021804966032505 -0.166700348258018 0.0591436326503754 0.106261216104031 0.0748051032423973 0.0032530203461647 0.0511608049273491 0.193860784173012 0.0772140771150589 0.199122846126556 -0.0232591424137354 0.166063025593758 0.0447823293507099 0.0940297544002533 0.218340277671814 -0.0849753171205521 -0.0407830737531185 -0.13696625828743 0.205141469836235 0.0201627817004919 0.0471261329948902 0.0569879151880741 0.681463778018951 -0.109735384583473 0.0527744516730309 0.0212835874408484 -0.057551383972168 -0.0408423766493797 -0.057209350168705 -0.0141013488173485 0.218101516366005 0.287500321865082
-0.0362456887960434 -0.0743440836668015 -0.378324389457703 -0.146905139088631 0.0331525169312954 -0.0731247067451477 0.0954311043024063 0.0596403107047081 0.0208252482116222 0.208231672644615 0.0438735485076904 0.0224256757646799 -0.0988008677959442 -0.0454171746969223 -0.0925692990422249 0.152694940567017 -0.123114362359047 0.168818935751915 0.164573326706886 0.127977818250656 0.122307069599628 -0.0705861002206802 -0.346687227487564 0.0814663171768188 -0.19137179851532 -0.00204321322962642 -0.342774987220764 -0.243180155754089 -0.0698609948158264 0.139504447579384 0.0824760794639587 0.0956740826368332 -0.0998299643397331 0.162515982985497 -0.274284243583679 -0.0276956204324961 0.044164277613163 -0.190751910209656 0.00797800254076719 -0.0238295700401068 -0.0886978581547737 0.145960941910744 0.311327874660492
0.0266964584589005 -0.134081929922104 -0.299631655216217 -0.0659018829464912 -0.278578221797943 0.0736210718750954 0.0171576235443354 -0.0827401280403137 -0.0130859538912773 -0.524209082126617 0.073577344417572 -0.353598117828369 -0.210745885968208 0.0984024778008461 -0.0410336032509804 0.385615915060043 -0.0657564178109169 0.38377645611763 0.155145347118378 0.273890852928162 -0.0834791958332062 0.0361658930778503 0.00973066687583923 0.193027913570404 -0.046190433204174 -0.125562816858292 -0.134212851524353 0.0500018745660782 0.137739077210426 -0.0938912779092789 -0.0857202857732773 -0.110175013542175 0.0656129494309425 0.382420897483826 -0.0496500357985497 -0.18798092007637 -0.122954316437244 -0.180543959140778 0.0199569184333086 0.531584620475769 -0.0159409213811159 0.0156808532774448 0.328764826059341
-0.108152687549591 -0.160731807351112 0.0370675064623356 -0.132040426135063 0.0769404247403145 0.17931093275547 0.247108936309814 -0.109283640980721 -0.109948419034481 -0.161647528409958 0.130196765065193 0.0933689177036285 -0.173609301447868 -0.559751033782959 0.0862496122717857 -0.0255539603531361 0.155335068702698 0.0655308216810226 0.0804421231150627 -0.117019422352314 -0.0319711267948151 -0.0236424133181572 0.0369995310902596 0.0965080931782722 -0.2108543664217 -0.0568768978118896 0.263310670852661 -0.109615780413151 -0.141811102628708 -0.0314834527671337 -0.0689499229192734 0.00822090823203325 0.369440019130707 -0.000121573604701553 0.00997188687324524 0.0568013377487659 -0.330918699502945 0.280518352985382 0.278377383947372 -999 0.136051431298256 0.153167828917503 0.39775088429451
-0.0636052042245865 0.243295654654503 -0.0658022463321686 0.0486113466322422 0.119267784059048 0.194075629115105 0.343461602926254 0.0379779860377312 0.187780037522316 0.0551015436649323 -0.0382564142346382 -0.187132447957993 0.0837174654006958 0.118372939527035 0.280143857002258 0.0918800681829453 -0.306767135858536 -0.0905730277299881 -0.237729325890541 0.00365696637891233 0.0223768502473831 -0.220928341150284 0.19666762650013 0.0981282144784927 0.0135794756934047 -0.125637665390968 -0.101234599947929 0.146997287869453 -0.161908909678459 -0.231633365154266 0.111408673226833 -0.163620889186859 -0.0128779113292694 -0.1181880235672 -0.0794873908162117 -0.0658396184444427 -0.164355292916298 -0.00566537352278829 0.586278855800629 -999 -0.182106867432594 0.304073452949524 0.156836807727814
0.0163951348513365 -0.0230914149433374 0.0316006019711494 0.331080734729767 -0.128678172826767 0.0685166344046593 -0.0457594394683838 -0.271706283092499 -0.420558929443359 0.0291665457189083 -0.0100219724699855 0.00654591247439384 0.125203877687454 -0.143619701266289 -0.0799820646643639 -0.274562299251556 0.15511254966259 0.0251103304326534 -0.178235277533531 0.0608224831521511 -0.247382596135139 -0.0278095528483391 0.031628180295229 -0.185747057199478 0.0798681601881981 0.190373241901398 0.12656207382679 0.220528692007065 -0.278388321399689 0.0774241238832474 -0.196840956807137 0.00196486711502075 -0.23492032289505 0.268220335245132 -0.620421648025513 -0.146800264716148 -0.0594687610864639 -0.360535055398941 -999 -999 0.0774884819984436 0.180657684803009 0.227869793772697
0.397785812616348 -0.066680446267128 -0.0688929185271263 0.208294555544853 0.0508986338973045 -0.0194465816020966 0.0784941837191582 -0.12242615967989 -0.0722242593765259 0.226152583956718 0.038533691316843 -0.187884375452995 -0.268492758274078 0.0951786041259766 -0.100336916744709 0.0272552110254765 -0.014962762594223 -0.0379246696829796 0.0956388413906097 0.0399882830679417 0.0913654640316963 -0.0913514122366905 -0.0634425431489944 0.0576578266918659 0.0726116374135017 -0.0885879918932915 0.357329547405243 0.088901698589325 -0.219376862049103 -0.236412510275841 0.449466973543167 0.00322329998016357 -0.0362297594547272 -0.124177075922489 0.127206012606621 0.131114766001701 -0.0636463984847069 0.202329635620117 -999 -999 -999 0.467690706253052 0.0926298871636391
-0.0949563160538673 0.819721281528473 -0.0145494965836406 -0.156606569886208 -0.0164311341941357 -0.113425314426422 -0.202626064419746 -0.0861783847212791 -0.122831955552101 0.167796581983566 -0.121118880808353 0.0535336583852768 -0.138747811317444 -0.145093649625778 0.163570806384087 0.00112448935396969 -0.448999673128128 -0.0684175938367844 -0.0116314869374037 0.0109252016991377 -0.299682885408401 -0.324662685394287 0.00765575468540192 -0.304340064525604 -0.0614539720118046 -0.429976731538773 -0.00215012137778103 0.185822233557701 0.0511737763881683 0.146491035819054 0.10644193738699 0.231273159384727 0.169609889388084 0.0167293846607208 -0.163441866636276 0.0907015204429626 0.0232959184795618 -0.236133828759193 -0.107146821916103 0.439929842948914 -0.234190374612808 -999 0.105364210903645
