assets/gome_f/processed/ascii/world/gome_sif_world_20110201.asc
NCOLS 720 
NROWS 360 
XLLCORNER -180 
YLLCORNER -90 
CELLSIZE 0.5 
NODATA_value -3.4e+38 
[rows 133 to 151 of 360, columns 129 to 171 of 720]
0.118217058479786 -0.0590359419584274 -0.0435747280716896 0.146336764097214 0.0296616163104773 0.00374724948778749 0.00815245788544416 0.00257200980558991 -0.0262213293462992 0.00405311118811369 -0.0220745727419853 0.0542063228785992 0.00198827125132084 -0.00163722957950085 0.0238627232611179 -0.0836310908198357 -0.00805489905178547 -0.00358273088932037 0.0531669482588768 0.0741072148084641 0.157050505280495 0.164177283644676 0.0444786660373211 0.0807285383343697 -0.00850200746208429 -0.00670856796205044 0.0756985545158386 0.0371481738984585 0.0546651631593704 0.0330737568438053 -0.00564725557342172 0.105071537196636 0.161368817090988 0.120438568294048 0.0690359845757484 0.170492589473724 0.0325384065508842 0.0603764094412327 -0.0223066154867411 -0.0632854625582695 0.0795382708311081 -0.0523441024124622 0.0388695560395718
0.0739870220422745 0.0138618405908346 -0.0427776463329792 -0.0543335676193237 0.070805124938488 0.0426384136080742 0.00480131804943085 0.00147995888255537 0.0126063050702214 -0.0187111105769873 0.0042120679281652 0.0347754955291748 -0.0320563018321991 0.058471817523241 0.00516298087313771 -0.0536102578043938 0.0462749674916267 -0.00555365718901157 -0.063461497426033 0.0474593490362167 0.149686709046364 0.114755854010582 0.063361294567585 0.0660356730222702 0.0950350388884544 0.00273336982354522 0.0679352730512619 -0.0345233008265495 -0.00237502227537334 0.15129691362381 0.104305125772953 0.108474411070347 0.075103260576725 -0.0555947087705135 0.156299337744713 0.0747935250401497 0.0196477063000202 0.0926515609025955 -0.0347151830792427 0.00734554650261998 -0.0546432062983513 -0.0455804169178009 -0.0112079819664359
-0.0351762995123863 0.0258292965590954 -0.0569579973816872 0.0369074419140816 -0.00751057080924511 0.00491631496697664 -0.0427605621516705 -0.0418251566588879 -0.045995619148016 0.00930216815322638 -8.70701842359267e-05 0.00882075540721416 -0.0099299605935812 -0.0224390365183353 0.0427910871803761 0.0581415705382824 -0.0771045163273811 0.0137466052547097 -0.0289933737367392 0.0188072733581066 0.163671508431435 0.161906868219376 0.101685807108879 0.0305021908134222 0.0985877960920334 -0.0421768724918365 0.047187365591526 0.129346013069153 0.109909795224667 0.120324678719044 0.157986283302307 0.187383115291595 0.0694177746772766 0.0817406699061394 0.169561296701431 0.0952899232506752 -0.00895288027822971 0.0327484011650085 0.032669972628355 0.0213692374527454 0.0515262186527252 -0.0249650906771421 0.0272704791277647
0.0756184831261635 -0.0237651858478785 0.0148864192888141 0.0118706040084362 -0.0270077586174011 0.0111653180792928 0.020001757889986 -0.103342652320862 0.0134868854656816 0.0400918535888195 0.0333119183778763 0.0411995500326157 0.00477848015725613 -0.00231517013162374 0.0343675725162029 0.0297467038035393 0.0425047874450684 0.00294126570224762 0.0623092278838158 -0.0118698962032795 0.120341204106808 0.171213671565056 0.166725352406502 0.074953481554985 0.14253731071949 0.0599358342587948 0.126656949520111 0.0925774797797203 0.128795310854912 0.112868338823318 -0.0446927174925804 0.102142482995987 0.189577877521515 0.0402123741805553 0.214784502983093 0.150561541318893 0.138120219111443 0.0461277551949024 0.0522993579506874 -0.0375433601438999 0.0923009142279625 -0.00346828461624682 -0.0994884595274925
0.0147556131705642 -0.0618846826255322 -0.0284297280013561 0.0172403790056705 0.00405180640518665 0.0120239481329918 0.0308416485786438 0.0164772514253855 0.0123748062178493 -0.0203697215765715 0.0407166257500648 0.0781711861491203 -0.0463334731757641 -0.00862723216414452 0.0216831061989069 0.0577545017004013 0.00471319444477558 -0.0765229389071465 -0.0169212073087692 -0.077271394431591 0.0486393086612225 0.238388031721115 0.129576072096825 0.0685161873698235 0.0831495970487595 0.104850314557552 0.165203586220741 0.0256666336208582 0.037022590637207 0.0594178177416325 0.070329561829567 0.0756980776786804 0.182926923036575 0.273590534925461 0.287559926509857 0.29644650220871 0.129168570041656 -0.00546158477663994 -0.0289108213037252 0.068573035299778 0.0258537791669369 -0.0233175195753574 -0.118046596646309
-0.0420627743005753 -0.0776308923959732 0.0242253690958023 -0.0546567738056183 -0.0218174979090691 0.0613965466618538 -0.0200962722301483 -0.0121533768251538 -0.0183598753064871 0.0557086728513241 -0.0273753758519888 0.0675518214702606 0.03547602891922 0.0456774197518826 0.0647290945053101 -0.000412036664783955 0.0123239019885659 0.0834230482578278 -0.0694679245352745 0.000640613667201251 0.0845049917697906 0.193011298775673 0.14746205508709 0.0675136372447014 0.0599768944084644 0.0539713054895401 0.0705296546220779 0.179219603538513 0.180495545268059 0.105803273618221 0.0899934694170952 0.133708879351616 0.150945663452148 0.312651246786118 0.157384544610977 0.243113175034523 0.315852761268616 0.113630078732967 -0.0232004150748253 -0.034028697758913 -0.0439805015921593 0.0119395274668932 -0.0281650722026825
0.0487329177558422 -0.0437439940869808 -0.0626756027340889 -0.0130732264369726 0.107792712748051 0.0306411515921354 0.00989289861172438 0.0343587771058083 -0.00137043988797814 -0.00652246177196503 -0.019250750541687 -0.00455562630668283 -0.00444879848510027 0.00299962423741817 0.003750404343009 0.061933446675539 -0.0425826162099838 -2.6110146791325e-06 0.00824773870408535 0.0595850795507431 0.0795707851648331 0.133040443062782 0.128533184528351 0.0774335712194443 0.069399282336235 0.125835791230202 0.181317046284676 0.168838188052177 0.228762805461884 0.112224578857422 0.0915492027997971 0.0652373731136322 0.158408671617508 0.152680635452271 0.0854574963450432 0.09943488240242 0.195911347866058 0.14920836687088 0.025738587602973 0.0501543916761875 -0.0196770299226046 -0.0475946553051472 0.0653239041566849
0.0162352994084358 -0.0694587305188179 -0.126977205276489 0.0676458701491356 0.0537696368992329 -0.00432166084647179 0.0188256818801165 0.0270899925380945 0.02053327485919 -0.0514459982514381 0.00160453200805932 -0.0638433247804642 0.025117414072156 -0.078743077814579 0.0236074961721897 -0.0812971442937851 -0.00488169444724917 -0.0484279878437519 -0.0206973236054182 0.0171969849616289 0.0914657339453697 0.16022452712059 0.195718452334404 0.18418300151825 0.152324467897415 0.150431141257286 0.132229462265968 0.163669034838676 0.0932033881545067 0.103886350989342 0.149696364998817 0.0813140347599983 0.0684003233909607 -0.00277030910365283 -0.037898126989603 0.174389645457268 0.178430870175362 0.198013141751289 0.0186331626027822 0.00240425951778889 -0.0970560312271118 -0.00529259769245982 0.0191694833338261
0.0494961738586426 0.0258404146879911 0.0112111503258348 0.00668881833553314 0.0133419958874583 0.0477816052734852 -0.0363011620938778 0.0667724460363388 -0.0240375716239214 0.0635809823870659 0.0657297447323799 -0.048783753067255 0.02781106159091 0.0023579434491694 0.0299350917339325 0.038053710013628 0.00777278048917651 0.00984371453523636 0.0180134158581495 -0.0227681454271078 0.0182212423533201 0.0640866309404373 0.0928504392504692 0.196536511182785 0.20371250808239 0.205114960670471 0.0922850072383881 0.187678799033165 0.135256454348564 0.0663779675960541 0.210408762097359 -0.00800447259098291 0.10488173365593 0.152940943837166 0.0382844842970371 0.0777141973376274 0.0539351888000965 0.215089946985245 0.169016420841217 -0.0285664964467287 0.0215691607445478 -0.000742428237572312 0.0210914425551891
-0.00597595795989037 -0.000891534495167434 0.0572930090129375 0.0184292290359735 -0.0076705114915967 0.00787042267620564 0.0569228976964951 0.00925798341631889 0.031242236495018 -0.0848103761672974 -0.000625102547928691 0.0338949225842953 -0.0623151175677776 -0.0187914166599512 0.0579545460641384 -0.0812524482607841 -0.0150407552719116 0.00341783347539604 -0.0120507618412375 0.0159616116434336 -0.0606372468173504 0.0100194122642279 0.0402706675231457 0.0742415487766266 0.176012516021729 0.194892317056656 0.0715803802013397 0.0945345535874367 0.0806515142321587 0.11204632371664 0.0812908038496971 0.0916813611984253 0.0912956595420837 0.109433315694332 0.116589531302452 0.110241338610649 0.129807502031326 0.242165639996529 0.111702099442482 0.199356630444527 0.367512255907059 0.112941771745682 0.0333734899759293
0.0644932463765144 -0.0208977051079273 -0.0398819632828236 -0.0305137038230896 -0.0559926889836788 0.0143750663846731 0.0356677547097206 -0.0595008209347725 -0.0195374749600887 0.133861944079399 -0.027837835252285 -0.0422922223806381 -0.0572604537010193 0.0658664554357529 0.0576615929603577 0.0201996527612209 -0.0461252890527248 0.035616472363472 -0.0586451999843121 -0.0304818209260702 -0.0382927134633064 0.0625782012939453 0.0331380106508732 0.000964624341577291 -0.0199946872889996 0.139279052615166 0.122975714504719 0.173330590128899 0.14385050535202 0.142712622880936 0.0709211453795433 0.104789979755878 0.107665672898293 0.0691217109560966 0.016428280621767 0.136230364441872 0.0852389335632324 0.257323384284973 0.253909587860107 0.482327252626419 0.552012383937836 0.260717034339905 0.362458169460297
0.0123616047203541 0.0367957875132561 0.03013383038342 -0.119318284094334 -0.0109162358567119 -0.0294362846761942 -0.0275657493621111 0.0421964079141617 -0.043721292167902 -0.0184463355690241 0.00779602956026793 0.0161898955702782 -0.00270396750420332 -0.0198123957961798 -0.0161846484988928 0.0132949315011501 0.0818273350596428 -0.0565254390239716 0.0304501540958881 0.054240208119154 -0.0266909301280975 0.0230506975203753 0.0715533494949341 0.00966465752571821 -0.0233441479504108 0.0326005667448044 0.0338952392339706 0.0570567697286606 0.176087707281113 0.263383716344833 0.164728984236717 0.158907920122147 0.157438591122627 0.109294161200523 0.0197547022253275 0.103276468813419 0.163351148366928 0.190735667943954 0.304020881652832 0.456409156322479 0.606379866600037 0.50186425447464 0.527098953723907
-0.0147382719442248 -0.118387036025524 0.0197328291833401 -0.0523756965994835 0.064759872853756 0.00918908137828112 0.018681276589632 0.016710514202714 0.0534169152379036 -0.0216872747987509 0.0459494031965733 -0.00125284492969513 0.015175299718976 -0.0288673844188452 0.0177992824465036 -0.0145804341882467 0.0301950089633465 -0.000905883847735822 -0.0900479704141617 0.0574384815990925 0.0314888581633568 0.0180018525570631 0.0444288365542889 0.0120283104479313 0.049409706145525 0.0046499534510076 -0.061395388096571 -0.0444963164627552 -0.00242407037876546 -0.0234614051878452 0.248981043696404 0.172839358448982 0.211205765604973 0.161250084638596 0.270082056522369 0.156413644552231 0.107273310422897 0.178367242217064 0.111601553857327 0.382767289876938 0.495120316743851 0.64025866985321 0.423137485980988
0.0467203743755817 0.00784968677908182 0.00377441151067615 0.059969823807478 -0.0605065189301968 -0.0158960297703743 0.0463712550699711 0.0665431693196297 0.0186586081981659 0.0493724979460239 -0.0370535477995872 -0.0204642899334431 -0.000746844743844122 -0.0942027270793915 0.0097364392131567 -0.00423750653862953 -0.0373452864587307 0.0288554187864065 0.0183509681373835 0.0439094118773937 0.0350849963724613 0.0123715223744512 -0.0431920029222965 0.0191966500133276 -0.0799776613712311 -0.0105406614020467 -0.0316772423684597 -0.0153609365224838 0.00605998886749148 0.0790770351886749 0.0770599991083145 0.0657662972807884 0.097570613026619 0.198682874441147 0.312139123678207 0.239686220884323 0.147303611040115 0.176991313695908 0.138648599386215 0.0300305001437664 0.290705680847168 0.271904855966568 0.385398268699646
0.144668951630592 -0.0455802343785763 -0.00604227185249329 0.0103488508611917 0.117973409593105 0.0534304082393646 -0.0665276646614075 0.0251282248646021 0.0748979598283768 -0.0943869575858116 0.00683681946247816 -0.0519189424812794 -0.0625584051012993 0.0641756132245064 0.0558591224253178 -0.0440627075731754 0.00354776484891772 0.000608039263170213 -0.0277941636741161 0.0562183782458305 0.0197871010750532 0.0801365301012993 -0.0415143482387066 0.078218400478363 0.036485567688942 0.0230506751686335 0.0420297756791115 0.0333069376647472 -0.00502873351797462 0.0356885530054569 0.00526916654780507 0.042642205953598 0.00619200663641095 0.0144555242732167 0.0216698553413153 0.178466603159904 0.245029702782631 0.292671650648117 0.212935626506805 0.134205371141434 0.0539966933429241 0.0137212304398417 -0.0429616868495941
-0.0368417054414749 -0.0367877222597599 -0.00215580058284104 -0.00560291623696685 -0.0348730385303497 0.0269535947591066 0.117428682744503 0.0144360568374395 -0.0244048163294792 -0.0037487237714231 0.00804945360869169 -0.0674410611391068 0.0294277649372816 0.127834677696228 -0.0647394582629204 -0.0251297578215599 -0.0345472544431686 0.0676216557621956 0.0573531948029995 0.00938634946942329 0.037209190428257 -0.00845202151685953 -0.0130410445854068 -0.0375593490898609 0.0336029455065727 0.0464759059250355 0.0260935071855783 -0.0017874730983749 -0.124517858028412 0.0444470047950745 0.0165569502860308 0.0462177805602551 -0.0194442551583052 0.0260495617985725 0.0172889791429043 -0.0671270191669464 0.0462059862911701 0.11845801025629 0.208550900220871 0.035698190331459 -0.0434568226337433 0.0486509576439857 -0.0357247032225132
0.0627525970339775 -0.0119384750723839 -0.016568711027503 0.0872364714741707 -0.0496144071221352 -0.0707277283072472 0.0212271772325039 0.0319138094782829 0.0139309680089355 -0.0158459544181824 -0.0624281652271748 -0.00807012151926756 0.00334715913049877 -0.0518020465970039 0.0643592327833176 -0.0127406436949968 0.0578141547739506 -0.00270451162941754 0.00236754002980888 0.0219579711556435 0.0219851844012737 -0.0599056854844093 0.053903978317976 -0.00979176349937916 -0.0753378048539162 0.0149483093991876 -0.0215458311140537 -0.079501211643219 0.0025233228225261 0.0128293326124549 0.0505164340138435 0.0585581809282303 -0.0317870453000069 -0.0924680382013321 -0.0236698631197214 -0.0601128004491329 -0.00108476018067449 -0.0298193860799074 -0.0184189304709435 -0.00380322150886059 0.0302461758255959 0.0344812646508217 0.0320070087909698
-0.0858343541622162 0.0186995230615139 0.0501818731427193 -0.0211476292461157 0.000907872221432626 -0.11980327218771 -0.00199179328046739 -0.0067449975758791 0.0630487576127052 0.087207518517971 0.0201216712594032 -0.0176158137619495 0.00255718315020204 0.028866371139884 0.024989040568471 0.00374816567637026 0.0324423387646675 0.0301678124815226 0.0148404445499182 0.010609588585794 -0.000521721609402448 -0.0190790239721537 0.0352648012340069 0.0162953920662403 -0.0133241172879934 0.0412424243986607 -0.0588276572525501 -0.00671292236074805 -0.0454635545611382 0.0142681216821074 0.0108337355777621 -0.0447028987109661 -0.0707244649529457 0.0532416924834251 -0.0918573215603828 -0.0761563032865524 -0.00777221051976085 -0.0862145200371742 0.0425727628171444 0.001305295038037 0.0148519203066826 -0.0200750939548016 0.0331719778478146
-0.040463175624609 0.0140914665535092 -0.00604046229273081 -0.0259108543395996 0.0184374824166298 0.0298625342547894 -0.00412749359384179 0.0519008450210094 0.0127349961549044 0.00640589697286487 0.0310887936502695 -0.0452500879764557 -0.0459883809089661 0.101254522800446 0.0375432632863522 -0.0286273267120123 -0.0621683187782764 0.0380479730665684 0.0647073611617088 0.000707179890014231 -0.0650222450494766 -0.111983560025692 -0.0333381667733192 -0.00425036018714309 0.0383289232850075 -0.0138697195798159 0.0439784824848175 -0.00010816082067322 -0.00638704653829336 -0.0828271582722664 -0.0627186000347137 -0.013261690735817 0.0184870176017284 0.0212232805788517 -0.0164888650178909 0.00200816104188561 -0.0802239999175072 -0.0181057583540678 -0.0023036296479404 0.00660240883007646 -0.0104291802272201 -0.0367087237536907 0.0580843240022659
