assets/gome_f/processed/ascii/us/gome_sif_US_20130501.asc
NCOLS 116 
NROWS 53 
XLLCORNER -125 
YLLCORNER 24.5 
CELLSIZE 0.5 
NODATA_value -3.4e+38 
[rows 19 to 37 of 53, columns 0 to 43 of 116]
0.0115318624302745 0.179563626646996 0.384815633296967 0.489287137985229 0.239303633570671 0.307196289300919 0.318088620901108 0.350293815135956 0.199036806821823 0.25773549079895 0.0308343805372715 0.000362680351827294 0.0302389860153198 0.0225597601383924 0.109428770840168 0.115396812558174 0.121799670159817 0.195018261671066 0.156196668744087 0.102118812501431 0.115713715553284 0.198504790663719 0.081235870718956 0.106603592634201 0.217206656932831 0.0216123480349779 0.295328825712204 0.325530976057053 0.172830954194069 0.149906277656555 0.0222465451806784 0.0705919489264488 0.0233283173292875 0.128975763916969 0.0566248036921024 0.166044384241104 0.0310950167477131 0.0484874099493027 0.185660883784294 0.103852964937687 0.224104046821594 0.144358918070793 0.0826115533709526 0.184927076101303
0.0468997098505497 0.230357974767685 0.357611119747162 0.353294670581818 0.563584208488464 0.466132372617722 0.378563344478607 0.260827958583832 0.231043487787247 0.224368825554848 0.0363916493952274 0.116523571312428 -0.0390559211373329 0.0567775331437588 0.016497865319252 0.0639320388436317 0.116722233593464 0.145223408937454 0.112444303929806 0.1854248046875 0.063321478664875 0.0542955510318279 0.120391234755516 0.1062051653862 0.120358914136887 0.118619956076145 0.267115384340286 0.0710394158959389 0.112949803471565 0.137651830911636 0.125409692525864 0.127874329686165 0.0969451367855072 0.163377463817596 0.158029168844223 0.155634507536888 0.0750377625226974 0.178179651498795 0.0397683158516884 0.293818086385727 0.198963835835457 0.226147174835205 0.205645278096199 0.105587102472782
0.0946547910571098 0.094820611178875 0.325727850198746 0.358115136623383 0.321270346641541 0.371682018041611 0.270621538162231 0.337353020906448 0.23529464006424 0.149083018302917 0.0598784573376179 0.0418563149869442 0.0570804141461849 0.141851305961609 0.0472359172999859 0.0341274924576283 0.101161159574986 0.177330642938614 0.108270719647408 0.0490296818315983 0.0216631535440683 0.0706511810421944 0.0342052318155766 0.198720708489418 0.228305548429489 0.231865629553795 0.210232511162758 -0.0197646226733923 0.219730317592621 0.124068222939968 0.291194409132004 0.128185495734215 0.227448284626007 0.131903693079948 0.228484109044075 0.243915230035782 0.220689326524734 0.101734973490238 0.154876485466957 0.347334414720535 0.289168268442154 0.298226922750473 0.264696389436722 0.234157621860504
-0.0231042578816414 0.0371743999421597 0.306283444166183 0.362594962120056 0.287848949432373 0.262808829545975 0.403246492147446 0.382658392190933 0.358452975749969 0.210146173834801 0.134613767266273 0.0628257989883423 -0.0161367636173964 0.133872911334038 0.126870229840279 0.1095966771245 0.0411928966641426 0.0505222380161285 0.182106032967567 0.0621291883289814 0.137251242995262 0.182747378945351 0.103942863643169 0.0895686373114586 0.205430299043655 0.154861852526665 0.194941133260727 0.274872064590454 0.135178312659264 0.135622903704643 0.092074029147625 0.237777978181839 0.0989248305559158 0.119613811373711 0.151300832629204 0.24326303601265 0.0798265859484673 0.198276966810226 0.249895021319389 0.266698598861694 0.281247347593307 0.329348504543304 0.268543154001236 0.29253938794136
0.0877020359039307 0.00231090630404651 0.178711116313934 0.460808038711548 0.310220986604691 0.344068616628647 0.327634453773499 0.313917756080627 0.372316509485245 0.233177080750465 0.194719269871712 0.0621793121099472 0.112367056310177 0.13084602355957 -0.0136225474998355 0.146160751581192 0.0810848399996758 0.163881152868271 0.0496451891958714 0.112842977046967 0.213641807436943 0.134735777974129 0.0837782248854637 0.0882293060421944 0.211700603365898 0.167878031730652 0.203310400247574 0.112968847155571 0.165792435407639 0.211237087845802 0.156495630741119 0.189132258296013 0.141756907105446 0.247529536485672 0.196139588952065 0.185582056641579 0.111032217741013 0.143528237938881 0.0399269834160805 0.154079809784889 0.202232033014297 0.226845771074295 0.192488372325897 0.117182686924934
0.0665453970432281 0.039912074804306 0.0558997876942158 0.266055881977081 0.44585183262825 0.392369240522385 0.41723158955574 0.370835930109024 0.427964180707932 0.324989885091782 0.256873995065689 0.168277069926262 0.0199920553714037 0.00678692664951086 0.0631044059991837 0.0420085489749908 0.0930177122354507 0.129546344280243 0.222762912511826 0.0538407973945141 0.111316449940205 0.0282488353550434 0.190131217241287 0.114719495177269 0.220657706260681 0.226279109716415 0.0913741588592529 0.139452159404755 0.155365601181984 0.0675047785043716 0.0931550487875938 0.107929721474648 0.215870097279549 0.0617384277284145 0.197511121630669 0.0509950742125511 0.176018446683884 0.119028449058533 0.0866894796490669 0.0894998610019684 0.150595426559448 0.0641796588897705 0.037391621619463 0.161030620336533
-0.0511456355452538 0.0214108675718307 0.0272788722068071 0.018329506739974 0.218972280621529 0.385279655456543 0.360829800367355 0.367995500564575 0.32650101184845 0.419710516929626 0.164761900901794 0.17780964076519 0.0852744355797768 0.147143512964249 -0.0298731103539467 0.0817023664712906 0.136044695973396 0.132547825574875 -0.0144936321303248 0.109449632465839 0.264784008264542 -0.0473183654248714 0.138613566756248 0.157065823674202 0.114165335893631 0.167998537421227 0.133958622813225 0.0924355909228325 0.0308237317949533 0.0402444787323475 -0.0630597621202469 0.094764769077301 0.20509384572506 0.172169223427773 0.143432453274727 0.179057016968727 -0.0322225093841553 0.210825935006142 0.0744892358779907 0.0871481671929359 0.00262142927385867 0.000781961833126843 -0.00179907027631998 0.0353426970541477
0.0375326909124851 -0.050412978976965 0.0161530338227749 0.102924183011055 0.0838185399770737 0.251927018165588 0.211146593093872 0.493556380271912 0.27708226442337 0.343606919050217 0.277228802442551 0.141496032476425 0.137385562062263 -0.0330242328345776 0.0910143256187439 0.0162633415311575 0.004224868491292 0.111537270247936 0.136994153261185 0.147853940725327 0.173588037490845 0.118205718696117 0.108784802258015 0.245283395051956 0.200625821948051 0.255946606397629 0.086514838039875 0.0680553168058395 0.0893434137105942 0.102438405156136 0.117061093449593 0.0824288576841354 0.227238938212395 -0.0110500790178776 0.165438383817673 0.0879882052540779 0.0528301373124123 0.0893691554665565 0.159338623285294 0.123734198510647 0.152436718344688 0.0213022362440825 0.147601202130318 0.0512408316135406
0.0587454251945019 -0.0298285894095898 0.0199446380138397 0.00323127582669258 0.0138566214591265 0.236280664801598 0.192217692732811 0.391938358545303 0.246534898877144 0.367954254150391 0.387566357851028 0.285407781600952 0.144922167062759 0.214195668697357 0.0117744719609618 0.141351968050003 0.0628122836351395 0.031127417460084 0.106228210031986 0.132957354187965 0.0461427569389343 0.113755524158478 0.171150788664818 0.165117397904396 0.114688664674759 0.0992780029773712 0.107916466891766 0.138557627797127 0.000934748561121523 -0.0774580985307693 0.118889518082142 0.283710598945618 0.219841033220291 0.142026916146278 0.214645981788635 0.173117697238922 0.0690311342477798 0.117234416306019 0.0650474056601524 0.0299037434160709 0.0843121930956841 0.0266047138720751 0.0798486471176147 0.0283127892762423
0.0600878037512302 0.0234305206686258 -0.0303103365004063 0.0100102247670293 0.022968964651227 0.0155403045937419 0.235439509153366 0.252544343471527 0.220769748091698 0.292962431907654 0.431604981422424 0.323838829994202 0.233970627188683 0.122256502509117 0.0753865242004395 0.0595306307077408 0.0539803840219975 0.0025588795542717 -0.0270164702087641 0.00790188647806644 0.165187448263168 0.161616414785385 0.0831603333353996 0.0664482265710831 0.031730342656374 0.0578878074884415 0.0132278092205524 0.169616088271141 0.165383264422417 -0.0607062764465809 -0.0194124653935432 0.154276564717293 -0.0234611909836531 0.0986420139670372 0.179813504219055 0.140744730830193 -0.032141599804163 0.141347944736481 0.058798972517252 0.123928785324097 0.0806179493665695 0.163166910409927 0.0648534521460533 0.0180085748434067
0.120754562318325 -0.0359106995165348 0.00523993885144591 0.0304544717073441 -0.020773621276021 0.0241189152002335 0.178215056657791 0.206058084964752 0.158404871821404 0.139314293861389 0.362204015254974 0.439475774765015 0.264384150505066 0.196453645825386 0.0138504458591342 0.0848601311445236 -0.00951709318906069 0.0250575207173824 0.156236261129379 0.125360533595085 0.0813374370336533 0.14902326464653 0.0472666434943676 0.116745293140411 0.0703256726264954 -0.0161872375756502 0.12365685403347 0.0896512717008591 -0.014700616709888 0.145605698227882 0.0841332301497459 0.0784186348319054 0.0481199994683266 0.100696183741093 0.111073531210423 0.131975039839745 0.10334500670433 0.0639914348721504 0.159559801220894 0.0130893625319004 0.0965185537934303 0.0206237770617008 0.0522859953343868 0.0897978544235229
0.00518397567793727 -0.0721316188573837 0.0583153553307056 0.0951251089572906 0.118365824222565 0.0712724402546883 0.104860253632069 0.146183878183365 0.136211201548576 0.144874796271324 0.147231936454773 0.301753431558609 0.269734293222427 0.155982241034508 0.0269857905805111 0.000397136522224173 0.103350855410099 0.106683313846588 0.0237915758043528 0.150678068399429 -0.0439308434724808 0.108431190252304 0.216815710067749 0.0152218658477068 0.0348181091248989 0.101401671767235 0.0326962135732174 0.0884259045124054 -0.0623220913112164 0.167218774557114 0.161145731806755 0.0843093991279602 0.103447280824184 -0.0554616637527943 0.00852386001497507 0.0609809458255768 0.086264468729496 0.159674748778343 0.0579881891608238 0.0191049426794052 -0.0316685885190964 0.0290071554481983 0.00468107499182224 0.0844032093882561
0.0100597534328699 0.0635782554745674 -0.00105239893309772 -0.00117528904229403 0.0417932458221912 -0.00513940909877419 0.011629375629127 0.0352474525570869 0.0822282806038857 0.126584395766258 0.126575693488121 0.222449362277985 0.173169583082199 0.0886841267347336 0.0918007791042328 0.115965381264687 0.144587084650993 0.000106967381725553 0.109772175550461 0.068231925368309 0.00976198446005583 0.0473807193338871 0.142484232783318 0.106029532849789 0.0816582292318344 0.208343252539635 0.168335691094398 0.0469865016639233 0.0601661466062069 0.0400159135460854 0.18837571144104 0.090433768928051 0.153679460287094 -0.0443191453814507 0.0454749502241611 -0.0732530578970909 0.0388139672577381 0.114120453596115 -0.0521785989403725 0.127261474728584 0.0724861323833466 0.0392234213650227 -0.0567118972539902 0.0186858382076025
0.0304500535130501 0.0100684408098459 0.0541476048529148 0.132041543722153 0.117780677974224 0.0204686596989632 0.0692140311002731 0.098745159804821 0.065066359937191 0.210780516266823 0.083416186273098 0.247677579522133 0.228691533207893 0.119111053645611 0.0030120313167572 0.116504959762096 0.0532652661204338 0.0827467665076256 -0.001000264310278 -0.108894348144531 0.057951558381319 0.0791420638561249 0.158711671829224 0.231840237975121 0.138409689068794 0.168591037392616 0.0207392740994692 0.122717335820198 0.0443638116121292 0.0476910769939423 0.047064695507288 0.0715527683496475 0.00275089545175433 0.0121632311493158 0.0765311643481255 0.0222701821476221 0.0729667395353317 0.115447603166103 -0.031329307705164 0.00208151573315263 0.112934954464436 0.00371758919209242 0.114431090652943 0.0439120419323444
-0.0521957576274872 0.0341412425041199 0.0306706111878157 0.0025805332697928 0.0681990087032318 -0.0946770533919334 -0.0173407234251499 0.0219872631132603 0.066609188914299 0.043652169406414 -0.0636128112673759 0.132964804768562 0.0573131218552589 0.170635014772415 0.272622138261795 0.108265794813633 0.0707996040582657 0.0282654725015163 -0.0156281106173992 0.0748409032821655 0.18270069360733 0.0327310636639595 0.216770172119141 0.0993754789233208 0.133478924632072 0.19022211432457 0.360690891742706 0.22471410036087 0.105989940464497 0.183897837996483 0.100648254156113 -0.0500360056757927 -0.00198303069919348 0.0690213590860367 -0.00864903163164854 0.00278547452762723 0.0910094529390335 0.0839609578251839 -0.0383575037121773 0.110800936818123 0.0237290281802416 0.0703852996230125 0.156382322311401 0.164480626583099
0.0209389608353376 0.19187305867672 0.0228906646370888 0.225995033979416 0.0380491986870766 0.0508530884981155 -0.0530458129942417 0.0245806276798248 0.036424346268177 0.102561287581921 0.130428165197372 -0.0237444490194321 0.0357374921441078 0.0528277605772018 0.206544741988182 0.200870886445045 0.178955391049385 0.0529095828533173 0.0433526635169983 0.0623414851725101 0.0295597668737173 0.104252316057682 0.173981115221977 0.135758683085442 0.210893586277962 0.128645241260529 0.237100750207901 0.297007352113724 0.224643781781197 0.232471942901611 0.241280987858772 0.140655010938644 0.0929911136627197 0.00652267504483461 0.103832423686981 0.0820321291685104 0.194225311279297 0.0084462920203805 -0.0207383669912815 0.00940981507301331 0.0685252696275711 0.105227582156658 0.000889214512426406 0.14739690721035
0.109607525169849 -0.0058623836375773 -0.00851806439459324 -0.0569189116358757 -0.134802550077438 0.0156841780990362 -0.00922143179923296 0.0655693709850311 0.103663399815559 0.0353503972291946 0.100749105215073 0.0549530200660229 0.0903082340955734 0.0602757297456264 0.0598145984113216 0.211087420582771 0.318921208381653 0.168794944882393 0.233182311058044 0.188389614224434 0.21635003387928 0.112886264920235 0.0938176959753036 0.0432918071746826 0.113757416605949 0.167115300893784 0.23478889465332 0.146274879574776 0.220977947115898 0.111028529703617 0.243460431694984 0.162222906947136 0.200185269117355 0.116330720484257 0.178497940301895 0.0550895929336548 -0.10560604929924 0.110317803919315 0.104256495833397 0.233233764767647 0.123896822333336 0.00604499783366919 0.106503218412399 0.0540646128356457
-0.0129453474655747 0.129621535539627 0.228816360235214 0.00784175936132669 0.0900071933865547 -0.0314921177923679 -0.044061541557312 0.035669207572937 0.00382317672483623 0.0996641740202904 0.0755531191825867 0.0855429545044899 0.113768763840199 -0.0129495915025473 0.0368671454489231 0.114303521811962 0.16964153945446 0.0865974277257919 0.111607126891613 0.330268025398254 0.253487974405289 0.120251052081585 0.140872821211815 0.143925994634628 -0.00193583418149501 0.150651693344116 0.117530822753906 0.123474396765232 0.192688852548599 0.0729365348815918 -0.0354850068688393 0.102243162691593 0.186141446232796 0.150126531720161 0.0731835812330246 0.0671120956540108 0.00754055147990584 0.146217733621597 0.185209140181541 0.0720653012394905 0.0691651478409767 0.00490255141630769 0.0056961034424603 0.0377029478549957
-0.00367699353955686 0.0395985022187233 0.0119282156229019 0.0123476209118962 0.0889114588499069 -0.0327235832810402 -0.0540513470768929 0.125550106167793 -0.0580309666693211 0.047143742442131 -0.0924893021583557 0.0131511632353067 -0.1405328810215 -0.10522198677063 0.159805253148079 0.106300577521324 0.0474922358989716 0.131158202886581 0.0335268005728722 0.0583804324269295 0.0404605679214001 0.0857735350728035 0.0734394267201424 -0.00492945546284318 0.0806660130620003 0.040094155818224 0.130552962422371 0.163441047072411 0.13619139790535 0.127404674887657 -0.0801675319671631 0.0198717229068279 -0.012424630112946 0.0976985692977905 0.0468691252171993 0.0744009613990784 0.0828995555639267 0.16362789273262 0.170903190970421 0.0308342594653368 0.197985768318176 0.113519512116909 0.0622797012329102 0.0859979316592216
