assets/gome_f/processed/ascii/us/gome_sif_US_20120701.asc
NCOLS 116 
NROWS 53 
XLLCORNER -125 
YLLCORNER 24.5 
CELLSIZE 0.5 
NODATA_value -3.4e+38 
[rows 19 to 37 of 53, columns 0 to 43 of 116]
0.0458627752959728 0.23213455080986 0.538971483707428 0.574517607688904 0.498412132263184 0.456865310668945 0.341841369867325 0.259640097618103 0.224416464567184 0.250725120306015 0.0740353688597679 0.0333251059055328 0.0675418972969055 0.0516844876110554 0.0839119404554367 0.137540310621262 0.116524189710617 0.16251976788044 0.135610222816467 0.0412422865629196 0.0814352631568909 0.038303904235363 0.054303377866745 0.0613901540637016 0.139698028564453 0.191192492842674 0.260175406932831 0.30003958940506 0.188801661133766 0.178301259875298 0.010756853967905 -0.0140037564560771 0.105748422443867 0.18004597723484 0.137797638773918 0.185575798153877 0.184959635138512 0.225779786705971 0.096249133348465 0.0877906307578087 0.142357841134071 0.164818987250328 0.206037417054176 0.273835450410843
-0.00314263510517776 0.193673461675644 0.434220194816589 0.544230401515961 0.423076122999191 0.388898730278015 0.319816559553146 0.259610831737518 0.112882852554321 0.104905389249325 0.0379598364233971 0.0728625357151031 -0.00116015144158155 0.0104803452268243 0.0706719532608986 -0.0321130864322186 0.02366703748703 0.0347597301006317 0.0782839432358742 0.0958409905433655 -0.0170797202736139 -0.00401017675176263 0.157970026135445 0.142518386244774 0.102165758609772 0.141603454947472 0.34147971868515 0.359643220901489 0.353809386491776 0.238330170512199 0.250107944011688 0.22150681912899 0.0385847017168999 0.0561667643487453 0.133744105696678 0.292722851037979 0.359665274620056 0.318921089172363 0.253147929906845 0.184797346591949 0.222881972789764 0.161889001727104 0.187929719686508 0.242480561137199
0.188308328390121 0.230815038084984 0.476329296827316 0.454702883958817 0.433155804872513 0.329166144132614 0.437664121389389 0.362931609153748 0.288020193576813 0.191758289933205 -0.0314817018806934 0.0685468018054962 0.0964999794960022 0.0988293364644051 0.164617508649826 0.0638307854533195 0.0660723000764847 0.0659710392355919 0.063568539917469 0.0737613439559937 -0.0245364811271429 -0.0561684817075729 -0.00162197893951088 0.117205552756786 0.0051727625541389 0.1207594871521 0.386138081550598 0.431434988975525 0.269349038600922 0.180887416005135 0.166363403201103 0.00358448666520417 0.136014312505722 0.123341292142868 0.192286968231201 0.294845253229141 0.417207300662994 0.175429165363312 0.245684444904327 0.294175624847412 0.207998335361481 0.189957439899445 0.23883293569088 0.247529521584511
0.0904849767684937 0.12649604678154 0.319490760564804 0.455632150173187 0.387257933616638 0.420520633459091 0.524940729141235 0.468517869710922 0.402970969676971 0.278955906629562 0.12030228972435 0.0613961257040501 0.0938049331307411 0.0551485531032085 0.111699625849724 0.0332674533128738 0.245196551084518 0.100380048155785 0.0314921513199806 0.054511196911335 0.058944683521986 0.129485785961151 0.0739834979176521 -0.067554883658886 0.135318771004677 0.145513445138931 0.272899985313416 0.273135483264923 0.209249541163445 0.133475810289383 0.244477242231369 0.0786764025688171 0.0427534468472004 0.228315904736519 0.333937525749207 0.311029732227325 0.212430849671364 0.301415711641312 0.29775607585907 0.279043734073639 0.200575545430183 0.104850813746452 0.176902994513512 0.260750979185104
0.186103776097298 0.134956404566765 0.355349957942963 0.445782452821732 0.346002280712128 0.414928823709488 0.609121084213257 0.476802319288254 0.488198816776276 0.345415890216827 0.212944015860558 0.0764126032590866 0.0514590032398701 0.0673179551959038 -0.0163084417581558 0.00698478007689118 0.113722510635853 0.0910758227109909 0.146656557917595 0.0461674332618713 0.0479046441614628 0.0403992384672165 0.0165850762277842 -0.0278053041547537 0.0836621299386024 0.213617190718651 0.348562598228455 0.273880273103714 0.146125927567482 0.128226488828659 0.135555624961853 0.147622421383858 0.135959729552269 0.303315550088882 0.278871089220047 0.380614340305328 0.302493274211884 0.0279221553355455 0.101514339447021 0.197298631072044 0.237819686532021 0.114893816411495 0.106260851025581 0.0387924946844578
-0.00630693417042494 -0.0374689660966396 0.220602288842201 0.439311802387238 0.399205058813095 0.349552839994431 0.54689222574234 0.394491940736771 0.492074429988861 0.441828429698944 0.215099185705185 0.140878826379776 0.0521943643689156 0.0290990471839905 0.125391468405724 0.164833903312683 0.125912204384804 0.08473239839077 0.0678993239998817 0.0307198725640774 0.0193365886807442 0.127720400691032 -0.057823620736599 0.06820048391819 -0.14675897359848 0.321982145309448 0.184035092592239 0.142807230353355 0.195858106017113 0.015714630484581 0.0513514019548893 0.0752196907997131 0.137170433998108 0.126846969127655 0.304241806268692 0.363122969865799 0.218585580587387 0.177274033427238 0.0850215256214142 0.13728566467762 0.02474120631814 0.0835185125470161 0.0467919372022152 0.138869240880013
0.0801579803228378 -0.0345077663660049 0.125255689024925 0.252888381481171 0.271565318107605 0.327831149101257 0.323522061109543 0.397820711135864 0.256891071796417 0.446518093347549 0.178174957633018 0.207502320408821 0.0930049419403076 0.055128201842308 -0.0228176489472389 -0.0393914505839348 0.111468143761158 0.0439060218632221 0.0163899436593056 0.0239758379757404 0.033422265201807 0.138479113578796 0.143970534205437 0.186428487300873 0.102655507624149 0.254993826150894 0.0926803722977638 0.077812671661377 0.0664316415786743 -0.0390606112778187 0.0388762205839157 0.032698318362236 0.158549234271049 0.317381471395493 0.296153843402863 0.285239964723587 0.188249349594116 0.100526347756386 0.115839332342148 0.198505684733391 0.0861393213272095 0.106492437422276 0.0483735948801041 0.087258905172348
0.0995381847023964 -0.0223220251500607 -0.155658692121506 0.0311873257160187 0.0617013052105904 0.351940214633942 0.21080693602562 0.359195590019226 0.365828931331635 0.400412946939468 0.225863635540009 0.274314075708389 0.0992432981729507 0.0405254177749157 0.00498672295361757 -0.0528446771204472 -0.00314955692738295 0.0651707723736763 0.133735626935959 0.0118324039503932 -0.0242661572992802 0.121045827865601 0.08194500207901 0.198614060878754 -0.0578275620937347 0.185848832130432 0.0683130696415901 0.0895108282566071 0.0834983363747597 0.152130246162415 0.18796668946743 0.0375245437026024 0.149447023868561 0.31107622385025 0.256547659635544 0.211195856332779 0.220116034150124 0.247663974761963 0.239182218909264 0.229959845542908 0.134695574641228 0.0213363710790873 0.103415094316006 0.0729231387376785
0.214602828025818 -0.0631927698850632 -0.0466036945581436 0.155109211802483 0.0937468558549881 0.471749931573868 0.357249230146408 0.340903252363205 0.358172982931137 0.503745853900909 0.315843731164932 0.281999260187149 0.198789209127426 0.0515809319913387 0.0480729825794697 -0.0389942452311516 -0.051959291100502 -0.00515906792134047 -0.020030478015542 0.07213044911623 -0.0146587733179331 0.13984988629818 0.0398411899805069 0.239761233329773 0.101618081331253 0.0420675948262215 0.0154029047116637 -0.0231079254299402 0.0677123740315437 0.0367742814123631 0.0450943037867546 0.0500941202044487 0.220395922660828 0.186702162027359 0.195648938417435 0.331084102392197 0.348745942115784 0.186275854706764 0.303037941455841 0.250643283128738 0.257731378078461 0.039146963506937 0.12211687117815 0.133792147040367
0.0577524490654469 -0.0369425155222416 -0.126858830451965 -0.0349646881222725 0.0231588575989008 0.213798239827156 0.323453009128571 0.218081220984459 0.20577572286129 0.381911486387253 0.416501492261887 0.276704609394073 0.285728424787521 0.0852903947234154 0.0727313235402107 -0.00946123711764812 0.0181958302855492 -0.0520302541553974 0.103627681732178 0.0755399987101555 -0.058526411652565 0.0185638666152954 0.122858144342899 -0.0639510527253151 0.0708885565400124 0.169601082801819 0.0110892942175269 -0.0543087273836136 0.11746958643198 -0.0157407037913799 0.0158428624272346 0.00201569800265133 0.0171577483415604 0.116786852478981 0.0828026086091995 0.13632820546627 0.27093642950058 0.136893421411514 0.20458260178566 0.0639267563819885 0.175946205854416 0.0954224765300751 0.0848357900977135 0.110494285821915
0.0719513222575188 0.0964301079511642 -0.0318547859787941 0.11987641453743 0.193290576338768 0.121643580496311 0.330051898956299 0.301420956850052 0.136977657675743 0.188458502292633 0.51830381155014 0.457682073116302 0.359920710325241 0.122845053672791 0.00229535880498588 0.0550037585198879 -0.0627115815877914 -0.00764825521036983 0.0838477462530136 0.149450734257698 0.0232578720897436 -0.00616198778152466 0.0510068498551846 0.043246790766716 0.0541992634534836 0.124826237559319 0.080829918384552 0.0516636557877064 0.119861841201782 0.138404428958893 -0.0622434988617897 0.0880891755223274 0.0195825602859259 -0.0611342452466488 0.0604088790714741 0.132776290178299 0.296036452054977 0.0968002378940582 0.0949064940214157 0.18855693936348 0.165235310792923 0.0624442584812641 0.164741933345795 0.204832419753075
0.110172964632511 0.0258235707879066 0.222298309206963 0.0278004612773657 0.0916876420378685 0.0823344737291336 0.14390604197979 0.151949748396873 0.233181536197662 0.201592445373535 0.16652712225914 0.361469894647598 0.313810706138611 0.226215183734894 0.0182215869426727 0.0146990930661559 0.0427622273564339 -0.00462811067700386 0.0175329800695181 0.0113608026877046 -0.00120840151794255 0.012556916102767 0.144694030284882 0.0930345132946968 -0.107957489788532 0.0491079650819302 0.0310278311371803 0.102838017046452 0.0247885901480913 -0.0134497657418251 0.107034184038639 0.010053189471364 0.0462862253189087 0.0400361828505993 0.0835495293140411 0.100792475044727 0.172570437192917 0.063805028796196 0.137452930212021 0.109705358743668 0.117305561900139 0.138167396187782 0.119690716266632 0.111834660172462
-0.0776481181383133 -0.0624333024024963 -0.116074576973915 -0.0737442448735237 -0.0402687676250935 0.0978759005665779 0.0910679548978806 -0.0684709921479225 0.257348746061325 0.210893765091896 0.0552131161093712 0.251583963632584 0.290895640850067 0.122133128345013 0.0440351143479347 0.0638231188058853 0.15921625494957 0.022544777020812 0.0848033651709557 0.0485250726342201 0.0780095085501671 0.0839332863688469 0.0175865702331066 0.0242413822561502 0.0251368805766106 0.236810877919197 0.073766864836216 0.0564424656331539 -0.0216440260410309 0.0446785353124142 -0.024841446429491 0.081270657479763 0.093896821141243 0.0305717475712299 0.148123115301132 0.190154448151588 0.142983987927437 0.122383154928684 0.122091330587864 0.0958837047219276 -0.00744472164660692 0.0894183963537216 0.114898256957531 0.0609732680022717
-0.0779023244976997 0.0473098456859589 -0.0387098975479603 -0.0377499796450138 -0.0319111905992031 -0.0326085351407528 -0.036963414400816 -999 0.024811303243041 0.370030701160431 0.203476339578629 0.246086895465851 0.223609328269958 0.0655551999807358 0.159706369042397 -0.00151341629680246 0.0959737971425056 -0.0125531023368239 0.0415569730103016 0.0426676757633686 -0.0180000588297844 0.103315696120262 0.00399398244917393 0.133723229169846 0.121681250631809 0.057355847209692 0.115202262997627 0.153886646032333 0.161302804946899 0.0739865750074387 -0.151061087846756 0.00464702723547816 0.0469179712235928 0.0332265645265579 0.0965146496891975 0.159031957387924 0.0936675146222115 0.104534812271595 -0.0114293871447444 0.019628144800663 0.0112006152048707 0.0501057133078575 0.126311346888542 0.0700399726629257
0.168274715542793 -0.0292185507714748 0.172872632741928 -999 -0.0469415932893753 -0.110195867717266 -0.0789492428302765 0.0608488731086254 0.143089309334755 0.146645918488503 0.131597176194191 0.185318648815155 0.206317663192749 0.201200291514397 0.248242422938347 0.0705543011426926 0.10314454883337 0.0423400886356831 -0.0440517067909241 0.0148772355169058 0.0532233938574791 0.159053236246109 -0.0702652037143707 0.0921365171670914 0.239761114120483 0.112855367362499 0.158035725355148 0.179490610957146 0.0472063831984997 0.11001118272543 0.0905073061585426 0.1070796251297 0.0103814164176583 0.0968124270439148 0.0209717974066734 0.103016331791878 0.102736599743366 0.0766138881444931 0.070001408457756 0.0213320981711149 -0.0101396068930626 0.0441715829074383 0.0202892404049635 0.0671717673540115
-0.146582946181297 -999 0.105200462043285 -999 0.04566340893507 0.0121370814740658 -999 -0.103828780353069 -0.162097617983818 -0.00636181980371475 0.0134750166907907 -0.00810490921139717 -0.0252839736640453 0.133702650666237 0.211266413331032 0.107928670942783 0.123924270272255 0.00733807450160384 0.0175615753978491 -0.0425490625202656 -0.0213313139975071 0.06071787327528 0.0959075018763542 0.102105475962162 -0.0181238148361444 0.0738014578819275 0.0319429747760296 0.142319321632385 0.126435041427612 0.151064291596413 0.270498692989349 0.0372448712587357 0.132048085331917 0.0916611552238464 0.143913015723228 0.0594438202679157 0.0291516650468111 0.107934094965458 0.118489861488342 0.189233765006065 0.091194823384285 0.123564556241035 0.0915470570325851 -0.0286549217998981
-0.150125056505203 -0.195862084627151 -0.0708526149392128 -0.132203981280327 0.00964580476284027 0.0742982998490334 -999 -0.0675995498895645 0.0123883271589875 -0.291700810194016 0.193583369255066 0.0788747444748878 -0.0274898335337639 0.184734508395195 0.0338969156146049 0.0567136071622372 0.210787981748581 0.0514738745987415 0.0438809618353844 0.112911403179169 0.0213406831026077 0.0300336703658104 0.00948906410485506 0.048477403819561 0.167984798550606 0.145945489406586 0.261616468429565 0.164424240589142 0.163857579231262 0.277511060237885 0.0790377780795097 0.0135263008996844 0.185068383812904 0.140314623713493 0.0633368641138077 0.0787581279873848 0.0950025618076324 0.100434705615044 0.103686459362507 0.0601813606917858 0.0586233213543892 0.217123180627823 -0.0128814876079559 0.172287374734879
0.241100326180458 -0.118614219129086 0.0557920150458813 0.186762496829033 0.0836436748504639 0.0233909785747528 -0.155409276485443 0.114579178392887 0.186860784888268 0.169585049152374 0.299536198377609 -999 0.290690541267395 0.211286246776581 0.0674961656332016 0.0378339514136314 0.178123980760574 -0.0348324440419674 0.136269941926003 0.259069055318832 0.138591423630714 0.0805690735578537 -0.0621599219739437 0.125545382499695 -0.0238157995045185 0.141373381018639 0.113204583525658 0.113314062356949 0.131134837865829 0.0758656784892082 0.0927445143461227 0.0978519544005394 0.0702126398682594 0.053254708647728 -0.0832922533154488 0.0516001097857952 -0.0350498892366886 -0.00328824506141245 0.217137157917023 -0.0477239079773426 0.0999202355742455 0.0138361919671297 0.0400954559445381 0.133385464549065
0.350444555282593 -0.013564819470048 0.140716060996056 0.114092864096165 0.0312571935355663 0.135207548737526 -0.0332679189741611 -0.0789135694503784 -0.167100742459297 0.212519228458405 0.112861201167107 -999 0.1574746966362 -0.0983805358409882 0.0839274376630783 0.112415611743927 0.20836877822876 0.103557012975216 -0.0624231845140457 0.0145271187648177 -0.00414847303181887 0.0181113034486771 0.0429230518639088 -0.0283187534660101 0.0424862094223499 0.115380764007568 0.12810406088829 0.142751827836037 0.0402179658412933 0.0751927271485329 0.127981528639793 0.0919283032417297 -0.00987065210938454 -0.0635367780923843 0.0433219186961651 -0.0893628671765327 0.0142766917124391 0.133810490369797 0.144141778349876 0.0977624803781509 0.132828176021576 0.0816015973687172 0.0802364870905876 0.0980758965015411
