assets/gome_f/processed/ascii/us/gome_sif_US_20110401.asc
NCOLS 116 
NROWS 53 
XLLCORNER -125 
YLLCORNER 24.5 
CELLSIZE 0.5 
NODATA_value -3.4e+38 
[rows 0 to 18 of 53, columns 44 to 87 of 116]
-0.0475751012563705 0.0294825900346041 -0.0326972231268883 -0.0131409047171474 -0.0656299218535423 -0.0896473675966263 0.00371382455341518 0.110416926443577 0.0114848557859659 0.106742151081562 0.0227008182555437 -0.0983835011720657 -0.0878605023026466 -0.119578868150711 0.184065356850624 -0.0858883112668991 0.180489674210548 -0.0416200794279575 0.0428655818104744 -0.0418258048593998 -0.0293058753013611 -0.0692251622676849 0.0971622094511986 0.00962950102984905 -0.0701705440878868 0.134639501571655 0.102678410708904 -0.0382904335856438 0.0694081783294678 0.00406700884923339 0.10886549949646 0.143563598394394 0.0910533145070076 0.17681984603405 0.0382063947618008 -0.0364772118628025 0.0447495393455029 0.0568437576293945 -0.0415555313229561 -0.162512511014938 -0.0313098803162575 0.0491539612412453 0.0415503941476345 0.0127335228025913
0.0597853884100914 -0.0762708634138107 -0.00607343763113022 -0.110990919172764 -0.11792478710413 -0.156451284885406 -0.0924625173211098 0.0988661348819733 0.0110150715336204 -0.116762198507786 0.0254208017140627 -0.0175064839422703 -0.0276710037142038 0.0990248620510101 0.014709522947669 0.168553799390793 0.0332584716379642 0.0865411683917046 0.145183220505714 0.0428955405950546 0.0507089495658875 -0.149641573429108 0.0375235863029957 0.218118831515312 0.16175639629364 0.21722412109375 -0.058117501437664 0.149975925683975 -0.0298737026751041 0.147850513458252 0.0970528721809387 -0.0145818190649152 0.093381866812706 -0.00713422894477844 0.0738679096102715 0.0161100886762142 0.0261899009346962 -0.086468517780304 0.00412603374570608 0.215814158320427 0.048073023557663 0.308994263410568 -0.0379668883979321 -0.0457275062799454
0.0576557517051697 -0.119562372565269 -0.0314739197492599 0.0906785055994987 0.0138933351263404 -0.00836061593145132 0.0304081439971924 0.0203398540616035 0.0500546023249626 -0.0321022570133209 -0.0386069230735302 -0.0363093502819538 -0.0530675463378429 -0.0177090093493462 0.144562393426895 0.0625866875052452 0.0792373269796371 0.0349146798253059 0.019811449572444 0.195115968585014 0.0100884325802326 0.0343400314450264 0.220492705702782 0.0381881892681122 0.117880381643772 -0.0101555977016687 0.0978923216462135 0.0288113299757242 0.00976331625133753 -0.0098161306232214 -0.0416340008378029 0.0769057944417 -0.153465509414673 0.25145822763443 0.0806764736771584 0.148075297474861 0.0633400604128838 0.128573268651962 0.0826758667826653 -0.0318010970950127 -0.0337708294391632 0.236617937684059 0.187758803367615 0.102033220231533
0.0547241494059563 -0.0745440050959587 -0.0288576073944569 0.00748318247497082 0.0360853336751461 -0.0524983927607536 0.0774521678686142 0.0450834929943085 -0.00817117653787136 -0.036925233900547 -0.0233805719763041 0.0561159960925579 0.0978176221251488 -0.03193399310112 0.00621436676010489 0.0768915042281151 0.101319916546345 -0.00244469568133354 0.0688709691166878 0.0957250371575356 0.0241020731627941 -0.0643071904778481 0.0407235436141491 0.0907206833362579 0.161032825708389 0.145054012537003 0.0392699129879475 0.13808698952198 0.0769632756710052 -0.00728807831183076 -0.0592588894069195 0.0982516631484032 0.0711245015263557 -0.0285056121647358 0.0859714075922966 0.0202221646904945 0.0711317583918571 0.0346032977104187 -0.000191971659660339 0.145766004920006 -0.0109305130317807 0.0311445891857147 -0.0359244011342525 0.0636085867881775
-0.0122166760265827 -0.0316294394433498 0.0196407362818718 0.0302600376307964 -0.0948557779192924 0.0424174591898918 -0.0157317146658897 0.126885578036308 0.120679259300232 0.0904708802700043 -0.0667387396097183 -0.0524223446846008 0.0667913779616356 -0.00230521662160754 -0.0522368140518665 -0.016320800408721 0.0167642366141081 0.124084293842316 -0.0457397513091564 0.122597217559814 -0.0183356702327728 0.0495490394532681 0.175435110926628 -0.105716302990913 -0.0735152959823608 0.102597407996655 0.0594197697937489 0.107647612690926 0.0186819452792406 0.0800227522850037 -0.145142003893852 -0.091868169605732 -0.0579229518771172 -0.0612935610115528 0.154553979635239 0.0783618912100792 0.156304195523262 0.00175924447830766 0.0374259315431118 0.0930655598640442 -0.0787470191717148 0.0526118874549866 0.15602171421051 0.0419224128127098
-0.0660309642553329 0.0588793121278286 0.0881146565079689 0.0719760656356812 -0.014636448584497 -0.0484392903745174 0.137504279613495 0.087671585381031 0.0623933412134647 -0.0334579646587372 -0.0702299848198891 0.0380646698176861 0.0044184410944581 -0.042947381734848 -0.00479059899225831 -0.0189650636166334 0.0311651695519686 0.139225617051125 0.135847359895706 0.0251933336257935 0.215362995862961 0.0778551176190376 0.119798988103867 0.0586461015045643 0.095310389995575 -0.025553610175848 0.0867643058300018 -0.0399530977010727 0.0314492657780647 -0.0528113916516304 -0.0546915456652641 -0.00360388611443341 0.00905727315694094 -0.158720895648003 -0.0299042742699385 -0.0467084124684334 0.00370791554450989 0.124429538846016 0.128690719604492 0.156726107001305 -0.00392986880615354 0.0260814968496561 -0.0443947985768318 0.113886907696724
0.0470147430896759 0.063530296087265 -0.0131713086739182 0.0925387814640999 -0.0481430925428867 0.00767100090160966 -0.0668055787682533 0.00134624785277992 -0.0540315806865692 0.0819013863801956 0.0970183238387108 0.0128415822982788 0.0420530736446381 -0.0335571318864822 0.0062373741529882 0.0600396804511547 0.0672529935836792 0.0604296326637268 -0.0415088981389999 0.133729785680771 0.204267427325249 0.0692132785916328 -0.0502845793962479 0.0449778996407986 0.109412968158722 0.058962132781744 0.0325051471590996 0.0200585946440697 0.0423898361623287 0.00155816040933132 0.0292597804218531 -0.0448711924254894 0.0569807216525078 -0.0418313555419445 -0.0758287012577057 -0.091947928071022 -0.0522546879947186 0.0199058353900909 0.0351622849702835 0.157159730792046 0.0348976440727711 0.0689831227064133 0.123864330351353 0.026713639497757
0.0230978094041348 0.0110266506671906 0.0388852953910828 0.0325389243662357 0.0375833474099636 0.0485553257167339 -0.04514554515481 -0.00797954015433788 0.0834379345178604 -0.0029643124435097 0.10775413364172 -0.0419353842735291 -0.0824949890375137 0.0114494143053889 0.0934192687273026 0.0459718592464924 0.165396273136139 0.000220154717680998 -0.00428903708234429 0.0425318293273449 0.0741965472698212 -0.0105341142043471 0.0125780394300818 0.0931926295161247 0.108906842768192 0.122097969055176 -0.0246462598443031 0.0434694364666939 -0.0510919243097305 0.143692806363106 0.0571523457765579 -0.0654661804437637 -0.0138670224696398 0.0399271212518215 0.0598822832107544 -0.049102745950222 -0.00670535396784544 0.0194683820009232 0.124954827129841 0.0559424497187138 0.0686769783496857 0.0533103607594967 0.0790278911590576 0.0737321302294731
0.1136509552598 0.0774618685245514 0.077972300350666 0.0531677678227425 0.0663475468754768 0.0234180614352226 -0.0783716961741447 0.04768306016922 0.000766656594350934 0.0162558853626251 -0.0319953039288521 0.0254270192235708 -0.0508276857435703 0.00864526070654392 0.0959491804242134 0.276286125183105 0.170579612255096 0.0277754180133343 0.0978157073259354 -0.042567927390337 0.114803239703178 0.0560057684779167 0.077180027961731 -0.0213642492890358 0.0890859141945839 0.14175546169281 0.120370618999004 -0.0556507781147957 -0.0210238434374332 0.0968853533267975 0.201490834355354 0.12442485243082 0.0948916003108025 0.0124698365107179 0.0534455887973309 0.0750859752297401 -0.072089709341526 0.0622458532452583 0.16315421462059 0.0670361146330833 0.135421469807625 0.0213544648140669 0.0626014843583107 0.168699711561203
-0.137036234140396 -0.0228805560618639 0.00838745944201946 0.108667597174644 0.102481223642826 -0.0477655492722988 0.0359130725264549 -0.00204410264268517 0.000149422412505373 0.110652267932892 0.065253309905529 0.0299191512167454 -0.0127591276541352 0.039232213050127 -0.0264646150171757 0.0817950963973999 0.0316933989524841 0.07109734416008 -0.0637176632881165 0.0573407262563705 0.0740776136517525 -0.00155635992996395 0.0435189343988895 0.123081661760807 -0.0433026738464832 0.13869546353817 -0.0239349063485861 0.194585159420967 0.0302983187139034 0.158168002963066 0.0104516893625259 0.137709215283394 0.159661471843719 0.166160687804222 0.0760630965232849 2.79322266578674e-05 0.0946099311113358 0.105229608714581 0.0023070415481925 -0.0318610928952694 0.0806761458516121 0.194430127739906 -0.0456111617386341 0.16437241435051
-0.0256742779165506 0.0228162687271833 0.0675548613071442 0.0634891241788864 0.14463309943676 0.0577157363295555 0.09981769323349 -0.0134253241121769 0.0439104586839676 0.12715645134449 0.0596019104123116 0.0249536819756031 0.118594326078892 0.0704130455851555 -0.174234330654144 0.0495005771517754 0.0596693716943264 -0.122763805091381 0.00968371331691742 0.0632003024220467 0.0498151294887066 0.103772059082985 0.0864952877163887 -0.0447081178426743 0.0786971896886826 0.00721942260861397 0.257202625274658 0.149422615766525 -0.0172417107969522 0.224460959434509 0.0636479780077934 0.0594251379370689 0.0479206591844559 0.025221848860383 -0.0370659381151199 -0.0181339513510466 0.100029118359089 0.258731633424759 0.0475460775196552 -0.0234994739294052 0.0293325465172529 -0.126618325710297 0.0716225281357765 -0.0637361332774162
0.047771979123354 0.0357121899724007 0.0652068704366684 0.0659420788288116 0.106313265860081 0.0394577272236347 0.155932068824768 0.109105512499809 -0.0360425375401974 0.0323366224765778 -0.0407556965947151 0.0493466518819332 0.0691479220986366 -0.0590507872402668 0.12695948779583 0.0643217489123344 -0.0904632657766342 0.0491358041763306 0.0466397330164909 0.0577447935938835 -0.0117007540538907 0.0306440945714712 0.0668164491653442 0.0183761548250914 0.0643015503883362 0.0374357365071774 -0.105394802987576 0.0684773847460747 0.0176196619868279 0.0113287763670087 -0.0214736275374889 0.129956871271133 0.00290811690501869 0.0103662759065628 -0.00301892193965614 0.110712349414825 0.143877744674683 0.143367797136307 0.129624783992767 0.105534389615059 0.0475358702242374 0.0760826915502548 -0.0639019981026649 0.107351996004581
0.0764178410172462 0.114312432706356 0.0628143548965454 0.0606355853378773 0.070110872387886 0.155565604567528 0.136023983359337 0.0429814569652081 -0.0450586453080177 0.0279163252562284 -0.00827579200267792 0.129198282957077 0.135502144694328 0.0763217508792877 -0.0858651176095009 0.0576831176877022 0.0599305331707001 0.0923293977975845 0.029482901096344 0.18562413752079 0.114298187196255 0.111947230994701 0.16326142847538 0.106463089585304 0.160494357347488 -0.0094107249751687 0.139011725783348 0.215802207589149 0.250617772340775 0.0448459908366203 0.119295574724674 0.0439716055989265 0.0235482156276703 0.116843119263649 0.0259563624858856 0.0488010980188847 0.0642015114426613 0.139959082007408 0.118519924581051 0.101201489567757 0.0290983729064465 -0.0586672388017178 -0.0685621574521065 0.0848586410284042
0.10520026832819 0.00227985787205398 0.22800250351429 0.0170881263911724 0.0651634484529495 0.0749055445194244 0.0682362094521523 0.0403064228594303 0.0830283686518669 0.257046848535538 0.0712982639670372 0.0994283482432365 0.0626960247755051 0.106671527028084 -0.012589386664331 0.0536878742277622 -0.0462369509041309 0.097773514688015 0.111656792461872 0.134975343942642 0.0426802858710289 0.0878074839711189 0.136039882898331 0.0368826724588871 0.074296809732914 0.200963631272316 0.0424546226859093 0.123027265071869 0.0514889433979988 0.124055646359921 0.101660452783108 0.043053362518549 -0.0506218783557415 0.110946804285049 0.130257725715637 0.131676092743874 0.28434145450592 0.150614529848099 0.172717362642288 0.194163680076599 0.0298162959516048 0.0098088039085269 0.074299730360508 0.0670593529939651
0.0759712532162666 0.0657073631882668 0.156523272395134 0.100955776870251 0.0694622248411179 0.228634655475616 0.197380587458611 -0.119241632521152 0.0646766424179077 -0.185100391507149 0.161449268460274 0.164465397596359 0.0861891806125641 -0.0573468022048473 0.123747505247593 -0.0968252792954445 -0.120078414678574 0.0537312962114811 0.0480672344565392 -0.11979740858078 0.0833732262253761 0.0137109663337469 0.0336634255945683 0.0648483708500862 0.0890911146998405 0.0832534953951836 0.0587026290595531 -0.106998912990093 0.118255935609341 0.186013787984848 0.188672721385956 0.0830414444208145 -0.00887482147663832 0.0276888571679592 0.0896724388003349 -0.0548184886574745 -0.00870983116328716 -0.0456913188099861 0.0397169515490532 0.077123336493969 0.091112919151783 0.0458102785050869 -0.0211985688656569 0.151007384061813
0.0348719283938408 0.0417485274374485 0.246526792645454 0.104633361101151 0.17340187728405 0.219225496053696 0.0583050437271595 0.16617839038372 -0.0236043892800808 0.145377933979034 0.0399762243032455 0.0862054452300072 0.0200970377773046 0.13765487074852 0.0486123822629452 0.0609691105782986 0.0208666455000639 0.164980739355087 -0.103830188512802 -0.0821841582655907 0.0867239460349083 0.0777594149112701 0.126365676522255 0.039447758346796 0.170744091272354 0.12413913756609 0.220217779278755 0.223411351442337 0.0584873296320438 0.235837891697884 0.0736490860581398 0.0992932021617889 0.0204602479934692 0.105295836925507 0.159831047058105 0.0413531064987183 0.351425647735596 0.0353829599916935 0.130521804094315 0.141604885458946 0.132520705461502 0.139825254678726 0.0891143605113029 0.179851785302162
0.0820693746209145 0.227427542209625 -0.0353713221848011 0.0863106250762939 0.0313430987298489 0.124601528048515 0.0428107865154743 0.0649093613028526 0.0348557606339455 0.214552789926529 0.0895297899842262 0.176356077194214 0.0467896051704884 0.012693795375526 0.0113917095586658 0.0785854384303093 0.0269621014595032 0.000588423572480679 -0.0681034028530121 0.154976904392242 -0.0451027937233448 0.0716656222939491 -0.0462436825037003 0.132072880864143 -0.00847343541681767 0.329348415136337 0.234180882573128 0.0915811955928802 0.242150858044624 0.238029509782791 0.154934167861938 -0.0075272349640727 0.121147736907005 0.0662022307515144 0.214805871248245 0.224199861288071 0.208571791648865 0.252243489027023 0.11551246792078 0.209504365921021 -0.106139197945595 0.0682991221547127 0.186363011598587 0.266321361064911
0.166100695729256 0.0663566514849663 0.0643340796232224 0.072203241288662 0.0257540605962276 0.189077764749527 0.0136382132768631 0.075089767575264 0.078674390912056 0.100928790867329 0.163074150681496 0.131828784942627 0.113602630794048 0.0315837636590004 0.200287938117981 0.0771375223994255 0.0133856069296598 -0.000367361295502633 0.0239910706877708 -0.108827412128448 0.0526621229946613 0.207868173718452 0.158271268010139 0.077301487326622 -0.0288404542952776 0.129423692822456 0.111151158809662 0.107943452894688 0.176496103405952 0.168900296092033 0.186206787824631 0.0730849429965019 0.0896197110414505 0.0231621190905571 0.125722646713257 0.250677615404129 -0.0659084245562553 0.106318466365337 0.0526591911911964 0.0914707481861115 0.203712821006775 0.074133388698101 0.15271107852459 0.115852423012257
0.0308076273649931 0.0493492558598518 0.0240611508488655 0.0677110850811005 0.105415366590023 0.1324782371521 0.154378846287727 0.122774004936218 0.156194299459457 0.0974722281098366 0.076507531106472 0.117017410695553 0.209817484021187 -0.0619282722473145 0.0349749997258186 0.118301659822464 0.0553060546517372 0.123003162443638 0.225758954882622 0.0186611190438271 0.0827866941690445 0.102703981101513 0.0829474776983261 0.147673711180687 0.128047928214073 0.110615640878677 0.0606430694460869 -0.0245718602091074 0.0522578544914722 0.14408740401268 0.103420063853264 0.256036400794983 0.116739116609097 0.135394737124443 0.100982882082462 0.191874608397484 0.108001127839088 0.0672891438007355 0.23251710832119 0.0379297360777855 -0.0560095608234406 0.0996361523866653 0.00690029887482524 -0.0978158190846443
