assets/gome_f/processed/ascii/us/gome_sif_US_20130601.asc
NCOLS 116 
NROWS 53 
XLLCORNER -125 
YLLCORNER 24.5 
CELLSIZE 0.5 
NODATA_value -3.4e+38 
[rows 0 to 19 of 53, columns 0 to 42 of 116]
-0.107667416334152 -999 0.0701101273298264 0.272212743759155 -0.0322381742298603 0.385417401790619 0.144703015685081 0.200758263468742 0.0843340903520584 0.333612382411957 0.322638541460037 0.430845946073532 0.387549012899399 0.1165961176157 0.116755351424217 -0.137814089655876 0.442544400691986 0.158619746565819 0.0922386646270752 -0.00436370307579637 0.165004596114159 0.539312660694122 0.58139556646347 0.577455520629883 0.586679816246033 0.429278373718262 0.569522023200989 0.443308651447296 0.29624605178833 0.227268189191818 0.459866911172867 0.365413725376129 0.35908243060112 0.548143625259399 0.339713722467422 0.422511994838715 0.480893462896347 0.518983364105225 0.31546738743782 0.339801728725433 0.42326632142067 0.46788477897644 0.473174154758453
0.0674867257475853 0.153971269726753 0.136219292879105 0.111513592302799 0.0320930406451225 -0.111320734024048 0.326067984104156 0.180573165416718 0.212318927049637 0.222177177667618 0.186115875840187 0.374264061450958 0.401398688554764 0.363218635320663 0.088478609919548 0.112088903784752 0.287224233150482 0.210569009184837 0.0213725455105305 0.299917697906494 0.314438253641129 0.386956661939621 0.692562282085419 0.460815936326981 0.567686855792999 0.707509636878967 0.475020557641983 0.501917660236359 0.444480717182159 0.313203424215317 0.357294291257858 0.281584173440933 0.512034058570862 0.376407414674759 0.547759711742401 0.507322371006012 0.428110778331757 0.723655879497528 0.482516288757324 0.511483728885651 0.181149885058403 0.195247113704681 0.315305590629578
0.103897407650948 0.129260689020157 0.0826186686754227 0.0998260155320168 0.0143577521666884 0.216841489076614 0.231318295001984 0.278087705373764 0.283045947551727 0.153657898306847 0.25352743268013 0.292360424995422 0.0631889924407005 0.160534039139748 0.133959159255028 0.101746514439583 0.133260980248451 0.0533471331000328 0.345690935850143 0.392012119293213 0.364552617073059 0.457513302564621 0.652771949768066 0.669081211090088 0.733032822608948 0.604639232158661 0.584542036056519 0.709084689617157 0.442170560359955 0.565519571304321 0.283987641334534 0.501806139945984 0.60177618265152 0.389470100402832 0.590900361537933 0.569988787174225 0.372546583414078 0.468388706445694 0.282176226377487 0.422517478466034 0.384491324424744 0.462133437395096 0.498907864093781
0.496788084506989 0.365035384893417 0.14025005698204 0.0904081761837006 0.083561085164547 0.332975894212723 0.383464246988297 0.207234591245651 0.288843542337418 0.29786428809166 0.313027739524841 0.220575034618378 0.321613758802414 0.263238668441772 0.368473261594772 0.250113517045975 0.345177382230759 0.296747297048569 0.368514239788055 0.323023855686188 0.365771651268005 0.562003195285797 0.487264066934586 0.707284152507782 0.765951871871948 0.514972329139709 0.543752610683441 0.479207962751389 0.407691210508347 0.370830982923508 0.378514677286148 0.360579609870911 0.319268375635147 0.298447370529175 0.554723143577576 0.456993699073792 0.54779040813446 0.30602952837944 0.561383843421936 0.448417872190475 0.537374019622803 0.44590225815773 0.488668113946915
0.121155448257923 0.0980181023478508 0.394286751747131 0.532952725887299 0.174175068736076 0.317702293395996 0.2939413189888 0.264907389879227 0.456468880176544 0.216731518507004 0.236943513154984 0.199206054210663 0.420218259096146 0.27783077955246 0.505383789539337 0.295510500669479 0.39729705452919 0.322690308094025 0.338514566421509 0.364826172590256 0.414602518081665 0.192148253321648 0.235542058944702 0.484569877386093 0.621027112007141 0.464480876922607 0.355259507894516 0.349596202373505 0.457170307636261 0.408571243286133 0.474267780780792 0.380694627761841 0.356503158807755 0.375201135873795 0.34825000166893 0.277031868696213 0.406536549329758 0.363057404756546 0.533555626869202 0.40399706363678 0.501297950744629 0.310790002346039 0.40114638209343
0.10830907523632 0.218046218156815 0.255588591098785 0.251453667879105 0.210486382246017 0.442983686923981 0.414978802204132 0.28607514500618 0.231575101613998 0.360121160745621 0.328214287757874 0.450223594903946 0.275090247392654 0.264628320932388 0.463231891393661 0.476559787988663 0.438012212514877 0.384540140628815 0.404446363449097 0.343005210161209 0.491512984037399 0.434334129095078 0.4515380859375 0.370565980672836 0.343075126409531 0.547760605812073 0.31049457192421 0.363979071378708 0.359927475452423 0.434826910495758 0.400438159704208 0.583219707012177 0.440584748983383 0.370659440755844 0.416866928339005 0.32553294301033 0.390116155147552 0.316202998161316 0.515949904918671 0.333383202552795 0.433311313390732 0.486204713582993 0.495465278625488
0.101753227412701 0.298053503036499 0.305297523736954 0.361112892627716 0.285803139209747 0.418872743844986 0.439554214477539 0.519226431846619 0.23423270881176 0.342981666326523 0.18657748401165 0.275380581617355 0.296620696783066 0.506909072399139 0.482955724000931 0.492283284664154 0.527600944042206 0.590345323085785 0.384231090545654 0.396651417016983 0.543044865131378 0.337832182645798 0.335170239210129 0.190539449453354 0.346412390470505 0.494317591190338 0.436999291181564 0.420535773038864 0.430468201637268 0.381187260150909 0.593623518943787 0.340969145298004 0.37752839922905 0.305822283029556 0.147003769874573 0.221813216805458 0.390957355499268 0.293392390012741 0.324026226997375 0.33165168762207 0.57513839006424 0.382457852363586 0.64141720533371
-0.0501346439123154 0.162517786026001 0.454115450382233 0.366061210632324 0.354097694158554 0.51260381937027 0.463131427764893 0.345167875289917 0.296549022197723 0.303280770778656 0.244979798793793 0.161756724119186 0.227868303656578 0.447920322418213 0.496047258377075 0.633144378662109 0.543886363506317 0.490752100944519 0.394545435905457 0.478278070688248 0.498790413141251 0.318114340305328 0.406382769346237 0.161222785711288 0.293230831623077 0.319305956363678 0.361104100942612 0.538894534111023 0.494734108448029 0.600487530231476 0.475765496492386 0.485845237970352 0.590271830558777 0.293779879808426 0.236297085881233 0.251470893621445 0.385212033987045 0.345688998699188 0.526387631893158 0.372808784246445 0.332939833402634 0.42248547077179 0.507798910140991
0.0294911004602909 0.102473832666874 0.174037352204323 0.55789989233017 0.659292280673981 0.496965378522873 0.426983296871185 0.344680815935135 0.413615345954895 0.435429215431213 0.280800253152847 0.363204210996628 0.362317144870758 0.318711042404175 0.288507103919983 0.829136729240417 0.673128843307495 0.616609692573547 0.430253624916077 0.54121869802475 0.339871793985367 0.445036083459854 0.35330468416214 0.412780791521072 0.467487871646881 0.434309899806976 0.403513073921204 0.400465488433838 0.36873385310173 0.432095944881439 0.421876519918442 0.41945469379425 0.44095715880394 0.324826002120972 0.292792230844498 0.233706161379814 0.382432699203491 0.438392698764801 0.393216043710709 0.21248322725296 0.492714643478394 0.413466840982437 0.507084131240845
0.0768097788095474 -0.0121373105794191 0.45693963766098 0.759423911571503 0.611845672130585 0.672915518283844 0.531932830810547 0.257606446743011 0.314210802316666 0.32631903886795 0.442696094512939 0.369359999895096 0.412427186965942 0.443839192390442 0.434544295072556 0.486890912055969 0.559955239295959 0.749522686004639 0.467827439308167 0.507426738739014 0.218202531337738 0.296915590763092 0.150919631123543 0.193395540118217 0.291162043809891 0.225379973649979 0.29039853811264 0.441991329193115 0.424176007509232 0.375624388456345 0.35928812623024 0.395661592483521 0.247791424393654 0.366721004247665 0.368080794811249 0.398558735847473 0.283404350280762 0.239787489175797 0.292847871780396 0.341295003890991 0.464585244655609 0.516140162944794 0.463492751121521
0.178581848740578 -0.00795235857367516 0.446332037448883 0.354660630226135 0.448277592658997 0.559002280235291 0.637213349342346 0.486254334449768 0.301498919725418 0.0877742171287537 0.192022666335106 0.179101884365082 0.371728956699371 0.588569104671478 0.521104753017426 0.408472418785095 0.308789849281311 0.45467546582222 0.371495425701141 0.370162695646286 0.413676112890244 0.12681844830513 0.338945657014847 0.24107837677002 0.342897921800613 0.263920068740845 0.316350162029266 0.506731808185577 0.385955184698105 0.487163364887238 0.530086278915405 0.292959123849869 0.424598276615143 0.47199073433876 0.341883391141891 0.519819259643555 0.358240455389023 0.418318599462509 0.34477099776268 0.396646946668625 0.365050345659256 0.364128649234772 0.49981677532196
0.156865581870079 0.209058582782745 0.434778392314911 0.649062693119049 0.6345374584198 0.629178106784821 0.422910392284393 0.179080903530121 0.123267911374569 0.256332516670227 0.222363844513893 0.224219977855682 0.353077292442322 0.318431735038757 0.319186925888062 0.360351413488388 0.363565146923065 0.252267330884933 0.114653781056404 0.319335758686066 0.319149404764175 0.209513381123543 0.173574462532997 0.116774074733257 0.319276571273804 0.407574266195297 0.379475444555283 0.379284471273422 0.289775788784027 0.392074912786484 0.312793672084808 0.550890564918518 0.264139115810394 0.335121691226959 0.448665082454681 0.553164780139923 0.543142974376678 0.373598277568817 0.401455789804459 0.403081655502319 0.347892224788666 0.406061172485352 0.389213234186172
0.0342637076973915 0.0973833650350571 0.471338897943497 0.745666325092316 0.752524197101593 0.516304850578308 0.577861309051514 0.327659964561462 0.292209804058075 0.189722463488579 0.212203681468964 0.237762734293938 0.231134757399559 0.301642656326294 0.167235851287842 0.273542404174805 0.380326062440872 0.309109449386597 0.315367519855499 0.0855237245559692 0.134259641170502 0.158455938100815 0.236777126789093 0.251679301261902 0.246977835893631 0.298389256000519 0.285975694656372 0.313497126102448 0.222272723913193 0.210479870438576 0.16519470512867 0.145860269665718 0.0959039330482483 0.18738466501236 0.427172720432281 0.272434800863266 0.39108282327652 0.357383519411087 0.408356815576553 0.273917078971863 0.400069326162338 0.421368718147278 0.455253511667252
0.0484711900353432 0.205679312348366 0.510360598564148 0.548713147640228 0.546605229377747 0.508754253387451 0.377239882946014 0.21156544983387 0.365128338336945 0.132473066449165 0.180622845888138 0.222514897584915 0.159265771508217 0.0985496565699577 0.255699127912521 0.265144765377045 0.397168278694153 0.247436821460724 0.274581283330917 0.196611270308495 0.166392162442207 0.124582424759865 0.150986865162849 0.178155779838562 0.21595187485218 0.355764180421829 0.388413041830063 0.523332238197327 0.240736871957779 0.253754645586014 0.1808150857687 0.171935573220253 0.114062875509262 0.162605881690979 0.174729689955711 0.22765751183033 0.35043677687645 0.265355318784714 0.223852783441544 0.364166289567947 0.39668482542038 0.509666979312897 0.490087926387787
0.185581743717194 0.168901100754738 0.483921408653259 0.570728778839111 0.681397616863251 0.311152428388596 0.268513917922974 0.268684953451157 0.120145343244076 0.164056435227394 0.105970427393913 0.209010377526283 0.110210373997688 0.0784187018871307 0.0869017317891121 0.136207699775696 0.317566692829132 0.420232564210892 0.373831003904343 0.212368682026863 0.282295227050781 0.16849821805954 0.126598387956619 0.134224399924278 0.202185302972794 0.419641554355621 0.637909352779388 0.619618117809296 0.271578013896942 0.189721018075943 0.0813297182321548 0.112560696899891 0.130196020007133 0.281581699848175 0.217240884900093 0.357857346534729 0.168576657772064 0.146820738911629 0.217604711651802 0.189476430416107 0.199874117970467 0.275002270936966 0.353399276733398
0.0509050004184246 0.340241312980652 0.590829610824585 0.513842582702637 0.525319814682007 0.460858792066574 0.177676543593407 0.230569794774055 0.174970537424088 0.0795101299881935 0.173504829406738 0.188616007566452 0.184007719159126 0.0160720106214285 0.0565114133059978 0.147620901465416 0.122229881584644 0.212191641330719 0.184709072113037 0.164986997842789 0.27084344625473 0.32045778632164 0.118398502469063 0.0990210920572281 0.20876370370388 0.54768568277359 0.51081770658493 0.546959400177002 0.43249124288559 0.227119907736778 0.230657383799553 0.061500184237957 0.093257412314415 0.158925473690033 0.137613028287888 0.183640852570534 0.145427331328392 0.206601932644844 0.280600965023041 0.185296311974525 0.112087294459343 0.282264053821564 0.357457965612411
0.0657735243439674 0.341706514358521 0.669838845729828 0.492905527353287 0.638640403747559 0.345652937889099 0.379460841417313 0.227238059043884 0.18271017074585 0.177456498146057 0.153376877307892 0.059449452906847 0.16921928524971 0.105373427271843 0.111224681138992 0.111261211335659 0.132622361183167 0.127423793077469 0.11444153636694 0.159292176365852 0.174000978469849 0.523464679718018 0.387293636798859 0.28560945391655 0.483606398105621 0.438253819942474 0.479891687631607 0.44287896156311 0.39563924074173 0.252892881631851 0.150162622332573 0.167981937527657 0.159890547394753 0.185951665043831 0.15950058400631 0.0714316964149475 0.156437590718269 0.135651126503944 0.220404461026192 0.291306674480438 0.30346468091011 0.33532589673996 0.354802817106247
0.0612833611667156 0.243186116218567 0.422224372625351 0.382492154836655 0.395843893289566 0.457736253738403 0.325198739767075 0.41327702999115 0.273452699184418 0.317750334739685 0.163742378354073 0.0629210099577904 0.159521102905273 0.0347165204584599 0.0853912159800529 0.0828636288642883 0.120470739901066 0.177700400352478 0.113763548433781 0.140745997428894 0.109731584787369 0.288421452045441 0.267010509967804 0.365967154502869 0.418651163578033 0.381329983472824 0.69361686706543 0.389192879199982 0.375662177801132 0.211658298969269 0.243636235594749 0.083316832780838 0.12556666135788 0.144518911838531 0.241321861743927 0.229430422186852 0.143678277730942 0.195523381233215 0.312307685613632 0.238313063979149 0.318729043006897 0.295441746711731 0.340025961399078
0.136269420385361 0.195818141102791 0.462374329566956 0.48324054479599 0.38836857676506 0.384199112653732 0.202083587646484 0.280566334724426 0.134162724018097 0.159158527851105 0.236495137214661 0.127529934048653 0.0679339244961739 0.164972364902496 0.187890008091927 0.0733090937137604 0.148761078715324 0.22561402618885 0.332245200872421 0.247516393661499 0.117754861712456 0.163540989160538 0.244328558444977 0.115358456969261 0.245198056101799 0.363943457603455 0.479678601026535 0.430646896362305 0.304972738027573 0.125451415777206 0.117331735789776 0.0889510661363602 0.129732593894005 -0.00804415624588728 0.017910523340106 0.0987556725740433 0.217720314860344 0.079740971326828 0.221882894635201 0.175518378615379 0.17469596862793 0.323369413614273 0.316826909780502
0.0191810578107834 0.137548595666885 0.447725504636765 0.523089230060577 0.396607577800751 0.455608993768692 0.405066072940826 0.453602343797684 0.268847823143005 0.294285088777542 0.0829813405871391 0.0636141449213028 0.0849882587790489 0.154642537236214 0.0125605138018727 0.0620975904166698 0.203226014971733 0.189476832747459 0.184388518333435 0.135957345366478 0.116100482642651 0.0978864431381226 0.0216823853552341 0.0782011896371841 0.232821673154831 0.132695242762566 0.501438856124878 0.405840754508972 0.281406790018082 0.127732649445534 0.0663737431168556 0.137347549200058 0.0458626262843609 0.173136532306671 0.202268615365028 0.227377533912659 0.294260561466217 0.254919290542603 0.232073381543159 0.199315130710602 0.31743860244751 0.309319853782654 0.267078310251236
