assets/gome_f/processed/ascii/us/gome_sif_US_20120101.asc
NCOLS 116 
NROWS 53 
XLLCORNER -125 
YLLCORNER 24.5 
CELLSIZE 0.5 
NODATA_value -3.4e+38 
[rows 0 to 18 of 53, columns 0 to 42 of 116]
-999.000000000000000 -999 -999 -999 -999 -999 -999 0.0621640533208847 -0.0104803293943405 0.0169564224779606 0.0881113409996033 -999 -0.189770847558975 -999 -999 -999 -999 -999 -999 -999 0.0432753749191761 -999 -0.0182326398789883 -999 -0.00596373155713081 -0.013768102042377 0.00109230913221836 0.0101770088076591 -999 0.0968752428889275 -0.0277202092111111 0.000348880887031555 -0.0492493286728859 0.00741474097594619 0.046866774559021 -0.166143670678139 0.0613183826208115 -999 -0.174619674682617 -999 -999 -999 -999
-0.11163691431284 0.0343320108950138 -999 -999 -999 -999 -999 -999 0.0685718581080437 0.111374698579311 -999 0.0565536320209503 -0.0863247290253639 0.0883224457502365 -999 -999 -999 -999 -999 0.0340078063309193 -999 -999 0.194929972290993 -0.0283813551068306 0.0820039287209511 0.015723766759038 0.0259207878261805 0.1040875390172 -0.00938337948173285 0.056488610804081 0.174156606197357 -0.0228242203593254 -0.00516070565208793 0.033152524381876 -0.0998304411768913 -0.0437649674713612 -999 -999 -999 0.076983667910099 -0.060608796775341 -999 -999
-999 -0.0951831862330437 -0.0047656549140811 -0.0820005536079407 -999 -999 -999 -999 -999 -0.0385122559964657 -0.0604037903249264 -0.109354950487614 0.00154003128409386 0.0970994755625725 -999 -0.300599187612534 -999 -999 0.08359245210886 -0.0600259304046631 -999 -0.113545253872871 -0.0535762868821621 0.0269234478473663 -0.0120609635487199 -0.058144710958004 -0.0185253955423832 0.0709116533398628 -0.0208374224603176 0.134299784898758 0.0982211008667946 0.0144943604245782 -999 0.0999952256679535 0.034575067460537 -999 -0.0415672436356544 0.0110977217555046 -999 -0.0305872298777103 -999 -999 -999
-0.00357940304093063 0.0273613873869181 0.0550250113010406 -0.0873914286494255 -0.0490950159728527 0.0462788827717304 -999 -999 -999 0.0543494336307049 0.00504907965660095 0.0640735328197479 -0.044019553810358 0.00139140465762466 0.118629783391953 0.162844374775887 -0.0630940273404121 0.128475576639175 0.0822589099407196 0.000163860619068146 -0.103401996195316 -0.103717982769012 0.179059743881226 -0.127729594707489 0.144453123211861 0.0531954057514668 0.0420307256281376 -0.0265814512968063 -0.00389487552456558 -0.0365410484373569 -0.0562781319022179 0.10127679258585 -0.095978632569313 -0.128520727157593 -999 -0.208723247051239 0.192393764853477 -999 0.015311979688704 0.0760447978973389 -999 0.162363603711128 -0.0534123778343201
0.0069856122136116 -0.011988683603704 0.00425006821751595 -999 0.0427243039011955 0.0170424468815327 -0.0421344451606274 -999 -999 0.335334450006485 -0.0253307782113552 0.0816410779953003 -0.0084629338234663 -0.00115781091153622 0.00903001707047224 -0.297677129507065 0.0200336165726185 0.0574383735656738 -999 -0.0382839180529118 -0.0206165369600058 0.0333163030445576 -999 -999 -0.207540273666382 0.0942422822117805 0.0292090028524399 0.0263180956244469 -0.00505458051338792 -0.0510735921561718 0.00443831831216812 0.0884795561432838 0.0288552213460207 -0.0667741075158119 -999 -0.0136129707098007 -999 -0.143202185630798 -0.0238962322473526 0.126625448465347 -0.0434678010642529 -999 -0.226361721754074
-0.0644274204969406 -0.168987795710564 0.107784174382687 0.00815047137439251 0.161808490753174 0.156683415174484 0.0961989387869835 -999 -999 -999 0.0378364436328411 0.105434030294418 0.0697305276989937 0.0387710072100163 0.0337590947747231 -0.105239041149616 -0.0300299171358347 0.0596592091023922 -999 -0.162545010447502 -999 -0.0412194617092609 -999 -0.261543571949005 0.00945868995040655 0.0148567706346512 0.0163533501327038 -0.0618243180215359 -0.00926101207733154 0.0260033458471298 0.0113280219957232 0.054934423416853 -0.0580472908914089 0.151995077729225 0.0830779448151588 0.115186788141727 0.0170195139944553 0.0192974377423525 0.104298949241638 -0.0883647575974464 0.00329847657121718 0.0589359030127525 0.00441312231123447
0.0639444291591644 0.174750059843063 -999 0.170561149716377 -999 -0.014022096991539 0.0272679962217808 -999 -0.090177059173584 0.133128896355629 0.0347632803022861 -0.0344039015471935 0.0281070936471224 -0.00840997416526079 0.126160681247711 -0.0243301652371883 0.0498800873756409 -0.019807443022728 0.100310072302818 -0.0418931804597378 0.121156722307205 0.0618424564599991 -999 -0.0110994894057512 -999 0.0509073622524738 -0.0313134379684925 0.0260727554559708 0.229898303747177 -0.127212151885033 0.104556381702423 -0.131954625248909 -0.0991719514131546 -0.108984880149364 -0.152372807264328 -0.119683749973774 0.136696875095367 0.0116659207269549 -0.18327784538269 -0.0336686447262764 -0.150753453373909 0.0215674079954624 -999
-0.0803438052535057 -0.00785994995385408 0.237600147724152 0.0218790806829929 0.0262676477432251 0.0808678641915321 -0.0797998234629631 0.0627275258302689 -0.163342624902725 0.00536752259358764 0.128369033336639 -0.00792822986841202 -0.0269074402749538 -0.0435625799000263 0.0092239985242486 -0.0176499765366316 -999 0.0218025725334883 -0.0922015681862831 0.00342771410942078 0.0366004221141338 -0.0894616022706032 -0.101571150124073 -0.084562636911869 -999 -0.117236822843552 0.0189226716756821 0.193655014038086 -0.139089554548264 -0.0304890237748623 -0.104926437139511 -0.0201538130640984 0.150280430912971 -0.0884913578629494 0.0489066988229752 -0.00633414788171649 0.00184937461744994 -0.00669538602232933 -0.0644802004098892 0.239544093608856 -0.0458852536976337 0.0417186431586742 -0.0779429823160172
-0.0196145661175251 0.120425745844841 0.0871763154864311 0.0486572682857513 0.038720928132534 -0.0404545217752457 0.0161119364202023 0.100006267428398 0.0815899223089218 -0.00533693050965667 0.00789941288530827 0.0499970801174641 0.0606510043144226 -0.0679560080170631 -0.0743359923362732 0.0519797764718533 -0.0614140592515469 0.0574045181274414 0.150761350989342 0.0479780212044716 0.0418689884245396 0.0125107076019049 -0.0754487290978432 -0.0458816215395927 0.131535738706589 -0.0717359930276871 -0.0351844653487206 -0.0633252710103989 -0.0726594924926758 -0.0021868534386158 -0.109488144516945 -0.0867404267191887 -0.0194181129336357 0.0455188602209091 -0.0305297542363405 0.010185556486249 -0.0163166150450706 -0.0254812445491552 -0.0181509759277105 -0.136205181479454 0.0358902290463448 0.0120393615216017 -0.0461801402270794
0.0759441554546356 0.0578735955059528 0.0278904773294926 0.118818856775761 0.072992779314518 0.202360033988953 0.240596130490303 0.158147022128105 0.0150580732151866 0.0849942788481712 0.0385116711258888 0.0226533375680447 0.0375696495175362 0.0383602231740952 0.0585238412022591 0.00684410100802779 0.079842209815979 -0.0216100551187992 -0.0941503271460533 0.0728354826569557 -0.0780224874615669 0.0198831651359797 0.0897015258669853 -0.0464288964867592 0.0180711783468723 0.101603224873543 0.0139563605189323 -0.137392595410347 -0.0828217044472694 -0.102929025888443 0.0164802130311728 -0.0159478075802326 -0.0344506651163101 -0.0423475541174412 -0.154037863016129 0.077502153813839 -0.14491680264473 -0.0640455707907677 0.0478389672935009 -0.0486694276332855 0.0170934703201056 -0.00317062065005302 0.105730399489403
-0.117944747209549 0.0491623617708683 0.0700008273124695 0.0234788805246353 0.118561193346977 0.0601520165801048 0.0196384377777576 0.0303484424948692 -0.0250008814036846 -0.0190716572105885 0.0254835952073336 -0.0119657339528203 0.0704746916890144 0.000415634305682033 0.0922247916460037 0.0273486040532589 0.0685568451881409 -0.0185633152723312 0.0551599562168121 0.04918422549963 -0.0167565457522869 -0.0258688144385815 0.0586686506867409 -0.0287929363548756 -0.0360675789415836 0.0276843216270208 -0.0425547137856483 -0.04104058817029 0.120161838829517 -0.00549677992239594 0.0624889470636845 0.0573734007775784 0.0262343436479568 0.030505271628499 0.0227521453052759 0.0749698132276535 -0.0187671612948179 -0.0171686727553606 0.0510534383356571 0.00943190325051546 -0.0599997341632843 -0.0298288948833942 -0.010161423124373
0.0354676842689514 0.0255641844123602 0.0759582370519638 0.011906934902072 0.194881945848465 0.0399103313684464 0.00854427274316549 -0.0102943265810609 -0.0886125266551971 -0.0382259637117386 0.0447230972349644 0.035401314496994 -0.0320561341941357 0.00653373776003718 0.144302174448967 0.00373332691378891 0.0433897413313389 0.0403493344783783 -0.0825484842061996 -0.0889223739504814 -0.00536282360553741 0.0845896676182747 -0.103974498808384 0.0966097563505173 0.0290473643690348 -0.0651484653353691 -0.167438998818398 -0.0170698687434196 0.0507380254566669 0.286665409803391 -0.0313008613884449 -0.0456524938344955 0.0485327430069447 0.0926483944058418 0.0866668671369553 -0.0686782002449036 -0.083423025906086 -0.00653378665447235 0.136380299925804 0.0411315858364105 -0.00935034453868866 0.0526623874902725 0.0548258125782013
-0.0158203449100256 -0.0243212077766657 0.118622876703739 0.0686619356274605 0.0679052025079727 0.0910785421729088 0.00382556160911918 -0.0180756896734238 0.053160484880209 0.00494890147820115 0.0458087213337421 -0.0354590155184269 0.0342946574091911 0.0762982219457626 0.0893533229827881 0.00799075700342655 -0.071572557091713 0.000508196651935577 0.0539117567241192 -0.0839345529675484 -999 -0.0511192828416824 -0.0531945377588272 -999 -999 -999 -999 -999 -999 -999 -999 -999 0.0728289037942886 -0.0257430113852024 -0.0408994816243649 -0.108827121555805 0.0287447702139616 0.0412457846105099 0.0522959567606449 0.047351136803627 0.125979602336884 0.145237013697624 0.102764166891575
0.0506416074931622 0.04725431650877 0.197781667113304 0.107561364769936 0.132433876395226 0.0279598236083984 0.0800871849060059 0.106942892074585 0.0566176399588585 -0.0683948546648026 0.0276469234377146 -0.00620586657896638 -0.0191911514848471 0.086164802312851 0.0232636947184801 -0.00780578702688217 0.0553647056221962 0.000669160042889416 0.0267960000783205 -0.00201615900732577 0.0233944561332464 -0.0489185713231564 -0.139150455594063 -999 0.0353875383734703 -0.0952935889363289 -0.160549461841583 -999 0.0669805258512497 -999 -999 -999 0.135184451937675 0.201741263270378 0.163209944963455 -0.0528783239424229 0.121801771223545 -0.00776952505111694 0.0368227511644363 -0.0311601627618074 0.0347404181957245 0.0851097479462624 0.184773415327072
-0.124672077596188 0.0240856297314167 -0.00447550602257252 0.165828913450241 0.0919610187411308 0.0374197661876678 -0.00483609735965729 0.0544319860637188 0.0244093853980303 -0.0543534010648727 -0.0199707988649607 -0.00499528227373958 -0.0524451769888401 0.0221833921968937 0.0629883483052254 0.0192634388804436 -0.0488272048532963 -0.0497515797615051 -0.0853759795427322 -0.0244298670440912 -0.312789708375931 0.0787902176380157 0.109736680984497 0.140206173062325 -0.0048565436154604 -0.0843801870942116 0.0211253855377436 -999 -999 -999 -999 -999 -0.0400707311928272 0.0516414754092693 -0.0423897579312325 -999 -0.0448312051594257 0.0442428849637508 0.0112741021439433 -0.021360507234931 -0.0377677157521248 -0.0815912559628487 -0.0765797346830368
-0.0625529885292053 -0.00396946026012301 0.128685727715492 0.0840007588267326 0.0805065035820007 0.0265788715332747 0.0744154676795006 0.0325165949761868 -0.00343639217317104 0.0713664963841438 -0.00778829352930188 0.0175713356584311 0.0201808903366327 0.0404260493814945 0.0576776340603828 0.00555227836593986 0.0389234460890293 0.0297450236976147 -0.0247901771217585 -0.014356923289597 -0.0166595447808504 0.0685452520847321 0.0557839535176754 0.000337530276738107 -0.0675353109836578 -0.0335072800517082 0.16370764374733 -999 -999 -999 -0.129783555865288 0.159215778112411 0.088999830186367 0.0177467539906502 0.120150581002235 -999 0.0492819659411907 -0.0494081750512123 -0.0102041754871607 0.0100841438397765 0.0396425537765026 -0.0190789699554443 -0.00343518774025142
0.0146515127271414 0.0672201588749886 0.0219587404280901 0.0735716745257378 0.092748299241066 0.0677720680832863 -0.0153554817661643 0.0854805037379265 0.0377485938370228 0.0524975471198559 0.0492319203913212 -0.00244887499138713 -0.0319199003279209 0.0497459918260574 -0.0300354138016701 -0.0856767892837524 0.0348879098892212 0.0834201872348785 0.0452740639448166 0.00704409321770072 -0.0475775189697742 0.00349477236159146 0.0184219777584076 0.0384372062981129 -0.0614360459148884 0.00249528069980443 -0.120339639484882 -999 -999 -999 -0.0215540677309036 0.0680610164999962 0.0615004636347294 0.00306692905724049 -999 -999 -0.131176233291626 -0.0208991635590792 0.192688912153244 0.0463443137705326 0.0546720325946808 0.0563023090362549 0.0246714372187853
0.0663532689213753 0.0373591519892216 0.112181201577187 0.0780574381351471 0.119917243719101 0.0421771667897701 0.0667764693498611 -0.0435414984822273 -0.074549674987793 0.0980696305632591 0.0161763969808817 0.0159676633775234 0.0353547930717468 0.0311089009046555 0.0639536678791046 0.0500115007162094 0.0358026400208473 0.00650727329775691 -0.0217420719563961 0.0252654459327459 -0.127695918083191 0.112362653017044 0.105784341692924 0.0940747708082199 -0.0601000674068928 0.114984042942524 -0.0671242699027061 -999 -999 -0.0548485480248928 0.0778798013925552 -0.0841208025813103 -0.113166093826294 0.0414414592087269 0.0524120777845383 0.0238178819417953 0.167745262384415 0.000885549292434007 -0.0334786735475063 0.0392707362771034 0.0264857746660709 0.0394447408616543 0.0928990542888641
-0.0121713858097792 0.0548235923051834 -0.0118694202974439 0.0567253530025482 0.124867342412472 0.0392121896147728 0.0334623232483864 0.095051184296608 0.0317040905356407 -0.0354086607694626 0.00258035748265684 -0.0109346341341734 0.0213418714702129 -0.018173485994339 -0.059804130345583 0.0234879888594151 -0.00808459706604481 0.00277861952781677 0.0756324976682663 0.0654561445116997 -0.0311929192394018 0.0314136184751987 0.0136980712413788 0.0105668231844902 0.0263333506882191 0.0609550699591637 0.0975791811943054 -0.297851651906967 0.0016602078685537 0.0531557612121105 0.0159809496253729 -0.0137803694233298 -0.0135050499811769 0.0202566608786583 0.0749436318874359 0.0526890866458416 -0.0296936258673668 -0.0681854635477066 -0.06239353120327 -0.0741894468665123 0.0110822189599276 0.01068723667413 0.0803912580013275
