assets/gome_f/processed/ascii/us/gome_sif_US_20131001.asc
NCOLS 116 
NROWS 53 
XLLCORNER -125 
YLLCORNER 24.5 
CELLSIZE 0.5 
NODATA_value -3.4e+38 
[rows 0 to 18 of 53, columns 43 to 85 of 116]
0.0577554702758789 0.0509454309940338 0.121257111430168 0.00917699560523033 0.0106947673484683 0.0163745563477278 0.0613347850739956 0.0282484665513039 0.0320481508970261 -0.00779427820816636 0.0453823171555996 0.0282114297151566 0.150492236018181 0.0307791754603386 0.0275916457176208 0.113252878189087 0.0812818631529808 0.0203639920800924 0.0740265101194382 0.0218342170119286 -0.00603332323953509 0.195650160312653 0.0199178699404001 0.0702782347798347 0.117409005761147 0.0561742186546326 0.13520759344101 0.0736702978610992 0.0561966001987457 0.0599813498556614 0.0440119989216328 0.073209822177887 0.128007501363754 0.173765063285828 0.0428033620119095 0.0536967217922211 0.054800271987915 0.0466272942721844 0.0615923851728439 0.056010439991951 0.138604685664177 0.131999000906944 0.0170451644808054
0.0239165630191565 0.054108552634716 0.00249767303466797 -0.00765208574011922 0.0704561695456505 0.0307605564594269 0.0114751243963838 0.10546063631773 0.0783130973577499 0.0215036943554878 0.0365072935819626 -0.0172806885093451 -0.00105437636375427 0.0528231896460056 0.117444381117821 0.0169509630650282 0.163464561104774 0.0314275547862053 0.107778035104275 0.0430981330573559 0.081127405166626 0.143246501684189 0.107019141316414 0.0435461103916168 0.139908015727997 0.0359524264931679 0.053674902766943 0.0780933424830437 0.0152500094845891 0.150235652923584 -0.0430499650537968 0.123512305319309 0.134019210934639 0.0821574181318283 0.160562515258789 -0.00478023244068027 0.135793939232826 0.053625151515007 0.180353030562401 0.176550835371017 0.142053231596947 0.0719916000962257 0.0419849529862404
0.0214135013520718 0.0945597738027573 0.0389113314449787 0.0924194827675819 0.107688188552856 0.059499878436327 0.0799402520060539 0.0967414528131485 0.0975819900631905 0.142646551132202 0.0299670808017254 0.0468032769858837 -0.0180771704763174 0.0444051958620548 0.162197187542915 0.0951436832547188 0.114963479340076 0.111842878162861 0.0299418773502111 0.00776193290948868 0.0486192479729652 0.0444560013711452 0.0976408123970032 0.0200060680508614 0.166168317198753 0.0794665962457657 0.0649788379669189 0.100334517657757 0.0504077672958374 0.114844992756844 -0.0171620696783066 0.149130970239639 -0.00902933906763792 0.174293115735054 0.0828594863414764 0.0666576847434044 0.277779906988144 0.180311903357506 0.203944087028503 0.157192677259445 0.236406445503235 0.159586429595947 0.12212697416544
0.0367140807211399 0.0708477795124054 0.0859949216246605 0.073710635304451 -0.0458280593156815 0.0472037680447102 0.0767524242401123 0.120141111314297 0.0274002235382795 0.0734022036194801 0.0712732300162315 0.0663812309503555 0.0553785115480423 0.125842541456223 0.150973424315453 0.0460529774427414 0.08586136251688 0.115872211754322 0.139617323875427 0.108911260962486 0.116847731173038 0.1667420566082 0.111915707588196 0.0099470429122448 0.0490861013531685 0.109535880386829 0.0263824202120304 0.0955687984824181 0.114927634596825 -0.0312418453395367 0.0962327346205711 0.137334480881691 0.193858742713928 0.126198679208755 0.194015726447105 0.053137443959713 0.0816793814301491 0.0567641817033291 0.158982440829277 0.225121408700943 0.0243572872132063 0.202400177717209 0.125824317336082
0.0766745209693909 0.0892345681786537 0.126137942075729 0.110931158065796 0.0326199270784855 0.15735225379467 0.158200934529305 0.106255061924458 0.117177240550518 -0.0347083806991577 0.0731968060135841 -0.0297383274883032 0.114251472055912 0.0479291006922722 -0.00805777683854103 0.188389286398888 0.0673346370458603 0.0254838913679123 0.220648229122162 0.104911968111992 0.027535168454051 0.251386612653732 0.0774539709091187 0.0664311796426773 0.080281101167202 0.0103703578934073 0.00240275822579861 0.0685964748263359 0.0074742347933352 0.103511944413185 0.029238885268569 -0.0150586282834411 0.0759210512042046 0.0619815960526466 0.0105360811576247 0.0916440784931183 0.292052358388901 0.101817488670349 0.000152954831719398 -0.0725505352020264 0.109758257865906 0.0795334950089455 0.132108479738235
0.0970074981451035 0.0808530151844025 0.0652261078357697 0.0731014385819435 0.069884829223156 0.0830880478024483 0.132156863808632 0.118651255965233 0.0667401626706123 0.0463621504604816 0.0268106739968061 0.092393234372139 0.087833434343338 0.0684429705142975 0.0334738194942474 0.110156029462814 0.023425780236721 0.0496383495628834 0.11515261977911 0.172808721661568 0.114629946649075 0.155965983867645 -0.00070662796497345 0.0362190492451191 0.0865157842636108 0.0584221296012402 0.0731293112039566 0.140653908252716 0.0706151574850082 -0.08376095443964 0.0528668090701103 0.0590128600597382 0.0342593751847744 -0.148575231432915 -0.129822120070457 0.00134559965226799 -0.11121442168951 0.280675888061523 -0.0862008631229401 0.26376661658287 0.148088246583939 0.123397208750248 0.0913867056369781
0.123524449765682 0.185042262077332 0.0551062077283859 0.0430882498621941 0.126843377947807 0.0504378043115139 0.0578913688659668 0.171939611434937 0.0581435970962048 0.204542264342308 -0.0363255888223648 0.144548609852791 0.158543318510056 0.152905836701393 0.12567363679409 0.128437995910645 0.0404250212013721 0.0407225787639618 0.210160940885544 0.0467012375593185 0.0815100073814392 0.0111500462517142 0.125423640012741 0.0834991782903671 0.161401659250259 -0.0353390164673328 0.0674149692058563 -0.132583230733871 0.0730223059654236 -0.0567408688366413 -0.00105793273542076 0.0205178800970316 -0.0242520831525326 -0.00117434374988079 -0.143450111150742 0.163838714361191 0.188942134380341 0.0770860761404037 -0.0236114729195833 0.0697373896837234 0.0415523834526539 0.0483533926308155 0.0529906302690506
0.16290944814682 0.00200832146219909 0.0920369923114777 -0.00878225360065699 0.0562613531947136 0.161614403128624 0.135293066501617 0.158657029271126 -0.00611917627975345 0.0825303867459297 0.0625293403863907 0.0673957467079163 0.0675483420491219 0.146837040781975 0.159030243754387 0.075284518301487 0.157325133681297 0.0911774188280106 0.107292853295803 0.133396938443184 0.0190526116639376 0.119989275932312 0.169447526335716 0.136120244860649 0.0254318788647652 0.0430834367871284 -0.00133209233172238 -0.197013571858406 0.0328322574496269 0.126492813229561 0.00755885522812605 0.101910352706909 0.0183148495852947 0.0589219331741333 0.0378215536475182 -0.01963871717453 -0.0139919919893146 -0.0806259736418724 -0.096942275762558 -0.0320471152663231 0.094706192612648 0.116932444274426 0.107788659632206
0.102269969880581 0.0818866044282913 0.157458290457726 0.0392988510429859 0.208515405654907 0.0886552929878235 0.17665408551693 0.192617148160934 0.147428587079048 0.103624150156975 0.0927397087216377 0.0791388601064682 0.0829102471470833 0.035140797495842 0.225582212209702 0.0706199109554291 0.0105936005711555 0.122696682810783 0.21272037923336 0.193955406546593 0.084603562951088 0.21767446398735 0.20533399283886 0.170276537537575 0.187684655189514 0.166859209537506 0.0347058922052383 -0.0720572397112846 0.111566059291363 0.187989205121994 0.12315372377634 0.0595160722732544 -0.00660610431805253 -0.015788596123457 0.0974323302507401 -0.0847799032926559 0.147697016596794 0.0235180091112852 0.11440309882164 0.226650804281235 -0.00781608838587999 0.0823617950081825 0.0314137525856495
0.100432515144348 0.0644306316971779 -0.0422961413860321 0.0482826232910156 0.167672470211983 0.184956789016724 0.0865206718444824 0.166055500507355 0.0463991835713387 0.230207964777946 0.133240401744843 0.15931561589241 0.0828212797641754 0.0459644496440887 0.120370887219906 0.0325398966670036 0.201842218637466 0.126000195741653 0.191167294979095 0.150575265288353 0.170484468340874 0.0875338241457939 0.136566773056984 0.260841429233551 0.12973316013813 0.145515918731689 0.150320529937744 0.086047850549221 0.140365794301033 0.131459340453148 0.138644963502884 0.117712296545506 0.081656776368618 0.107857659459114 0.156703680753708 0.0919310972094536 0.173367261886597 0.111375994980335 -0.000631647475529462 0.0622517913579941 0.0692328363656998 0.0427831076085567 0.0245265644043684
0.139335960149765 0.0900674983859062 0.12786066532135 0.0599285736680031 0.184307470917702 0.262788206338882 0.113058961927891 0.105292983353138 0.146454274654388 0.0807110890746117 0.0514694042503834 0.14458566904068 0.151309862732887 0.08050587028265 0.0417519882321358 0.126369684934616 0.182251632213593 0.239601910114288 0.197766780853271 0.0913882032036781 0.202534198760986 0.180609777569771 0.254025548696518 0.253983706235886 0.158427029848099 0.135931611061096 0.0483316481113434 0.11535757035017 0.212968453764915 0.179607138037682 0.17892150580883 0.214240476489067 0.256604194641113 0.131205916404724 0.0176363214850426 0.0206876881420612 -0.0141779184341431 -0.0255544502288103 0.0362950600683689 0.0605924762785435 0.0307073723524809 0.0901251062750816 0.101243712007999
0.0887443274259567 0.00114978349301964 0.0776188895106316 -0.0653371289372444 0.0964036211371422 0.145983412861824 0.138628885149956 0.0791215375065804 0.160531163215637 0.0315139666199684 0.125651597976685 0.111456833779812 0.0665565431118011 0.0898655131459236 0.0436682514846325 0.114806830883026 0.0383132100105286 0.179489523172379 0.120466113090515 0.148309469223022 0.242468908429146 0.218442976474762 0.166857659816742 0.229884684085846 0.207212075591087 0.183236598968506 0.268533706665039 0.0307070631533861 0.153772696852684 0.221271276473999 0.161210209131241 0.168489530682564 0.103197760879993 0.0105815827846527 -0.0145415542647243 0.0585530251264572 0.0672433227300644 0.16582827270031 0.162986680865288 0.189913302659988 0.112896598875523 -0.0140864551067352 -0.0486461892724037
0.0320859886705875 -0.143729582428932 0.195082485675812 0.0622991323471069 0.109942682087421 0.0530086830258369 0.0742530599236488 0.105153158307076 0.131600454449654 0.180378928780556 0.050044160336256 0.0722257718443871 0.118932127952576 0.138091802597046 0.0934601277112961 0.0921275913715363 0.102650970220566 0.0727746412158012 0.0418631359934807 0.239789411425591 0.106861911714077 0.268773049116135 0.26892301440239 0.280728161334991 0.195936948060989 0.165322080254555 0.225634127855301 0.155406534671783 0.178597956895828 0.22398167848587 0.279609799385071 0.204340636730194 0.115556806325912 0.043691162019968 -0.112689353525639 0.209620475769043 0.110446937382221 0.164412140846252 0.170568019151688 0.163171738386154 0.0575420223176479 0.00651728035882115 0.00385587872005999
0.198381125926971 0.193682238459587 -0.0187434088438749 0.118360556662083 0.187859296798706 0.21592453122139 0.145687475800514 0.132675498723984 0.0978823155164719 0.0823869034647942 0.126410096883774 0.126570701599121 0.00584633881226182 0.0239025186747313 0.128187701106071 0.099365808069706 0.10561141371727 0.0798109993338585 0.115073919296265 0.172857210040092 0.186463743448257 0.287565141916275 0.207103684544563 0.101622588932514 0.222579836845398 0.110119327902794 0.0410298854112625 0.200873851776123 0.183976590633392 0.245836183428764 0.250007182359695 0.205861046910286 0.165214687585831 -0.0269347261637449 0.0590798854827881 0.278768420219421 0.156324595212936 0.185780897736549 0.125302150845528 0.265145480632782 0.130697995424271 0.0885541513562202 0.0434087216854095
0.172979116439819 0.108753085136414 0.147527799010277 0.0218413565307856 0.337193071842194 0.0750399678945541 0.159238129854202 0.166624426841736 0.117979496717453 0.178917199373245 0.134055197238922 0.160872831940651 0.0956035926938057 0.16380800306797 0.0559820421040058 -0.0250539965927601 0.0396672673523426 -0.0150215784087777 0.0760777816176414 0.164335742592812 0.184022769331932 0.29015588760376 0.213325470685959 0.124020792543888 0.235125303268433 0.219422206282616 0.224453777074814 0.203879117965698 0.189159110188484 0.212107256054878 0.0483915954828262 0.227251619100571 -0.0635381862521172 0.0350763760507107 0.20774918794632 0.241164982318878 0.251190364360809 0.134792447090149 0.192850455641747 0.143858462572098 0.0394320674240589 0.163040101528168 3.68368164345156e-05
0.112520314753056 0.142530560493469 0.0479791909456253 0.145374089479446 0.191581457853317 0.155949041247368 0.0439413599669933 0.19972687959671 0.175928398966789 0.118876174092293 0.0606054067611694 0.0781335607171059 0.139224171638489 0.167925640940666 0.207329735159874 0.185169637203217 0.0586181618273258 0.0602344572544098 0.081048995256424 0.0910318493843079 0.107190065085888 0.102755203843117 0.197198361158371 0.196588531136513 0.203274995088577 0.23364582657814 0.28792142868042 0.206209391355515 0.174789115786552 0.198957219719887 0.256172060966492 0.0825260654091835 -0.0775209739804268 0.0320484712719917 0.0697152689099312 0.266377955675125 0.177938610315323 0.240027830004692 0.170961156487465 0.146005883812904 0.156039282679558 0.191667824983597 0.0742774605751038
0.135603129863739 0.107738733291626 0.0473403334617615 0.0856918394565582 0.080990843474865 0.0985585898160934 0.203230664134026 0.136542543768883 0.150469526648521 0.188330829143524 0.168132945895195 0.212784513831139 0.0786117836833 0.0768002197146416 0.132178395986557 -0.0175259355455637 0.0837029442191124 0.146205842494965 0.214803829789162 0.15139265358448 0.193250641226768 0.133586019277573 0.158445209264755 0.0467812567949295 0.260090947151184 0.288653522729874 0.175854831933975 0.158062040805817 0.196499556303024 0.0477588288486004 0.203552275896072 0.0572538785636425 -0.0317712910473347 -0.0454246960580349 -0.00860656518489122 0.232380092144012 0.271273285150528 0.205489009618759 0.145539835095406 0.236119881272316 0.22864156961441 0.255577325820923 0.144929751753807
0.117921635508537 0.119772173464298 0.0650492459535599 0.0845142602920532 0.0851952731609344 0.13081893324852 0.131855100393295 0.112287774682045 0.0864996016025543 0.13782699406147 0.0710043460130692 0.129317536950111 0.125633791089058 0.0648605227470398 0.169765815138817 0.113954201340675 0.0610122494399548 0.137801125645638 0.163169920444489 0.0523080974817276 0.0697014629840851 0.100090689957142 -0.0125042200088501 0.128474906086922 0.147674053907394 0.225153401494026 0.20838651061058 0.192764565348625 0.196281015872955 0.233886584639549 0.182642996311188 0.143562793731689 -0.0118604004383087 -0.0734412595629692 0.0769774243235588 0.209322974085808 0.142090663313866 0.267771571874619 0.216318756341934 0.208650052547455 0.109044529497623 0.0751726105809212 0.0159533992409706
0.0896884426474571 0.0737592503428459 0.0598596595227718 0.134234428405762 0.19332480430603 0.114890970289707 0.0538924746215343 0.22600345313549 0.194274991750717 0.0586700700223446 0.0861786156892776 0.129302054643631 0.147827878594398 0.0691937357187271 0.144831761717796 0.0810930207371712 0.109052948653698 0.0836553350090981 0.164077758789062 0.189108446240425 0.190856367349625 0.0976660698652267 0.110781587660313 0.178910344839096 0.131342068314552 0.171777635812759 0.155838966369629 0.153733506798744 0.0980653539299965 0.127127200365067 0.165030270814896 0.130326196551323 0.0586730875074863 0.13387356698513 0.160182625055313 0.183576181530952 0.155774474143982 0.154000505805016 0.120625257492065 0.19143445789814 0.159198343753815 0.132910147309303 0.0379244349896908
