assets/gome_f/processed/ascii/us/gome_sif_US_20131101.asc
NCOLS 116 
NROWS 53 
XLLCORNER -125 
YLLCORNER 24.5 
CELLSIZE 0.5 
NODATA_value -3.4e+38 
[rows 19 to 37 of 53, columns 43 to 85 of 116]
0.0450210124254227 0.135532736778259 0.0389081090688705 0.0652931109070778 0.00410367827862501 -0.0191619265824556 0.0139636257663369 0.060991533100605 0.112202264368534 0.0604926198720932 0.0540137365460396 0.0756435841321945 0.0444027855992317 0.0789928436279297 0.0459717288613319 0.0507051460444927 0.0658861398696899 0.0441655032336712 0.0366810224950314 0.0487119033932686 0.0685028359293938 0.0273232758045197 0.0569058321416378 -0.0272264331579208 0.0661323145031929 0.0197449643164873 0.00824068579822779 0.0751371458172798 0.0215736962854862 0.0466679558157921 0.00322806858457625 0.117961250245571 0.0423892289400101 -0.00111108587589115 0.0112416418269277 -0.0844059884548187 0.0360602475702763 0.0846452787518501 0.0629125237464905 0.0213258694857359 0.0771611481904984 0.13436259329319 0.0996987894177437
0.0614756271243095 0.0506161078810692 0.00780783779919147 -0.0724415704607964 0.0980182811617851 0.0155478240922093 -0.00242705596610904 0.10083831846714 0.0431768260896206 0.0456760972738266 0.049908384680748 0.0521463118493557 0.055098183453083 0.0670448839664459 0.0544548518955708 0.0773634314537048 0.0723551958799362 -0.0154446195811033 0.0418801717460155 0.0488670393824577 0.0770701989531517 0.114797472953796 0.0932809710502625 0.0740913972258568 -0.0435660108923912 0.0201088562607765 0.0355590768158436 0.0567344687879086 0.0743868798017502 0.100319944322109 0.0128642041236162 0.0289608035236597 -0.00853736139833927 -0.00272107566706836 0.0450662709772587 0.0404311120510101 -0.0588921867311001 0.0421974919736385 -0.0146464239805937 -0.0305937193334103 0.0309060383588076 -0.0466424934566021 -0.0472579598426819
0.0654882416129112 0.0555114559829235 0.059317447245121 0.0463255196809769 0.0866428539156914 0.0192068982869387 0.111623764038086 0.0704361796379089 0.0510737486183643 0.00357680930756032 0.033541526645422 0.0464859418570995 0.0905311033129692 0.00276699103415012 0.0738223269581795 0.0229398664087057 0.0187959335744381 0.0566389858722687 0.025682145729661 0.098372146487236 0.0835861638188362 0.0865151137113571 0.0866791903972626 0.108352199196815 0.0911529883742332 0.0170426089316607 0.00114540650974959 0.12670324742794 -0.0417834930121899 0.0848679691553116 -0.0180169176310301 -0.0779532045125961 0.0552094578742981 0.109055444598198 0.00584090640768409 -0.00873142946511507 0.0928058475255966 0.0865333899855614 -0.00157109450083226 -0.035171277821064 0.26172348856926 0.0532352887094021 0.141526207327843
0.0992315337061882 -0.00401685573160648 0.0155066521838307 0.0936136692762375 0.110471606254578 0.0907095670700073 0.0957144424319267 0.103408977389336 0.0612326264381409 0.0910086408257484 0.051175482571125 0.0655050873756409 0.0397850275039673 0.0589856654405594 0.0194331761449575 0.0976464226841927 0.0116011165082455 0.0500768832862377 0.077006533741951 0.0836746096611023 0.10461288690567 0.127039849758148 0.0775135159492493 0.0640181005001068 0.0274235997349024 0.0426483489573002 0.0886252298951149 -0.0166532024741173 -0.00325005920603871 0.0593296550214291 0.0469019897282124 0.024077819660306 0.0634582340717316 0.019593495875597 0.108664289116859 0.0594907402992249 0.0462884344160557 0.171269074082375 0.114546529948711 0.0973589271306992 0.045295175164938 0.136041268706322 -0.0444925427436829
0.115848384797573 0.0508312582969666 0.110133081674576 0.069160059094429 0.00991990324109793 0.110277973115444 0.0991104170680046 0.0878347679972649 0.0743872001767159 0.0596341192722321 0.0483447574079037 -0.00341564347036183 0.16816708445549 0.00710790185257792 0.0584137253463268 0.064737856388092 0.127738669514656 0.0644389539957047 0.110813707113266 0.0429022125899792 0.0263216961175203 0.0908243283629417 0.0471025854349136 0.134421736001968 0.0447947271168232 0.102747097611427 0.0468097366392612 0.119949601590633 0.00369805237278342 0.0707667618989944 0.0402247197926044 -0.0115296570584178 0.0499853454530239 0.112337201833725 0.110586680471897 0.0941734313964844 0.0205407068133354 0.133679047226906 0.103055447340012 0.103769429028034 0.0680558010935783 -0.00556997442618012 0.0648363307118416
0.0169365350157022 0.122140266001225 0.0473368726670742 0.0871447771787643 0.11981138586998 0.0528031587600708 0.0808503031730652 -0.000163537260959856 0.142783164978027 0.105184383690357 0.0846726223826408 0.116574585437775 0.0452027954161167 0.0630572810769081 0.113344304263592 0.0995992198586464 0.00369978393428028 0.0783297941088676 0.102833092212677 0.150323361158371 0.0914878621697426 0.19261060655117 0.0935397669672966 0.0752796307206154 0.0813229829072952 0.127266481518745 0.0550919398665428 0.13008925318718 0.0746576189994812 0.0170135982334614 0.112409688532352 0.0216723829507828 0.0396976433694363 0.0611495785415173 0.105010032653809 0.0958757400512695 0.0793134197592735 0.185623317956924 0.163477376103401 0.135549902915955 0.0632622316479683 0.0378778055310249 -0.0180121436715126
0.0724273025989532 -0.0171098206192255 0.111769258975983 0.0703861936926842 0.103690274059772 0.0747177973389626 0.0544683076441288 0.0770874917507172 0.103700324892998 0.0713378712534904 0.0855207145214081 0.0915313512086868 0.0734948813915253 -0.0156686138361692 0.0764864608645439 0.114286407828331 0.0774285197257996 0.0907165557146072 0.158738806843758 0.0433753803372383 0.0556444004178047 0.0389910340309143 0.104317456483841 0.107547111809254 0.115840546786785 0.0923484042286873 -0.013468156568706 0.0613938756287098 0.20388999581337 0.0489436127245426 0.146222978830338 0.107966527342796 0.161637052893639 0.0526232793927193 0.103713929653168 0.131467014551163 0.116544529795647 0.167031720280647 0.19511753320694 0.204832553863525 0.0468973070383072 0.0201636273413897 -0.00566921196877956
0.0274002533406019 0.0317589528858662 0.11687134206295 0.109670549631119 0.0726263746619225 0.0624332241714001 0.05061911419034 0.0518319718539715 0.0705499053001404 0.0664424076676369 0.0417103357613087 0.0636193603277206 0.0298130549490452 0.0862834304571152 0.0575788244605064 0.0997352823615074 0.135109573602676 0.0962119996547699 0.0805356279015541 0.100991114974022 0.105161048471928 0.0762459635734558 0.100073985755444 0.0654356181621552 0.0685117319226265 0.120888978242874 0.0897854343056679 0.120366990566254 0.121750563383102 0.0601382367312908 0.173444673418999 0.114515729248524 0.109616219997406 0.0873173996806145 0.155621990561485 0.043310321867466 0.136112108826637 0.221042156219482 0.166520848870277 0.0852240324020386 0.101831965148449 -0.0103185707703233 0.0532348938286304
0.0581355728209019 -0.0328592583537102 0.0658071637153625 0.111277103424072 0.115175805985928 0.10218558460474 0.053214468061924 0.00162037403788418 0.0622308813035488 0.0473446622490883 0.113473877310753 0.147603735327721 0.0941526666283607 0.076676994562149 0.11699902266264 0.0792834907770157 0.0467434525489807 0.0463569425046444 0.0874615684151649 0.0929380357265472 0.151317685842514 0.123248919844627 0.0866945534944534 0.128956198692322 0.047454796731472 0.0882817953824997 0.0759659111499786 0.0478473901748657 0.0558824390172958 0.122501619160175 0.0874565541744232 0.170703485608101 0.0445151701569557 0.0505027920007706 0.112023174762726 0.10430222004652 0.0454043932259083 0.0839897319674492 0.0710202902555466 0.108507305383682 0.0465026348829269 0.044002290815115 0.0615571886301041
0.0427322760224342 0.0506027191877365 0.062290858477354 0.0840570405125618 0.0553933307528496 0.0416430197656155 0.0734586045145988 -0.0352104753255844 0.0696908831596375 0.0538294576108456 0.0868260115385056 0.223017156124115 0.0596301555633545 0.134473189711571 0.0803207531571388 0.0832994878292084 0.1384217441082 0.0711113512516022 0.167719319462776 0.0974142625927925 0.118825934827328 0.0909860208630562 0.186948463320732 0.0821589902043343 0.102488070726395 0.00957990344613791 0.0174016989767551 0.00523701868951321 0.151564300060272 0.0787130743265152 0.109306246042252 0.0645162314176559 0.144555419683456 0.092103123664856 0.178757011890411 0.191949024796486 0.145765721797943 0.104645855724812 0.0633018091320992 0.147920981049538 0.00543129676952958 0.0137901119887829 0.105250529944897
-0.00291823665611446 0.0832856893539429 0.0303718149662018 0.0084458589553833 0.0160369388759136 0.00824551284313202 0.0274377483874559 0.0421712398529053 0.153873264789581 0.129474312067032 0.251578629016876 0.208428561687469 0.0448398254811764 -0.0184420309960842 0.0435361601412296 0.0913315564393997 0.142807468771935 0.0801728218793869 0.0937454029917717 0.0676977410912514 0.0692557990550995 0.117220051586628 0.0624821111559868 0.115179158747196 0.0930361300706863 0.0873000919818878 0.0453361459076405 0.14425428211689 0.0771775543689728 0.0769351720809937 0.010489602573216 0.128718256950378 0.0970722809433937 0.0863566324114799 0.125036612153053 0.0578162968158722 0.126361191272736 0.0643761307001114 0.12060009688139 0.0739942342042923 0.0727867558598518 0.0927532389760017 0.0798293277621269
0.0454963557422161 -0.0263591669499874 0.0826603323221207 0.0355140417814255 0.0922285243868828 0.0405923575162888 0.0234017241746187 0.0374132767319679 0.133366748690605 0.220990791916847 0.130898341536522 0.224037185311317 0.112125895917416 0.103518031537533 0.137027963995934 0.0824386030435562 0.0495454184710979 0.0105289565399289 -0.0110781006515026 0.1210847645998 0.0680113956332207 0.0623188987374306 0.0482395216822624 0.225360035896301 0.0677660256624222 0.134744510054588 0.0757075026631355 0.148063614964485 0.086671844124794 0.0809889733791351 0.0857093408703804 0.0862529426813126 0.0782200917601585 0.124829940497875 0.17809322476387 0.0643105804920197 0.0925767123699188 0.0443111434578896 0.0967271998524666 0.0935294553637505 0.0972729250788689 0.0160834770649672 0.0290913339704275
0.0436209738254547 -0.0118722468614578 -0.0314191766083241 0.0129490680992603 0.040334440767765 0.0257232971489429 0.0982429832220078 0.0925870984792709 0.117433406412601 0.0975091233849525 0.165719777345657 0.11873535066843 0.0965754315257072 0.1026281863451 0.00229458720423281 0.0219856631010771 0.0454484522342682 0.127562791109085 0.0764928311109543 0.196346804499626 0.0040712277404964 0.107312612235546 0.119579412043095 0.103322550654411 0.0810515806078911 0.104297570884228 0.109703294932842 0.0132574969902635 0.153584599494934 0.109762959182262 0.07782381772995 0.132889553904533 0.0489837266504765 0.108989678323269 0.0561302490532398 0.111890822649002 0.103893525898457 0.0328574068844318 0.0535025484859943 0.0622811987996101 0.21559102833271 0.165166482329369 0.0519892051815987
-0.0245768129825592 0.038492739200592 0.00747151393443346 0.0563422739505768 0.0636258497834206 0.0304328799247742 0.0773506388068199 0.0534576661884785 0.0735968425869942 0.0975479930639267 0.139706298708916 0.125901505351067 0.136925414204597 0.0806327313184738 0.171865731477737 0.144388169050217 0.00352682545781136 0.130968436598778 0.0433959923684597 0.200590401887894 0.0928574874997139 0.0994344279170036 0.103394120931625 -0.147192239761353 0.0991615206003189 0.056727759540081 0.120333075523376 0.163820073008537 0.158520951867104 0.137197926640511 0.0802861377596855 0.0545512735843658 0.0773659273982048 0.118609458208084 0.158153742551804 0.146659389138222 0.194730937480927 -0.0146759497001767 0.117340721189976 0.142598956823349 0.192968055605888 0.116338521242142 0.0482371561229229
0.0386740788817406 0.116366863250732 0.0677035748958588 0.0918958112597466 0.0251092668622732 0.0227220933884382 -0.0354635454714298 0.126721426844597 0.110489666461945 0.15231566131115 0.16617725789547 0.145141944289207 0.0645619556307793 0.0450198873877525 0.0885969027876854 -0.0807550027966499 0.126178503036499 0.013815107755363 0.0997435376048088 0.0978955030441284 0.179049596190453 0.0680772066116333 0.25693267583847 0.0452671572566032 0.107294544577599 0.0672517344355583 0.197795733809471 0.173562407493591 0.0290314275771379 0.231110826134682 0.118556097149849 0.168236494064331 0.134581729769707 0.0841603204607964 0.140921846032143 0.173011615872383 0.0725880563259125 0.116232857108116 0.0752928182482719 0.0865592658519745 0.0924343764781952 0.269682109355927 0.137607708573341
0.0339580178260803 -0.0345277339220047 0.0231025312095881 0.0310566872358322 0.0831938236951828 0.028428602963686 0.0539847202599049 0.112689077854156 0.102166265249252 0.156673103570938 0.136425718665123 0.0831645205616951 0.173732489347458 0.0333398766815662 0.0193591304123402 0.139622405171394 0.103695511817932 0.101479053497314 0.0514039248228073 0.08033137768507 0.124040745198727 0.100136443972588 0.129996433854103 0.14526741206646 0.096974641084671 0.0940962582826614 0.113609187304974 0.181169494986534 0.130316868424416 0.184996709227562 0.118540771305561 0.199466407299042 0.165749043226242 0.0789649784564972 0.0767154917120934 0.15903814136982 0.109129942953587 0.117774233222008 0.191309660673141 0.073710635304451 0.160774499177933 0.157720297574997 0.148171544075012
0.0262643098831177 -0.0082605853676796 0.0464077405631542 0.0381362959742546 0.0623147822916508 0.0908026248216629 0.109880715608597 0.0691849440336227 0.0693757906556129 0.117843858897686 0.0630221143364906 0.189860716462135 0.117983147501945 0.135240599513054 0.125814586877823 0.131817653775215 0.179981499910355 0.132306754589081 0.0919940397143364 0.167640879750252 0.146757155656815 0.0498418286442757 0.121365875005722 0.187770456075668 0.0709123909473419 0.117753893136978 0.152037009596825 0.122250653803349 0.169724375009537 0.162770748138428 0.118625745177269 0.157521262764931 0.208767145872116 0.130624786019325 0.187444776296616 0.167123734951019 0.00324878538958728 0.166622281074524 0.159203872084618 0.248130619525909 0.132023200392723 0.275909751653671 0.119825698435307
0.0594991557300091 0.0638948529958725 0.124027095735073 0.00896880868822336 0.21490266919136 0.0279434584081173 0.104343838989735 0.0763711705803871 0.0396704971790314 0.139458805322647 0.0716695263981819 0.153732568025589 0.132981270551682 0.0775090605020523 0.118543714284897 0.220653176307678 0.16742767393589 0.174660757184029 0.126636162400246 0.228372976183891 0.211089238524437 0.155592128634453 0.165251076221466 0.116698481142521 0.110973872244358 0.0477917604148388 0.131880223751068 0.138342544436455 0.219490066170692 0.198731049895287 0.161956861615181 0.21338202059269 0.208626314997673 0.118955284357071 0.0566961206495762 0.192105665802956 0.139896482229233 0.149433359503746 0.202126994729042 0.255858689546585 0.153904214501381 0.198350802063942 0.281189233064651
0.0120780169963837 0.0591563917696476 0.0476797856390476 0.0821431279182434 0.111857034265995 0.137000769376755 0.102299652993679 0.163280621170998 0.067005380988121 0.174609839916229 0.144167765974998 0.0842229202389717 0.107591703534126 0.0471514090895653 0.0383331924676895 0.237277507781982 0.22576779127121 0.138348981738091 0.111371785402298 0.166708692908287 0.151295080780983 0.156532436609268 0.158553913235664 0.0739875361323357 0.18005707859993 0.149981498718262 0.212587758898735 0.222016155719757 0.120798543095589 0.153446048498154 0.198298677802086 0.115207843482494 0.167713642120361 0.169234648346901 0.0119137335568666 0.213817596435547 0.180987417697906 0.114193253219128 -0.0114532262086868 0.113887093961239 0.160638123750687 0.0872827246785164 0.273621797561646
