assets/gome_f/processed/ascii/us/gome_sif_US_20110401.asc
NCOLS 116 
NROWS 53 
XLLCORNER -125 
YLLCORNER 24.5 
CELLSIZE 0.5 
NODATA_value -3.4e+38 
[rows 0 to 18 of 53, columns 0 to 43 of 116]
-999.000000000000000 -999 -999 -999 -999 -0.10456095635891 0.164764866232872 0.097009502351284 0.0908549651503563 -0.0272946991026402 0.167326420545578 0.150487139821053 0.162554636597633 0.36967271566391 0.0080064395442605 -999 -999 -999 -999 -999 -999 0.229977622628212 0.0412974916398525 0.0107013732194901 -0.0269684344530106 0.149769842624664 0.0310358218848705 -0.0717968419194221 -0.0425213053822517 0.0766472443938255 -0.0456838607788086 0.139912739396095 -0.0242852158844471 0.0246288552880287 -0.0692429691553116 0.0421198196709156 0.048027228564024 -0.0490616895258427 -0.0746165961027145 0.0121076293289661 -0.0405973568558693 -0.010394973680377 0.0262402817606926 -0.0240535624325275
0.0647256150841713 0.1120919957757 -999 -999 -999 -999 0.158129021525383 0.0764412060379982 -0.0110530564561486 0.169308245182037 0.202152386307716 0.0883677303791046 0.0678219720721245 -0.0423338413238525 -999 0.0975072905421257 -999 -999 -0.252879202365875 -999 -0.181570246815681 0.121345087885857 0.133949384093285 0.0113195367157459 -0.103532500565052 0.0929157808423042 0.035168744623661 -0.0188899077475071 -0.0821972489356995 0.0371279120445251 0.0648093894124031 0.025594886392355 0.0425678752362728 0.0632829368114471 0.044822309166193 0.058428268879652 0.0897451862692833 -0.0208951514214277 -0.0269037969410419 -0.0302790496498346 -0.00309223053045571 -0.0175600610673428 0.0142263974994421 0.0056578922085464
0.129266828298569 -0.0457193702459335 -0.0597419962286949 -0.133004382252693 0.361509203910828 0.060631051659584 -999 -0.119441635906696 -0.338743478059769 -0.0380141548812389 0.206300839781761 0.16212497651577 0.10312957316637 -999 0.051169466227293 0.203855574131012 -999 -999 -999 -0.252837300300598 -0.279476523399353 -0.124999485909939 0.160444796085358 0.0283113047480583 0.0348235294222832 -0.0914027914404869 -0.0312035847455263 -0.0533899366855621 -0.160530641674995 0.121966242790222 0.0743740051984787 0.100915066897869 0.00677343457937241 0.066812090575695 0.00213014474138618 -0.0742560401558876 0.135262578725815 -0.0308925714343786 0.0433945767581463 -0.00203977036289871 -0.000186291828867979 -0.0262743942439556 0.0422600619494915 0.0213210787624121
0.100618936121464 0.364531874656677 0.0410533584654331 0.0414375886321068 0.0673621818423271 0.20432011783123 0.0787708312273026 0.247009873390198 0.218086242675781 0.151901572942734 0.12596720457077 -0.017578924074769 -0.0134009476751089 0.136546656489372 0.119998835027218 -999 -0.111313052475452 -0.0778023302555084 0.370928108692169 -0.0288770198822021 0.34675320982933 -999 0.0780674666166306 0.0232553146779537 0.0222728215157986 0.052377313375473 0.08250542730093 0.0754484757781029 -0.0270168632268906 -0.0485461205244064 0.050605297088623 -0.210723236203194 0.184187605977058 -0.101663507521152 0.0295051038265228 0.0158846955746412 0.0801943615078926 0.106908157467842 0.0764885023236275 0.0836720392107964 0.129532724618912 -0.0799142643809319 0.0729757621884346 -0.0605671182274818
-0.0252658203244209 0.0456226766109467 0.0145418467000127 0.126005947589874 0.0577688366174698 0.0748076438903809 0.260840117931366 -999 0.336932897567749 -0.139194220304489 0.0645087137818336 0.103171624243259 0.0680514127016068 0.157920107245445 -0.0174225084483624 -0.00237515009939671 0.121266685426235 0.291636079549789 0.134739920496941 -0.0139452340081334 -0.126897588372231 -0.236435160040855 -999 -999 -0.0261257886886597 0.0634990185499191 -0.0455754101276398 0.00272711087018251 0.056858953088522 -0.0066101630218327 0.0644416511058807 -0.00419687945395708 0.000256310391705483 -0.0929019078612328 0.0578871183097363 -0.0968557372689247 0.0743102207779884 0.0738123059272766 -0.000914556905627251 0.0165706370025873 -0.0113769760355353 -0.0754509717226028 -0.0398627072572708 0.0781616568565369
0.211999729275703 0.120688818395138 0.223030164837837 0.0270481761544943 0.104104809463024 -0.0350251793861389 0.418726593255997 0.169893145561218 -0.0651670843362808 0.0910655558109283 0.0552216283977032 0.194045126438141 0.0633674189448357 0.0416744239628315 0.110953606665134 0.118305176496506 -0.0912483185529709 0.157910346984863 0.0748526081442833 0.041493434458971 0.308407336473465 -0.0152731295675039 -999 -999 0.343873918056488 -0.0934147983789444 0.02206707932055 0.0981166884303093 0.0267454516142607 0.0355771742761135 0.094959944486618 0.143507733941078 0.0889432281255722 0.0376515127718449 0.118877679109573 0.0824970677495003 -0.0230885092169046 0.0135613707825541 0.00189159065485001 -0.0891816690564156 0.0724136233329773 -0.10260471701622 0.0453541800379753 0.0571222081780434
-0.0186387468129396 0.0775062888860703 -0.0443992912769318 0.0898826569318771 0.136694446206093 0.366546630859375 0.173599600791931 0.00788509845733643 0.260950833559036 0.178593933582306 0.208149924874306 0.0924289152026176 0.151836514472961 0.122492752969265 0.167380377650261 0.0651295930147171 0.0965006574988365 0.215788006782532 0.0828664526343346 0.161433905363083 0.116113126277924 0.109334997832775 -0.175692155957222 -999 0.521031022071838 0.104647219181061 0.0945175737142563 0.0939269810914993 0.0358612760901451 0.145271211862564 0.0171743500977755 0.0458635650575161 0.106331042945385 -0.0377526469528675 0.130060732364655 0.0954407006502151 0.113806299865246 0.0143609065562487 0.00160202488768846 -0.0227077268064022 0.0325820408761501 -0.00831909384578466 0.106396049261093 0.0856319665908813
-0.0648104920983315 0.0344967879354954 -0.0698950067162514 0.207336708903313 0.163342773914337 0.272147506475449 0.182728320360184 0.0129828229546547 0.212306827306747 0.0516304634511471 0.217544481158257 0.173417061567307 0.343456536531448 0.0490220449864864 0.201988965272903 0.127947568893433 0.0388361848890781 0.158611238002777 0.0567352063953876 0.366622567176819 0.270815581083298 0.127363875508308 -0.402142465114594 -999 -0.00306261167861521 0.214198067784309 0.0305226985365152 -0.0955713838338852 -0.0993141978979111 0.0545905232429504 0.0142256282269955 0.192685782909393 0.156915679574013 0.0997443050146103 0.0970757901668549 0.0708552002906799 0.0595646612346172 0.0378553867340088 0.202164322137833 0.0907014459371567 0.0585524514317513 -0.0175482407212257 0.0228262897580862 0.116092346608639
-0.0852117314934731 0.0975548326969147 0.102857269346714 0.239070445299149 0.0836176052689552 0.182393908500671 0.383491724729538 0.205230355262756 0.293322116136551 0.247014388442039 0.114578582346439 0.168891832232475 0.258437246084213 0.253630518913269 0.304408699274063 0.194208443164825 0.123333215713501 0.358005523681641 0.304338544607162 0.343851089477539 -999 0.00195416621863842 -0.0690813511610031 -0.0343444980680943 -0.0849139466881752 -0.0391727387905121 0.0194978546351194 0.0218907371163368 -0.215277075767517 0.29991427063942 0.0460331737995148 -0.0149038108065724 0.0964342877268791 0.048618383705616 0.088864378631115 0.0835015252232552 0.000372014939785004 0.0878528282046318 0.095703125 0.0161301549524069 0.0567277893424034 0.0603405684232712 0.0514627695083618 0.00987350847572088
-0.0250948704779148 0.0147765316069126 0.151297584176064 0.305997401475906 0.368957281112671 0.282381385564804 0.124693214893341 0.115031868219376 0.213463068008423 0.163036972284317 0.221287667751312 0.15404400229454 0.205679297447205 0.321668028831482 0.278432250022888 0.0125768315047026 0.0247772876173258 0.385857671499252 0.280421555042267 -0.102450877428055 -999 -0.138689503073692 0.282251238822937 -0.158727303147316 0.210501477122307 -0.0301695521920919 0.0880948230624199 -0.001561239361763 0.134007275104523 -0.0560121387243271 0.0414768606424332 0.0979925245046616 0.0602199621498585 0.13319194316864 0.0834560245275497 0.0977531298995018 0.0911626517772675 0.226046040654182 0.137468248605728 0.054694551974535 0.101028822362423 0.00954224541783333 0.0903922691941261 0.189940318465233
0.0956189930438995 -0.0678000897169113 0.039783950895071 0.315105557441711 0.385743826627731 0.610302150249481 0.292092680931091 0.206751525402069 0.26375538110733 0.140204891562462 0.332840144634247 0.281522840261459 0.303563803434372 0.349219530820847 0.212994068861008 0.167828053236008 0.298322468996048 0.187705591320992 0.151925802230835 -0.143735259771347 0.467444866895676 0.116722404956818 -999 -999 -0.317803055047989 -0.00354261952452362 0.194943934679031 0.166546851396561 -999 0.144976928830147 0.0111591247841716 0.0910310819745064 0.135690972208977 -0.0256199538707733 0.16407273709774 0.12976747751236 0.147407621145248 0.108598731458187 0.10460602492094 0.0419765338301659 0.000184866788913496 0.0298713035881519 -0.00485457200556993 -0.0167452935129404
-0.0196074731647968 -0.0417727418243885 0.0709262117743492 0.249212384223938 0.137389704585075 0.31978315114975 0.0939069986343384 0.235816031694412 0.124787129461765 0.251058131456375 0.151425883173943 0.0202587600797415 0.151652202010155 0.263464212417603 0.251150101423264 0.307189792394638 -0.107151627540588 0.255749493837357 0.161192312836647 -999 -999 -999 0.20386104285717 -999 0.196068093180656 0.0495321042835712 -999 -999 -999 -999 -0.106813788414001 0.124198481440544 0.125779122114182 0.156942442059517 0.118212915956974 0.145882248878479 0.132736697793007 0.0509696193039417 0.0291519202291965 0.0672798678278923 0.103764526546001 0.0842016935348511 0.0449238047003746 0.0186162758618593
-0.102711193263531 -0.0298513807356358 0.195053249597549 0.298777520656586 0.24524661898613 0.345439434051514 0.306985139846802 0.171993106603622 0.196959242224693 0.154123902320862 0.0796050652861595 0.198918789625168 0.00829467084258795 -0.0453590303659439 0.14835649728775 0.106744080781937 0.187174335122108 -0.0972839891910553 -999 -999 -999 -0.0710268840193748 -0.033993486315012 -0.0613240040838718 -999 -999 -999 -999 -999 -999 -999 0.075853019952774 0.028903404250741 -0.0585534535348415 -0.0899739786982536 0.0683027654886246 0.195851445198059 0.231003403663635 0.108527421951294 0.0600537806749344 0.107157662510872 0.19071227312088 0.167508199810982 0.0938248410820961
-0.0301753804087639 -0.00892487168312073 0.119826480746269 0.437358856201172 0.330353647470474 0.312961280345917 0.286707431077957 0.275588840246201 0.145485684275627 0.087914913892746 0.0514448434114456 0.0591723397374153 0.0402962826192379 0.0731647089123726 0.0434313639998436 0.207893565297127 0.0442725121974945 0.0485873706638813 0.165758594870567 -999 -999 -999 0.142587751150131 -999 -0.230912059545517 0.00376637792214751 -999 -999 -999 -999 -999 0.300709754228592 0.0158188063651323 0.0741565227508545 -0.0156805980950594 0.0950201526284218 -0.0762829333543777 0.101216018199921 0.0685690194368362 0.100590512156487 0.0127313621342182 0.018175482749939 0.134010538458824 0.205248534679413
-0.0570120103657246 -0.0345707647502422 0.0926085561513901 0.569136619567871 0.203825712203979 0.396068274974823 0.273029327392578 0.193429067730904 0.0544935017824173 0.0576731339097023 0.0436890348792076 0.128947675228119 0.0927485451102257 0.0586449652910233 0.169616132974625 0.202272072434425 0.314535677433014 0.145889595150948 -0.023091459646821 0.0154106114059687 -999 -999 -999 -0.370299518108368 0.0571146793663502 -0.000910412869416177 -0.0282668638974428 -999 -999 -999 -999 -999 -0.0117540806531906 0.0994920134544373 0.150574386119843 -0.0258462522178888 0.0473209545016289 0.119573406875134 0.0688148215413094 0.167727515101433 0.0691147968173027 -0.00954564847052097 0.00909277237951756 0.22705252468586
0.0971288532018661 0.152274459600449 0.185360878705978 0.517699778079987 0.293199181556702 0.084550678730011 0.0521881990134716 0.0378132313489914 0.0604701600968838 0.0187866017222404 0.11595706641674 0.0169716533273458 0.138257399201393 0.154929295182228 0.0733697712421417 0.306488394737244 0.243457481265068 0.137588486075401 0.200973108410835 0.130214467644691 0.00449017528444529 0.0155547559261322 0.0246119387447834 0.0661237239837646 0.0506232082843781 0.0277898106724024 0.0558930300176144 -999 -999 -999 -999 -999 0.136905699968338 0.0775351375341415 0.0732269510626793 0.0190778598189354 0.00793439708650112 -0.0526554472744465 0.177238941192627 0.082952693104744 -0.121828466653824 -0.0336015224456787 0.0768719092011452 0.181934356689453
0.0924752578139305 0.221738755702972 0.275697618722916 0.333775013685226 0.323201984167099 0.199320048093796 0.0763217583298683 0.0357112698256969 0.271982043981552 0.0182922873646021 0.0925392732024193 -0.0245311036705971 0.0506274439394474 -0.0987996459007263 0.0705981627106667 0.134787231683731 0.0743795856833458 0.0484488569200039 0.262268751859665 0.173255026340485 0.0645630806684494 0.241301491856575 0.020543185994029 0.141323402523994 -0.00936953444033861 -0.0219198502600193 0.101075954735279 -999 -999 -0.0991806089878082 0.125064074993134 -0.65367716550827 -0.0702791810035706 0.00350576057098806 0.00499793747439981 -0.00951497908681631 -0.0240295231342316 0.0872910767793655 0.151512280106544 0.192258343100548 0.144675582647324 0.0933164954185486 0.0797901973128319 0.288132160902023
-0.0297635979950428 0.19844987988472 0.387852966785431 0.312197238206863 0.288271933794022 0.183069735765457 0.123728692531586 0.20871214568615 0.0463035516440868 0.196689873933792 0.141933217644691 0.016304474323988 0.0436202958226204 0.314159482717514 0.0542933270335197 0.211770340800285 0.0130390413105488 0.163369536399841 0.0717504695057869 0.104143403470516 0.123370677232742 0.00370058626867831 -0.471141219139099 0.0687343403697014 0.133580341935158 0.0734733194112778 0.0185906887054443 0.163265764713287 -999 -0.104397132992744 0.0200918912887573 -0.148477628827095 -0.0864748656749725 0.0341619178652763 -0.0292120780795813 0.0562907569110394 -0.0809088423848152 -0.0375296846032143 0.0230394750833511 0.0207200311124325 0.163775518536568 0.105061762034893 0.163120731711388 0.288873851299286
0.104614309966564 0.0991595983505249 0.0606702156364918 0.207276880741119 0.218109950423241 0.267503827810287 0.123922541737556 -0.00838077906519175 0.155783027410507 0.166199266910553 0.123360268771648 -0.0370698384940624 0.172290667891502 -0.0506034083664417 0.109229221940041 0.162701025605202 0.113443307578564 -0.0121582001447678 0.103894092142582 -0.0714497789740562 0.0871352925896645 0.0291846729815006 0.186875432729721 0.043140534311533 0.0904578790068626 0.0940116867423058 0.135171055793762 -999 0.0122231813147664 0.0306800119578838 0.0698224678635597 0.0315739512443542 -0.028459956869483 -0.0123188691213727 -0.0640367269515991 -0.0627857372164726 0.0290711037814617 0.00582221429795027 0.0464566983282566 0.156915009021759 -0.123674392700195 0.198535203933716 0.120225101709366 -0.0202323012053967
