assets/gome_f/processed/ascii/us/gome_sif_US_20110701.asc
NCOLS 116 
NROWS 53 
XLLCORNER -125 
YLLCORNER 24.5 
CELLSIZE 0.5 
NODATA_value -3.4e+38 
[rows 19 to 37 of 53, columns 44 to 87 of 116]
0.39080998301506 0.473326772451401 0.532464444637299 0.650419294834137 0.479016155004501 0.694198966026306 0.73833429813385 0.751255214214325 0.892483770847321 0.954648554325104 1.01258635520935 1.0145343542099 1.07349991798401 0.973857939243317 1.00407207012177 1.04447615146637 1.06476998329163 0.980075776576996 0.846151232719421 0.810881376266479 0.845255196094513 1.05520045757294 0.946971893310547 1.11279535293579 1.13041341304779 1.02514982223511 0.988190591335297 1.01470100879669 1.05475175380707 1.11023795604706 0.867079019546509 0.979901373386383 0.892339408397675 0.930186688899994 0.850046277046204 0.748717486858368 0.730956256389618 0.710317432880402 0.906164288520813 0.804986238479614 0.756236612796783 0.708947479724884 0.638999164104462 0.853583693504333
0.389063000679016 0.491795748472214 0.48437175154686 0.620832979679108 0.8216832280159 0.826070725917816 0.876890480518341 0.930761456489563 1.00731384754181 0.78398209810257 1.28732407093048 1.11938083171844 1.01235234737396 0.939636409282684 0.975340902805328 0.975148558616638 0.897405505180359 0.946090042591095 0.975070655345917 0.830656766891479 0.905778586864471 0.91007536649704 0.933208465576172 0.995233535766602 1.22046387195587 1.19922161102295 1.13963210582733 1.21081972122192 1.00967943668365 1.06746304035187 0.992476224899292 1.1146045923233 0.92581045627594 0.861611902713776 0.789071023464203 0.66441398859024 0.773773431777954 0.754711031913757 0.69032746553421 0.926114916801453 0.749633610248566 0.90439647436142 0.814292728900909 0.853099703788757
0.492435663938522 0.448947548866272 0.441302686929703 0.62128221988678 0.63372403383255 0.554997384548187 0.615772366523743 0.881816744804382 0.938125789165497 0.964527428150177 0.984679996967316 1.0276153087616 0.779547393321991 0.962216377258301 1.08841168880463 1.05743873119354 0.940901756286621 0.864872395992279 0.82290643453598 0.743183374404907 1.00814342498779 0.859143674373627 0.899014949798584 1.05799055099487 1.06238663196564 1.10151660442352 1.15776860713959 1.03823924064636 1.05650520324707 1.03622078895569 1.0794939994812 1.18528771400452 0.993041098117828 1.17097008228302 0.890870749950409 0.818908512592316 0.735491812229156 0.720406770706177 0.720158219337463 1.02719604969025 0.869969010353088 1.05123281478882 0.898397743701935 1.022904753685
0.346475958824158 0.44957110285759 0.292314082384109 0.476985037326813 0.504530191421509 0.495188862085342 0.483336299657822 0.417592793703079 0.707599937915802 0.600778639316559 0.708637833595276 0.788147866725922 0.74490761756897 0.875122845172882 0.951064348220825 1.08077585697174 0.925917387008667 0.94143009185791 0.952906489372253 0.890217840671539 0.915793836116791 0.843373119831085 0.967254459857941 1.0520191192627 1.01944196224213 1.0470826625824 1.10742223262787 0.915708720684052 1.07172644138336 1.09599816799164 0.993767619132996 1.05409109592438 0.972911536693573 0.838486850261688 0.867959201335907 0.90865284204483 0.818215250968933 0.904415607452393 0.817985475063324 1.05796694755554 0.943452417850494 1.0129486322403 0.885173201560974 1.14128506183624
0.379477947950363 0.269285947084427 0.336712926626205 0.35461437702179 0.441997081041336 0.392105549573898 0.443474292755127 0.478505611419678 0.425980240106583 0.523408532142639 0.528613150119781 0.552270352840424 0.712944626808167 0.741727590560913 0.751348912715912 0.932230949401855 0.890350520610809 0.893997967243195 1.01668548583984 1.09360373020172 1.02599620819092 0.94299042224884 0.984417259693146 0.906766712665558 0.924526929855347 1.09226059913635 1.02923250198364 0.986340522766113 0.953736066818237 1.09111201763153 0.891054749488831 0.982141375541687 1.07556354999542 0.938124775886536 0.812804162502289 0.891782760620117 0.9398073554039 0.864940822124481 1.07830691337585 0.898520708084106 0.929501891136169 0.867188036441803 0.756792724132538 0.963267385959625
0.162633374333382 0.196250557899475 0.25732284784317 0.245828047394753 0.317173689603806 0.292802363634109 0.216011643409729 0.354810833930969 0.311238288879395 0.461132347583771 0.470808148384094 0.395961463451385 0.598916590213776 0.500800013542175 0.665671527385712 0.797124207019806 0.82881361246109 0.812553822994232 0.974425554275513 0.892904579639435 0.903808414936066 0.967309594154358 0.733398020267487 0.903437197208405 0.845319986343384 0.783742547035217 0.846564412117004 0.846801221370697 0.81292062997818 0.927479565143585 0.915210723876953 0.880513072013855 1.00614202022552 0.964867353439331 0.813949406147003 0.910522639751434 0.819182932376862 0.989794492721558 0.894389092922211 0.871874570846558 0.918051719665527 0.927758991718292 0.969569683074951 0.877120673656464
0.21068412065506 0.27279207110405 0.239566117525101 0.265325993299484 0.204977735877037 0.186192557215691 0.188409566879272 0.302852392196655 0.446779996156693 0.385850548744202 0.469937235116959 0.472086906433105 0.475396007299423 0.520911037921906 0.604868352413177 0.626743733882904 0.718315124511719 0.629659533500671 0.788834750652313 0.733786225318909 0.751675844192505 0.854956328868866 0.784648478031158 0.915392577648163 0.874918758869171 0.930431246757507 0.842242300510406 0.82618510723114 0.794318616390228 0.835603535175323 0.845130741596222 0.855761170387268 0.851732492446899 0.876877784729004 0.742428004741669 0.923784255981445 0.92173957824707 0.889220714569092 0.977334976196289 0.843616366386414 0.918484747409821 0.732617676258087 0.945395171642303 0.646421134471893
0.170474529266357 0.128493458032608 0.226423129439354 0.357654750347137 0.396386921405792 0.301751881837845 0.270507156848907 0.231039330363274 0.276463836431503 0.369977861642838 0.365840077400208 0.322563350200653 0.584609568119049 0.373795807361603 0.520406901836395 0.633164286613464 0.680859625339508 0.820304214954376 0.659374356269836 0.694762527942657 0.709169864654541 0.838822364807129 0.854964375495911 0.718695998191833 0.893478035926819 0.703870952129364 0.785917401313782 0.765513300895691 0.845419764518738 0.783858418464661 0.861506342887878 0.962428689002991 0.72644054889679 0.884580075740814 0.796913087368011 0.98243111371994 0.916458964347839 0.843640863895416 1.06202077865601 0.74708354473114 0.77600234746933 0.716596007347107 0.815353512763977 0.780414223670959
0.0494841225445271 0.139870315790176 0.163008481264114 0.365069299936295 0.306026488542557 0.205471619963646 0.18968454003334 0.103133700788021 0.176018625497818 0.151119887828827 0.171014681458473 0.361742615699768 0.495676070451736 0.474830836057663 0.521293818950653 0.539064705371857 0.499827235937119 0.786924302577972 0.522159218788147 0.554182469844818 0.694491684436798 0.811224758625031 0.811447322368622 0.782690942287445 0.731731712818146 0.670177638530731 0.761802673339844 0.745133459568024 0.85792350769043 0.831137776374817 0.656895399093628 0.653332710266113 0.686659514904022 0.805028259754181 0.98772269487381 0.758343935012817 0.954897463321686 0.757460296154022 1.0757223367691 0.616888463497162 0.844499886035919 0.78094607591629 0.925963044166565 0.828648328781128
0.0930356532335281 0.0835474878549576 0.0788140222430229 0.172331139445305 0.158163025975227 0.103641331195831 0.155487596988678 0.122599251568317 0.14574858546257 0.208221301436424 0.272914230823517 0.229096755385399 0.339187771081924 0.50396865606308 0.481881558895111 0.540123820304871 0.405447691679001 0.713440537452698 0.550069093704224 0.54942774772644 0.609421253204346 0.643372714519501 0.719207286834717 0.713017582893372 0.859160125255585 0.767708718776703 0.857769191265106 0.732447028160095 0.698411464691162 0.882659375667572 0.760713398456573 0.831045389175415 0.884258568286896 0.785042762756348 0.731198608875275 0.806590557098389 0.869981586933136 0.697363436222076 0.834168374538422 0.789565622806549 0.896648943424225 0.777790188789368 0.850063323974609 1.04555726051331
0.235251262784004 0.223369970917702 0.202573597431183 0.171367794275284 0.164020240306854 0.0949534177780151 0.111216194927692 0.161137983202934 0.288324981927872 0.216621086001396 0.275993585586548 0.295933872461319 0.259594529867172 0.436688035726547 0.465253263711929 0.610127747058868 0.503964602947235 0.604341149330139 0.628304839134216 0.512837588787079 0.562898218631744 0.531355500221252 0.683504700660706 0.606413424015045 0.872627019882202 0.835613667964935 0.842639863491058 0.795509278774261 0.905772924423218 0.824245929718018 0.781034350395203 0.702149033546448 0.688665807247162 0.594072639942169 0.808067858219147 0.68582147359848 0.674040973186493 0.545188307762146 0.846747100353241 0.900420427322388 0.64888471364975 0.904566824436188 0.725694000720978 0.928573489189148
0.156863898038864 0.200252637267113 0.142305627465248 0.139695689082146 0.257054895162582 0.146893605589867 0.204582542181015 0.178515017032623 0.175393626093864 0.202005073428154 0.259494751691818 0.383772939443588 0.345875322818756 0.522766828536987 0.516980767250061 0.526021480560303 0.611947357654572 0.583074450492859 0.846780121326447 0.606487393379211 0.694464206695557 0.554553270339966 0.576292395591736 0.817665755748749 0.80599045753479 1.00129663944244 0.816101849079132 0.860156774520874 0.819005310535431 0.773892819881439 0.70836079120636 0.692699193954468 0.646011531352997 0.746117293834686 0.858881652355194 0.714063704013824 0.836971282958984 0.795656323432922 0.644754886627197 0.961364030838013 0.725893497467041 0.674520015716553 0.705546498298645 0.782102584838867
0.155347317457199 0.0967815145850182 0.0161278788000345 0.13927061855793 0.100165747106075 0.206416681408882 0.13519923388958 0.294668346643448 0.141095042228699 0.318153560161591 0.240023031830788 0.360403746366501 0.357040166854858 0.461688220500946 0.526549339294434 0.460379838943481 0.50585550069809 0.409290313720703 0.531153738498688 0.504747688770294 0.632930517196655 0.693318843841553 0.761594712734222 0.769747018814087 0.83715957403183 0.7989462018013 0.784771859645844 0.84937059879303 0.730973958969116 0.696658134460449 0.839883625507355 0.612685680389404 0.799502432346344 0.638933718204498 0.730204105377197 0.756491482257843 0.656516551971436 0.84171050786972 0.814784705638885 0.893576323986053 0.592479646205902 0.772921621799469 0.636509120464325 0.603483080863953
0.153877854347229 0.141432151198387 0.149779319763184 0.113861322402954 0.150947600603104 -0.016793442890048 0.119851090013981 0.0508994422852993 0.249366655945778 0.225875496864319 0.281534254550934 0.304283320903778 0.50038880109787 0.344939082860947 0.464873313903809 0.499929487705231 0.628568649291992 0.487590074539185 0.55189174413681 0.58998316526413 0.574089765548706 0.720945715904236 0.502768933773041 0.767440378665924 0.740495324134827 0.750484466552734 0.897455453872681 0.718653917312622 0.805624663829803 0.734892427921295 0.730271697044373 0.761964380741119 0.750949382781982 0.883530676364899 0.888242423534393 0.6723912358284 0.576319456100464 0.769385576248169 0.618032813072205 0.758566796779633 0.799614369869232 0.653960943222046 0.619930922985077 0.598522961139679
0.154599770903587 0.271896690130234 0.245808467268944 0.216657415032387 0.177978321909904 0.0514573641121387 0.121009029448032 0.126165211200714 0.040264967828989 0.166989639401436 0.221202418208122 0.300809353590012 0.395329773426056 0.538964688777924 0.549347102642059 0.358731001615524 0.482045978307724 0.606948375701904 0.646534979343414 0.626191914081573 0.579696655273438 0.575251400470734 0.654365062713623 0.877813339233398 0.599909722805023 0.897999823093414 0.6717169880867 0.64433741569519 0.735890030860901 0.668508529663086 0.706685602664948 0.560220718383789 0.704107046127319 0.769905030727386 0.586507260799408 0.686290681362152 0.455803513526917 0.683622360229492 0.815912067890167 0.626950740814209 0.655836403369904 0.542658150196075 0.55718982219696 0.533512771129608
0.0643851310014725 0.298314541578293 0.228236004710197 0.116755433380604 -0.0234910324215889 0.0405276454985142 0.159564301371574 0.102331392467022 0.183053761720657 0.219518139958382 0.274128019809723 0.303017258644104 0.370602577924728 0.476333469152451 0.497529268264771 0.494259804487228 0.572851896286011 0.524955809116364 0.547087848186493 0.517206430435181 0.396396666765213 0.641491115093231 0.865685224533081 0.622999012470245 0.769783914089203 0.84200257062912 0.712004959583282 0.71947705745697 0.700231552124023 0.587088942527771 0.563693344593048 0.627702474594116 0.526506304740906 0.699448823928833 0.563289284706116 0.746754825115204 0.593508183956146 0.60321056842804 0.642883658409119 0.611523330211639 0.609934687614441 0.33095508813858 0.629000425338745 0.610894620418549
0.0323933288455009 0.158921957015991 0.251989811658859 0.134828090667725 0.06002327054739 0.0784006863832474 0.149417042732239 0.139685243368149 0.241963014006615 0.312202334403992 0.335707068443298 0.259517312049866 0.335479021072388 0.319694757461548 0.408926367759705 0.525666475296021 0.580543875694275 0.606948852539062 0.711835741996765 0.558162987232208 0.552802681922913 0.63595187664032 0.673210084438324 0.653903961181641 0.804884970188141 0.595367074012756 0.779510080814362 0.649760782718658 0.704824447631836 0.708777666091919 0.777752995491028 0.562397658824921 0.606655418872833 0.647839367389679 0.696469724178314 0.585467457771301 0.608644008636475 0.748396217823029 0.641753971576691 0.520016372203827 0.614504992961884 0.515713393688202 0.513053834438324 0.612764418125153
0.119595296680927 0.100015893578529 0.0924068093299866 0.0996162593364716 0.0906922072172165 0.0806873962283134 0.14120277762413 0.158211261034012 0.198686972260475 0.281805813312531 0.239581137895584 0.315462708473206 0.372439116239548 0.446295738220215 0.522233009338379 0.516057074069977 0.36155104637146 0.493660092353821 0.706596493721008 0.621809422969818 0.630594074726105 0.667335987091064 0.742879033088684 0.670754909515381 0.76343959569931 0.497677624225616 0.834434866905212 0.646165370941162 0.580853343009949 0.659591853618622 0.725358605384827 0.598914444446564 0.609812200069427 0.663317501544952 0.56481671333313 0.637397766113281 0.584807753562927 0.649744689464569 0.615837097167969 0.538642644882202 0.572714805603027 0.599757373332977 0.54990565776825 0.535266041755676
0.0226097702980042 0.0852989107370377 0.117953591048717 0.142363831400871 0.0930789858102798 -0.0510911606252193 0.199037283658981 0.202958449721336 0.222380474209785 0.297339528799057 0.189640045166016 0.259680569171906 0.455319404602051 0.424558967351913 0.426458925008774 0.528241217136383 0.45857048034668 0.58351868391037 0.538197875022888 0.589754521846771 0.590153992176056 0.542560756206512 0.801757097244263 0.859838664531708 0.711029946804047 0.700500130653381 0.734127104282379 0.727853059768677 0.45913690328598 0.551991641521454 0.593161761760712 0.715401768684387 0.567739725112915 0.637722373008728 0.596166729927063 0.595029175281525 0.625482320785522 0.581170499324799 0.61162406206131 0.596188366413116 0.613011181354523 0.505064904689789 0.379122853279114 0.505403816699982
