assets/gome_f/processed/ascii/us/gome_sif_US_20120301.asc
NCOLS 116 
NROWS 53 
XLLCORNER -125 
YLLCORNER 24.5 
CELLSIZE 0.5 
NODATA_value -3.4e+38 
[rows 0 to 18 of 53, columns 0 to 42 of 116]
-999.000000000000000 -999 -999 -999 -999 -999 0.202024102210999 -0.0284995771944523 -0.160932034254074 0.0216914918273687 0.112373545765877 0.101937770843506 -0.0704231709241867 -999 -999 -999 -999 -999 -999 -999 0.0778604447841644 -0.0123407244682312 0.075848788022995 -0.0928675904870033 -0.120207130908966 -0.201039522886276 0.0155421551316977 0.0418697036802769 -0.0131277749314904 0.0570115111768246 0.198931396007538 0.0823267698287964 0.0133668184280396 0.0885943397879601 0.0760210230946541 -0.0117014097049832 0.00464242417365313 -0.112402647733688 0.0932192280888557 0.111772418022156 -0.0703447461128235 0.012352098710835 -0.0381946712732315
-0.11286049336195 -999 -0.0626449808478355 -999 -999 -999 -0.111911050975323 -0.032235611230135 0.0136932358145714 0.0502695441246033 0.230472713708878 0.148846164345741 -0.0353486612439156 -0.197379916906357 -0.125832244753838 -999 -999 -999 -999 -999 -999 0.148092463612556 0.0214694160968065 -0.133500888943672 0.0237767230719328 0.0169125981628895 0.0559336617588997 -0.106823563575745 0.133916631340981 0.0693209171295166 -0.0335053168237209 0.112355120480061 -0.0110466182231903 -0.115106746554375 -0.0831348523497581 0.0792287811636925 0.101558305323124 0.180179700255394 0.0518803410232067 0.118345856666565 0.0447958074510098 -0.0391496270895004 0.0850966423749924
0.0578262433409691 -0.0318228341639042 -0.110090136528015 -0.325713366270065 -999 -999 -999 -999 0.0851388275623322 -0.033389687538147 0.0355283133685589 -0.0675642192363739 0.163579970598221 0.111363008618355 -999 0.0760683491826057 -999 -999 -999 -999 -0.0140913762152195 -0.170009583234787 0.02550701610744 0.0604958608746529 0.0139440046623349 0.0173038449138403 0.0125890225172043 -0.0955639854073524 -0.00406371941789985 0.0629389584064484 0.0289249420166016 0.069125272333622 -0.0176335908472538 0.140638202428818 -0.0889432281255722 -0.150367885828018 -0.0342222489416599 -0.0795965194702148 -0.0960932895541191 0.0207023695111275 0.00138157175388187 -0.0811529532074928 -0.0400481261312962
-0.187494993209839 0.132661834359169 0.218431547284126 -0.202662631869316 0.101756207644939 0.0390624962747097 -0.185210257768631 0.107864379882812 0.0451865680515766 0.0370967984199524 -0.0188567228615284 -0.00695087574422359 0.0937892869114876 -999 0.105085171759129 -999 -0.122370161116123 -999 -999 -999 -999 -999 0.0774924531579018 0.00936711300164461 0.0825541168451309 -0.0135415280237794 -0.13743981719017 0.0712359920144081 0.123441159725189 -0.0874984711408615 -0.0287953708320856 0.0991414040327072 0.0412512272596359 -0.0484157837927341 0.0830124244093895 0.0786861106753349 -0.00852810963988304 0.0818827077746391 0.0260993950068951 0.0232382249087095 0.043792087584734 -0.0150372600182891 -0.0242525804787874
0.00798908434808254 0.049998227506876 0.0309001170098782 0.0680612176656723 0.179891303181648 0.0395558588206768 0.189950525760651 -0.195768937468529 0.249610349535942 -0.139291033148766 -0.0285114608705044 -0.074309416115284 -0.138899475336075 0.0338219478726387 0.0397867299616337 0.0990087613463402 -0.253819167613983 0.294830501079559 0.00602639326825738 0.0614421591162682 0.054518073797226 -999 -999 -999 0.0639064908027649 -0.0126072401180863 0.151897728443146 -0.03322359547019 -0.0520254485309124 0.0362819507718086 0.11344089359045 0.0217759627848864 -0.0314972028136253 0.0449615232646465 0.12881027162075 0.0174137037247419 0.120764054358006 0.0190065912902355 -0.0273589994758368 0.117895700037479 0.010752129368484 0.0549824051558971 0.0838912948966026
-0.00927105825394392 0.171456634998322 0.234665408730507 0.133647337555885 0.150504916906357 0.127092555165291 0.0333136804401875 -999 0.297242730855942 0.220754042267799 0.135994106531143 -0.0210921410471201 0.174541920423508 -0.0305914934724569 -0.100416146218777 0.0398692265152931 0.0861137136816978 -0.124708391726017 0.202399685978889 0.0453782975673676 0.0193521976470947 -0.0506915673613548 -999 -0.0394193045794964 0.0424176529049873 0.159960642457008 0.0718986317515373 -0.0757743343710899 0.0466575995087624 0.0148203372955322 -0.213141486048698 0.059086486697197 -0.142570361495018 -0.00432925159111619 0.00885343365371227 0.106770478188992 0.0412351675331593 -0.00239189295098186 -0.0608818717300892 0.00671736849471927 0.0154152764007449 0.0489147640764713 0.0641105622053146
0.0758997648954391 0.0323001109063625 0.101430222392082 0.286944091320038 0.20253424346447 0.266960680484772 -0.0240004155784845 0.0936359614133835 -0.0745794698596001 -0.0556330680847168 -0.0253455210477114 0.16516301035881 -0.034535177052021 -0.0190512947738171 0.0896836072206497 0.0582284517586231 0.314080119132996 0.054132204502821 0.143283233046532 -0.0471797026693821 0.0228259656578302 0.10169955343008 -0.0713727548718452 -0.13139109313488 0.0824853926897049 0.0534646436572075 0.0391521453857422 0.00817011296749115 0.0403514392673969 0.116284169256687 0.134952425956726 0.0220406260341406 -0.0711645781993866 0.103121109306812 0.0352318547666073 -0.0453721918165684 -0.00834364630281925 -0.0140306437388062 -0.0312903337180614 0.0626999139785767 0.0130098778754473 0.00283851311542094 0.0100213503465056
-0.0201044157147408 0.0516411662101746 0.254774391651154 0.275617480278015 0.0179721619933844 0.105487927794456 0.185343250632286 0.156697615981102 0.012473676353693 0.0389943495392799 0.0100078033283353 0.0186129789799452 0.0653148964047432 0.0611327514052391 0.118628971278667 -0.0354122705757618 -0.12016611546278 0.181101813912392 0.162854909896851 0.164000108838081 -0.0698650702834129 0.0170623864978552 0.080404169857502 -999 0.0625251978635788 0.135629266500473 0.0225835908204317 -0.042064230889082 -0.0123260645195842 0.106048330664635 0.0524734072387218 -0.0168524477630854 0.0922086611390114 -0.0449079386889935 0.0264699086546898 0.0588530600070953 0.044351153075695 0.0404841527342796 -0.000265782204223797 0.0905705243349075 -0.0620562173426151 0.000829953816719353 -0.022441228851676
0.00421752594411373 -0.296158164739609 0.155976697802544 0.162388652563095 0.254429310560226 0.295488476753235 -0.00241738185286522 0.029343768954277 0.126745268702507 -0.00695483293384314 0.0704234465956688 0.110350720584393 0.13731162250042 0.155659705400467 0.0244064629077911 -0.0109207602217793 -0.0463830195367336 -0.097860649228096 0.0231043417006731 -0.0498401112854481 0.139054834842682 0.182751014828682 0.107870675623417 0.036658339202404 0.0568396896123886 0.125335067510605 0.0892611518502235 0.0675159692764282 0.122682817280293 0.0965623259544373 0.0280997846275568 -0.0518171340227127 0.0105011472478509 0.0987070202827454 0.0442671589553356 -0.0381153970956802 -0.0217510592192411 0.0361379943788052 -0.0529610104858875 -0.0588429160416126 0.0671878978610039 0.0253730658441782 0.0334993824362755
0.00597864110022783 -0.0210643652826548 0.0938360616564751 0.0964518636465073 0.203772872686386 -0.0196448415517807 0.138912737369537 0.0574733056128025 0.106395401060581 -0.027395086362958 0.0662824809551239 0.0817546173930168 -0.0448335409164429 0.0800563022494316 0.0461281426250935 -0.0283349193632603 0.0717097669839859 -0.00825048517435789 -0.0758621692657471 0.0556350164115429 0.0265285521745682 -0.0135500058531761 0.208466604351997 -0.0121548352763057 0.00826898589730263 -0.0916813090443611 0.00817255862057209 -0.024796474725008 0.107057571411133 0.0519313812255859 -0.0727991908788681 0.0385381169617176 -0.0362615510821342 0.0343523882329464 0.0454511344432831 0.0124051840975881 0.00796438567340374 0.0669273361563683 0.0183055941015482 -0.00345782306976616 0.048635296523571 -0.0108853485435247 0.00162282725796103
0.0445919036865234 0.0953617170453072 0.0643141567707062 0.319022446870804 0.215012028813362 0.219086393713951 0.19992484152317 0.100680373609066 0.0526156574487686 0.0724137350916862 0.058367270976305 0.0283923614770174 0.0444032326340675 -0.0878865420818329 0.0808567851781845 0.0797037333250046 0.00315995514392853 0.168681219220161 0.158149063587189 -0.114222027361393 0.00326880067586899 0.171843141317368 -999 -0.164913892745972 -0.094421461224556 0.00196490064263344 0.038133293390274 -0.00395488180220127 0.0311831142753363 0.0178626775741577 0.0250465497374535 0.0939432233572006 0.0841762199997902 0.0634042546153069 0.146249145269394 0.0486073680222034 0.0384024083614349 0.0418422780930996 0.0332411676645279 -0.030625456944108 0.0719828978180885 -0.0126657066866755 -0.0204321779310703
-0.0959128513932228 0.120886236429214 0.126622572541237 0.0841853991150856 0.202248111367226 0.0774752721190453 0.317246943712234 0.139408096671104 -0.0605472326278687 0.0730594024062157 0.0577679127454758 0.015759315341711 -0.0390848740935326 0.0915401354432106 0.0795197561383247 0.0893958210945129 0.178982064127922 0.26304018497467 0.334351569414139 0.0613991543650627 0.406156539916992 0.0557210333645344 0.0957768559455872 -0.014951485209167 0.196119278669357 -0.0560663901269436 -0.149977281689644 -0.0483398362994194 -0.0169456955045462 0.139738515019417 0.179713279008865 0.169203281402588 0.145614475011826 0.0707220584154129 0.113469086587429 0.10245119780302 0.0813383162021637 0.0655456781387329 -0.0129302563145757 0.023199237883091 0.0563646927475929 0.0670513361692429 -0.0981897786259651
-0.052581287920475 -0.176176071166992 0.0950280502438545 0.120593942701817 0.132019087672234 0.231578588485718 0.0889283269643784 0.0653500631451607 0.030119776725769 0.055629163980484 0.0599627494812012 -0.0244570840150118 0.117180906236172 0.0890232995152473 0.0629117637872696 -0.114479601383209 0.0829703733325005 0.0384752228856087 -999 -0.0376620478928089 0.116066738963127 0.0310279726982117 -0.0363271571695805 -0.0356406234204769 0.106021232903004 -999 -999 -999 -999 -999 0.178114771842957 0.0856784880161285 0.029651241376996 0.0114421788603067 0.0169781353324652 0.161306291818619 0.171403035521507 0.0238242093473673 0.00943250022828579 0.137084275484085 0.0776631236076355 0.0518478937447071 0.0913127735257149
0.0613278932869434 -0.12367095798254 0.12485732883215 -0.00231071701273322 0.329484760761261 0.180421873927116 0.182484924793243 0.138106256723404 0.059333112090826 0.121017582714558 0.139720141887665 -0.0742548108100891 -0.0431448481976986 0.0814397037029266 0.101970814168453 0.0679434910416603 0.145336404442787 0.12400758266449 -0.0462419055402279 0.211030811071396 -999 -0.0796302482485771 -0.123747110366821 -0.250311583280563 -0.131813362240791 -0.124821648001671 -0.0211949348449707 0.290547579526901 -999 0.00591933587566018 0.137414366006851 -0.0162547286599874 0.0348459854722023 -0.0866749063134193 0.00859169289469719 -0.0428153201937675 0.0731471329927444 0.132594376802444 0.0124357342720032 0.0307100079953671 0.0600877217948437 0.0390774682164192 0.145572528243065
-0.0535936504602432 0.0338841043412685 -0.00175020098686218 0.117768973112106 0.205744624137878 -0.0431901551783085 0.0756849274039268 0.18321718275547 0.0943555533885956 -0.0308230090886354 -0.051800299435854 0.0316406190395355 0.00681568682193756 0.0643760710954666 0.0476701259613037 -0.0405738577246666 -0.0210211016237736 -0.0256128404289484 -0.0243030432611704 -999 0.0624029450118542 0.0824055373668671 -0.14543904364109 0.0927351266145706 0.125377923250198 0.0915890485048294 -0.0528680346906185 0.0688269734382629 -0.148629888892174 -999 -999 -0.046999741345644 0.0368044227361679 -0.00202632928267121 0.123112514615059 -0.0191885847598314 0.114983066916466 0.00248816935345531 -0.0317526198923588 0.036861814558506 0.0121113657951355 0.0368338748812675 -0.0096644340083003
-0.0411174818873405 0.146266236901283 0.098200649023056 0.105588719248772 0.2339698523283 -0.023644695058465 0.00543336570262909 0.141180634498596 0.00217409688048065 -0.0320363864302635 0.00540615618228912 -0.0069685960188508 0.016142051666975 0.154368355870247 -0.0725028291344643 0.14457930624485 0.060695968568325 0.190085276961327 0.170353099703789 -0.0121957212686539 -0.190431833267212 -0.0444691106677055 -0.0193884167820215 -0.013658138923347 -0.0514790862798691 -0.0767787396907806 -0.0782553255558014 -0.0713258162140846 -999 -999 0.0293770749121904 0.0524065308272839 -0.0371347814798355 0.0252442043274641 0.00496638705953956 0.0130857126787305 0.063003733754158 0.0656778886914253 0.0522282011806965 0.12207155674696 0.00681568682193756 -0.0210812091827393 0.0476085059344769
-0.0279654003679752 -0.00395870814099908 0.135318666696548 0.104071147739887 0.0302840135991573 0.08802630007267 0.244217738509178 0.0620786137878895 0.189523681998253 -0.0162895489484072 -0.0810607522726059 0.0725544393062592 -0.0160516873002052 0.0463954247534275 -0.012623599730432 -0.0519170016050339 0.0401580855250359 0.150987014174461 0.0867886021733284 0.144078686833382 0.180372163653374 0.0370816364884377 0.134684160351753 0.0886274129152298 -0.0844329595565796 -0.0635459795594215 0.00886953622102737 -0.332839965820312 -0.0403664633631706 -0.0327142477035522 -0.0887182876467705 -0.544533252716064 0.119025401771069 0.105819799005985 -0.000160274023073725 -0.00921780150383711 -0.0258710384368896 -0.00776820071041584 0.057011503726244 0.071575365960598 0.0795977115631104 0.0894331485033035 0.0321230515837669
-0.023500669747591 -0.0408911108970642 0.16237311065197 0.0832507982850075 0.175872772932053 0.0543733164668083 0.0438382215797901 -0.122524216771126 -0.00242974399589002 0.190097093582153 -0.0170841626822948 0.0703006535768509 -0.143206343054771 -0.12100787460804 0.125644788146019 0.0135966371744871 -0.03233877196908 0.0916744992136955 -0.0167047251015902 0.144441202282906 0.0597048699855804 0.011387892998755 0.108897179365158 0.0637421682476997 0.0270253699272871 0.0260161813348532 -0.00870864745229483 -0.228663414716721 -0.0570533536374569 -0.0712019205093384 -0.00219940394163132 -0.100421831011772 -0.0451562590897083 -0.0253853965550661 -0.0277000647038221 -0.0102232415229082 0.127517908811569 -0.0776927918195724 -0.0426544770598412 0.105375774204731 -0.0287790987640619 0.00874390173703432 0.0190192777663469
-0.0588902235031128 0.00264786742627621 0.120186828076839 0.309849470853806 0.155411034822464 0.179631873965263 0.104966543614864 -0.0340419039130211 0.0945578143000603 0.106276974081993 0.00603845296427608 0.045920979231596 0.0909245833754539 -0.0930632874369621 -0.0364433005452156 0.121881701052189 0.066148117184639 0.00983287394046783 0.131069183349609 0.093364529311657 0.0343828164041042 0.102153472602367 -0.0578179098665714 0.00465348875150084 0.0170573852956295 0.088726244866848 0.023588364943862 0.0218379888683558 0.0259819906204939 -0.146514222025871 0.0424595437943935 0.00484590558335185 0.0503685586154461 -0.110324651002884 -0.0388395227491856 -0.062745064496994 0.00460198009386659 -0.00493968790397048 0.184774681925774 0.0878678038716316 0.0448419116437435 0.0619454272091389 0.0917765870690346
