assets/gome_f/processed/ascii/us/gome_sif_US_20121101.asc
NCOLS 116 
NROWS 53 
XLLCORNER -125 
YLLCORNER 24.5 
CELLSIZE 0.5 
NODATA_value -3.4e+38 
[rows 19 to 37 of 53, columns 43 to 85 of 116]
-0.0399904772639275 -0.0705216750502586 0.0180349983274937 0.0159843526780605 0.0298410505056381 0.0403214432299137 0.0677280575037003 0.0507177412509918 -0.0237203687429428 0.0677764788269997 0.0555810406804085 0.0749026983976364 0.0929766073822975 0.0746729969978333 0.0814858227968216 0.022023955360055 -0.0136468904092908 0.0761504620313644 0.052910503000021 0.129028990864754 0.104601629078388 0.10735297948122 -0.0213539060205221 0.0537751205265522 0.000798411667346954 0.118725724518299 0.0889742746949196 0.102619163691998 -0.0403550192713737 0.00649260962381959 0.0139900185167789 0.0600175522267818 0.0249869879335165 0.0849238336086273 0.145898550748825 0.0898041129112244 0.0472511127591133 0.0690368786454201 0.0521921999752522 0.011571628972888 0.114439472556114 0.0597592107951641 0.108145393431187
0.0290127135813236 0.0440417043864727 0.0611894465982914 0.0461388267576694 0.0199454054236412 0.0195899438112974 0.0755075290799141 -0.0311951637268066 0.0144889056682587 0.0341051742434502 0.0627931728959084 0.0219847969710827 0.0246345717459917 0.0867056995630264 0.0648036077618599 0.017114270478487 -0.0138810845091939 0.0911900997161865 0.100814387202263 0.0991096869111061 0.0211649797856808 0.193910703063011 0.0744450613856316 0.0552940294146538 0.0679081380367279 0.0813112109899521 0.112811245024204 0.107992567121983 0.081400491297245 -0.0221668481826782 0.0281752310693264 0.020446116104722 0.100793085992336 0.0694636330008507 0.152245372533798 0.017966628074646 -0.00908795464783907 0.0758961364626884 0.0916359201073647 0.169919386506081 -0.0295975245535374 0.0422389507293701 0.153892874717712
0.0384483560919762 -0.0153417317196727 0.0673685297369957 -0.02252964861691 -0.00192543247248977 0.0421713925898075 -0.0384995117783546 -0.033009447157383 0.0386481434106827 -0.0233710650354624 -0.0367846190929413 0.0396261140704155 0.135422050952911 0.0684653371572495 0.0209477245807648 0.132001936435699 0.0460430346429348 0.075426883995533 0.107761800289154 0.137564688920975 0.161845281720161 0.16267566382885 0.141079857945442 0.0945022255182266 0.109192617237568 0.128008022904396 0.0476081147789955 0.0549954511225224 0.0221373047679663 0.0626349896192551 0.0807653442025185 0.0529497228562832 0.10281378030777 0.102825000882149 0.0420809239149094 0.0226571466773748 0.0452765971422195 0.120223477482796 0.0624699667096138 0.0189151596277952 0.0587848126888275 0.158278569579124 0.213024914264679
-0.0144805014133453 -0.0579649917781353 0.0338125862181187 0.0543586872518063 0.0865629836916924 0.0112163471058011 -0.0200005825608969 0.0412697680294514 0.0450341403484344 0.130991771817207 0.0560308322310448 0.0688205435872078 0.0184119287878275 0.0848467126488686 0.0626218095421791 0.0339979380369186 0.0629620179533958 0.003127510426566 0.100401662290096 0.109753675758839 0.167054742574692 0.198300659656525 0.180800139904022 0.072860561311245 0.151500821113586 0.0466980561614037 0.0987555384635925 0.0239401236176491 0.0768119543790817 0.0613642297685146 0.115688070654869 0.0729455947875977 0.100024595856667 0.0702068507671356 0.0698105990886688 0.0537897758185863 0.117283061146736 0.0787833854556084 0.109736584126949 0.0993425101041794 0.0915449485182762 0.153474107384682 0.0333151146769524
0.0435149632394314 0.030097970739007 -0.00378470215946436 0.0586808733642101 -0.0124605288729072 0.0109613630920649 -0.00012315166532062 0.0694600939750671 0.0430057868361473 0.00173620949499309 0.0935635566711426 0.0785859301686287 0.0636842176318169 0.0699477717280388 0.028825931251049 0.0827675089240074 0.0656432956457138 0.0745838508009911 0.0870982781052589 0.0918664708733559 0.166030526161194 0.169035032391548 0.187348023056984 0.0772370919585228 0.0746641233563423 0.114765509963036 0.115576066076756 0.0170603729784489 0.0794299393892288 0.0773862078785896 0.129815399646759 0.0942065492272377 0.112464159727097 0.163467526435852 0.145535990595818 0.089944913983345 0.110287077724934 0.163959592580795 0.0680311545729637 0.05043950304389 0.101041816174984 0.0968790799379349 0.046053558588028
0.0402389392256737 -0.00911044515669346 0.0576986260712147 -0.0296151433140039 0.0315290614962578 0.077953465282917 0.00405098218470812 0.128849372267723 0.0213825684040785 0.00904363673180342 0.069155365228653 0.0335664972662926 0.106979496777058 0.0406126193702221 0.0746654942631721 0.0617966093122959 0.106172189116478 0.0758848339319229 0.16309018433094 0.126866072416306 0.213036268949509 0.186887875199318 0.0871497690677643 0.131722390651703 0.0991028994321823 0.188367411494255 0.0794156268239021 0.0829535573720932 0.142075881361961 0.0956830829381943 0.0733895897865295 0.0725866705179214 0.161219716072083 0.132404237985611 0.0751426219940186 0.0857126116752625 0.16523851454258 0.0937019810080528 0.190726548433304 0.157828748226166 0.0274559259414673 0.0275451634079218 0.0453194677829742
-0.00881468970328569 0.0517722181975842 0.044347420334816 0.0672098249197006 0.0384498275816441 0.0590824112296104 0.115175507962704 0.102695308625698 0.172495499253273 0.0632914900779724 0.0913393720984459 0.0851867720484734 0.163122192025185 0.0260046049952507 0.0339529290795326 0.054890438914299 0.0285961870104074 0.187187567353249 0.173536583781242 0.183326423168182 0.208958894014359 0.0540264658629894 0.182687476277351 0.180250152945518 0.113798446953297 0.123252429068089 0.0804503932595253 0.103298671543598 0.0722203031182289 0.140900477766991 0.0637745186686516 0.0749421343207359 0.145487532019615 0.161394387483597 0.0839971080422401 0.0785846412181854 0.0802217051386833 0.162871047854424 0.16846439242363 0.0893160030245781 0.100931480526924 0.0415565818548203 0.00367039907723665
0.0424682535231113 0.0218172613531351 0.0445997752249241 0.0997622758150101 0.0560670122504234 0.0179766435176134 0.132378801703453 0.049850095063448 0.0489537119865417 0.0898740664124489 0.084054134786129 0.144758820533752 0.075393833220005 0.0382255204021931 0.0551403686404228 0.0940969884395599 0.0971569493412971 0.135346814990044 0.145546913146973 0.176442801952362 0.185614421963692 0.140580266714096 0.103088021278381 0.13152277469635 0.0712343975901604 0.0611231662333012 0.0885107591748238 0.15820649266243 0.112144075334072 0.107629641890526 0.16076198220253 0.0875554904341698 0.170892789959908 0.0831275507807732 0.0392692424356937 0.120533771812916 0.139556214213371 0.163307368755341 0.150328516960144 0.0908277630805969 0.124233193695545 -0.0180255807936192 0.0305924583226442
0.00332505069673061 0.0182441417127848 0.00073564425110817 0.0579337254166603 0.106309853494167 0.0839676558971405 0.070696696639061 0.0340377166867256 0.00403233803808689 0.111077830195427 -0.0164131373167038 0.0856684148311615 0.0248027425259352 0.0929132848978043 -0.00850701704621315 0.0740395486354828 0.108218394219875 0.140499100089073 0.197000935673714 0.1740762591362 0.241854101419449 0.155158460140228 0.0964659303426743 0.0538196638226509 0.0997480303049088 0.0950197651982307 0.0666108131408691 0.120802745223045 0.118463844060898 0.11869265884161 0.1344885379076 0.0647585466504097 0.209299877285957 0.152643978595734 0.111706733703613 0.0750576704740524 0.154370486736298 0.0850070640444756 0.0578274168074131 0.0716578513383865 0.0614295117557049 0.0539739541709423 0.112754762172699
0.00359822879545391 0.117907911539078 0.070717990398407 0.0213916897773743 0.0416571386158466 0.0858732610940933 0.0610283091664314 0.0634512975811958 0.0668253675103188 0.0826589539647102 0.0678218454122543 0.0529823713004589 0.0626634284853935 0.0266960393637419 0.0802532881498337 0.139571964740753 0.0876785293221474 0.0990710183978081 0.196718603372574 0.191669180989265 0.129579439759254 0.146157488226891 0.101547665894032 0.182908222079277 0.0598441436886787 0.11875618994236 0.0663198754191399 0.105912454426289 0.0878953263163567 0.066329650580883 0.102793872356415 0.112699761986732 0.127470672130585 0.183361947536469 0.16088305413723 0.253309994935989 0.159094050526619 0.0879898369312286 0.0722242519259453 0.121556460857391 0.0742071345448494 0.0710945650935173 0.110528402030468
0.0541737452149391 0.105361051857471 -0.0139866815879941 0.0869870632886887 0.0902974605560303 0.0694544166326523 0.0487004779279232 0.0692133530974388 0.102869026362896 0.157012045383453 0.109661675989628 0.130315691232681 0.0652531981468201 0.00854300241917372 0.0336756184697151 0.0107840523123741 0.107103995978832 0.145582094788551 0.173684000968933 0.186457440257072 0.0699383988976479 0.182958289980888 0.123334258794785 0.0622429475188255 0.125409483909607 0.071923054754734 0.0710761100053787 0.0841714218258858 0.00390685023739934 0.110347241163254 0.132555693387985 0.0786006152629852 0.0257365461438894 0.149495899677277 0.124465622007847 0.0458172187209129 0.0841496214270592 0.131684526801109 0.0931301712989807 0.104854665696621 0.0762715414166451 0.116629123687744 0.100284032523632
0.0657685324549675 0.0656228736042976 0.0119903050363064 0.0445980168879032 0.0612617507576942 0.10013023763895 0.0675214976072311 0.00943167693912983 0.0842054635286331 0.0535548739135265 0.144338846206665 0.0880028754472733 0.0981781706213951 0.101193502545357 0.0477271638810635 0.120352543890476 0.107755534350872 0.175871089100838 0.0830790624022484 0.166622057557106 0.104099057614803 0.0837897732853889 0.0441193580627441 0.115900844335556 0.0200263913720846 0.0257228519767523 0.0833322256803513 0.102329321205616 0.0438175722956657 0.121850363910198 0.151932805776596 0.146314844489098 0.0867336243391037 0.151459768414497 0.0890117287635803 0.0870817303657532 0.0874349027872086 0.115772016346455 0.146229639649391 0.0859497115015984 0.064283475279808 0.183059900999069 0.106108225882053
-0.0126781910657883 -0.0515754595398903 0.0707691758871078 -0.0107063725590706 0.0856931358575821 0.0600482411682606 0.0157339945435524 0.0393459871411324 0.140810206532478 0.0760553181171417 0.0877248048782349 0.161576151847839 0.120062716305256 0.0969521701335907 0.12149715423584 0.185739010572433 0.12481801956892 0.129120543599129 0.179509252309799 0.152170673012733 0.111576676368713 0.156910210847855 0.0924566388130188 0.167364969849586 0.105585813522339 0.0697658583521843 0.115673832595348 0.123374827206135 0.0897820815443993 0.0926345512270927 0.0824676603078842 0.127828016877174 -0.0305860843509436 0.125862836837769 0.115520715713501 0.0794257596135139 0.0596784353256226 0.106236688792706 0.105211295187473 0.0679942667484283 0.0881996750831604 0.138345614075661 0.122832223773003
0.0682845860719681 0.116595320403576 0.0553835965692997 0.0168118961155415 0.0743758603930473 0.0306976698338985 0.143791809678078 0.0741161853075027 0.0891465321183205 0.0944728627800941 0.104138515889645 0.149952590465546 0.113927140831947 0.0447356328368187 0.115982845425606 0.140494972467422 0.112418614327908 0.168637752532959 0.180534049868584 0.194532543420792 0.0859637334942818 0.132062762975693 0.0758383125066757 0.122054398059845 0.115651443600655 0.0713119804859161 0.0865612849593163 0.0435580052435398 0.134203135967255 0.106409668922424 0.0814668610692024 0.117421962320805 0.0671090632677078 0.108885861933231 0.0912557244300842 0.11523213237524 0.126700028777122 0.1132572889328 0.0860240459442139 0.00104663765523583 0.148337483406067 0.241650760173798 0.137271508574486
0.0411355793476105 0.0508892945945263 0.0373310521245003 0.0445032753050327 0.1696547716856 0.0989613682031631 0.0654975548386574 0.0552664361894131 0.135137677192688 0.135429069399834 0.171101212501526 0.11470752209425 0.115692056715488 0.134293049573898 0.131618723273277 0.12453581392765 0.123505398631096 0.128874957561493 0.188926607370377 0.144830211997032 0.17543850839138 0.159508571028709 0.0679678991436958 0.126105949282646 0.0949269607663155 0.0339943617582321 0.145840808749199 0.106750056147575 0.10008180886507 0.160341069102287 0.121573679149151 0.113308720290661 0.00886817276477814 0.119118332862854 0.207607328891754 0.117302514612675 0.0923882126808167 0.105467036366463 0.0845088884234428 0.208808824419975 0.146993011236191 0.148389279842377 0.0813014805316925
2.43463691731449e-05 0.0327860787510872 -0.060456033796072 0.07134660333395 -0.0152070038020611 0.0392720438539982 0.147561386227608 0.126782238483429 0.114884302020073 0.0598808936774731 0.144711837172508 0.101880364120007 0.122359439730644 0.0716478750109673 0.0706684365868568 0.0759661123156548 0.0447442829608917 0.206007093191147 0.25728452205658 0.160863757133484 0.119980007410049 0.0983518213033676 0.154880002140999 0.070957824587822 0.0907613933086395 0.0724904015660286 0.0496683344244957 0.127334281802177 0.275936305522919 0.216299593448639 -0.037731945514679 0.0875186920166016 0.0916659533977509 0.000484050455270335 0.156089723110199 0.242520749568939 0.11553993076086 0.0617482401430607 0.153071954846382 0.0782923698425293 0.13809435069561 0.15561555325985 0.238507896661758
0.0607108883559704 0.0613891370594501 0.0518414787948132 0.0845780894160271 -0.00326843257062137 0.119686454534531 0.0718110576272011 0.133240237832069 0.147149384021759 0.0982647985219955 0.066094271838665 0.0759929046034813 0.207291632890701 0.146206110715866 0.187047675251961 0.154580667614937 0.0452735535800457 0.169310942292213 0.145987212657928 0.129720151424408 0.121966615319252 0.0940509364008904 0.118345469236374 0.169399127364159 0.0640544667840004 0.133224844932556 0.145259365439415 0.152716174721718 0.24514801800251 0.172165229916573 0.13279265165329 0.229141294956207 0.151282995939255 0.0239537041634321 0.167639285326004 0.218178704380989 0.0891235843300819 0.122831173241138 0.0402551963925362 0.112174339592457 0.129344254732132 0.108416825532913 0.0650960728526115
0.0398688279092312 0.104553028941154 -0.00235693529248238 0.128798425197601 0.0657007917761803 0.135828360915184 0.142540737986565 0.119961112737656 0.145384818315506 0.112056508660316 0.189002051949501 0.154574617743492 0.164278969168663 0.0461259819567204 0.115305446088314 0.198637679219246 0.241414874792099 0.17229451239109 0.198615089058876 0.179518461227417 0.151520237326622 0.0610065683722496 0.077957771718502 0.170871958136559 0.0270594768226147 0.0766032040119171 0.127448961138725 0.0674704164266586 0.164945811033249 0.210927188396454 0.170344576239586 0.0614422038197517 0.092474065721035 0.180273577570915 0.111461035907269 0.0706924051046371 0.0927362218499184 0.119648709893227 -0.00941435713320971 0.113355733454227 0.0633779615163803 0.140672519803047 0.125313177704811
0.0564801432192326 0.0544370524585247 0.0545602291822433 0.063538059592247 0.0954622179269791 0.168268248438835 0.123727068305016 0.0929169356822968 0.0887674316763878 0.0782607048749924 0.118007585406303 0.0919477045536041 0.132779330015182 0.0606096498668194 0.208684310317039 -0.00120859092567116 0.184258162975311 0.193574264645576 0.183612927794456 0.155315861105919 0.217831060290337 0.0671513676643372 0.0502112619578838 0.116283990442753 0.120330803096294 0.128460064530373 0.225070133805275 0.100206360220909 0.230824857950211 0.110077552497387 0.189064607024193 0.122355073690414 0.183162182569504 0.118172280490398 0.197948530316353 0.137446358799934 0.217745289206505 0.126329615712166 0.0763654708862305 0.123145468533039 0.119712755084038 0.136227771639824 0.141791447997093
