assets/gome_f/processed/ascii/us/gome_sif_US_20110501.asc
NCOLS 116 
NROWS 53 
XLLCORNER -125 
YLLCORNER 24.5 
CELLSIZE 0.5 
NODATA_value -3.4e+38 
[rows 0 to 18 of 53, columns 0 to 43 of 116]
-999.000000000000000 -999 -999 -999 -999 0.181882873177528 0.1822669506073 0.109592147171497 0.0795668363571167 0.0582493916153908 0.190313845872879 0.142928570508957 0.156000792980194 0.451439261436462 0.357902079820633 -999 -999 0.0300388857722282 0.0552928522229195 0.0176790021359921 0.082836240530014 0.277473628520966 0.208123788237572 0.239165052771568 0.132538989186287 0.044194184243679 0.20388238132 0.0194833129644394 0.0374144911766052 0.0330694541335106 0.0557170361280441 0.107971586287022 0.0361349210143089 0.1066934466362 0.0652145445346832 0.0991261079907417 0.127235367894173 0.00638740183785558 0.154535979032516 0.172177478671074 0.0907423496246338 0.149802669882774 0.257050424814224 0.218082502484322
0.296523779630661 -0.00103808171115816 -999 -0.234093800187111 -999 0.438173800706863 -999 -0.117028690874577 0.192254677414894 0.113554365932941 0.0046528959646821 0.210120156407356 0.257696211338043 0.10305693000555 0.0450561232864857 0.147040367126465 -0.029833622276783 -999 0.226877182722092 -0.0382242426276207 0.111639112234116 0.190135061740875 0.0293321665376425 0.0770239755511284 0.0820529460906982 0.0324743948876858 0.152393162250519 0.190011903643608 0.156762510538101 0.121370032429695 0.0963738039135933 0.156649857759476 0.0579791665077209 0.117949016392231 0.168372347950935 0.0490564666688442 0.0828154757618904 0.212406799197197 0.114836044609547 0.0688651353120804 0.00486748898401856 -0.0513646975159645 0.132141306996346 0.164865046739578
0.369986146688461 0.172176137566566 -0.0643353387713432 -0.0516482815146446 0.160799264907837 0.141531094908714 0.0496529974043369 0.432487517595291 0.233916267752647 0.109704874455929 -0.0442211776971817 0.0358119793236256 -0.00239788182079792 0.0880938693881035 0.0679310709238052 0.108774840831757 0.0128274783492088 0.0142324417829514 0.109236992895603 0.00343166617676616 0.230506047606468 0.270410448312759 0.0262271724641323 0.0194003153592348 0.0246797110885382 0.102267049252987 0.104833200573921 0.2601557970047 0.0995795875787735 0.131341606378555 0.10031571239233 0.0371427945792675 0.0146899102255702 -0.0213957242667675 0.0361570455133915 0.0359683819115162 0.099506713449955 0.0567194446921349 0.146066978573799 0.0852347388863564 0.130476176738739 0.102652706205845 0.166708797216415 0.188052996993065
0.38105183839798 0.302393585443497 0.0652375891804695 0.00278871133923531 0.110562898218632 -0.00943190325051546 0.169299364089966 0.0900430977344513 0.10999770462513 0.225873827934265 0.198581546545029 0.217014506459236 0.35229417681694 0.247599437832832 0.280763149261475 0.155228450894356 0.26117405295372 0.00301370024681091 0.085329607129097 0.0715469419956207 0.0296558253467083 0.105093598365784 0.279230087995529 0.295908153057098 0.131857246160507 0.102287396788597 0.157180145382881 0.0749297738075256 0.206787645816803 0.0935448035597801 0.0486730858683586 0.0602158904075623 0.0588972941040993 0.0364954173564911 0.164758548140526 0.172180727124214 0.0282591916620731 0.0924966186285019 0.138983830809593 0.190771549940109 0.142591565847397 0.207258135080338 0.0595716573297977 0.268805652856827
0.126912981271744 0.0527744293212891 0.191348120570183 0.235000774264336 0.0456974506378174 0.225901439785957 0.16171658039093 0.178506091237068 -0.115252412855625 0.271988838911057 0.0376992076635361 0.207073509693146 0.0491473563015461 0.126092314720154 0.307139009237289 0.126141428947449 0.177411824464798 0.228607907891273 0.210659950971603 0.158631056547165 0.180979073047638 0.140349105000496 0.240473195910454 0.0860609039664268 0.164564847946167 0.137402698397636 0.182106375694275 0.137219041585922 -0.102721229195595 0.132578179240227 0.0845858305692673 0.129443556070328 0.0682547762989998 0.174277946352959 0.20971292257309 0.0920758172869682 -0.0112164244055748 0.173081383109093 0.10330555588007 0.206984519958496 0.211156845092773 0.131706759333611 0.0243462696671486 0.101993173360825
0.0221792813390493 0.262929320335388 0.301498174667358 0.183791160583496 0.189963087439537 0.211913749575615 0.362075597047806 0.0647462755441666 0.0108374701812863 0.222718596458435 0.310065716505051 0.293144792318344 0.142228588461876 0.156478509306908 0.309201508760452 0.243445068597794 0.184887662529945 0.0700373575091362 0.180818974971771 0.0387365818023682 0.232224494218826 0.0296764764934778 0.0906501561403275 0.0722935795783997 0.382381975650787 0.262437701225281 0.0627566277980804 0.142833307385445 0.206202387809753 0.0186947286128998 0.285497844219208 0.177472487092018 0.181710138916969 0.12392669916153 0.201245158910751 0.309535175561905 0.21578474342823 0.117280103266239 0.0847530663013458 0.288652867078781 0.242041304707527 0.171124577522278 0.132574737071991 0.0336112976074219
0.0851946622133255 0.194069355726242 0.1568703353405 0.177070751786232 0.307454884052277 0.306500047445297 0.142818614840508 0.17039829492569 0.309145450592041 0.217951714992523 0.282555490732193 0.196989983320236 0.246627196669579 0.181278079748154 0.262298673391342 0.179568514227867 0.34704864025116 0.332366496324539 -0.0755373015999794 0.0185948647558689 0.222997814416885 0.254751652479172 0.160883873701096 0.168151363730431 0.18761670589447 0.089891254901886 0.139981746673584 0.151737734675407 0.222914651036263 0.321976780891418 0.18520712852478 0.184601843357086 0.0921782329678535 0.183508768677711 0.111625500023365 0.287671118974686 0.173804119229317 0.13588273525238 0.194581910967827 0.11674589663744 0.354925215244293 -0.0343300811946392 0.0460011065006256 0.148302555084229
-0.0913391262292862 0.00278232782147825 0.210265263915062 0.347308188676834 0.376899421215057 0.264683187007904 0.324027210474014 0.171741127967834 0.0768887624144554 0.244187265634537 0.306094437837601 0.366625338792801 0.365498214960098 0.350275725126266 0.344675570726395 0.288820028305054 0.283975571393967 0.0790438652038574 0.0646482557058334 0.208292469382286 0.19501793384552 0.28423872590065 0.349686056375504 0.0930071622133255 0.352881103754044 0.219927623867989 0.196532607078552 0.240414649248123 0.333969801664352 0.156187146902084 0.454165071249008 0.381731927394867 0.154446348547935 0.215256333351135 0.174732476472855 0.0591212324798107 0.292781144380569 0.139701321721077 0.180179327726364 0.0988897457718849 0.0781915485858917 0.0637838318943977 0.214178681373596 0.172423243522644
0.0337735339999199 0.0412234999239445 0.164696395397186 0.439272195100784 0.510826766490936 0.379725247621536 0.311588227748871 0.341022968292236 0.318245142698288 0.312322229146957 0.293834090232849 0.416714429855347 0.29272323846817 0.414713621139526 0.474699318408966 0.478583067655563 0.318559616804123 0.27351126074791 0.148229375481606 0.215987756848335 0.137422919273376 0.280936866998672 0.0688124150037766 0.22033303976059 0.0938687399029732 0.217668741941452 0.234697863459587 0.0842694640159607 0.103677220642567 -0.192889481782913 0.08458162099123 0.0158436987549067 0.246301963925362 0.166295483708382 0.290363371372223 0.208440661430359 0.319834232330322 0.0308332201093435 0.239819228649139 0.163187518715858 0.191609859466553 0.0922964960336685 0.272437125444412 0.110948801040649
-0.00797003321349621 -0.0242389235645533 0.345948338508606 0.551860630512238 0.329075902700424 0.428010791540146 0.226255476474762 0.181630566716194 0.240662232041359 0.243373870849609 0.376757770776749 0.237698882818222 0.407765239477158 0.415503174066544 0.300338387489319 0.379145830869675 0.358688145875931 0.298997044563293 0.494566947221756 0.279707014560699 0.149668619036674 0.179734945297241 0.340997457504272 0.0780117586255074 0.0907840952277184 0.309708833694458 0.0561315566301346 -0.041169248521328 0.0615997165441513 0.0832163169980049 0.214360952377319 0.135049864649773 0.104823388159275 0.222239062190056 0.118902094662189 0.0814075842499733 0.449552625417709 0.221519693732262 0.0832821875810623 0.0759075656533241 0.286720812320709 0.148158639669418 0.35956409573555 0.268256098031998
-0.0564562603831291 0.0181505251675844 0.181635513901711 0.254346519708633 0.598614573478699 0.673840820789337 0.196829944849014 0.309130996465683 0.397555291652679 0.176452994346619 0.400247991085052 0.344452679157257 0.526084125041962 0.382042557001114 0.284839689731598 0.328857004642487 0.322386771440506 0.240834295749664 0.217113554477692 0.215613678097725 0.0126877184957266 0.0741998925805092 0.105436943471432 0.247449800372124 0.130802363157272 0.347178041934967 0.103411056101322 0.110934801399708 0.455231249332428 0.117936916649342 0.408631682395935 0.179116174578667 0.138899639248848 0.20590540766716 0.275023370981216 0.252375930547714 0.252534836530685 0.147190377116203 0.336841702461243 0.239619210362434 0.153666526079178 0.258666694164276 0.516102910041809 0.235057160258293
0.0378843359649181 0.0668678060173988 0.214618921279907 0.623696684837341 0.376813501119614 0.406355887651443 0.209430679678917 0.337023943662643 0.209610044956207 0.311721682548523 0.268775522708893 0.229418247938156 0.234755098819733 0.261025756597519 0.235681757330894 0.100878275930882 0.0842937901616096 0.249774247407913 0.0792941972613335 0.362520009279251 0.282342910766602 0.0802190899848938 0.278200209140778 0.27498272061348 0.105565041303635 0.195122912526131 -0.0665186420083046 0.125280946493149 -0.10758925974369 -0.0696941763162613 0.609157025814056 0.210143730044365 0.304494291543961 0.175007179379463 0.349340051412582 0.00391142070293427 0.16049300134182 0.226647362112999 0.190735995769501 0.187535136938095 0.194921031594276 0.217606484889984 0.127129703760147 0.357318609952927
-0.0662490501999855 0.0984418019652367 0.342736750841141 0.607662498950958 0.477327227592468 0.361564427614212 0.308586955070496 0.0680729299783707 0.17904594540596 0.164165556430817 0.141214072704315 0.215775281190872 0.294545143842697 0.237250089645386 0.0084684994071722 0.270989388227463 0.349285066127777 0.182874023914337 0.0111326994374394 0.228971004486084 0.0143046276643872 -0.0938553437590599 0.13983379304409 0.210216984152794 0.17178501188755 -0.0773237124085426 0.437252879142761 -999 -0.0394872054457664 -999 -999 0.188026517629623 0.0512257926166058 0.0615153908729553 0.0359432548284531 -0.284284681081772 0.293748021125793 0.256902635097504 0.357535719871521 0.128924682736397 0.279320597648621 0.617878437042236 0.324858516454697 0.235891342163086
0.0642056837677956 -0.03434794023633 0.264212250709534 0.508760631084442 0.500949025154114 0.226807042956352 0.136695072054863 0.305119216442108 0.232079327106476 0.0510678477585316 0.261687874794006 0.351121306419373 0.229516580700874 0.338452398777008 0.324148327112198 0.300822407007217 0.401312470436096 0.304660350084305 0.0387541353702545 0.0526624098420143 -999 0.0636608228087425 -0.0165133960545063 0.00188103364780545 -0.00573739316314459 0.0721429064869881 0.0500414147973061 0.0665292143821716 -0.0747490897774696 -999 -999 0.107416316866875 0.140963390469551 0.0371070131659508 0.0702566727995872 0.228082418441772 0.299300909042358 0.0924879014492035 0.290575981140137 0.0874406844377518 0.206639900803566 0.233016952872276 0.153541520237923 0.178821742534637
0.0115575902163982 0.16220460832119 0.252037197351456 0.374243199825287 0.372585982084274 0.408702969551086 0.258044958114624 0.106121778488159 0.0273163076490164 0.136705324053764 0.20335653424263 0.115426830947399 0.225135073065758 0.192164719104767 0.214991375803947 0.231548801064491 0.492619842290878 0.334279745817184 0.280750691890717 -0.0448994934558868 0.295325994491577 0.112997174263 0.1813073605299 -0.107128597795963 0.0637902542948723 0.252495884895325 0.127976804971695 0.0606347694993019 -0.122827976942062 -999 -999 -999 0.284099072217941 0.164383873343468 0.172268658876419 0.192456051707268 0.0984566360712051 -0.010193751193583 0.0732601955533028 0.0757617354393005 0.0729767084121704 0.151727095246315 0.0983379408717155 0.158587798476219
0.0773644745349884 0.0506947636604309 0.369282454252243 0.370816856622696 0.233081087470055 0.166886925697327 0.17217119038105 0.128586664795876 0.13279615342617 0.198669850826263 0.160899102687836 0.121343076229095 0.15128493309021 0.194219082593918 0.1957987844944 0.255010217428207 0.385975480079651 0.336281299591064 0.27135106921196 0.184830725193024 0.131567746400833 0.177220731973648 0.164976626634598 0.00452128844335675 0.30461186170578 0.276579409837723 0.199009776115417 0.195597216486931 -0.236299633979797 -999 -999 0.115802600979805 0.0536881610751152 -0.103870749473572 0.205585196614265 -0.00392516469582915 0.171744674444199 0.0757027715444565 0.0486094020307064 0.0611231029033661 0.234759569168091 0.306302487850189 0.0167867951095104 0.296620041131973
-0.031749252229929 0.199279561638832 0.406021326780319 0.429171204566956 0.330427765846252 0.158671110868454 0.240076780319214 0.175097599625587 0.0928173214197159 0.16280423104763 0.223040029406548 0.268278121948242 0.104027166962624 0.0742358043789864 0.185349404811859 0.168587610125542 0.296143084764481 0.19303947687149 0.25573605298996 0.410702347755432 0.430156379938126 0.434014916419983 0.37509685754776 0.247770771384239 0.339052557945251 0.181277975440025 0.282485097646713 -0.0772460773587227 0.124267727136612 0.197315752506256 0.166323140263557 -0.512036323547363 0.0644401013851166 0.257039934396744 0.127194672822952 0.0362612158060074 0.265133410692215 0.262832820415497 0.160371989011765 0.207552254199982 0.132155448198318 0.288595944643021 0.12384744733572 0.256185382604599
-0.0110801514238119 0.19988602399826 0.223381340503693 0.373228967189789 0.249741241335869 0.308588176965714 0.0936289951205254 0.076439343392849 0.169160574674606 0.201870113611221 0.120310001075268 0.106989003717899 0.21981979906559 0.0367946028709412 0.229414314031601 0.141940325498581 0.145060211420059 0.233410909771919 0.185468062758446 0.188140287995338 0.341004908084869 0.29016375541687 0.301311999559402 0.165637522935867 0.186993718147278 0.136926755309105 0.415480524301529 0.0574129931628704 0.0440048798918724 0.0629730820655823 0.0388058461248875 0.207378223538399 0.0211692973971367 0.110264457762241 -0.031494926661253 0.0690210983157158 0.122229270637035 0.195502117276192 0.0257006362080574 0.154351755976677 0.198748245835304 0.297187179327011 0.245084330439568 0.209418922662735
0.0267454273998737 0.0303277242928743 0.248061001300812 0.227509766817093 0.140775799751282 0.258053034543991 0.202658250927925 0.291766107082367 0.195700153708458 0.172668114304543 0.104166150093079 0.174500212073326 0.153177082538605 0.0999700799584389 0.301508396863937 0.206926360726357 0.152717441320419 0.137469038367271 -0.00282052159309387 0.18806280195713 0.25276455283165 0.0547128990292549 0.240747436881065 0.157069280743599 0.202160730957985 0.273695349693298 0.187254294753075 0.198662400245667 0.028386015444994 0.0843314677476883 -0.0375017374753952 0.158631190657616 0.0299019310623407 0.196685180068016 -0.0130735784769058 0.244065836071968 0.112460993230343 0.127774432301521 0.258092224597931 0.16541014611721 0.148746207356453 0.270853638648987 0.295997262001038 0.362916678190231
