assets/gome_f/processed/ascii/us/gome_sif_US_20121001.asc
NCOLS 116 
NROWS 53 
XLLCORNER -125 
YLLCORNER 24.5 
CELLSIZE 0.5 
NODATA_value -3.4e+38 
[rows 19 to 37 of 53, columns 0 to 42 of 116]
0.0141646768897772 0.0695555359125137 0.203492477536201 0.21092863380909 0.120281711220741 0.189848706126213 0.126194775104523 0.116478234529495 0.0373638793826103 0.0976473912596703 -0.0053216926753521 -0.00978618860244751 0.0194991566240788 -0.0363917350769043 0.0121995024383068 0.0594426319003105 0.0844883322715759 0.0229190159589052 -0.0423053242266178 -0.0262960605323315 0.0177881959825754 0.019747968763113 0.0498427078127861 0.0426374040544033 0.0138403829187155 -0.00273356167599559 0.0190217066556215 -0.00271920976229012 0.0219661630690098 -0.0513236708939075 0.00394251756370068 -0.0222888644784689 -0.0875354409217834 -0.0774730816483498 0.0641870275139809 0.0710009187459946 0.0360579378902912 0.0990106984972954 -0.0299563575536013 -0.0170894451439381 -0.00234877853654325 -0.0332435071468353 0.0137850688770413
-0.0349432043731213 0.0850701108574867 0.213909536600113 0.191429078578949 0.247801750898361 0.19503553211689 0.161316275596619 0.141244575381279 0.0172302015125751 0.0335766784846783 0.0139507986605167 -0.0432288236916065 0.0136584518477321 0.00535721331834793 0.0365115739405155 0.0189586952328682 0.0350601859390736 -0.0950935110449791 -0.0182466357946396 -0.0665761306881905 -0.015358816832304 0.0457921586930752 -0.0106729036197066 0.00442587770521641 0.048283327370882 0.0872357115149498 0.0535063445568085 0.0671999678015709 -0.00633507920429111 -0.0136637119576335 -0.0052299895323813 0.043583195656538 0.0532803796231747 -0.00400671595707536 0.0632079020142555 -0.00243986374698579 -0.0480717644095421 -0.00444446830078959 0.0300189014524221 0.107932820916176 -0.0780688375234604 0.0485769920051098 -0.0686288625001907
0.0572884231805801 0.0460060052573681 0.18785984814167 0.214253038167953 0.164104610681534 0.132989645004272 0.0988312438130379 0.125454157590866 0.145395442843437 0.16386091709137 0.0151698030531406 0.00412156619131565 0.0530523657798767 -0.0057728448882699 0.00698833959177136 -0.036500446498394 0.0358768180012703 -0.0372674576938152 0.03315045312047 0.0397411026060581 0.0867993831634521 -0.0208257269114256 -0.0353381894528866 0.0869619473814964 0.0489185675978661 -0.0131979202851653 0.0193992219865322 0.0324230678379536 0.0246489532291889 0.111938074231148 0.0838888809084892 0.0705534964799881 0.0933796837925911 -0.0203811228275299 0.0625552758574486 -0.00183278461918235 0.0294142700731754 0.0187209844589233 -0.0212582312524319 0.0827686563134193 0.143107697367668 0.08127760887146 -0.0676643550395966
-0.0195959564298391 -0.00622478360310197 0.112830005586147 0.143261387944221 0.154469579458237 0.154280886054039 0.19104091823101 0.103234060108662 0.0876599848270416 0.117495819926262 0.0264504849910736 -0.0143354926258326 -0.0026322272606194 -0.0177720338106155 0.0342496745288372 0.0720347464084625 -0.00145244761370122 -0.0595528930425644 0.0503599494695663 0.0917066410183907 0.0306211542338133 -0.103083968162537 0.047504585236311 0.0498051792383194 0.0332679003477097 0.0249058809131384 0.0551930405199528 0.0547725446522236 0.0832523256540298 0.0250680614262819 0.0281420554965734 0.0254558268934488 0.0204816721379757 0.0279014762490988 -0.0158732868731022 0.0256130322813988 0.00821841042488813 0.0564289800822735 -0.0364295430481434 0.0295001827180386 0.0671948343515396 -0.0225006528198719 -0.00640553096309304
-0.00677819550037384 -0.0478130839765072 0.0898960158228874 0.113409660756588 0.208731800317764 0.0589083097875118 0.114188954234123 0.247758224606514 0.163192495703697 0.169002741575241 0.0566855259239674 -0.0131308501586318 0.0725749582052231 0.0666093230247498 -0.0310624726116657 0.0148607473820448 0.0184039995074272 -0.000308707938529551 0.0129790278151631 0.022829957306385 0.0674386098980904 0.0250436346977949 0.000433937297202647 0.0436043925583363 -0.0133645413443446 0.0320093184709549 0.0494588650763035 0.0203556753695011 0.0229891575872898 0.1028071641922 0.0287634637206793 0.0926220938563347 0.0103008057922125 0.0471393465995789 0.0270454362034798 0.0217674449086189 0.0434651076793671 0.0628564655780792 -0.0193263702094555 -0.00222663511522114 -0.00301345554180443 -0.0167361740022898 0.0881399735808372
0.0543439425528049 -0.058581855148077 0.0488036759197712 0.128266736865044 0.151516482234001 0.155643790960312 0.191836819052696 0.207608506083488 0.143706575036049 0.192928940057755 0.053316131234169 -0.0154061308130622 -0.0155551554635167 -0.0326883420348167 -0.0090910205617547 -0.0599411502480507 0.0260630287230015 0.0989643856883049 0.0546540953218937 0.0520408824086189 0.0629865676164627 0.0764700919389725 0.0442707017064095 0.0243810508400202 0.0516425780951977 0.0809040293097496 0.0817961171269417 -0.0254439115524292 0.0564510077238083 -0.00594791257753968 0.0201576687395573 0.0187428221106529 0.0712070688605309 0.0213772412389517 -0.03669348731637 0.0545434281229973 0.0419667884707451 -0.000378666300093755 -0.0117711359634995 0.0808528140187263 0.0168511122465134 0.0565204657614231 0.0380710735917091
-0.0237294938415289 0.0510564781725407 0.0122817698866129 0.0194526333361864 0.0711911544203758 0.0986093208193779 0.117725573480129 0.0806785747408867 0.205033630132675 0.163444817066193 0.0891733914613724 0.00550768105313182 0.0792800933122635 -0.0038797331508249 0.016580406576395 0.0275027770549059 0.00602644868195057 0.0524078756570816 0.0162240080535412 0.0606591030955315 0.0420593805611134 0.0356234051287174 0.0504731424152851 0.0717882961034775 0.0407346859574318 0.119628176093102 0.0173058155924082 -0.0873555466532707 -0.0759788975119591 0.0680257454514503 0.0122584057971835 0.040042519569397 0.0886524394154549 0.0209635533392429 0.0246339719742537 0.0209203641861677 0.0468943305313587 0.0948004797101021 -0.00180668686516583 0.0879201963543892 0.0729343667626381 0.0360973589122295 -0.0130516933277249
0.0645951330661774 0.0661479756236076 -0.0508075058460236 0.0303469728678465 -0.0776257663965225 0.0595582835376263 0.0888339504599571 0.101461626589298 0.169208347797394 0.128344222903252 0.156823515892029 0.0978007391095161 -0.0179060753434896 -0.0615599937736988 0.040987029671669 -0.0453426279127598 0.0809203311800957 -0.0342229381203651 0.0181921385228634 0.0830773189663887 0.0509530417621136 0.0218651182949543 0.0127476342022419 0.000458143884316087 0.126502469182014 0.0631930902600288 0.0229751355946064 -0.0281332191079855 0.0962964966893196 0.0509525872766972 0.133331343531609 0.0233932752162218 0.115350551903248 0.0713870450854301 0.00535205937922001 0.0509683303534985 0.10075593739748 -0.0145718390122056 -0.017085213214159 -0.00976030342280865 -0.00907101016491652 0.00346108013764024 0.020258205011487
0.00472666602581739 0.0234357323497534 0.0131190093234181 0.0258199106901884 -0.0175064858049154 0.0724029764533043 0.110027760267258 0.0899091213941574 0.180148273706436 0.196501985192299 0.156259000301361 0.0711411535739899 0.0183155816048384 0.00820755027234554 0.0446388237178326 0.0368154868483543 0.0799457728862762 0.0588095635175705 0.0665881633758545 0.0734390392899513 0.0331849902868271 0.135794252157211 0.0980668291449547 0.0723370611667633 0.0389792211353779 0.0676603615283966 0.0528159774839878 -0.0330479294061661 -0.0323290266096592 0.0976766049861908 0.0310773868113756 0.071129284799099 0.0563019476830959 0.145652040839195 0.0590599104762077 -0.0073139201849699 0.0519264154136181 0.0241284165531397 0.0847377851605415 0.0660617426037788 0.0346237346529961 -0.0816977322101593 -0.00999649148434401
-0.0168037749826908 0.0688699185848236 -0.0435440130531788 -0.0148899611085653 0.0226294212043285 0.0344815701246262 0.127286598086357 0.0529430396854877 0.137498825788498 0.0608616434037685 0.184670269489288 0.00356208742596209 0.0272039081901312 0.0660464987158775 0.0852246880531311 -0.0657080039381981 -0.0419919230043888 0.104401491582394 0.0752880349755287 0.0640741586685181 0.0732417702674866 0.059682484716177 0.0820653066039085 0.0584051124751568 0.0588089041411877 0.0423099584877491 0.0572763383388519 0.0566309280693531 0.059999156743288 0.0401940867304802 -0.0210033133625984 -0.0552267618477345 0.00350374053232372 0.0740410163998604 0.105128847062588 0.0476252213120461 0.0208293069154024 0.0590679757297039 0.0180279053747654 0.0385497696697712 0.098977617919445 0.0459532514214516 -0.0537599213421345
0.00243876408785582 0.0794966444373131 -0.00334751419723034 0.0520300269126892 -0.0186301097273827 0.0214330796152353 0.0994232520461082 0.0402804724872112 0.149087816476822 0.118178240954876 0.12007063627243 0.14103864133358 0.215327546000481 0.108932450413704 -0.00666821608319879 0.0316220112144947 0.0482285618782043 0.0419987253844738 0.060129888355732 0.0576958954334259 0.0413756109774113 0.0797675922513008 0.0581436604261398 0.0151258409023285 0.0694226175546646 0.0112869879230857 0.0499411001801491 -0.00687271729111671 0.0400437451899052 0.0810668766498566 0.0388614870607853 0.0223603248596191 -0.0356393083930016 0.0176099669188261 0.101942971348763 0.0737486407160759 0.024589704349637 0.0329796373844147 0.0468789152801037 0.0287179443985224 -0.00649464596062899 -0.0152815468609333 0.0615300498902798
-0.0396199524402618 -0.00449825590476394 0.0213805008679628 0.0214222222566605 -0.101956591010094 -0.0370308570563793 -0.00329658179543912 -0.0467171967029572 0.106731988489628 0.0939983129501343 0.117373816668987 0.15317077934742 0.0988927334547043 0.109004959464073 0.0293827224522829 0.0214092377573252 0.0918938666582108 -0.00569611694663763 0.0908796787261963 -0.00807025190442801 0.0403031148016453 0.00259623629972339 0.13764026761055 0.0941521599888802 0.018323315307498 0.0724165290594101 0.0313459224998951 0.0106876231729984 0.0335065051913261 0.0379168428480625 0.0722387656569481 0.0295287370681763 0.0510438308119774 0.0113615859299898 -0.0261232405900955 0.0475852191448212 0.0222082901746035 -0.0315571948885918 0.0728055611252785 0.0959586352109909 0.0216134674847126 -0.00444651488214731 0.0780059620738029
-0.0519046150147915 0.0530889108777046 0.00662345951423049 0.0167793855071068 0.0233718082308769 0.0129729472100735 -0.0272629484534264 -0.0102641386911273 0.000198219102458097 0.071933351457119 -0.0151745164766908 0.113890267908573 0.0790306851267815 0.0131857991218567 0.0179911535233259 0.0106656141579151 0.0888480469584465 0.0536894463002682 -0.00462229596450925 0.0610019266605377 0.116221278905869 0.0451515763998032 0.0417623743414879 0.106454335153103 0.029453432187438 0.101020470261574 0.01957300119102 0.0401925407350063 -0.0241202209144831 0.000868846662342548 -0.013858619146049 0.0784666463732719 0.0732596069574356 0.0049889967776835 0.0189638547599316 0.0662120878696442 0.0963640064001083 0.0225270204246044 0.0912936180830002 -0.0149706630036235 0.0655065327882767 0.0510836206376553 0.0398826897144318
0.00878757052123547 0.00241553457453847 0.0483524389564991 0.0294334944337606 0.0811009109020233 0.00389810814522207 -0.0313203297555447 0.127834290266037 -0.0234145540744066 -0.0122383423149586 0.0586653798818588 0.121106579899788 0.00849747005850077 0.0469977259635925 -0.0525179021060467 0.0520510077476501 0.0286016780883074 -0.0553722567856312 0.0194845609366894 0.046942837536335 0.0512758903205395 -0.0253065023571253 0.0364344194531441 0.0845046564936638 0.0914009734988213 0.0660306662321091 0.125293955206871 0.0418021269142628 0.0462665297091007 0.0636504888534546 0.0137537168338895 0.0881321430206299 0.0136193539947271 -0.0172258764505386 0.0580363348126411 0.0198585502803326 0.0105320662260056 0.0252688657492399 -0.0315534621477127 0.0842380747199059 0.110669419169426 0.0672071427106857 0.0638929009437561
-0.053516298532486 0.0402923040091991 -0.0430136956274509 -0.103098720312119 0.0345442667603493 0.0190145764499903 -0.0275913346558809 -0.0922714397311211 -0.0421085320413113 0.0628253445029259 0.085952453315258 0.00124452961608768 -0.0796933546662331 0.0972360149025917 0.0520032718777657 0.105505101382732 0.0290578547865152 -0.0719436779618263 0.00486939307302237 0.048682939261198 0.0263145696371794 0.0397937968373299 0.0242191459983587 0.0235886573791504 0.021200655028224 0.0688566938042641 0.0760962516069412 0.095867283642292 0.107271626591682 0.133939236402512 0.0945548862218857 0.0855523347854614 0.0485822297632694 0.0197675637900829 0.0491489619016647 0.0337438210844994 -0.0005639354349114 0.00801156740635633 -0.0496002025902271 0.0477025881409645 0.0483679361641407 0.0562126971781254 0.127017885446548
0.0310169942677021 -0.0321842767298222 -0.0446503050625324 -0.102258674800396 -0.0549416579306126 0.0088135926052928 0.0632820427417755 0.0751852542161942 0.0290334522724152 0.0108202490955591 0.0726043879985809 -0.00110344355925918 -0.0430424585938454 -0.0313929282128811 0.0842400789260864 0.148125812411308 0.0235878471285105 -0.0670503973960876 0.0709884464740753 -0.0549802258610725 0.122291825711727 0.0813591033220291 -0.0408488474786282 0.0539806559681892 0.0521370470523834 0.0643904134631157 0.0690073743462563 0.0512334853410721 0.0736956000328064 0.11207127571106 0.207196831703186 0.0608864240348339 0.124004989862442 0.0535402297973633 -0.0411492064595222 0.0453802794218063 0.0293626859784126 0.0415735505521297 0.0035166700836271 0.0258515272289515 0.0287160165607929 0.0125908413901925 0.129381880164146
-0.0194546561688185 0.035867515951395 0.0857042372226715 -0.00654352642595768 -0.100715897977352 0.0470927730202675 -0.0280323121696711 -0.0200893450528383 0.0709809586405754 0.0587008111178875 0.0377469211816788 -0.0924111306667328 0.0239348486065865 0.0507693365216255 0.0121255405247211 0.0417021214962006 0.150955125689507 0.0214140452444553 0.0786928460001945 0.0462558977305889 0.0762794837355614 -0.0128705548122525 0.0810259282588959 -0.00524806044995785 0.0679029524326324 0.0924823135137558 0.148581370711327 0.032976072281599 0.0978336706757545 0.0366979576647282 0.144486218690872 0.0494437217712402 -0.0305077917873859 0.104358062148094 -0.0401323027908802 -0.0596436187624931 -0.00109442451503128 0.122570231556892 0.110568232834339 0.0130463885143399 0.0965849980711937 0.10212916135788 0.126859739422798
0.00667462591081858 0.0227183047682047 0.07037303596735 0.0221526827663183 -0.0176001340150833 0.0261873938143253 0.0167413260787725 0.0124670071527362 0.0331573635339737 0.0431638024747372 -0.00512011395767331 0.0177682638168335 -0.00934286694973707 0.0186660680919886 -0.00506676780059934 -0.0201499834656715 0.00817093066871166 0.0416261479258537 0.0852951928973198 0.0625448152422905 0.0735362842679024 0.0674569681286812 0.0458657965064049 0.0891203805804253 0.110357142984867 0.0741756111383438 0.0735075175762177 0.163699775934219 0.205052778124809 0.0199209358543158 0.0613488294184208 0.0612951256334782 -2.12669365282636e-05 0.123331770300865 -0.00748060410842299 0.0288879033178091 0.0179446022957563 0.0304788313806057 0.102541849017143 0.148368537425995 0.0588674359023571 0.0172542203217745 0.122050262987614
-0.0722454264760017 -0.0186991505324841 0.06600072234869 0.0620655044913292 0.000517748296260834 -0.0610353164374828 -0.0155464941635728 0.119911879301071 0.0549731217324734 -0.0986965447664261 0.00364192482084036 0.0232608746737242 0.00400471407920122 -0.0201836973428726 -0.0367177948355675 -0.0709682330489159 -0.0274313017725945 0.01522914506495 -0.0457342341542244 0.0497799031436443 0.00609758682549 0.0271049439907074 0.0241614226251841 0.0264254044741392 0.113225184381008 0.0414159744977951 0.0525696575641632 0.0860407575964928 0.0849078893661499 0.0691270381212234 0.104960136115551 0.0138394506648183 -0.0847565233707428 0.0434290766716003 0.0105523308739066 0.0827201157808304 0.0375255942344666 0.000175194305484183 0.0484403595328331 0.125499710440636 0.242300987243652 0.0843191295862198 0.0629471465945244
