assets/gome_f/processed/ascii/us/gome_sif_US_20110901.asc
NCOLS 116 
NROWS 53 
XLLCORNER -125 
YLLCORNER 24.5 
CELLSIZE 0.5 
NODATA_value -3.4e+38 
[rows 0 to 18 of 53, columns 44 to 87 of 116]
0.179745525121689 0.33535036444664 0.166479304432869 0.272759139537811 0.224564656615257 0.32495442032814 0.289644807577133 0.27250936627388 0.17970198392868 0.152413561940193 0.166575565934181 0.25430828332901 0.119948752224445 0.183167695999146 0.195418536663055 0.312765121459961 0.0967851430177689 0.243885293602943 0.144603908061981 0.142451465129852 0.173869699239731 0.108330078423023 0.21178637444973 0.0771377459168434 0.208829283714294 0.225912287831306 0.0495430044829845 0.124788828194141 0.218395248055458 0.170274421572685 0.136135637760162 0.207693085074425 0.0834632739424706 0.164241939783096 0.255763083696365 0.146258980035782 0.139090582728386 0.173864141106606 0.0549593865871429 0.234253510832787 0.0636589676141739 0.193191558122635 0.223356664180756 0.201057523488998
0.201463505625725 0.242829829454422 0.212075486779213 0.219207033514977 0.139418095350266 0.115124776959419 0.180850401520729 0.19388934969902 0.229378953576088 0.226031333208084 0.1254772990942 0.172416761517525 0.221874490380287 0.204986229538918 0.23533321917057 0.24514827132225 0.228886634111404 0.130286008119583 0.293970912694931 0.260187685489655 0.219630941748619 0.30268806219101 0.129870250821114 0.118563860654831 0.191537946462631 0.195598736405373 0.213964015245438 0.305104941129684 0.150070324540138 0.120512239634991 0.152712240815163 0.22079136967659 0.230736613273621 0.247410401701927 0.283085465431213 0.2110965102911 0.183659017086029 0.23977717757225 0.166924968361855 0.19708563387394 0.186254620552063 0.200137332081795 0.362430274486542 0.0634094551205635
0.146865114569664 0.188556715846062 0.175954103469849 0.227524563670158 0.187498241662979 0.213852033019066 0.17574717104435 0.248178198933601 0.233758479356766 0.116394110023975 0.158956095576286 0.165100529789925 0.311504393815994 0.147738263010979 0.292340904474258 0.217543855309486 0.212918728590012 0.154524609446526 0.260169804096222 0.232405260205269 0.201999604701996 0.236680120229721 0.324273675680161 0.310622334480286 0.212928354740143 0.162249982357025 0.125810474157333 0.298751205205917 0.252746611833572 0.135979875922203 0.188355267047882 0.220738977193832 0.254832237958908 0.190211445093155 0.159627839922905 0.146129071712494 0.164585918188095 0.272808820009232 0.313276737928391 0.374322861433029 0.313341706991196 0.346884846687317 0.178485840559006 0.153674736618996
0.114527307450771 0.388572067022324 0.176343560218811 0.172980889678001 0.181309327483177 0.182634115219116 0.251946538686752 0.197841197252274 0.291966617107391 0.228686198592186 0.179504737257957 0.127078250050545 0.320092231035233 0.295921057462692 0.249709278345108 0.241180017590523 0.211154773831367 0.176392704248428 0.268650621175766 0.35284349322319 0.107921250164509 0.251386106014252 0.140878140926361 0.295628428459167 0.259752064943314 0.297164618968964 0.248176470398903 0.275126457214355 0.195293754339218 0.27280929684639 0.104829549789429 0.306664019823074 0.231392934918404 0.28643587231636 0.216690048575401 0.279895961284637 0.16984660923481 0.220916137099266 0.224336802959442 0.351034104824066 0.193367078900337 0.303776055574417 0.313443839550018 0.225027203559875
0.143929317593575 0.146120235323906 0.249824956059456 0.255267888307571 0.0611204206943512 0.225123435258865 0.240168169140816 0.263804286718369 0.145950049161911 0.23256479203701 0.285533219575882 0.173612847924232 0.256090939044952 0.255700141191483 0.32879313826561 0.268042176961899 0.189025789499283 0.18602991104126 0.275434821844101 0.268404453992844 0.14589835703373 0.195716977119446 0.218526363372803 0.308940023183823 0.201226457953453 0.375812202692032 0.323359191417694 0.282944083213806 0.288484215736389 0.072192020714283 0.120910137891769 0.122922025620937 0.03891970962286 0.156429022550583 0.238613620400429 0.183893263339996 0.197899267077446 0.206265226006508 0.298866480588913 0.312075674533844 0.314956158399582 0.22063122689724 0.184901192784309 0.310890525579453
0.182419002056122 0.258688688278198 0.190402776002884 0.214279055595398 0.21338814496994 0.269085794687271 0.294402122497559 0.137508556246758 0.11597602814436 0.202269867062569 0.238583400845528 0.241676807403564 0.295658469200134 0.365550577640533 0.314576834440231 0.192215040326118 0.202329725027084 0.261106193065643 0.32797908782959 0.252844154834747 0.258142113685608 0.3425153195858 0.200818791985512 0.197102174162865 0.202517539262772 0.267206758260727 0.260288089513779 0.305195569992065 0.11082274466753 0.0247030425816774 0.126807048916817 0.0764163136482239 -0.0341983363032341 0.00633766688406467 0.136939540505409 0.216861009597778 0.258010596036911 0.20358482003212 0.342483520507812 0.306676477193832 0.222980171442032 0.452470332384109 0.23361773788929 0.225690826773643
0.289800524711609 0.243112996220589 0.039321705698967 0.2938192486763 0.208230540156364 0.24889300763607 0.257628530263901 0.302607655525208 0.350080370903015 0.288832157850266 0.29265370965004 0.283905118703842 0.366421908140182 0.291190356016159 0.396880269050598 0.377876043319702 0.328575700521469 0.297529488801956 0.376341879367828 0.19250699877739 0.285546034574509 0.292683184146881 0.241574883460999 0.290594220161438 0.266574561595917 0.191606894135475 0.048029650002718 0.0275349803268909 0.0113654034212232 0.0540014170110226 -0.0277510117739439 -0.050651378929615 0.00791791267693043 0.0487041361629963 -0.0125732067972422 0.0930067747831345 0.149961218237877 0.261305451393127 0.345486998558044 0.28817355632782 0.24463714659214 0.28776490688324 0.284545481204987 0.372878044843674
0.173811823129654 0.302265584468842 0.254623115062714 0.306542098522186 0.295719265937805 0.405202805995941 0.255826115608215 0.346140086650848 0.308746248483658 0.332188278436661 0.320058196783066 0.276558667421341 0.336822211742401 0.305846512317657 0.551417708396912 0.374230563640594 0.346087515354156 0.294490456581116 0.268382549285889 0.234892353415489 0.321203529834747 0.300107657909393 0.0994252637028694 0.110442072153091 0.175096198916435 0.140057250857353 -0.0236693080514669 0.0375922471284866 0.195991083979607 0.229433670639992 0.167903810739517 0.062859833240509 -0.0733440071344376 -0.0560034550726414 -0.068437784910202 0.0241820234805346 0.0460224561393261 0.323566168546677 0.163202822208405 0.259182929992676 0.236953660845757 0.323480904102325 0.121740825474262 0.373752743005753
0.253753662109375 0.338017702102661 0.222202658653259 0.282953470945358 0.250502794981003 0.297829896211624 0.390159040689468 0.372833698987961 0.283562183380127 0.352404028177261 0.202672958374023 0.400225967168808 0.253453314304352 0.239877194166183 0.321831494569778 0.388095796108246 0.360312163829803 0.387483984231949 0.232142731547356 0.328101813793182 0.422993838787079 0.40750727057457 0.507556080818176 0.288673102855682 0.415412724018097 0.26184931397438 0.273742407560349 0.350709795951843 0.381600499153137 0.368890643119812 0.436355590820312 0.261200070381165 0.224222257733345 0.157346919178963 0.232994377613068 0.150179132819176 0.143781915307045 0.224171012639999 0.443526893854141 0.374508708715439 0.314120322465897 0.337797105312347 0.242494523525238 0.265734493732452
0.208810180425644 0.160506367683411 0.184771344065666 0.165955230593681 0.210706099867821 0.223167821764946 0.312750041484833 0.316545814275742 0.350650697946548 0.442967057228088 0.264089822769165 0.536667227745056 0.20189693570137 0.48486328125 0.310068309307098 0.458891659975052 0.2768814265728 0.377133935689926 0.406026124954224 0.421928703784943 0.457141101360321 0.407812178134918 0.350950628519058 0.41879266500473 0.504498064517975 0.34069550037384 0.530465841293335 0.444200694561005 0.52769923210144 0.401593536138535 0.47397255897522 0.41698881983757 0.476525247097015 0.284575998783112 0.373182266950607 0.317390322685242 0.288643777370453 0.218504130840302 0.235024526715279 0.267377585172653 0.259916990995407 0.266581177711487 0.201281026005745 0.316731721162796
0.1673963367939 0.0931867361068726 0.163864433765411 0.140662536025047 0.172438055276871 0.222763746976852 0.336092114448547 0.437798112630844 0.45733255147934 0.348381102085114 0.359735727310181 0.393827468156815 0.332714289426804 0.401995837688446 0.498768419027328 0.568473637104034 0.275638252496719 0.567588984966278 0.308803707361221 0.467616379261017 0.468519926071167 0.491013199090958 0.424225240945816 0.551380693912506 0.696145415306091 0.548406541347504 0.503600001335144 0.379579991102219 0.483937919139862 0.435350060462952 0.419066369533539 0.225832626223564 0.172313362360001 0.020132502540946 0.125711590051651 0.132401242852211 0.207368567585945 0.120761789381504 0.131765767931938 0.141676753759384 0.0862695351243019 0.0926029160618782 0.178024381399155 0.0212597083300352
0.15620057284832 0.0459185689687729 0.162296116352081 0.0859410092234612 0.116120167076588 0.23306006193161 0.382935076951981 0.265531420707703 0.462959229946136 0.306959480047226 0.401993781328201 0.298189133405685 0.421004295349121 0.371761918067932 0.473360180854797 0.387757211923599 0.471769601106644 0.422941714525223 0.513893663883209 0.576011717319489 0.510159134864807 0.586401343345642 0.676027297973633 0.753645181655884 0.635182082653046 0.607432067394257 0.517070591449738 0.43559518456459 0.617803812026978 0.352758646011353 0.407819896936417 0.181723475456238 -0.0405578427016735 0.0869425088167191 0.0646345689892769 0.117861233651638 0.319616705179214 0.398837953805923 0.305221945047379 0.152609795331955 0.0533005855977535 0.00293951923958957 0.0488387197256088 0.0948152095079422
0.15893542766571 0.186159610748291 0.104888595640659 0.127346605062485 0.211791440844536 0.254224538803101 0.331547468900681 0.275843948125839 0.431511700153351 0.38863217830658 0.383792966604233 0.380283087491989 0.399553835391998 0.352789372205734 0.428331643342972 0.547026097774506 0.640380859375 0.354239135980606 0.600939810276031 0.745667695999146 0.520790934562683 0.554908990859985 0.502747297286987 0.764393866062164 0.498697489500046 0.762191236019135 0.665091991424561 0.712477326393127 0.583892285823822 0.511043310165405 0.442949861288071 0.250961691141129 0.0670577809214592 0.101920761168003 0.266501098871231 0.394796460866928 0.395174890756607 0.429210245609283 0.429855287075043 0.24902717769146 0.0366413928568363 -0.0526011846959591 -0.0144314458593726 0.121222548186779
0.134995892643929 0.116444200277328 0.141804903745651 0.0511069521307945 0.2208182066679 0.212554156780243 0.295314878225327 0.246114537119865 0.313636094331741 0.50247460603714 0.541901230812073 0.492634147405624 0.358767777681351 0.503949224948883 0.513250350952148 0.511937320232391 0.54316520690918 0.420126289129257 0.538835287094116 0.582171976566315 0.422821938991547 0.706787288188934 0.578888058662415 0.60251772403717 0.66476982831955 0.463573902845383 0.470750659704208 0.499108880758286 0.454293638467789 0.712297260761261 0.279751241207123 0.274240136146545 0.0307697672396898 0.350402265787125 0.312337309122086 0.466934651136398 0.609327793121338 0.498937040567398 0.342833489179611 0.304417073726654 -0.0147463586181402 0.0362374372780323 0.0745558068156242 0.228471294045448
0.174606576561928 0.155413135886192 0.237026035785675 0.193379878997803 0.28638756275177 0.172915369272232 0.281778216362 0.250040739774704 0.349304378032684 0.342759042978287 0.405606389045715 0.415389806032181 0.626427352428436 0.611177861690521 0.629066228866577 0.504941403865814 0.452091008424759 0.519545674324036 0.514012515544891 0.525323450565338 0.674729585647583 0.572840094566345 0.557797372341156 0.626284718513489 0.585912108421326 0.449873685836792 0.445329993963242 0.50726044178009 0.614310443401337 0.60228031873703 0.266009539365768 0.133456066250801 0.0203817300498486 0.322700887918472 0.558978796005249 0.479998797178268 0.453540563583374 0.454822272062302 0.392607659101486 0.329505324363708 0.387707948684692 0.162217602133751 0.159457892179489 0.213449522852898
0.128358587622643 0.192092135548592 0.21538870036602 0.234418779611588 0.237612351775169 0.289771914482117 0.340188652276993 0.239140927791595 0.36164602637291 0.271659374237061 0.464399188756943 0.315156251192093 0.554322957992554 0.457877904176712 0.566808104515076 0.609826803207397 0.688876569271088 0.578233480453491 0.460720598697662 0.557001292705536 0.660405993461609 0.916178703308105 0.541250050067902 0.533154308795929 0.55819696187973 0.64925342798233 0.535095274448395 0.6279456615448 0.535743117332458 0.519392430782318 0.224407374858856 0.0391252040863037 -0.0764392539858818 0.189136758446693 0.278746038675308 0.64965409040451 0.481053113937378 0.636337995529175 0.383287757635117 0.580829560756683 0.404302060604095 0.352967381477356 0.168833270668983 0.517862617969513
0.170145854353905 0.11605179309845 0.213991120457649 0.198045834898949 0.172815680503845 0.204131945967674 0.342912405729294 0.40114825963974 0.275398641824722 0.502894461154938 0.350799292325974 0.354284316301346 0.562862157821655 0.49226912856102 0.53784590959549 0.516026675701141 0.585668861865997 0.344964772462845 0.573617935180664 0.39496061205864 0.678288996219635 0.619388282299042 0.780823111534119 0.582823276519775 0.653867363929749 0.578830480575562 0.706499695777893 0.595828652381897 0.539976537227631 0.275798141956329 0.213630691170692 0.0213066656142473 0.15878102183342 0.108817622065544 0.437206864356995 0.506101787090302 0.304891288280487 0.499562501907349 0.514241993427277 0.451539695262909 0.567700862884521 0.385527670383453 0.655312895774841 0.315827876329422
0.166165471076965 0.209009736776352 0.218546286225319 0.210228443145752 0.144014000892639 0.294955939054489 0.174106076359749 0.267542839050293 0.216219872236252 0.457609295845032 0.418023139238358 0.545754313468933 0.431486487388611 0.490919530391693 0.633150398731232 0.532605051994324 0.550563395023346 0.389291822910309 0.568498373031616 0.565986216068268 0.715471029281616 0.614600718021393 0.659510731697083 0.504043996334076 0.561684012413025 0.610947966575623 0.73885589838028 0.582908511161804 0.550447404384613 0.385632693767548 0.474038392305374 -0.05981220677495 -0.0323590599000454 0.170660465955734 0.38301619887352 0.51516181230545 0.463413625955582 0.630917489528656 0.525940775871277 0.446770995855331 0.250998616218567 0.272791534662247 0.218265056610107 0.125777497887611
0.232264593243599 0.108036555349827 0.208325266838074 0.220715701580048 0.109145924448967 0.220315396785736 0.30586901307106 0.334497898817062 0.387533754110336 0.402984172105789 0.446827948093414 0.536144912242889 0.389100044965744 0.519768536090851 0.406460374593735 0.654400169849396 0.427752614021301 0.558256447315216 0.482954502105713 0.582038640975952 0.591240227222443 0.583210349082947 0.607919573783875 0.685162127017975 0.619175493717194 0.604151546955109 0.557352721691132 0.583381056785583 0.681373059749603 0.484007358551025 0.491693615913391 0.215256631374359 0.306308925151825 0.577099740505219 0.48760136961937 0.461762219667435 0.570283114910126 0.60479873418808 0.603520154953003 0.431774079799652 0.158273801207542 0.221517831087112 0.0490597188472748 0.290540009737015
