assets/gome_f/processed/ascii/us/gome_sif_US_20131201.asc
NCOLS 116 
NROWS 53 
XLLCORNER -125 
YLLCORNER 24.5 
CELLSIZE 0.5 
NODATA_value -3.4e+38 
[rows 0 to 18 of 53, columns 43 to 85 of 116]
-999 -999 -999 -999 -999 -999 -999 -999 -999 -999 -999 -999 -999 -999 -999 -999 -999 -999 -999 -999 -999 -999 -999 -999 -999 -999 -999 -999 -999 -999 -999 -999 -999 -999 -999 -999 -999 -999 -999 -999 -999 -999 -999
-999 -999 -999 -999 -999 -999 -999 -999 -999 -999 -999 -999 -999 -999 -999 -999 -999 -999 0.0495298020541668 -999 -999 -999 -999 -999 -999 -999 -999 0.0512034483253956 -999 -999 -999 -999 -999 -999 -999 -0.0603222772479057 0.0432662218809128 -0.15524785220623 0.205077096819878 -999 -999 -999 -999
-999 -999 -999 -999 -999 -999 -999 -999 -999 -999 -999 -999 -999 -999 -999 0.118791751563549 -999 -999 -999 -999 -999 -999 -999 -999 -999 -999 -999 0.0811270922422409 0.00287985312752426 -999 -999 -999 0.0207615364342928 0.25057464838028 -999 0.101182840764523 0.0878730863332748 0.0680672451853752 0.178536459803581 -0.154475554823875 0.0540127009153366 -999 -0.207729682326317
-999 -999 -999 -999 -999 -999 -999 -999 -999 -999 -999 -999 -999 -999 0.0116236098110676 -999 -999 -999 -999 -999 -999 -999 -999 -999 -0.121020786464214 -0.0521610602736473 -0.0158060640096664 -0.212153390049934 -0.0130484951660037 -0.0974183678627014 0.0984863713383675 0.0150527879595757 -0.030613336712122 0.0510772354900837 0.00189740210771561 0.0475565306842327 0.0954064428806305 0.0936941355466843 -0.0814770236611366 -0.0767676904797554 0.0442851036787033 0.122526288032532 0.0172314196825027
0.25665408372879 -999 -999 -999 -999 -999 -999 -999 -999 -999 -999 -999 -999 -999 -999 -999 -999 -999 -999 -999 -999 -999 -0.00378473591990769 0.0438411831855774 -0.0545813143253326 -0.0760688558220863 0.148781582713127 0.0151832094416022 0.0220439657568932 0.0372159406542778 0.117223739624023 0.0485579371452332 0.036409754306078 0.208342701196671 -0.0433553904294968 -0.0479988642036915 0.0788168758153915 0.0120810121297836 0.0365903861820698 -999 -999 -999 0.0384116806089878
-0.106104619801044 -999 -999 -999 -999 -999 -999 -999 -999 -999 -999 -999 -999 -999 -999 -999 -0.243973851203918 0.0775409042835236 -0.00248558819293976 0.0696132555603981 0.0873429626226425 0.0453626811504364 -0.0554005540907383 -0.0724957659840584 -0.0374661684036255 0.0129834059625864 0.0105212507769465 0.0128732165321708 0.103886485099792 -0.0603687129914761 0.126182749867439 -999 -999 -999 -999 -0.0103843957185745 0.0670811235904694 0.156367868185043 -999 -999 -999 -999 -999
-999 -999 -0.0917455404996872 -999 -999 -999 -999 -999 -999 -999 -999 -999 -999 -999 -999 -999 -999 -999 0.140032455325127 0.0981904938817024 -0.00352016952820122 -0.0454470850527287 -0.0211380459368229 0.0391352400183678 0.0845367759466171 0.0575300566852093 0.0132962446659803 0.0827926024794579 -999 -0.112524025142193 -0.0164819583296776 -999 -999 -999 -999 -0.0877492278814316 0.0553074181079865 0.137647166848183 -999 0.0134626785293221 0.122005626559258 0.104615300893784 0.144505351781845
-0.0402027703821659 0.0719493627548218 0.143332034349442 -999 -999 -999 -999 -999 -999 -999 -999 -999 -999 -999 -999 -999 -999 -999 -999 -999 -999 -999 0.096386045217514 0.0205345582216978 -0.0196325741708279 -0.0925727337598801 0.156858906149864 -999 -999 -999 -999 -0.050152700394392 -999 -999 -999 -999 -999 -0.0913096070289612 0.01813761331141 0.0479372292757034 0.090291254222393 0.0874427035450935 0.00139589107129723
0.0527439564466476 0.166739925742149 0.115912236273289 -0.0630499273538589 -999 -999 -999 -999 -999 -999 -999 -999 -999 -999 -999 -999 -999 -999 -999 -999 -0.135274097323418 -999 -999 0.0234021879732609 -0.130551725625992 -999 -999 -999 0.103438153862953 -0.052725188434124 0.111652605235577 -0.012392794713378 0.00597374141216278 -999 -999 -0.0992944240570068 0.280443429946899 0.0609368979930878 0.050934687256813 0.016552684828639 0.0137358624488115 0.11572689563036 -0.0572562776505947
0.129176065325737 -0.0213042609393597 -0.0139551209285855 -0.034446407109499 0.0897662192583084 -999 -999 0.0526060163974762 -999 -999 -999 -999 -999 -999 -999 -999 -999 -999 -999 -999 -999 -999 -999 0.339710563421249 0.0458355471491814 -999 -999 0.202548116445541 -999 -0.115368351340294 0.0850510522723198 -0.0946955382823944 -0.0629289075732231 0.0602554678916931 -999 -999 -0.0240722354501486 -0.0777391642332077 0.204886376857758 0.000760452181566507 0.0377960912883282 0.0631243214011192 0.0596923790872097
0.133252918720245 0.0483798906207085 0.0992904156446457 0.0415323413908482 0.00986967701464891 -0.0611325204372406 0.452322691679001 -0.212340369820595 0.100670464336872 0.118473201990128 -0.153148084878922 -999 -999 -999 -999 -999 -999 -999 -999 -999 -999 -999 -999 -999 -999 -999 -999 -999 -999 0.0174276288598776 -0.021850973367691 0.105751022696495 0.0344979800283909 0.00890759006142616 -0.0100545985624194 0.11318701505661 -0.0450832545757294 -999 -999 0.0758453458547592 0.183790802955627 -0.0463742166757584 0.089166134595871
0.0988693907856941 0.256956607103348 0.0876807048916817 0.0173735916614532 -0.0345771014690399 -0.0386155396699905 0.0577090382575989 0.123731374740601 0.0632141679525375 0.0462827309966087 0.15086704492569 0.00804811995476484 0.0180960018187761 -0.125668883323669 -999 -999 -999 -999 -999 -999 -999 -999 -999 -999 -999 -999 -999 -999 0.0881805419921875 0.0278032571077347 -0.011282873339951 0.137754738330841 -0.0405795015394688 -0.00784949772059917 -0.182990148663521 -0.0946682840585709 0.212666690349579 0.182207778096199 -0.121532335877419 0.00467438995838165 0.0219583008438349 0.172795698046684 0.208918392658234
-0.0720198974013329 0.000846435548737645 -0.0521698854863644 0.0863493233919144 0.101263679563999 -0.0478405877947807 0.0147087154909968 0.044510755687952 -0.0781190916895866 -0.114387415349483 0.0476735718548298 0.0933282375335693 0.11295173317194 -999 -999 -999 -999 -999 -999 -999 -999 -999 -999 -999 -999 -999 -999 -999 -999 0.0897399857640266 -0.0199486836791039 0.0791675075888634 0.0932638794183731 -0.0369503125548363 -999 -999 -999 -0.0512130074203014 0.129807531833649 0.124098442494869 0.0271708779036999 -0.0418828576803207 -0.0427199229598045
-0.0731252953410149 0.025229200720787 -0.0560277104377747 0.100073002278805 -0.214939445257187 0.0378542244434357 -0.163371354341507 0.0388845652341843 -999 0.177164375782013 -0.0942647978663445 -0.0305054802447557 0.21750795841217 0.0366625525057316 -0.390194475650787 -999 -999 -999 -999 -0.22993266582489 -999 0.095806285738945 -999 -999 -999 -0.217033937573433 -999 0.184167012572289 -0.179091796278954 -0.0546662248671055 0.0331301502883434 0.00828343629837036 -0.0513649806380272 0.0810085609555244 0.0860670655965805 -999 -999 -999 -0.091805525124073 0.0607535913586617 0.0959597453474998 -0.0988432541489601 0.0624459683895111
0.036688432097435 -0.023330070078373 -0.0881138667464256 -0.0310399550944567 0.0495977513492107 -0.0061364583671093 0.14762382209301 -0.0986529961228371 0.129740089178085 0.00680400663986802 0.0171582028269768 0.456907749176025 -0.111644640564919 0.068914420902729 0.0343963876366615 -999 -0.0342319682240486 -999 -0.0770454481244087 -0.0103674493730068 -0.0488152801990509 -999 -999 -999 -999 -999 -0.0242081042379141 -0.1386499106884 -0.056712917983532 -0.0867123007774353 0.104270279407501 -0.0367097333073616 -0.0346353575587273 -0.187919154763222 -999 -0.263198733329773 0.206117928028107 0.0473431795835495 -999 -0.0334385856986046 -999 0.22172923386097 -0.260794401168823
-0.0186898522078991 0.0192954316735268 0.0384656824171543 0.0297569632530212 -0.0187607128173113 0.0473397560417652 0.0065417168661952 -0.0685796290636063 0.0364694558084011 0.119364991784096 0.080702506005764 -0.10999670624733 0.0315889865159988 -0.0557360947132111 0.408495664596558 -0.0480526015162468 -0.0224333796650171 0.0490551143884659 -0.0197506323456764 0.0194934960454702 -0.183942005038261 -999 -999 -999 -999 -999 -0.178155079483986 0.126224175095558 0.109217926859856 -0.100451745092869 0.29059773683548 -0.0755823850631714 0.0425237044692039 0.0119739882647991 -999 -0.0195077657699585 -0.148282423615456 -999 -999 -0.0656534880399704 -999 -999 -0.0527585595846176
-0.0540617369115353 0.0469902344048023 0.0107175605371594 -0.020795738324523 -0.0688275247812271 -0.0557709895074368 -0.110092625021935 0.0413005277514458 -0.0637205317616463 0.0801159963011742 0.0371910035610199 0.0770898908376694 0.0546433478593826 -0.0161098912358284 0.0442936532199383 0.122056141495705 -0.0223142486065626 -0.034333311021328 0.0366495028138161 -0.026612177491188 -999 -999 -999 -999 -999 -999 0.0181340985000134 -0.0282728783786297 0.0667235031723976 -0.0594221167266369 0.119677037000656 0.030614297837019 0.00762638449668884 -0.0714074149727821 0.231387764215469 0.155236452817917 -0.136074721813202 0.0674863904714584 -0.0541701093316078 0.0878715440630913 0.161442786455154 0.13858799636364 -0.156026110053062
-0.107130974531174 0.041628472507 0.0576504096388817 -0.0239280629903078 0.031903151422739 -0.0478021651506424 0.0038467082194984 -0.0619398094713688 0.0102203674614429 0.0293888971209526 -0.0373668372631073 0.0413148552179337 0.064204640686512 0.0382145717740059 -0.0206909272819757 0.0378845073282719 -0.0424688868224621 0.0582518354058266 0.133364453911781 -0.0495909601449966 -999 -999 -999 -999 -999 -999 0.0530769228935242 -0.0476504974067211 0.135739251971245 -0.0286614745855331 -0.0764854773879051 0.0196770876646042 -0.138656497001648 -0.154614880681038 -999 -999 -999 -999 -0.0231207124888897 -0.126522928476334 0.0845802873373032 -0.0440190695226192 0.123348295688629
-0.0111558707430959 -0.0168206170201302 -0.00498654274269938 0.0180649012327194 0.0788403004407883 0.0196999236941338 0.0278417468070984 0.0177619177848101 -0.0120538352057338 -0.0117435716092587 0.0492119193077087 0.0701637789607048 0.0239919740706682 0.00199814490042627 -0.0139076067134738 0.0388663150370121 0.136511772871017 0.0524128675460815 0.126048594713211 -0.0700509920716286 0.486156284809113 0.0525483228266239 -999 -999 -999 -0.260991722345352 0.180987253785133 -0.0747611969709396 -0.112925797700882 0.0577451437711716 0.205454662442207 -0.0480416901409626 -0.105576820671558 -0.0853380784392357 -0.0808831080794334 0.0404863394796848 -0.0558766163885593 0.0286327376961708 0.103504195809364 0.224686488509178 0.0522756986320019 -0.140763342380524 0.0555356256663799
