assets/gome_f/processed/ascii/us/gome_sif_US_20121201.asc
NCOLS 116 
NROWS 53 
XLLCORNER -125 
YLLCORNER 24.5 
CELLSIZE 0.5 
NODATA_value -3.4e+38 
[rows 19 to 37 of 53, columns 43 to 85 of 116]
0.0487280786037445 0.0649987831711769 -0.088847815990448 -0.0109859723597765 0.0730645284056664 0.073560431599617 0.111024469137192 -0.0268693454563618 0.0280229058116674 0.0235538240522146 0.0461650416254997 0.0897811129689217 -0.0150591703131795 0.00842332281172276 -0.00354825588874519 0.0321026816964149 -0.0394133552908897 -0.0997745171189308 -0.00166117399930954 0.0890985801815987 0.0514853224158287 0.0461367927491665 -0.0120559372007847 0.111750818789005 -0.0939251035451889 -0.0269904062151909 0.0148540884256363 0.139191120862961 0.0153564438223839 -0.0117126395925879 -0.0073489947244525 0.000260654313024133 -0.0406010448932648 -0.0132468175143003 -0.130944207310677 0.0389511995017529 0.101815164089203 0.0761228799819946 0.152463853359222 -0.0143661322072148 0.0974412560462952 0.0192360542714596 0.0982630848884583
-0.0230367444455624 0.0169421695172787 0.0259314402937889 0.0419149212539196 0.0186495240777731 0.0409837067127228 0.0724659189581871 0.0357161313295364 -0.0463484823703766 0.105508871376514 0.0344663485884666 0.0518289543688297 0.0339868254959583 0.15094168484211 0.0287359058856964 0.0795405879616737 -0.073835588991642 0.0651732981204987 0.00815151911228895 0.0690206363797188 0.00961202383041382 0.164336919784546 0.0257858727127314 0.0669902339577675 0.090966172516346 -0.0586158707737923 -0.00800588261336088 -0.0966849625110626 0.00804146472364664 -0.027073573321104 0.196209013462067 -0.0176713019609451 0.088458389043808 0.0506689101457596 0.0488275028765202 0.0460374839603901 0.0511902831494808 0.0429383218288422 0.0649518370628357 0.122607417404652 -0.0111604835838079 0.105160407721996 0.0905552878975868
0.000920683145523071 0.0612829811871052 -0.0172130223363638 -0.0369396954774857 0.0502573065459728 0.0247508399188519 -0.0385680757462978 -0.0178782604634762 0.0105218943208456 -0.0157323088496923 0.0758935734629631 -0.0263678878545761 0.0200084280222654 -0.0639039576053619 0.020489513874054 -0.00819421093910933 0.00929363165050745 0.00453642755746841 0.0476128049194813 0.106098428368568 0.0578644797205925 0.0650070905685425 0.331318885087967 0.0181882046163082 0.0588624849915504 0.0505274385213852 -0.0390922278165817 0.00809362065047026 0.00844181422144175 0.0460958294570446 0.047419436275959 0.10484716296196 0.00580374477431178 0.0515707470476627 0.141834482550621 0.145920127630234 0.0802452862262726 0.0110664665699005 0.218325912952423 0.010732389986515 0.0762229338288307 -0.0252477135509253 -0.000422816723585129
0.0426210090517998 0.0190730448812246 -0.0388565361499786 0.110164567828178 0.0117991892620921 0.0631841272115707 0.0437857434153557 -0.0423436239361763 0.059324249625206 -0.0373385325074196 0.0554227270185947 0.0359626226127148 0.0620698481798172 -0.0242534931749105 0.186944350600243 0.0377997867763042 0.0461281053721905 0.134863123297691 0.0769844874739647 -0.0336453728377819 0.119838044047356 0.0894121900200844 0.136945948004723 0.114848382771015 0.0835805386304855 0.0101275118067861 0.0802312046289444 -0.0203495174646378 0.00565557647496462 0.00919670984148979 0.0581180900335312 0.0708959326148033 0.0572962164878845 0.0328993387520313 -0.0305197667330503 0.165122419595718 0.0440724641084671 -0.00158730521798134 0.115421153604984 0.159656539559364 0.0155759090557694 0.0260316077619791 0.0608780793845654
-0.00122517428826541 -0.0465787164866924 0.0483823269605637 0.0573896765708923 0.0376958511769772 0.00587619282305241 0.0623106434941292 -0.0251217875629663 0.0917287394404411 0.0308649223297834 0.090580552816391 0.0309934634715319 0.0938435792922974 0.0175083801150322 -0.00445617362856865 0.0414314568042755 -0.00541885709390044 0.105424351990223 0.0516211502254009 0.0953547284007072 0.0362394079566002 0.0279005263000727 0.0827582404017448 0.0298479385674 -0.0318421758711338 -0.00290196924470365 0.100699909031391 0.0861771702766418 0.00454416731372476 0.0329477936029434 0.0880424454808235 0.0995937436819077 -0.096909761428833 0.0738064870238304 0.110319465398788 0.0822708308696747 0.00987569335848093 0.0149085773155093 0.0375261902809143 0.122315540909767 0.120418280363083 0.038017850369215 0.027228370308876
-0.00428029568865895 -0.00423889886587858 0.0112979598343372 0.0333919897675514 -0.00513346586376429 0.0308476127684116 0.0369140207767487 0.0348092839121819 0.025376345962286 0.107593640685081 0.0798330381512642 0.0457035303115845 0.0454852841794491 0.0132086975499988 0.0632093325257301 0.00993769057095051 0.0919172465801239 0.0494138263165951 -0.0350864231586456 -0.0350307263433933 0.107545256614685 0.0552987530827522 0.0491097010672092 0.0340338200330734 0.0851183831691742 0.0624971203505993 0.133616238832474 0.0914671570062637 0.0375745221972466 0.201743245124817 0.126067116856575 0.0749315395951271 -0.0352287665009499 0.0875718966126442 -0.0457134246826172 0.0510215163230896 0.0945099070668221 0.171538725495338 0.141584649682045 0.16009709239006 -0.0100090634077787 -0.0381800271570683 0.0606857426464558
0.0121961757540703 -0.0158874932676554 0.026966804638505 0.0273231081664562 0.0548968501389027 0.0105694187805057 0.0370801985263824 0.00346325594000518 0.0614233203232288 0.0345139317214489 0.0683507844805717 0.16112869977951 0.0749480053782463 0.124722950160503 0.0116173792630434 0.0534841008484364 0.0793873891234398 0.0979082584381104 0.139924854040146 0.178594648838043 0.145092517137527 0.0514768436551094 0.127337083220482 0.0851527824997902 0.120221734046936 0.144031032919884 0.0561943501234055 0.100757718086243 0.105827368795872 0.107644125819206 0.0514775700867176 0.0893126875162125 0.0344185568392277 0.0867717117071152 0.116813264787197 -0.0723593682050705 0.226245179772377 0.0349272824823856 0.114009991288185 0.121252380311489 0.0471793487668037 0.111097574234009 -0.0397938527166843
-0.0408161580562592 -0.00180289603304118 0.0461120046675205 0.00173946109134704 0.148366823792458 0.0344188250601292 0.0393532328307629 0.069319523870945 0.0766278132796288 0.0809425562620163 0.0568455271422863 0.0592155270278454 0.0470299497246742 -0.0559809468686581 0.0298561230301857 0.094652883708477 0.136424615979195 0.0878826975822449 0.102490626275539 0.056384589523077 0.101203985512257 0.0237217247486115 0.124783933162689 0.0134808998554945 0.135300934314728 0.13880443572998 0.0437166318297386 0.100296594202518 0.105416029691696 -0.0130891855806112 0.0730603262782097 0.0273953136056662 0.0436660312116146 0.0597429424524307 -0.0284378603100777 -0.0041800350882113 0.148942396044731 0.0430723614990711 0.018857030197978 0.0590452775359154 -0.0152501352131367 -0.0156551990658045 0.0437598451972008
0.0158751010894775 0.0278243478387594 0.03316979855299 0.0862460061907768 0.0263244416564703 -0.0228182692080736 0.00775424251332879 0.0832894966006279 0.0600660853087902 0.0644695609807968 0.00112596654798836 0.135831713676453 0.0778366327285767 0.0640643164515495 0.0785282179713249 0.02408117800951 0.0785272866487503 0.124376341700554 0.0955340564250946 0.0560993850231171 0.126909911632538 0.109779126942158 0.0555771514773369 0.0945179313421249 -0.0301343984901905 -0.0167959481477737 0.0843187570571899 0.114277474582195 0.068000353872776 0.113733276724815 0.0847886204719543 -0.015492151491344 0.151605814695358 0.0072165816091001 0.118296891450882 0.0952602550387383 0.170840561389923 0.160579323768616 -0.00415662163868546 0.088072158396244 -0.039884053170681 0.0032135434448719 -0.00298050185665488
-0.022391427308321 -0.00706152990460396 0.0147190904244781 0.0202227048575878 -0.0300551913678646 0.0584459751844406 0.0242827218025923 0.000587033748161048 -0.0157559532672167 0.0447644591331482 0.0135655952617526 0.0895600020885468 0.0691104903817177 0.0906342938542366 -0.0196062475442886 0.0459863767027855 0.0912115573883057 0.114101208746433 0.0464933402836323 0.104512825608253 0.124965749680996 0.169090896844864 0.0249509904533625 0.0715425387024879 -0.078507088124752 0.0350243523716927 0.00279787508770823 0.0815614387392998 0.0609683021903038 0.0220301989465952 0.0240234732627869 0.0343972817063332 0.185358732938766 0.147082477807999 0.0730062425136566 0.0382830873131752 0.0619309544563293 0.0683451518416405 -0.0358962193131447 0.0657145828008652 0.0162321887910366 0.0585163980722427 0.0216628648340702
-0.0226632747799158 0.0417378321290016 0.0826237797737122 0.0446030721068382 0.0134090185165405 0.0125158540904522 0.0308279786258936 0.0864720791578293 -0.028827702626586 0.0304579138755798 0.0573727265000343 0.0706744492053986 0.0871955156326294 0.0311981607228518 0.00613168068230152 0.032587468624115 0.0284596625715494 0.075604684650898 0.093741275370121 0.0819454714655876 0.0524112991988659 0.178917616605759 0.0597970969974995 0.0609672069549561 0.0064427419565618 0.00811543874442577 0.109313271939754 -0.00355493859387934 0.158348724246025 0.0401244014501572 0.101725913584232 0.0970121026039124 0.0403422974050045 0.0435233078896999 0.0275493785738945 -0.0767047554254532 0.0580163933336735 0.103678941726685 0.123071633279324 -0.0108240712434053 0.0619782209396362 0.0278868973255157 0.037256296724081
0.0476779229938984 -0.0382964424788952 0.0326063521206379 0.0950915813446045 0.0246618892997503 0.0480725020170212 0.0329959355294704 0.00832101423293352 0.0263483636081219 0.0726390331983566 0.111913219094276 0.105628415942192 0.126083374023438 0.0781116932630539 0.110534779727459 -0.107214115560055 0.0502324402332306 0.0109147140756249 0.0325704887509346 -0.0125019680708647 0.0756771489977837 0.0626984164118767 0.0299317240715027 0.0709619745612144 0.162800014019012 0.0554594062268734 0.0328992381691933 0.00705486536026001 0.0448868237435818 0.0156945250928402 0.0669242441654205 0.100006759166718 0.0125828012824059 0.0789463594555855 0.0202152337878942 0.0610522888600826 0.0946445167064667 0.120466440916061 0.0161034073680639 -0.0353141538798809 0.083406925201416 0.0195728987455368 0.000315567391226068
-0.0288724731653929 0.10822144895792 0.0390941947698593 0.0517626106739044 0.038500964641571 0.103999368846416 -0.0491403788328171 0.0509158410131931 0.120966270565987 0.0819945260882378 0.133404448628426 0.125468760728836 0.0455663166940212 -0.0263739228248596 0.0603745430707932 0.00554369715973735 0.010106673464179 -0.0112335421144962 0.0632478445768356 0.0648469775915146 0.203552141785622 0.0825225859880447 0.0287527814507484 0.00460853893309832 0.0106792794540524 0.0791219025850296 0.0975163131952286 0.115495659410954 0.0386579148471355 0.0224999599158764 0.0915383249521255 0.132440343499184 0.10211917757988 0.0874707326292992 0.0182786993682384 0.0526807829737663 0.0444156639277935 0.0475491322577 0.059980608522892 -0.102714106440544 0.0249253176152706 0.18962474167347 0.023776687681675
0.0016972174635157 0.0293265096843243 -0.00761748664081097 0.110368251800537 0.0338757708668709 0.0585575625300407 0.0323019176721573 0.0430369824171066 0.0722848251461983 0.0824415534734726 0.0974032655358315 0.0897374078631401 0.0729887261986732 0.0578452758491039 0.029932614415884 0.128851965069771 0.0879703611135483 0.0875843167304993 0.0986301526427269 0.0977335348725319 0.154377728700638 0.086900033056736 0.154822081327438 0.0801328420639038 0.110309600830078 0.0635732933878899 0.0880769342184067 0.141135290265083 0.0435928776860237 0.0625343397259712 0.136824488639832 0.126254022121429 0.239955946803093 0.134162217378616 0.0749663934111595 0.155172690749168 -0.0332864262163639 0.00688272202387452 0.0476982668042183 0.12107115238905 0.0420532710850239 -0.00564726861193776 0.0679182559251785
-0.0252235606312752 -0.0266432128846645 0.0422410145401955 0.0510339252650738 0.136917248368263 0.0295221898704767 0.0694060027599335 -0.0404347367584705 0.115951240062714 0.143447756767273 0.177019953727722 0.0443722531199455 -0.00662332121282816 0.0240820869803429 -0.00739324558526278 0.0875814408063889 0.0354027673602104 0.0526072271168232 -0.064431756734848 0.0374050661921501 0.142644703388214 0.147971093654633 0.0797491371631622 0.00706807384267449 0.0522076524794102 0.204196512699127 0.0828946530818939 0.0498239062726498 0.110149204730988 0.12892359495163 0.140834987163544 0.0793209671974182 0.000386697909561917 0.143334954977036 0.142276480793953 0.0679981783032417 0.0998736768960953 0.0158673673868179 0.0788907259702682 0.152204856276512 0.0580247640609741 0.0878191217780113 0.0335489846765995
0.0276412330567837 -0.0296616200357676 -0.0136512583121657 -0.0319569185376167 0.0263784397393465 -0.0251660533249378 0.0615707859396935 0.106471009552479 0.0856410413980484 0.071534276008606 0.0710969194769859 0.0502680018544197 0.0402644127607346 0.010109138675034 -0.171941041946411 0.0237960107624531 0.0608454756438732 0.111315190792084 0.0589022599160671 0.0568909682333469 0.0806925520300865 0.0472576022148132 0.0731825232505798 0.0732664242386818 0.0722667798399925 0.0504593290388584 0.0460946597158909 0.0814502015709877 0.126051843166351 0.0200217459350824 0.0564353577792645 0.0786972418427467 0.0582315735518932 -0.0593496896326542 0.0677977278828621 -0.0192683264613152 0.051841139793396 0.0763090699911118 0.0626231878995895 0.108297944068909 0.0465912334620953 0.118776105344296 0.192584112286568
-0.0865337997674942 0.0382128730416298 0.0167386457324028 0.065834678709507 0.0158823393285275 0.159271508455276 0.0843939706683159 -0.0129229789599776 0.118028208613396 0.0480397157371044 0.0734924226999283 0.0245242994278669 0.0970834791660309 0.116877548396587 0.0952112749218941 0.0490951165556908 0.0436864793300629 0.0938550159335136 0.0677013471722603 0.0861337706446648 0.164498955011368 -0.0241932794451714 0.097399428486824 0.0387637801468372 -0.072243444621563 0.0988676175475121 0.0372983068227768 0.0960036292672157 0.156054198741913 0.137053474783897 0.0752556696534157 -0.0167334508150816 0.0967841967940331 0.147991091012955 0.0395533107221127 0.100532740354538 0.0330197140574455 -0.0191318672150373 0.143887251615524 0.14008791744709 0.11558324098587 0.0787919834256172 0.117639802396297
0.037411030381918 -0.0341127030551434 0.0483655221760273 -0.0273219048976898 0.0171953029930592 0.104878902435303 0.0214515198022127 0.0836586430668831 0.120202489197254 0.0449318699538708 0.00437647197395563 0.0900022387504578 0.0749069973826408 0.0705395042896271 0.100181110203266 0.0702832043170929 0.0880843102931976 0.147875726222992 0.0642234459519386 0.0707462355494499 0.179620146751404 0.082928866147995 0.100731514394283 0.125102832913399 -0.0182712562382221 -0.0117432568222284 0.0583284012973309 0.0364028923213482 0.0866743922233582 0.0206912755966187 0.143619254231453 0.199147492647171 0.0775481164455414 0.0500402972102165 -0.003017294453457 0.188448682427406 0.095009483397007 0.130742564797401 0.197419986128807 0.0813295021653175 0.0439079850912094 0.0685876756906509 0.0791371837258339
-0.0449014343321323 0.0288960281759501 0.0126093253493309 0.119459375739098 0.0934707596898079 0.140197068452835 0.0570549853146076 0.0897059887647629 0.0886219963431358 0.0321942716836929 0.0860297828912735 0.0379025712609291 0.0598090477287769 0.117770828306675 0.0523921884596348 0.0128256967291236 0.033525213599205 0.0279963482171297 0.129175215959549 0.0484565384685993 0.14982970058918 0.126608282327652 0.0747362896800041 0.0779171511530876 0.0309488028287888 0.0223899278789759 -0.0148944584652781 0.167647048830986 0.176456704735756 0.222141280770302 0.139908790588379 0.137627020478249 0.183543756604195 0.111584648489952 0.186669513583183 0.110170781612396 0.0555346012115479 0.0611261129379272 0.117265999317169 0.0781295597553253 0.0772924795746803 0.154146313667297 0.155667290091515
