assets/gome_f/processed/ascii/us/gome_sif_US_20110601.asc
NCOLS 116 
NROWS 53 
XLLCORNER -125 
YLLCORNER 24.5 
CELLSIZE 0.5 
NODATA_value -3.4e+38 
[rows 0 to 18 of 53, columns 44 to 87 of 116]
0.512483239173889 0.337843716144562 0.52405571937561 0.32296022772789 0.435585528612137 0.530089974403381 0.599995076656342 0.407856374979019 0.486598372459412 0.471176385879517 0.47698986530304 0.33759281039238 0.412182509899139 0.240177765488625 0.411717444658279 0.336193382740021 0.379147738218307 0.289393901824951 0.272252202033997 0.339485287666321 0.27321258187294 0.299322545528412 0.209850490093231 0.375490009784698 0.28156653046608 0.315543413162231 0.237777441740036 0.23158660531044 0.327137261629105 0.315725296735764 0.219553142786026 0.443640798330307 0.275087177753448 0.253820210695267 0.337780237197876 0.308729141950607 0.448191821575165 0.160225316882133 0.368766725063324 0.26031506061554 0.289151012897491 0.282517492771149 0.285964816808701 0.159697443246841
0.422425895929337 0.304860681295395 0.592231035232544 0.389172971248627 0.635296404361725 0.366742551326752 0.397902250289917 0.360723525285721 0.576612710952759 0.42091503739357 0.29846778512001 0.315355032682419 0.387498527765274 0.403991520404816 0.298477351665497 0.443747878074646 0.351797133684158 0.361738562583923 0.368518382310867 0.329605370759964 0.371317535638809 0.382682591676712 0.243361085653305 0.369689732789993 0.377806156873703 0.325883686542511 0.35887199640274 0.132172271609306 0.227957189083099 0.348418533802032 0.391590088605881 0.331704765558243 0.320117175579071 0.245669439435005 0.406507462263107 0.393548429012299 0.520563840866089 0.274014234542847 0.382021874189377 0.322475701570511 0.345237016677856 0.337590456008911 0.398613661527634 0.397976934909821
0.349624007940292 0.469891548156738 0.463281780481339 0.492071956396103 0.4438416659832 0.303834348917007 0.495139956474304 0.264423012733459 0.488791823387146 0.535732269287109 0.364935249090195 0.269073039293289 0.457553178071976 0.535822629928589 0.632570505142212 0.417529940605164 0.381202191114426 0.240161150693893 0.327658385038376 0.485998660326004 0.369458258152008 0.472288012504578 0.3697809278965 0.382038325071335 0.426904320716858 0.364210307598114 0.316655963659286 0.345389991998672 0.294523924589157 0.235075801610947 0.313523471355438 0.403599828481674 0.242136090993881 0.440932720899582 0.463895976543427 0.463306754827499 0.408030778169632 0.661589860916138 0.488988786935806 0.614764213562012 0.459274917840958 0.408566564321518 0.460790008306503 0.435419976711273
0.365202605724335 0.392694473266602 0.421649426221848 0.444683521986008 0.478239059448242 0.525706648826599 0.465217709541321 0.527268409729004 0.439193606376648 0.246154189109802 0.296480238437653 0.345084190368652 0.514041543006897 0.565189599990845 0.685315430164337 0.211960554122925 0.369772642850876 0.436514794826508 0.473315536975861 0.347349643707275 0.493362963199615 0.160059958696365 0.503995954990387 0.400468558073044 0.329477161169052 0.419271200895309 0.526743948459625 0.50533002614975 0.419868469238281 0.27489498257637 0.456982225179672 0.610600471496582 0.395289421081543 0.581825911998749 0.535802125930786 0.528831422328949 0.430979043245316 0.524357318878174 0.351773232221603 0.412418335676193 0.460958421230316 0.357735216617584 0.555360376834869 0.394694149494171
0.42534327507019 0.406514644622803 0.244943901896477 0.575796842575073 0.364600628614426 0.448342621326447 0.531769752502441 0.384247452020645 0.354091346263885 0.375691801309586 0.30089145898819 0.314573287963867 0.443853676319122 0.420996397733688 0.635430753231049 0.47212165594101 0.629447996616364 0.684870958328247 0.641941726207733 0.379186183214188 0.446901172399521 0.385117262601852 0.342449694871902 0.341942578554153 0.506271541118622 0.298714190721512 0.510773479938507 0.461584180593491 0.406918406486511 0.341087162494659 0.113931864500046 0.240927323698997 0.202865883708 0.342532873153687 0.647063016891479 0.54341071844101 0.549058794975281 0.55257660150528 0.249523058533669 0.663136601448059 0.50267767906189 0.591932237148285 0.423409104347229 0.554465770721436
0.381320059299469 0.438636600971222 0.540319383144379 0.450331002473831 0.46330526471138 0.406262755393982 0.472936034202576 0.493857264518738 0.278370529413223 0.27276223897934 0.415295094251633 0.503752171993256 0.495529443025589 0.458892852067947 0.574173808097839 0.548888921737671 0.320606708526611 0.564267456531525 0.54072105884552 0.638630211353302 0.663366258144379 0.693430602550507 0.408350646495819 0.353632986545563 0.355598121881485 0.253901541233063 0.337628394365311 0.359593510627747 0.263150781393051 0.0789674818515778 0.0669520050287247 0.0424912609159946 0.135547608137131 0.159078076481819 0.577984690666199 0.501574277877808 0.408873736858368 0.465329021215439 0.456383347511292 0.493887275457382 0.44699290394783 0.522249281406403 0.279649257659912 0.523455142974854
0.646625638008118 0.566015601158142 0.5494504570961 0.448258429765701 0.488360315561295 0.65849781036377 0.574631869792938 0.605622231960297 0.439995795488358 0.534418940544128 0.403435528278351 0.436862081289291 0.385797649621964 0.49544957280159 0.574041962623596 0.61980539560318 0.72967803478241 0.756930351257324 0.670171320438385 0.677676618099213 0.434598922729492 0.651306331157684 0.638498783111572 0.593432724475861 0.306403577327728 0.358640402555466 0.227918446063995 0.0284675024449825 0.103023514151573 0.138481825590134 0.108646355569363 0.00109585816971958 -0.0662845000624657 0.0220918897539377 0.0362025126814842 0.199900314211845 0.400774151086807 0.599002242088318 0.59927898645401 0.396691828966141 0.494215279817581 0.280367106199265 0.494755119085312 0.468526989221573
0.693551063537598 0.966592371463776 0.77174437046051 0.679679453372955 0.739182472229004 0.663779377937317 0.636539936065674 0.594944715499878 0.414613336324692 0.410867273807526 0.493878930807114 0.301494985818863 0.460055351257324 0.487170398235321 0.589951455593109 0.892090499401093 0.705172479152679 0.860595405101776 0.566900610923767 0.845246195793152 0.6970294713974 0.598511755466461 0.380350589752197 0.347969144582748 0.323230415582657 -0.0133085548877716 0.0330750681459904 0.1031833589077 0.18568229675293 0.263528436422348 0.119440168142319 0.0972303971648216 0.0113860331475735 -0.00150577968452126 0.134858801960945 0.151221245527267 0.295849293470383 0.537183701992035 0.606977820396423 0.624171018600464 0.611625671386719 0.404552936553955 0.471875488758087 0.558059811592102
0.626460433006287 0.615133821964264 0.587629675865173 0.55303943157196 0.759141027927399 0.665668964385986 0.8005610704422 0.481064409017563 0.446291863918304 0.555976033210754 0.283661693334579 0.418775200843811 0.427335172891617 0.384909182786942 0.553623557090759 0.638967335224152 0.653603315353394 0.77854984998703 0.791965067386627 0.877574622631073 0.89079624414444 0.75433337688446 0.66481226682663 0.555955290794373 0.461583733558655 0.420492947101593 0.515376567840576 0.622162044048309 0.607281744480133 0.739019155502319 0.443086415529251 0.29693529009819 0.128506019711494 0.177684858441353 0.151957347989082 0.211526811122894 0.460262507200241 0.637903809547424 0.734993994235992 0.642196118831635 0.523719727993011 0.533333599567413 0.512076616287231 0.342537194490433
0.540525257587433 0.677071988582611 0.60121077299118 0.603255689144135 0.716494023799896 0.602355599403381 0.719981551170349 0.567514777183533 0.483273506164551 0.327597856521606 0.307859420776367 0.161184787750244 0.415603220462799 0.422114104032516 0.501507222652435 0.492439746856689 0.865928649902344 0.778556108474731 0.852435946464539 0.834401726722717 0.925601363182068 0.87516838312149 0.877384662628174 0.805572748184204 0.614085376262665 0.808686852455139 0.651959598064423 0.630037248134613 0.75212424993515 0.838841617107391 0.815053284168243 0.717175900936127 0.884846270084381 0.568308293819427 0.508340001106262 0.541898190975189 0.463314235210419 0.650434374809265 0.377546101808548 0.472161799669266 0.478203892707825 0.358848452568054 0.551070213317871 0.596699357032776
0.620333611965179 0.589742720127106 0.659895479679108 0.621301174163818 0.543384790420532 0.517187118530273 0.688005447387695 0.542632281780243 0.643212139606476 0.409019738435745 0.402314603328705 0.513762533664703 0.3722964823246 0.359798550605774 0.421844691038132 0.489552527666092 0.611850440502167 0.514923989772797 0.746309161186218 0.704330146312714 0.926714301109314 0.945957660675049 0.895221889019012 0.634872019290924 0.874134361743927 0.860257983207703 0.70764547586441 0.773764550685883 0.769391298294067 0.917976021766663 0.842271864414215 0.365092694759369 0.514497220516205 0.163749039173126 0.304021656513214 0.207596510648727 0.452163994312286 0.328070968389511 0.118014380335808 0.0958200320601463 0.194805026054382 0.350447535514832 0.298152953386307 0.0959686562418938
0.492793142795563 0.660394072532654 0.555612862110138 0.582215189933777 0.642141819000244 0.563868820667267 0.577634632587433 0.590762197971344 0.380728244781494 0.497510492801666 0.570032477378845 0.444037258625031 0.360691577196121 0.455788254737854 0.155202254652977 0.329331964254379 0.53400319814682 0.391653627157211 0.742980301380157 0.560244858264923 0.968096256256104 0.670474827289581 0.907074570655823 0.807692170143127 0.961993277072906 0.850959420204163 0.975066959857941 0.861845731735229 0.988104283809662 0.751041233539581 0.685446739196777 0.204962581396103 0.0708057954907417 0.106180377304554 0.178579390048981 0.371408224105835 0.768141806125641 0.947068870067596 0.636630058288574 0.399678319692612 0.068946972489357 0.0252145808190107 0.124239407479763 0.184441417455673
0.566111028194427 0.580722510814667 0.542664527893066 0.612438976764679 0.532054841518402 0.564734280109406 0.543699324131012 0.717214286327362 0.626562833786011 0.54894357919693 0.512383818626404 0.539313018321991 0.318698585033417 0.40379199385643 0.406333893537521 0.223955124616623 0.183358713984489 0.349116265773773 0.408068805932999 0.409923523664474 0.854478657245636 0.766413927078247 0.873536705970764 0.796792507171631 0.824824750423431 0.841080248355865 0.919843673706055 0.725866854190826 0.930122971534729 0.79867947101593 0.608389556407928 0.626940429210663 0.18954773247242 0.191905185580254 0.638394176959991 0.830580174922943 0.769951581954956 0.829594016075134 0.863536834716797 0.463499546051025 0.00834338273853064 0.191833913326263 0.064792163670063 0.395565509796143
0.574146926403046 0.752761125564575 0.637308597564697 0.701815187931061 0.578375518321991 0.498064488172531 0.572729349136353 0.69495677947998 0.686170339584351 0.590642929077148 0.457685589790344 0.4971604347229 0.455528259277344 0.44129666686058 0.216854929924011 0.408856451511383 0.118911549448967 0.511479377746582 0.530799746513367 0.493853688240051 0.647006392478943 0.718450665473938 0.766815364360809 0.74488753080368 1.02327692508698 0.743815541267395 0.673879146575928 0.77528703212738 0.549861967563629 0.4789959192276 0.882678091526031 0.465690106153488 0.233516156673431 0.525253474712372 0.90797746181488 0.927501976490021 0.998245000839233 0.601960122585297 0.70232892036438 0.32703110575676 0.137847483158112 0.185280382633209 0.261871457099915 0.468868017196655
0.485152423381805 0.599645972251892 0.532907366752625 0.50141716003418 0.721903920173645 0.775408148765564 0.625652134418488 0.63209342956543 0.484380036592484 0.647075295448303 0.518743455410004 0.475603938102722 0.561254441738129 0.336500495672226 0.331418067216873 0.295602709054947 0.11217125505209 0.455613106489182 0.458708167076111 0.472240447998047 0.509108424186707 0.694390296936035 0.869157195091248 0.84725159406662 0.785425782203674 0.960329592227936 0.815353572368622 0.709685802459717 0.772029995918274 0.623541116714478 0.913048982620239 0.0403274819254875 0.291727155447006 0.429050773382187 0.723508358001709 0.813195645809174 0.817839980125427 0.816868007183075 0.663890302181244 0.52802836894989 0.574998080730438 0.229178443551064 0.198621794581413 0.749337315559387
0.533434152603149 0.660348236560822 0.452568918466568 0.476798802614212 0.645387232303619 0.633669316768646 0.685254752635956 0.627184271812439 0.601087749004364 0.554037809371948 0.534866333007812 0.420910477638245 0.452664971351624 0.398799389600754 0.519311785697937 0.200626939535141 0.419345766305923 0.408013105392456 0.3389553129673 0.529223501682281 0.631718754768372 0.567481935024261 0.704946935176849 0.829627931118011 0.777834355831146 0.871694564819336 0.683334708213806 0.724857807159424 0.822632551193237 0.674266338348389 0.667346298694611 0.160367101430893 0.189004421234131 0.28032511472702 0.527318298816681 0.801041901111603 0.833624243736267 0.718960702419281 0.749659180641174 0.640423476696014 0.724666833877563 0.404345035552979 0.484607398509979 0.580565392971039
0.498568534851074 0.438227295875549 0.460389584302902 0.431590586900711 0.403401792049408 0.501978039741516 0.610215902328491 0.53417956829071 0.632817447185516 0.516151010990143 0.437176436185837 0.541738748550415 0.376084178686142 0.590124785900116 0.497744679450989 0.310504078865051 0.352574229240417 0.465497225522995 0.239388838410378 0.52907133102417 0.415172696113586 0.481554508209229 0.461932629346848 0.692314505577087 0.813618719577789 0.847759068012238 0.825619280338287 0.755520045757294 0.881699621677399 0.693930089473724 0.334873765707016 0.0831095203757286 -0.0973177254199982 0.0976687297224998 0.56439346075058 0.723747551441193 0.825966536998749 0.796313881874084 0.709330201148987 0.664431095123291 0.690827071666718 0.525419116020203 0.476007014513016 0.37712225317955
0.438147991895676 0.482600480318069 0.49089303612709 0.328345656394958 0.359175771474838 0.444228678941727 0.508521020412445 0.531340956687927 0.615167737007141 0.447609066963196 0.348421603441238 0.604276239871979 0.389526069164276 0.470119386911392 0.629781126976013 0.432360261678696 0.46873876452446 0.409506320953369 0.402391374111176 0.680743992328644 0.419877380132675 0.642013788223267 0.621946334838867 0.863427340984344 0.617512583732605 0.7782062292099 0.518612146377563 0.51098644733429 0.753957390785217 0.668137311935425 0.337167233228683 0.212161496281624 0.232345655560493 0.377781480550766 0.6140056848526 0.771875739097595 0.723301649093628 0.791962146759033 0.704223155975342 0.719314157962799 0.401455700397491 0.196179106831551 0.146663308143616 0.148513659834862
0.45407298207283 0.391448467969894 0.41470193862915 0.317104429006577 0.484600305557251 0.549774169921875 0.55770617723465 0.549479067325592 0.520336270332336 0.4323790371418 0.473829388618469 0.331778436899185 0.464367657899857 0.349536150693893 0.495784282684326 0.598198473453522 0.484541654586792 0.706182062625885 0.556216776371002 0.797805190086365 0.709037899971008 0.531864285469055 0.541885912418365 0.551900684833527 0.583743989467621 0.654119670391083 0.546692788600922 0.608924508094788 0.679138123989105 0.756094753742218 0.429820716381073 0.483535677194595 0.231098085641861 0.668549180030823 0.577195167541504 0.703441977500916 0.667693555355072 0.637332022190094 0.674205303192139 0.424831837415695 0.43029996752739 0.186802238225937 0.149614110589027 0.479156970977783
