assets/gome_f/processed/ascii/us/gome_sif_US_20120901.asc
NCOLS 116 
NROWS 53 
XLLCORNER -125 
YLLCORNER 24.5 
CELLSIZE 0.5 
NODATA_value -3.4e+38 
[rows 0 to 18 of 53, columns 0 to 43 of 116]
0.085473611950874 -0.0684035196900368 -0.0292083490639925 0.176955759525299 0.129033520817757 0.135954543948174 0.141722023487091 0.10218121856451 0.211650401353836 0.129565596580505 0.108611471951008 0.123184457421303 0.185815751552582 0.303690880537033 0.193141385912895 0.196832299232483 0.0151639748364687 0.121826268732548 0.0193066708743572 0.0302257854491472 -0.000403944402933121 0.152836829423904 0.102016128599644 0.165752902626991 0.287836849689484 0.151296049356461 0.0769095048308372 0.114446200430393 0.0011374301975593 -0.022922670468688 0.0449151806533337 0.0725081115961075 0.0147222308441997 0.0317225232720375 0.0154935950413346 0.088653139770031 0.024469057098031 0.00279484642669559 0.0431199967861176 0.0829957500100136 0.119682051241398 0.10965534299612 0.140872523188591 0.128884091973305
0.0911627411842346 0.0849906951189041 0.213906407356262 0.167887300252914 0.0222371108829975 0.217535153031349 0.09908127784729 0.155821591615677 0.140627428889275 0.056624349206686 0.0713543221354485 0.135389804840088 0.130960315465927 0.143297389149666 0.12207617610693 0.196305841207504 0.0757836699485779 0.0778420716524124 0.0576757043600082 0.143131479620934 0.187443107366562 0.212723940610886 0.0333642773330212 0.128109902143478 0.0433219484984875 0.198225498199463 0.106213569641113 0.0856845900416374 0.0921222791075706 0.0144520811736584 0.021177539601922 0.0725681111216545 0.0788985416293144 0.0416660532355309 0.0682099908590317 -0.00247487192973495 0.100329831242561 0.155941739678383 0.100324511528015 0.0996540412306786 0.114132486283779 0.118653297424316 0.101216487586498 0.197604224085808
0.254955232143402 0.0876248180866241 0.0283612795174122 0.108047060668468 0.139188170433044 0.104674778878689 0.292512446641922 0.275503188371658 0.154286801815033 0.22525592148304 0.131254509091377 0.147666662931442 0.165817245841026 0.164039567112923 0.20440511405468 0.218185573816299 0.112169794738293 0.198554083704948 0.221509382128716 0.113699875771999 0.13469523191452 0.157514199614525 0.158365339040756 0.197621926665306 0.102190814912319 0.125190168619156 0.205311074852943 0.0930012762546539 0.057563278824091 0.0594737976789474 0.170171335339546 0.0352716222405434 0.109183095395565 0.0877431333065033 0.0961188524961472 0.0461279340088367 0.067632719874382 0.0861286520957947 0.105449341237545 0.218449130654335 0.172081023454666 0.121440909802914 0.188855469226837 0.0954364836215973
0.200891673564911 0.1588214635849 0.124902509152889 0.0185607876628637 0.0986675545573235 0.229377701878548 0.208831250667572 0.249580681324005 0.194345831871033 0.131502196192741 0.16082601249218 0.132796809077263 0.135522663593292 0.147048473358154 0.148902222514153 0.237590685486794 0.197182804346085 0.185346499085426 0.245308220386505 0.250776886940002 0.168790236115456 0.118056520819664 0.168686956167221 0.0579736493527889 0.0745717957615852 0.126428544521332 0.00652833236381412 0.0309767220169306 0.0361095629632473 0.0218347404152155 0.011988727375865 -0.054813340306282 0.035308476537466 0.112046882510185 0.00569103704765439 0.126626670360565 0.0156503953039646 0.11014848202467 0.0120790405198932 0.113519936800003 0.0663496926426888 0.113504953682423 0.0832973271608353 0.121612153947353
0.183269217610359 0.250525593757629 0.250025182962418 0.0288804899901152 0.109022982418537 0.204902231693268 0.137597292661667 0.15944217145443 0.122013248503208 0.170623824000359 0.102974526584148 0.104188859462738 0.122944265604019 0.181656092405319 0.230625554919243 0.15235447883606 0.254673928022385 0.235841974616051 0.195389732718468 0.240141004323959 0.17792321741581 0.18472808599472 0.0662403777241707 0.10269483178854 0.0954781919717789 -0.0294574815779924 0.0147650949656963 -0.0691380649805069 0.00159124087076634 0.0154129266738892 0.06296207010746 0.00238310103304684 0.0906433239579201 0.107068926095963 0.0390286482870579 0.0794239789247513 0.0939239859580994 0.101510316133499 0.0138248987495899 0.0389083586633205 0.0487223118543625 -0.0195795726031065 0.0542683303356171 0.0832897573709488
0.0801323503255844 0.0468765050172806 0.206813126802444 0.125586837530136 0.164447247982025 0.189607664942741 0.231276422739029 0.225978225469589 0.127450466156006 0.1246253028512 0.126492366194725 0.0770843625068665 0.153648987412453 0.16401132941246 0.152880504727364 0.255782455205917 0.254891037940979 0.214910596609116 0.295990735292435 0.247763901948929 0.186653256416321 0.193088099360466 0.102455288171768 0.155451968312263 0.127895206212997 0.0401845686137676 0.0924978852272034 -0.00268397107720375 0.0466463901102543 0.00413307501003146 0.00627558585256338 0.132245913147926 0.0507047288119793 0.0431309826672077 0.0441589206457138 0.0188126657158136 0.175540298223495 -0.101183772087097 0.0227825175970793 0.0902997106313705 0.0457205884158611 0.118155561387539 0.147253170609474 0.040133859962225
0.0987159833312035 0.140342354774475 0.269381761550903 0.190770968794823 0.239035323262215 0.145969599485397 0.284210920333862 0.159774169325829 0.154979452490807 0.181332722306252 0.0355172380805016 0.0648065730929375 0.137680113315582 0.0437010861933231 0.164946958422661 0.225376322865486 0.294046103954315 0.171912163496017 0.203343912959099 0.216517552733421 0.203939959406853 0.180763110518456 0.0783306062221527 0.0701145306229591 0.0675636678934097 0.0907636433839798 0.018772853538394 0.114119313657284 -0.00345332873985171 -0.0436171144247055 0.0265713185071945 0.0656024590134621 0.103696383535862 -0.00205171899870038 0.0273565705865622 0.0523679256439209 0.0104820700362325 0.0318379662930965 0.135068088769913 0.0387670360505581 0.0490699633955956 0.0258440673351288 -0.00998854544013739 0.0857716798782349
-0.0433862917125225 0.116825066506863 0.313412576913834 0.291288256645203 0.348249673843384 0.188853219151497 0.211182042956352 0.229973033070564 0.187678471207619 0.123620837926865 0.204888060688972 0.111926198005676 0.136706247925758 0.078904926776886 0.0374517403542995 0.151674717664719 0.304679155349731 0.194913774728775 0.245064526796341 0.151111975312233 0.226613447070122 0.157152727246284 0.174681901931763 0.251197278499603 0.113769493997097 0.0284201316535473 -0.0168483257293701 0.101264446973801 0.00374739733524621 0.025164820253849 0.076610691845417 0.102761954069138 -0.0249918010085821 0.0964998826384544 0.0206963401287794 0.0475061908364296 -0.0257199015468359 0.0571149066090584 0.117402866482735 0.103799968957901 0.0514738783240318 0.0336630642414093 0.0932457074522972 0.107538484036922
-0.0307431016117334 0.0971564576029778 0.162895753979683 0.384199261665344 0.310999631881714 0.316055238246918 0.340934157371521 0.181624725461006 0.215457737445831 0.137345373630524 0.148648604750633 0.135808363556862 0.140185594558716 0.0444092303514481 -0.00718790758401155 0.0961049348115921 0.268838912248611 0.240151345729828 0.278012305498123 0.223881259560585 0.237491369247437 0.199681326746941 0.251888304948807 0.139048516750336 0.0900355502963066 0.0299195367842913 0.130101203918457 0.0335509367287159 0.0712708532810211 0.110046409070492 0.0806644335389137 0.110059268772602 0.0347247794270515 0.0546631030738354 0.0115326223894954 -0.00165650353301316 -0.00441799964755774 0.0144121618941426 -0.0112732481211424 0.0454442240297794 0.0510865524411201 0.180796474218369 0.0295152217149734 0.0526330955326557
0.00582996942102909 0.0935457572340965 0.0999035984277725 0.288476884365082 0.23258051276207 0.399838984012604 0.24682343006134 0.274197638034821 0.190192863345146 0.105728670954704 0.195886015892029 0.17933189868927 0.153553515672684 0.133155256509781 0.110586583614349 -0.0301850512623787 0.057436142116785 0.0862790644168854 0.202479287981987 0.198601588606834 0.127827554941177 0.123702123761177 0.182237938046455 0.0405422821640968 0.124004907906055 0.0509795658290386 0.0815539136528969 0.104025334119797 0.0565475970506668 0.0272795371711254 -0.0355713330209255 0.0308612454682589 0.0938112437725067 0.104696951806545 -0.0078854151070118 0.054037444293499 -0.0196876674890518 0.0237004980444908 0.0214819982647896 0.0738431215286255 0.0220936182886362 0.0547825954854488 0.0963193774223328 0.0493217818439007
-0.0144711323082447 0.113438412547112 0.183949038386345 0.376020222902298 0.317207425832748 0.342308402061462 0.24555692076683 0.298610508441925 0.152056813240051 0.109272055327892 0.0851202458143234 0.107677772641182 0.140147551894188 0.104643695056438 0.192313894629478 0.117015317082405 0.0332815423607826 0.122816994786263 0.14839169383049 0.0578641146421432 0.160450994968414 0.0863417163491249 0.10662554949522 0.0683720409870148 0.126162707805634 0.0819320231676102 0.0196490325033665 0.0562724359333515 0.0613761059939861 0.0940776094794273 0.00698868371546268 0.0442003794014454 0.0965868905186653 0.0488420762121677 0.0188413895666599 0.0345749109983444 0.099933385848999 -0.00123464688658714 -0.0690384730696678 0.026733934879303 0.0584291890263557 0.0651467442512512 0.00512541504576802 0.0780438110232353
0.0151517074555159 0.0499408207833767 0.246562927961349 0.285971254110336 0.318965435028076 0.253472298383713 0.284219831228256 0.207309409976006 0.049144983291626 0.0521540641784668 0.0439103022217751 0.061914786696434 0.12541002035141 0.139522656798363 0.190527066588402 0.195832177996635 0.13864840567112 0.0923653393983841 0.167657822370529 0.0175553895533085 0.0497652478516102 0.0625281855463982 0.0876225978136063 0.0815253257751465 0.149009510874748 0.0748773813247681 0.0728031471371651 0.138681769371033 0.101555719971657 0.0387211069464684 0.017406502738595 -0.028229858726263 0.134968504309654 -0.0154517013579607 -0.000381751131499186 0.109606929123402 0.0976042300462723 0.134748890995979 -0.0188308916985989 0.0215812139213085 0.0278200972825289 0.00232145236805081 -0.0368259288370609 0.0214861258864403
0.0382811613380909 0.0307767931371927 0.154383078217506 0.222992226481438 0.316148579120636 0.19284000992775 0.179604113101959 0.101464986801147 0.118714272975922 0.056700062006712 0.0767644494771957 0.0907034873962402 0.110538505017757 0.2144485861063 0.0440258421003819 0.116066254675388 0.133523568511009 0.172720342874527 0.00282945786602795 0.087365135550499 0.0170002672821283 0.116747535765171 0.093903586268425 -0.00349146709777415 0.0883009433746338 0.108233131468296 0.0869346633553505 0.0115467887371778 0.126412078738213 0.0780392438173294 0.0929616838693619 0.0704400092363358 0.0280753467231989 0.0201612859964371 0.148358061909676 0.0699745118618011 0.18037149310112 0.0668921545147896 0.0783633887767792 0.0839494094252586 0.0963573455810547 0.051289614289999 0.152379930019379 -0.0484646148979664
-0.0294485222548246 0.101787388324738 0.205074235796928 0.319407284259796 0.214453414082527 0.23272605240345 0.194477990269661 0.167021602392197 0.0623381994664669 0.0944812968373299 0.0779373645782471 0.177676618099213 0.106165573000908 0.118248403072357 -0.0210496392101049 0.0782713294029236 0.167497098445892 0.067791759967804 0.126209497451782 0.0133197112008929 0.0775163173675537 -0.00305850617587566 -0.0450806133449078 0.0328529514372349 0.125361666083336 0.129029214382172 0.106709189713001 0.0906656160950661 0.0942661762237549 0.0863398090004921 0.0906041860580444 0.0188339948654175 -0.0106414323672652 0.0614692531526089 0.0697946697473526 0.0980217456817627 0.0109328590333462 0.0389184765517712 0.10017728805542 -0.0177751444280148 0.116701319813728 0.0647065341472626 0.124809853732586 0.076454371213913
0.073427826166153 0.113090395927429 0.308999419212341 0.32083734869957 0.330269396305084 0.305343180894852 0.138231933116913 0.100788496434689 -0.0190814323723316 0.0377434901893139 -0.0396547131240368 0.0549076162278652 0.0856877863407135 0.091792568564415 0.0540595203638077 0.0534909255802631 0.196608081459999 0.142703801393509 0.0748201981186867 0.102843433618546 0.0948650017380714 0.157960847020149 0.0422992594540119 0.015196667984128 0.0640404224395752 0.178101554512978 0.149941176176071 0.194713547825813 0.102495744824409 0.0696485266089439 0.0287216026335955 0.0784707888960838 0.0298570543527603 0.05911785364151 0.00478459522128105 0.12427344173193 0.129876464605331 0.0595524832606316 0.0503507442772388 0.0623627752065659 0.0535943731665611 0.0886681079864502 0.167739763855934 0.0566297769546509
-0.0184562560170889 0.0846743136644363 0.309207737445831 0.232448607683182 0.337327063083649 0.221026569604874 0.161400631070137 0.0989255607128143 0.065620094537735 -0.0261087641119957 0.000939546211156994 -0.0232724770903587 0.022484190762043 0.000362964143278077 0.023560369387269 -0.00687300506979227 0.106579028069973 0.0876614078879356 0.0494461618363857 0.134956911206245 0.118098504841328 -0.00241810153238475 0.0791260153055191 0.0606036596000195 0.0718482285737991 0.165918663144112 0.138547644019127 0.192366570234299 0.045763723552227 0.0713283643126488 0.112659819424152 -0.0851343870162964 0.0226386412978172 0.0694164782762527 0.0294120274484158 0.0416598990559578 0.106131434440613 0.0267386436462402 0.037803653627634 0.0248624943196774 0.00647387187927961 0.0394084937870502 0.00559356389567256 0.079904206097126
0.0425544530153275 0.136486873030663 0.320112764835358 0.268179774284363 0.255776196718216 0.260134816169739 0.173036262392998 0.255751758813858 0.0652373656630516 -0.0449569299817085 -0.00383958616293967 -0.0471945852041245 -0.000763899995945394 0.000871946744155139 0.0213167276233435 0.0472881495952606 0.0478579998016357 0.0399996750056744 0.0751541778445244 0.0472146049141884 0.103347189724445 0.245241954922676 0.208608761429787 0.225930765271187 0.00698773004114628 0.162857308983803 0.102584548294544 0.0286150705069304 0.0899207293987274 0.089084081351757 0.15633949637413 0.0487689189612865 -0.0373991206288338 0.0702405422925949 0.0730878710746765 -0.011930400505662 -0.0122690936550498 0.077160082757473 0.0581436529755592 0.0715081468224525 0.0550470016896725 0.113270066678524 0.104836001992226 0.0138279208913445
0.0690217539668083 0.0998025238513947 0.325507342815399 0.310503751039505 0.240428790450096 0.316547811031342 0.162351697683334 0.169123947620392 0.154351875185966 0.050542064011097 -0.0100758289918303 0.0102775311097503 -0.0245595257729292 0.0294302701950073 0.0134590798988938 -0.0470458120107651 0.0661175027489662 0.0379037484526634 0.0821872800588608 -0.0515533834695816 0.0721757039427757 0.114180780947208 -0.0898560360074043 0.116119898855686 0.0114260800182819 0.0974661856889725 0.126677542924881 0.108184792101383 0.0402922257781029 -0.0245961342006922 -0.00309391994960606 0.000350352871464565 0.0792355686426163 -0.043913472443819 0.020257106050849 0.0979054868221283 -0.0443936996161938 -0.0419244579970837 0.046065479516983 0.0301727280020714 0.0459124036133289 0.153541743755341 0.14790004491806 0.0425924099981785
0.0627742409706116 0.15247368812561 0.1772670596838 0.28032585978508 0.199330195784569 0.160153165459633 0.067892886698246 0.0675922110676765 0.0724246874451637 0.0812449008226395 0.0430874824523926 -0.0146287707611918 0.0398910157382488 0.0147236427292228 0.0507354587316513 0.00570815009996295 -0.0614404454827309 -0.0165269039571285 0.0729923695325851 0.0424377843737602 -0.039977315813303 0.0101131433621049 -0.118266507983208 0.0368808843195438 0.0793694630265236 0.16144135594368 0.213063776493073 0.0914386957883835 0.0641408339142799 0.0130278440192342 -0.0363753587007523 0.0727110058069229 -0.0421490110456944 -0.0896564573049545 -0.0438488312065601 -0.0520040579140186 0.00503760343417525 0.00712270429357886 0.000614338438026607 -0.0826419293880463 0.125677272677422 0.094946600496769 0.212057635188103 0.181383341550827
