assets/gome_f/processed/ascii/us/gome_sif_US_20110101.asc
NCOLS 116 
NROWS 53 
XLLCORNER -125 
YLLCORNER 24.5 
CELLSIZE 0.5 
NODATA_value -3.4e+38 
[rows 19 to 37 of 53, columns 43 to 85 of 116]
0.0491578280925751 0.0417278446257114 0.0291444361209869 0.0669594928622246 0.128497645258904 0.123062342405319 -0.0873139128088951 0.141393691301346 0.113281354308128 -999 -999 -999 -0.00266557931900024 -0.255275368690491 -0.0235357172787189 0.146896466612816 -0.0144839230924845 0.0358064249157906 0.0412451773881912 0.151530236005783 0.138612627983093 -0.0567706525325775 -0.0585562512278557 0.00582948420196772 0.0436862334609032 0.0229173265397549 -0.0971544906497002 0.0694011375308037 0.0811100453138351 0.043007854372263 0.0323264002799988 -0.139747306704521 -0.119514465332031 -0.0563552118837833 0.0467265322804451 0.0460895486176014 0.101059712469578 0.0966066345572472 0.197275578975677 -0.0131518999114633 0.0493712946772575 -0.0236275643110275 0.113338328897953
0.0494513921439648 0.0552111603319645 -0.00264763622544706 0.0421675555408001 -0.0378285832703114 -0.0907931476831436 -0.0834131762385368 -0.0659248903393745 -0.164520114660263 -999 0.165041193366051 -0.0828350931406021 0.0465038157999516 0.121588014066219 -999 -0.0408727861940861 0.0835029110312462 0.00881683360785246 -0.0277915354818106 0.13574543595314 0.085956797003746 0.0719210803508759 0.112229883670807 0.00233903666958213 0.0264892634004354 0.127576291561127 -0.166961595416069 -0.167442917823792 0.0225930213928223 -0.0133091630414128 -0.0728566572070122 -0.0701771378517151 0.0326868817210197 0.0663405284285545 -0.167062655091286 0.0162359941750765 0.0637972727417946 0.0761262103915215 0.101436503231525 0.136822700500488 0.107005849480629 -0.000692074943799525 0.0628607571125031
0.010272198356688 -0.00218921271152794 0.00806918833404779 0.0275777764618397 0.0106863677501678 -0.0152820833027363 -0.0516640953719616 -0.0528180114924908 -0.0979776978492737 -0.0196010135114193 0.220243886113167 0.0975821614265442 -0.136190518736839 -0.0261747688055038 -0.133300051093102 -0.144080102443695 0.121165066957474 0.130910351872444 0.14584843814373 0.11149624735117 0.0613996088504791 0.136726707220078 0.114897988736629 0.0648670420050621 0.0726233124732971 0.00426874309778214 -0.0057515325024724 0.0934903621673584 0.0583298839628696 0.141016855835915 0.00348912016488612 -0.134976953268051 -0.130122929811478 0.244915008544922 -0.123103573918343 0.0409273989498615 0.154752984642982 -0.00963764265179634 -0.0433421432971954 -0.00548956030979753 0.054006814956665 0.139764457941055 0.0884197279810905
-0.0468491613864899 0.0540351495146751 0.0854703858494759 0.109580330550671 0.063167966902256 0.0300877392292023 0.0618857890367508 0.0857474878430367 -0.0757537037134171 0.0732325986027718 0.0754581838846207 0.0661806985735893 -0.0121949408203363 0.0925103798508644 0.114538960158825 0.0055550136603415 0.00560279842466116 0.147772610187531 -0.0285782814025879 0.0661658123135567 0.133431032299995 0.0839229822158813 -0.0207114405930042 0.0115507850423455 -0.01377366296947 0.0115721598267555 -0.0344110615551472 0.0606214739382267 0.0168206244707108 0.0731178298592567 -0.102616131305695 0.196939453482628 0.0514190047979355 0.396468967199326 -0.0392804071307182 -0.298291563987732 -0.210818260908127 0.136048316955566 0.179743140935898 0.0266195591539145 0.0146896271035075 -0.110299311578274 0.188698843121529
0.0240580122917891 0.0277149043977261 -0.041535522788763 -0.0651995465159416 0.103690624237061 0.0326933115720749 0.0241683255881071 0.0612250939011574 0.0723146423697472 -0.0755825862288475 -0.054105781018734 0.0387672632932663 -0.071331612765789 -0.00235649012029171 0.020521841943264 0.0775198936462402 -0.116106338799 0.0290443934500217 -0.0108537832275033 0.057983011007309 0.129117697477341 0.142199650406837 0.012657405808568 -0.121044315397739 0.0855569615960121 -0.0390050858259201 0.221576333045959 -0.00231371610425413 0.0715286582708359 -0.0290390588343143 0.0830921456217766 0.0531505905091763 0.0594508051872253 0.0225372835993767 0.0772533863782883 -0.110325694084167 0.0297649223357439 -0.00405598059296608 0.172527000308037 0.0104174483567476 0.0533602312207222 0.0505281686782837 0.135051667690277
0.0179016590118408 0.103454902768135 0.0161281935870647 0.0802764669060707 0.0104808202013373 0.0140799786895514 -0.0320578217506409 -0.000756151217501611 0.00881094951182604 0.0194802582263947 0.0486858338117599 0.00292827934026718 -0.0076713440939784 -0.0331847444176674 -0.0534887947142124 0.12133676558733 0.103074871003628 0.0583437085151672 0.0231847316026688 0.0313455313444138 0.00987054780125618 0.0407753922045231 0.0495608448982239 -0.032469030469656 -0.0869553908705711 0.0592492893338203 0.0363616608083248 0.0296784192323685 0.134968802332878 -0.109187342226505 0.0393866375088692 0.000730916857719421 0.0346359573304653 0.0799035951495171 0.0624331571161747 0.0427100285887718 0.00471621099859476 -0.0425613932311535 -0.0304157100617886 0.0507825277745724 -0.125311240553856 0.0107875028625131 -0.058462280780077
0.04300681874156 0.078476570546627 0.0234607998281717 -0.0177936535328627 -0.0343339331448078 -0.0208996366709471 0.0156720317900181 0.0308810770511627 0.0745237022638321 -0.0549086667597294 -0.0277194622904062 0.105380393564701 0.0664865002036095 0.0497378632426262 0.0526171550154686 0.0703848749399185 0.10780568420887 0.0582826212048531 -0.00583489798009396 0.103038668632507 0.043065033853054 0.0493914298713207 -0.0314729027450085 -0.0163794159889221 0.117775954306126 -0.074503980576992 0.121718622744083 0.00830615498125553 0.0944253727793694 0.0112964110448956 0.190791413187981 -0.0951701626181602 0.110833078622818 0.0298665277659893 0.0592693798243999 -0.0696728900074959 0.0467210821807384 0.0878785848617554 0.202248692512512 0.0202202200889587 0.118112802505493 -0.0601521655917168 -0.0206052474677563
0.0441271848976612 -0.00384441367350519 -0.0162627641111612 0.0551723353564739 0.0233766175806522 -0.0170201137661934 -0.0073908343911171 0.0496272444725037 0.0169623531401157 0.0518090277910233 0.01747652515769 0.00666952272877097 -0.00284627918154001 0.0460456348955631 0.00223760562948883 0.0873938649892807 0.0608427338302135 0.0287975501269102 0.0810274258255959 0.0202938243746758 0.106144540011883 0.111405685544014 0.104788817465305 0.0383584573864937 0.086645670235157 0.0053155105561018 0.0226046554744244 0.0529538691043854 0.098027192056179 0.0785640478134155 0.00544815417379141 0.182027503848076 0.0729560777544975 -0.0796450302004814 0.0599409230053425 0.00392913212999701 0.0679302364587784 0.0219118706882 0.116881750524044 0.175409451127052 -0.0266604162752628 0.0111849932000041 0.120033130049706
-0.00472532398998737 0.0320484265685081 0.0807199701666832 -0.0254970602691174 0.0346275195479393 0.0195353217422962 -0.0327932611107826 0.0454853624105453 -0.00131480186246336 0.0109611013904214 0.110651530325413 0.100343734025955 0.0917457193136215 0.0931757390499115 0.0539621822535992 0.0196848474442959 0.10087401419878 -0.0476568974554539 0.123443998396397 0.130479454994202 0.0570334978401661 0.0324410870671272 0.0668878555297852 0.0482633486390114 -0.00149037921801209 0.0248926393687725 0.0170867536216974 0.00721516739577055 -0.0549095124006271 0.0536815859377384 0.0391914807260036 0.0481249764561653 0.119028434157372 -0.189681231975555 0.127753406763077 0.217064946889877 0.0917188972234726 0.102660849690437 0.173819467425346 0.0340922735631466 0.122761599719524 0.0897799879312515 -0.03490025177598
-0.0458598174154758 0.0485457070171833 -0.00893199164420366 0.0545820482075214 0.0172458216547966 0.0375280119478703 0.0270619634538889 0.0188543777912855 -0.0207337867468596 0.0579063072800636 -0.00340984016656876 0.0852611139416695 0.0807972773909569 -0.0075304452329874 0.123427532613277 -0.00500930612906814 3.15343313559424e-05 0.0789811164140701 0.0856554284691811 0.0561164990067482 -0.0408233143389225 0.0116083389148116 -0.0424410626292229 0.0694226399064064 0.109391793608665 -0.0542753823101521 0.0241049360483885 0.0875756740570068 0.105228431522846 0.115236446261406 -0.00938612502068281 0.0512848570942879 0.0521649159491062 0.0464750751852989 0.0653621926903725 0.0224621016532183 0.0221374183893204 0.0673790350556374 -0.0394598990678787 0.0583641193807125 0.0679939612746239 0.0156711786985397 -0.0947827622294426
-0.0304121822118759 0.0724365338683128 0.00632458552718163 0.0618790946900845 0.0585785917937756 0.0657748728990555 -0.0585055686533451 -0.0264743939042091 0.0914063230156898 0.0223968923091888 0.0750656723976135 0.175757825374603 0.0523424260318279 0.0197914801537991 0.00678135082125664 0.0030576114077121 0.0099200215190649 -0.0696180015802383 0.0765838101506233 -0.0344646386802197 0.0305396057665348 0.104017704725266 0.0480699278414249 0.00485926726832986 0.0453569777309895 -0.0391280837357044 -0.00205647223629057 -0.0445154495537281 0.0285782869905233 -0.0287197139114141 -0.0643866956233978 0.1563800573349 -0.00956098921597004 0.0877766534686089 -0.0282290242612362 0.00639296136796474 0.0282664652913809 -0.0549149960279465 0.132908672094345 0.00179420621134341 0.126680567860603 0.0752271264791489 -0.00770130194723606
0.0202035456895828 0.0102434903383255 0.0131497299298644 0.133280813694 -0.0204764287918806 0.0771475657820702 0.00721686566248536 0.023550009354949 0.0712986662983894 0.0610616952180862 0.13193966448307 0.0342517644166946 0.0724545568227768 0.0590349435806274 0.0304419901221991 -0.018281064927578 0.0430580899119377 0.0819614604115486 0.0633717998862267 0.0303943045437336 0.00574576575309038 0.0595491044223309 0.0512636490166187 0.0139525672420859 0.0936231911182404 0.019079927355051 0.0266521647572517 0.00809183716773987 0.0589253008365631 0.11827377974987 0.0356533713638783 0.0581926181912422 0.0978622585535049 0.0643865168094635 0.0313656330108643 0.0297815259546041 -0.0489775910973549 0.000937653065193444 0.0114181125536561 -0.00653208419680595 0.026470921933651 -0.00715623563155532 0.0159359257668257
0.0266269240528345 0.076776921749115 0.0299002062529325 0.0230597574263811 0.0943823978304863 0.0243106335401535 0.0182888936251402 0.00187058991286904 -0.0115978224202991 0.0915642157196999 0.0878148749470711 0.0652213841676712 0.0386722572147846 0.067341573536396 0.0376840122044086 0.0157139766961336 0.0710947588086128 0.123698018491268 0.108285941183567 0.0705907568335533 0.119262017309666 0.126335963606834 0.000331416726112366 0.0855018123984337 0.0746021345257759 0.0468749813735485 0.0455402210354805 -0.0208392888307571 0.0799584984779358 0.025052260607481 0.00875881966203451 0.0461037382483482 -0.0575572066009045 -0.0325912535190582 0.136446714401245 0.0436118617653847 0.403797030448914 -0.000387415289878845 0.0129192266613245 -0.0581944026052952 0.086930125951767 0.0610250122845173 0.0226792879402637
-0.00320584233850241 0.0370662622153759 0.0733665451407433 0.072486899793148 0.0334334932267666 -0.0218736156821251 -0.0477362163364887 0.0575016885995865 0.0743844285607338 0.121289432048798 0.0994922146201134 0.0101531157270074 0.0337362550199032 0.200335159897804 0.0273035373538733 0.1056894287467 0.0820250138640404 0.106115318834782 0.0957380905747414 0.162436038255692 0.083059050142765 0.13753417134285 -0.0432283878326416 0.0589488931000233 -0.0604042634367943 0.0517714656889439 0.154570981860161 0.0866671577095985 0.084519624710083 0.138482749462128 0.222795948386192 0.0659610703587532 0.00475165992975235 0.0128054386004806 0.0885499715805054 0.0602772273123264 0.0775866881012917 0.125938504934311 0.0675111785531044 0.0294318776577711 0.0137519529089332 0.134707480669022 0.0986842066049576
-0.0395782217383385 0.0441173724830151 0.0968533307313919 0.0854097306728363 0.16861517727375 0.0385716930031776 0.0638021677732468 0.0261277258396149 -0.0117507316172123 -0.0787591487169266 0.0458876676857471 0.0979054123163223 0.0695794597268105 0.113140851259232 0.127080097794533 0.0557955130934715 0.114478960633278 0.184904769062996 -0.0858477801084518 0.08786740899086 0.0975328013300896 0.11323593556881 0.120625622570515 -0.0871185958385468 0.00645415065810084 0.0431725829839706 0.155242189764977 0.0440377257764339 0.0845451354980469 0.102545484900475 0.138117551803589 0.100745223462582 0.0244286600500345 0.0857968851923943 0.0611936934292316 0.12202787399292 0.0971779972314835 0.0155358398333192 0.123190015554428 -0.0128658516332507 0.0814359709620476 0.0664982795715332 0.0779144316911697
0.0814903005957603 0.0217226855456829 -0.0646179094910622 0.022933229804039 0.0208791196346283 0.0913296416401863 0.0758895054459572 -0.140730187296867 -0.0059116818010807 0.0907611846923828 0.123636290431023 0.0585459880530834 -0.00936361029744148 0.117098733782768 -0.01040427852422 0.061203446239233 0.0388704910874367 -0.00595506746321917 0.147116616368294 0.137771919369698 0.080445870757103 0.0417099520564079 0.123103857040405 0.318858295679092 0.0526250302791595 0.0680724829435349 0.075020857155323 0.0472111776471138 0.10969253629446 0.110089465975761 0.117322355508804 0.0309904180467129 0.0888112708926201 0.102913700044155 0.0463066771626472 0.130197703838348 0.0999597981572151 0.0789990052580833 0.0992466732859612 0.0592317767441273 0.0309199001640081 0.0491142980754375 0.0171600356698036
-0.00275597767904401 0.0648299977183342 0.0270866379141808 0.126389637589455 -0.013897342607379 0.0288502722978592 0.021666070446372 0.0700689181685448 0.120239481329918 -0.00289302482269704 0.0896251276135445 0.0859994366765022 -0.0805470943450928 0.0919563174247742 0.0831560418009758 0.0879146531224251 0.0732883587479591 0.0810482054948807 0.0270822569727898 -0.168265417218208 0.0819886922836304 0.0767477005720139 0.0635466873645782 0.128356039524078 0.0522327460348606 0.0977813303470612 0.0851340144872665 0.0370747186243534 0.114845559000969 0.190762206912041 0.0356812253594398 0.073036216199398 0.0902139544487 0.275948584079742 0.0821268707513809 0.192654594779015 0.1261006295681 0.0818703845143318 0.0364158600568771 0.0888727232813835 0.0978156328201294 0.100991107523441 0.156357556581497
0.0220887698233128 0.178366214036942 0.113641567528248 0.0811195224523544 0.0170135162770748 -0.00250048818998039 0.026206174865365 -0.00850790180265903 0.0650162398815155 0.0854089930653572 0.0443950891494751 0.08877944201231 -0.0336645506322384 0.121671281754971 0.0915215611457825 0.154252976179123 0.155020043253899 0.220258325338364 0.0665494650602341 0.159754857420921 0.168056488037109 0.111104249954224 0.258977711200714 0.0586347356438637 0.0204564351588488 0.0737954378128052 0.178985878825188 0.17412057518959 0.153021141886711 0.255829662084579 0.112332440912724 0.11489599943161 0.103972874581814 0.0510407090187073 0.10635232925415 0.0611667931079865 0.0468947067856789 0.0955646485090256 0.142235785722733 0.0918242260813713 0.155724197626114 0.0994877964258194 0.0663643106818199
0.0361504852771759 -0.0234138965606689 0.0689629763364792 0.0111457454040647 0.0963799208402634 0.0875686556100845 -0.0239852238446474 0.0819207429885864 -0.0447614602744579 0.0422654859721661 0.0563024915754795 0.0452826656401157 0.0441971607506275 0.110754363238811 0.0846993029117584 0.141553863883018 0.138864740729332 0.101664759218693 0.0721617117524147 0.123898878693581 0.218501046299934 0.112769238650799 0.0837008953094482 0.150352388620377 0.105952009558678 0.228194549679756 0.17515555024147 0.058845978230238 0.162476181983948 0.0528761744499207 0.141070529818535 0.00412801187485456 0.153746858239174 0.0783613845705986 0.111117511987686 0.061348095536232 0.170179769396782 0.0520525015890598 0.215531900525093 0.130071580410004 0.112307533621788 0.150781318545341 0.0789766609668732
