assets/gome_f/processed/ascii/us/gome_sif_US_20130601.asc
NCOLS 116 
NROWS 53 
XLLCORNER -125 
YLLCORNER 24.5 
CELLSIZE 0.5 
NODATA_value -3.4e+38 
[rows 20 to 39 of 53, columns 43 to 85 of 116]
0.310209602117538 0.294787645339966 0.321277886629105 0.330202639102936 0.486795604228973 0.397751331329346 0.586468935012817 0.544526100158691 0.596533238887787 0.656507730484009 0.505200743675232 0.55459326505661 0.362048625946045 0.528907716274261 0.516495287418365 0.502643167972565 0.48104652762413 0.68243545293808 0.641002535820007 0.783275961875916 0.699598670005798 0.643670260906219 0.564688682556152 0.808228194713593 0.491831928491592 0.41200390458107 0.32145619392395 0.444758534431458 0.473693072795868 0.556332349777222 0.337730288505554 0.422212958335876 0.435567766427994 0.445629596710205 0.49323758482933 0.518202006816864 0.483113676309586 0.584143042564392 0.601375937461853 0.54108852148056 0.544475078582764 0.510565936565399 0.84071946144104
0.350105971097946 0.354350835084915 0.487218260765076 0.348158895969391 0.360671490430832 0.309882998466492 0.419733822345734 0.313903659582138 0.386467725038528 0.40498086810112 0.336671769618988 0.562132120132446 0.548409283161163 0.458438098430634 0.569998800754547 0.465841889381409 0.58261638879776 0.644970655441284 0.469391912221909 0.642076313495636 0.761734247207642 0.650525152683258 0.663294434547424 0.50800096988678 0.449715286493301 0.497226446866989 0.548187077045441 0.518814325332642 0.480620384216309 0.457200616598129 0.316154330968857 0.445410519838333 0.573605895042419 0.517644166946411 0.519365847110748 0.513121247291565 0.479954212903976 0.582595884799957 0.578018009662628 0.449737727642059 0.692061364650726 0.47600856423378 0.627527058124542
0.277403086423874 0.202329710125923 0.120680294930935 0.175179570913315 0.176542460918427 0.202761486172676 0.418669909238815 0.327611774206161 0.431397825479507 0.439413756132126 0.493856608867645 0.327134668827057 0.608970642089844 0.696708023548126 0.577161550521851 0.518497049808502 0.650756061077118 0.636510729789734 0.794005811214447 0.773246765136719 0.479121625423431 0.840900659561157 0.72203266620636 0.587833821773529 0.453711181879044 0.573769092559814 0.475552618503571 0.485933750867844 0.672342658042908 0.297244399785995 0.491394191980362 0.449177891016006 0.700321912765503 0.637990593910217 0.502340853214264 0.634234547615051 0.683794677257538 0.657415986061096 0.533740878105164 0.468542128801346 0.494937688112259 0.79539030790329 0.942398071289062
0.212043955922127 0.24438314139843 0.189741149544716 0.18953737616539 0.284686267375946 0.176774904131889 0.224065035581589 0.308795273303986 0.26154825091362 0.527014791965485 0.343558013439178 0.483667820692062 0.639112174510956 0.614785134792328 0.838710248470306 0.802616775035858 0.66204422712326 0.599169671535492 0.78703248500824 0.659734725952148 0.560436248779297 0.622356712818146 0.811962008476257 0.633598148822784 0.68709009885788 0.37053769826889 0.590548932552338 0.520361304283142 0.448345482349396 0.577594697475433 0.37225079536438 0.460729539394379 0.566505432128906 0.729592859745026 0.8782719373703 0.602812528610229 0.62367582321167 0.729466021060944 0.610779404640198 0.749545216560364 0.716513395309448 0.853685796260834 0.757083475589752
0.124819822609425 0.0225142054259777 0.104105517268181 0.0555755943059921 0.0792780220508575 0.185801312327385 0.279484748840332 0.301455467939377 0.285563200712204 0.436899989843369 0.557629406452179 0.433560162782669 0.628861904144287 0.752109169960022 0.731282651424408 0.745978057384491 0.475007623434067 0.703614771366119 0.703251600265503 0.652852058410645 0.594024956226349 0.684612274169922 0.810048580169678 0.737080335617065 0.609580755233765 0.495807111263275 0.573696374893188 0.479994833469391 0.514694213867188 0.588173806667328 0.492321759462357 0.310798674821854 0.608703196048737 0.826147794723511 0.819705665111542 0.803978443145752 0.802058577537537 0.916218459606171 0.97622674703598 0.727836012840271 0.912054598331451 0.97445011138916 0.867512345314026
0.139003992080688 0.227700561285019 0.073572538793087 0.0336056277155876 0.10831705480814 0.0641448348760605 0.10778421908617 0.204125076532364 0.231385916471481 0.431707739830017 0.436431795358658 0.369073033332825 0.581386506557465 0.619991481304169 0.795705199241638 0.70853865146637 0.491438269615173 0.650575935840607 0.727160155773163 0.777482926845551 0.64408665895462 0.748136937618256 0.800263285636902 0.85861337184906 0.760172724723816 0.736159920692444 0.789549767971039 0.382232666015625 0.540618598461151 0.565168619155884 0.531228601932526 0.547675907611847 0.713017523288727 0.73477691411972 1.01146984100342 0.6791952252388 0.836418747901917 0.89553290605545 1.03663313388824 0.697422504425049 1.09723770618439 0.803159296512604 1.16433703899384
-0.0103655429556966 0.0653240829706192 0.0155793046578765 0.0633954256772995 0.117038816213608 0.189416036009789 0.210021749138832 0.182723835110664 0.319403439760208 0.411459386348724 0.346800684928894 0.431175976991653 0.589122593402863 0.736223876476288 0.715882241725922 0.80625969171524 0.637250304222107 0.68794322013855 0.63408088684082 0.904824376106262 0.803687691688538 0.759129106998444 0.777045369148254 0.798173844814301 0.981480956077576 0.795644700527191 0.720348060131073 0.709907054901123 0.722855508327484 0.752364099025726 0.538410127162933 0.695280849933624 0.721089959144592 0.665300726890564 0.781148850917816 0.569841086864471 0.942290425300598 0.737788617610931 0.972686469554901 0.895004153251648 0.890147089958191 0.94191700220108 0.986086010932922
0.119489870965481 -0.0193649251013994 0.112933859229088 0.219112202525139 0.149196922779083 0.155922025442123 0.283191591501236 0.293717443943024 0.281897574663162 0.38782075047493 0.389961212873459 0.530423283576965 0.398282140493393 0.669061243534088 0.574357807636261 0.743656933307648 0.522109389305115 0.550446271896362 0.718947350978851 0.81247866153717 0.768009901046753 0.759674370288849 0.906286239624023 0.84297102689743 0.87568187713623 0.867926776409149 0.69254857301712 0.697153747081757 0.777031600475311 0.636614799499512 0.619978725910187 0.880222976207733 0.822858154773712 0.777369916439056 0.723739385604858 0.562364220619202 0.881220579147339 0.859947919845581 0.703302800655365 0.966521680355072 0.661173284053802 1.02997767925262 0.828115403652191
0.108580730855465 0.158514201641083 0.112586669623852 0.177343741059303 0.118525870144367 0.25792583823204 0.145090669393539 0.302346169948578 0.264303892850876 0.38928884267807 0.359430640935898 0.459396779537201 0.506348669528961 0.625928699970245 0.611648678779602 0.633805632591248 0.762161433696747 0.697656393051147 0.793065547943115 0.692663550376892 0.762271821498871 0.607036590576172 0.780767858028412 0.807651340961456 0.701210618019104 0.840752124786377 0.574926257133484 0.556058883666992 0.426789999008179 0.524657189846039 0.607449114322662 0.719123065471649 0.838437557220459 0.657477915287018 0.839991092681885 0.698963403701782 0.758715033531189 0.987439632415771 0.872366786003113 0.905334055423737 0.732420444488525 0.897801518440247 0.86899071931839
0.106772765517235 0.155828073620796 0.267033308744431 0.13806813955307 0.191159144043922 0.193004459142685 0.223209083080292 0.301151692867279 0.261820107698441 0.333048820495605 0.419437110424042 0.419152855873108 0.464231908321381 0.630536317825317 0.733242094516754 0.64854371547699 0.771500587463379 0.721836984157562 0.841621816158295 0.647174537181854 0.756123304367065 0.787218391895294 0.705525875091553 0.793372511863708 0.594934105873108 0.564087688922882 0.406004548072815 0.47011524438858 0.614250481128693 0.541788637638092 0.82810240983963 0.647519469261169 0.863865494728088 0.715179979801178 0.687672555446625 0.843911826610565 0.981474161148071 0.821974694728851 0.965491116046906 0.908516407012939 0.667521953582764 0.845212817192078 1.0781683921814
0.0709991380572319 0.134029656648636 0.160926207900047 0.136856481432915 0.152125865221024 0.170879662036896 0.222689256072044 0.358776569366455 0.262626081705093 0.278001725673676 0.372140735387802 0.477381616830826 0.691945910453796 0.593891680240631 0.672215044498444 0.527210712432861 0.739876985549927 0.703410685062408 0.726869821548462 0.912346005439758 0.86345100402832 0.850422561168671 0.559400618076324 0.609144568443298 0.583904147148132 0.430896162986755 0.470972090959549 0.360578864812851 0.518859624862671 0.520595908164978 0.784860968589783 0.748624086380005 0.878343641757965 0.628831148147583 0.586958467960358 0.958334147930145 0.890117704868317 0.81842827796936 0.408418625593185 0.749685525894165 0.915447354316711 0.859582722187042 0.918002188205719
0.201251864433289 0.29308220744133 0.125602513551712 0.206979900598526 0.164918497204781 0.0665818527340889 0.23367603123188 0.123495064675808 0.264357686042786 0.24670398235321 0.415055602788925 0.463863879442215 0.646690785884857 0.618164241313934 0.593475520610809 0.638952434062958 0.57968807220459 0.709624230861664 0.465924471616745 0.616489410400391 0.543217778205872 0.671359837055206 0.407517671585083 0.631494879722595 0.499772787094116 0.467405438423157 0.389295816421509 0.572119057178497 0.67496132850647 0.648704171180725 0.815502285957336 0.935861468315125 0.659805774688721 0.80813205242157 0.822956740856171 0.855624973773956 0.545876920223236 0.804962337017059 0.615551114082336 0.671439826488495 1.0302449464798 0.845907807350159 0.677360057830811
0.0962885096669197 0.106653571128845 0.071621909737587 0.127531096339226 0.102804161608219 0.195121511816978 0.196797519922256 0.129970267415047 0.266801118850708 0.135291114449501 0.416050910949707 0.491107434034348 0.617588460445404 0.625855565071106 0.676184713840485 0.613224267959595 0.581779837608337 0.623578786849976 0.51757276058197 0.603235423564911 0.655052006244659 0.583861470222473 0.549827635288239 0.600753426551819 0.515062212944031 0.556298136711121 0.642457723617554 0.59166020154953 0.685044884681702 0.811529457569122 0.783561289310455 0.798603355884552 0.687832832336426 0.715201735496521 0.525703907012939 0.92605048418045 0.728891968727112 0.598658800125122 0.942591726779938 0.538708865642548 0.86727511882782 0.646705090999603 0.780000150203705
0.126883938908577 0.16586335003376 0.186448216438293 0.196675777435303 0.269873291254044 0.190478205680847 0.219648018479347 0.102042905986309 0.14803358912468 0.329506158828735 0.382633149623871 0.503710865974426 0.560717403888702 0.483817100524902 0.549197614192963 0.661324083805084 0.575323283672333 0.626202642917633 0.622085392475128 0.654321908950806 0.529788315296173 0.570520341396332 0.595605492591858 0.536387741565704 0.542474567890167 0.527123928070068 0.64320033788681 0.833567976951599 0.703728437423706 0.771928608417511 0.765684843063354 0.907612085342407 0.595008552074432 0.790094435214996 0.853099465370178 0.719380497932434 0.704598248004913 0.371717929840088 0.710234105587006 0.528327822685242 0.719634354114532 0.525273263454437 0.602823376655579
-0.0280708894133568 0.0571011416614056 0.0800002440810204 0.0637711510062218 0.14237467944622 0.297095477581024 0.286698311567307 0.224955901503563 0.231489300727844 0.233166933059692 0.329316675662994 0.483991175889969 0.52164489030838 0.501326441764832 0.589077174663544 0.604986011981964 0.567570745944977 0.680266857147217 0.672753214836121 0.67529821395874 0.634388566017151 0.783042907714844 0.64542543888092 0.431683450937271 0.640325427055359 0.585688412189484 0.614347517490387 0.714884698390961 0.689735293388367 0.717508137226105 0.60827910900116 0.745718240737915 0.673910140991211 0.778882741928101 0.639719188213348 0.690394282341003 0.652504801750183 0.685050070285797 0.506762742996216 0.606110036373138 0.60496312379837 0.572271049022675 0.772137343883514
-0.0157329216599464 0.0969125628471375 0.098851777613163 0.158319607377052 0.144479036331177 0.290877312421799 0.17779204249382 0.246628999710083 0.159229159355164 0.333811700344086 0.342861354351044 0.421027004718781 0.402910649776459 0.440995305776596 0.608484625816345 0.482592701911926 0.617340266704559 0.627768814563751 0.556676983833313 0.451384514570236 0.627745866775513 0.738347709178925 0.656546652317047 0.532231032848358 0.635551154613495 0.66879814863205 0.627087116241455 0.751089870929718 0.628902196884155 0.790026783943176 0.649872243404388 0.714662253856659 0.692471325397491 0.294093579053879 0.803105473518372 0.632401049137115 0.740663170814514 0.680006086826324 0.737299263477325 0.686408936977386 0.483993709087372 0.572379291057587 0.598220229148865
-0.0027876568492502 -0.128717303276062 0.0169657357037067 0.0829489082098007 0.133171677589417 0.0846113935112953 0.166487231850624 0.171898305416107 0.177681118249893 0.188312590122223 0.460551500320435 0.35516819357872 0.3521868288517 0.405286878347397 0.553981840610504 0.645613789558411 0.670413434505463 0.541996121406555 0.552921175956726 0.425263792276382 0.505739331245422 0.660993456840515 0.663997709751129 0.654529988765717 0.894160449504852 0.694364607334137 0.605096936225891 0.797667145729065 0.691841721534729 0.854419887065887 0.817839562892914 0.480958789587021 0.802881956100464 0.414049208164215 0.664113402366638 0.663128852844238 0.804985284805298 0.568755567073822 0.861649215221405 0.526057720184326 0.42562797665596 0.630324840545654 0.457992911338806
0.0364154651761055 0.0425271242856979 0.0518063977360725 -0.0248927865177393 -0.0674553588032722 0.215931624174118 0.213942930102348 0.18799889087677 0.386860638856888 0.35722628235817 0.201592832803726 0.332818180322647 0.352943658828735 0.464327037334442 0.444883316755295 0.488124012947083 0.541231513023376 0.485887885093689 0.557369589805603 0.564570546150208 0.470996260643005 0.586136102676392 0.710992515087128 0.726777493953705 0.613635420799255 0.746021330356598 0.602244019508362 0.836195349693298 0.654309153556824 0.545621454715729 0.603159606456757 0.516943156719208 0.652823626995087 0.732788622379303 0.818668127059937 0.565087616443634 0.639542579650879 0.59681761264801 0.371722459793091 0.389687985181808 0.569584846496582 0.619780242443085 0.529164135456085
-0.020744614303112 0.0841000378131866 -0.00136307580396533 0.0295628346502781 0.0821020379662514 0.219528898596764 0.290118247270584 0.225522354245186 0.0442197769880295 0.28172305226326 0.354563891887665 0.326354682445526 0.459001868963242 0.355423301458359 0.450988829135895 0.51019960641861 0.567158937454224 0.6355220079422 0.608668208122253 0.534929513931274 0.632729530334473 0.672322154045105 0.364149212837219 0.701311528682709 0.535695791244507 0.674363970756531 0.605149269104004 0.545725226402283 0.609541177749634 0.602517306804657 0.600314676761627 0.590455591678619 0.569275975227356 0.580109655857086 0.642058789730072 0.47362157702446 0.615611553192139 0.618513762950897 0.532263278961182 0.615420758724213 0.456353932619095 0.360857039690018 0.344488054513931
0.188918992877007 0.0555408522486687 -0.149695232510567 0.0486713014543056 0.258741736412048 0.210661247372627 0.179714769124985 0.239527240395546 0.267337650060654 0.314951181411743 0.293656826019287 0.448533594608307 0.388193607330322 0.386008262634277 0.451189339160919 0.509628474712372 0.637118518352509 0.603314638137817 0.402795881032944 0.578897535800934 0.492583006620407 0.604601562023163 0.503129839897156 0.768661618232727 0.411015421152115 0.426548689603806 0.650799989700317 0.483464807271957 0.588471293449402 0.428696990013123 0.61481761932373 0.438035100698471 0.590966403484344 0.585874617099762 0.254597693681717 0.422282367944717 0.546267986297607 0.612044095993042 0.462498486042023 0.447669595479965 0.480721801519394 0.493304550647736 0.438750892877579
