assets/gome_f/processed/ascii/us/gome_sif_US_20120501.asc
NCOLS 116 
NROWS 53 
XLLCORNER -125 
YLLCORNER 24.5 
CELLSIZE 0.5 
NODATA_value -3.4e+38 
[rows 19 to 37 of 53, columns 0 to 43 of 116]
-0.083187997341156 0.172334775328636 0.333013027906418 0.437496572732925 0.315787017345428 0.384240448474884 0.231307104229927 0.228347346186638 0.197330504655838 0.177306622266769 0.023822657763958 0.0158650856465101 0.02307971380651 0.142841935157776 0.117893181741238 0.0725776553153992 0.183593079447746 0.124673828482628 0.0427720732986927 0.0836711376905441 0.0552612319588661 0.0997207090258598 0.0104746967554092 0.174443989992142 0.145798236131668 0.0820648670196533 0.150069430470467 0.226695626974106 0.145459547638893 0.0618318729102612 -0.0047466098330915 0.178596079349518 0.102478124201298 0.0148702757433057 0.149976417422295 0.0978392213582993 0.214211523532867 0.124527536332607 0.103405192494392 0.147488564252853 0.194674327969551 0.146492198109627 0.250128030776978 0.27041882276535
0.100700363516808 0.249508693814278 0.393020212650299 0.326216667890549 0.395934760570526 0.503024399280548 0.365165799856186 0.229851990938187 0.288200438022614 0.071978323161602 0.0351385734975338 0.0539999306201935 -0.0536587052047253 0.134555622935295 0.0934539139270782 0.180848255753517 0.0918149352073669 0.181667476892471 0.0734125971794128 0.167718067765236 0.063969649374485 0.026584492996335 0.0990792065858841 0.007973812520504 0.250769078731537 0.195267304778099 0.256066292524338 0.166636869311333 0.254995256662369 0.277827173471451 0.196518361568451 0.186600640416145 0.102254144847393 0.0512144900858402 0.212583437561989 0.224944159388542 0.230916157364845 0.155283913016319 0.261527210474014 0.104427374899387 0.323537409305573 0.18035426735878 0.237416699528694 0.276260793209076
-0.0143108209595084 0.0671281740069389 0.453090906143188 0.443569719791412 0.293255031108856 0.335537701845169 0.385903567075729 0.227588728070259 0.249142557382584 0.120346926152706 0.0609961785376072 -0.0264249704778194 0.0487810149788857 0.189178481698036 0.20689757168293 0.195106983184814 0.0594520904123783 0.124698497354984 0.150206729769707 0.0713276192545891 0.096556194126606 0.0418595485389233 -0.0840460136532784 0.0676582157611847 0.0881253927946091 0.133350104093552 0.178932726383209 0.218103498220444 0.152972280979156 0.074753113090992 0.120447285473347 0.109064973890781 0.0652937665581703 0.127729117870331 0.267075270414352 0.305850356817245 0.238372594118118 0.253618597984314 0.154720574617386 0.318885773420334 0.286757081747055 0.340389728546143 0.392515987157822 0.283656299114227
-0.0293239522725344 0.0630656555294991 0.191012874245644 0.434607535600662 0.384998917579651 0.343199819326401 0.433156222105026 0.37361404299736 0.397280365228653 0.230871483683586 0.109189227223396 0.0725118517875671 0.111775472760201 0.0939729511737823 0.0875733122229576 0.0978337302803993 0.0400643274188042 0.0688251778483391 0.17812891304493 0.0843986049294472 0.136259093880653 0.119693011045456 0.10268472880125 0.0759862959384918 0.183090478181839 0.218762844800949 0.180395007133484 0.260318636894226 0.245023280382156 0.118516683578491 0.0961149111390114 0.155012115836143 0.146421119570732 0.218795105814934 0.303091943264008 0.101697266101837 0.312147259712219 0.185837417840958 0.249420046806335 0.219199687242508 0.197363972663879 0.393833369016647 0.363578647375107 0.337641477584839
0.0238878391683102 -0.0642933398485184 0.196317449212074 0.40815606713295 0.471657067537308 0.385578751564026 0.37703400850296 0.404850512742996 0.448753535747528 0.198058485984802 0.183960065245628 0.110757082700729 0.031992819160223 0.0854563862085342 0.0497055575251579 0.0100862570106983 0.0655561834573746 0.0365860871970654 0.182980671525002 0.150114089250565 0.184005886316299 0.0353009775280952 0.100643336772919 0.172800913453102 0.167987704277039 0.218459710478783 0.277442693710327 0.172889724373817 0.177938938140869 0.107048943638802 0.240288883447647 0.155098721385002 0.21674607694149 0.207987233996391 0.165506288409233 0.248150333762169 0.326291114091873 0.187197923660278 0.130702257156372 0.303483814001083 0.193386003375053 0.334779620170593 0.160106107592583 0.364609867334366
0.062112707644701 0.0283997282385826 0.122060164809227 0.292686760425568 0.449387073516846 0.482166320085526 0.441952913999557 0.386190265417099 0.596160531044006 0.351310729980469 0.195304349064827 0.161199495196342 0.00110922427847981 0.0284707751125097 0.0676809772849083 0.0608026795089245 0.0743901282548904 0.0335078425705433 0.230121821165085 0.0075665614567697 0.172751531004906 0.126085475087166 0.125012755393982 0.0574205853044987 0.166045948863029 0.217166513204575 0.258181542158127 0.153491854667664 0.00812613591551781 0.0361219458281994 0.0633479282259941 0.148558646440506 0.298384547233582 0.153006792068481 0.138158157467842 0.245756462216377 0.140967771410942 0.117388427257538 0.179958269000053 0.207650437951088 0.113669924438 0.0936967208981514 0.0987953767180443 0.10285397619009
-0.0417214222252369 -0.000508447468746454 0.07077656686306 0.0129560371860862 0.342643797397614 0.48078465461731 0.496265381574631 0.306759834289551 0.344742149114609 0.487054377794266 0.100731939077377 0.19054639339447 0.151558145880699 -0.00444094790145755 0.0268858410418034 0.207187652587891 0.11449459195137 0.140485018491745 0.0995105877518654 0.127219885587692 0.121819101274014 0.140700146555901 0.103747367858887 0.125245869159698 0.132828921079636 0.156164482235909 0.105336777865887 0.0740835443139076 0.0180857479572296 -0.0562965609133244 0.0464654304087162 0.136282548308372 0.203782066702843 0.171151876449585 0.187504991889 0.23164065182209 0.186624065041542 0.177542269229889 0.209781691431999 0.250928789377213 0.16270324587822 0.16669437289238 0.0587967485189438 0.118301078677177
0.100237846374512 -0.0140225607901812 0.00188795814756304 0.0405029579997063 0.135073319077492 0.200613960623741 0.382763803005219 0.44764044880867 0.386133253574371 0.590613722801208 0.320272892713547 0.119258925318718 0.0761481523513794 0.183141306042671 0.173585191369057 -0.0211627278476954 0.0133086210116744 -0.00229305401444435 0.02619269490242 0.130816131830215 0.0941399708390236 0.0868412107229233 0.188839554786682 0.172421932220459 0.142673432826996 0.155694976449013 0.0897573083639145 0.156540930271149 0.0301118679344654 0.192494422197342 0.161790981888771 0.239047855138779 0.201789334416389 0.282715439796448 0.185933440923691 0.0879016891121864 0.0521698817610741 0.236958131194115 0.221448853611946 0.110922381281853 0.180436462163925 0.167778521776199 0.187397092580795 0.174042955040932
0.0176140908151865 -0.00630560191348195 -0.0303339585661888 0.0953668653964996 0.0865278765559196 0.0803484469652176 0.308192253112793 0.275773644447327 0.314639508724213 0.3423752784729 0.387906581163406 0.310682386159897 0.192516818642616 0.0530876666307449 0.141555055975914 -0.0556954108178616 0.120084784924984 0.0618395432829857 0.13235230743885 0.122905679047108 0.161550223827362 0.100054450333118 0.123876951634884 0.175981491804123 0.0572939366102219 0.186519220471382 0.0846362859010696 0.0838000103831291 0.0861703976988792 0.0710073634982109 0.137793555855751 0.162488788366318 0.135793432593346 0.237116783857346 0.297841459512711 0.177176892757416 0.0604655630886555 0.2140092253685 0.133522436022758 0.117432154715061 0.298445880413055 0.244661375880241 0.199609875679016 0.226342663168907
-0.033730685710907 0.128572031855583 0.0323648825287819 0.0305904746055603 0.0949491560459137 -0.0254358984529972 0.228215098381042 0.251578778028488 0.338208347558975 0.344196945428848 0.416856706142426 0.421075284481049 0.344143778085709 0.0425698757171631 0.156782984733582 0.0110672572627664 0.0428832732141018 0.0332226604223251 0.00779806636273861 -0.0298389885574579 0.0465086102485657 0.149089783430099 0.167376697063446 0.0441267006099224 0.114205002784729 0.0526689551770687 0.0443772375583649 0.0800695195794106 0.0246298778802156 0.0616557225584984 0.107133537530899 0.114736758172512 0.0755673348903656 0.26317486166954 0.0746020451188087 0.21977886557579 0.172267511487007 0.144325524568558 0.154977798461914 0.148740693926811 0.132190123200417 0.163374722003937 0.166256576776505 0.285344332456589
-0.0425662882626057 -0.013387362472713 -0.0381136499345303 -0.0771633163094521 -0.102976769208908 -0.0899722650647163 0.221018642187119 0.309690594673157 0.249945163726807 0.251854360103607 0.443263351917267 0.322666496038437 0.438990145921707 0.183241650462151 0.0388616733253002 0.0759760811924934 0.0635051727294922 0.0840060785412788 0.0614769086241722 0.180335849523544 0.150461867451668 0.0105678532272577 0.0971527472138405 0.147870779037476 0.0516614988446236 0.129132017493248 0.14709959924221 0.0382085070014 0.0624088123440742 0.145385041832924 0.0988614186644554 0.0674612745642662 0.144578456878662 0.104539178311825 0.0890574231743813 0.120957054197788 0.179619401693344 0.0492910631000996 0.241746544837952 0.161024510860443 0.125072374939919 0.0810804963111877 0.14678530395031 0.0921498835086823
-0.0127785904332995 0.0329259783029556 0.100060917437077 -0.0210397187620401 0.0476961731910706 0.00489648571237922 0.0589805655181408 0.154879614710808 0.242598131299019 0.195985600352287 0.224802330136299 0.293221235275269 0.362496823072433 0.245349511504173 0.177501797676086 0.0609622374176979 -0.0741264149546623 0.0679232552647591 0.0795187279582024 0.0216426383703947 0.0917452797293663 0.161139920353889 0.124857880175114 0.162896454334259 0.00697131967172027 0.0832276195287704 0.115400016307831 0.0193352494388819 0.10199761390686 0.121597371995449 0.165767207741737 0.143577381968498 0.0470511130988598 -0.00211462588049471 0.124161116778851 0.143763542175293 0.18329082429409 0.189301937818527 0.181747853755951 0.107904806733131 0.105546645820141 0.103137649595737 0.15665990114212 0.104637458920479
-0.0175764206796885 0.036020390689373 0.175901681184769 -0.0773937106132507 -0.0213624350726604 0.0233275387436152 0.00287587125785649 0.0137354806065559 0.162632152438164 0.215839177370071 0.193594470620155 0.348125487565994 0.257930755615234 0.198253080248833 0.164438411593437 0.161157265305519 0.111333735287189 -0.0159726608544588 0.0660654976963997 0.077229380607605 0.182800203561783 0.12773160636425 0.0449677668511868 0.194037973880768 0.209381833672523 0.0873874127864838 0.159532591700554 0.0860160961747169 0.0181994736194611 0.130885154008865 0.118680968880653 0.0886304005980492 0.111259244382381 0.106337517499924 0.200787708163261 0.172787383198738 0.187103390693665 0.135144889354706 0.135907351970673 0.139713540673256 0.127793729305267 0.123770542442799 0.144848465919495 0.0880939289927483
0.130946636199951 -0.0269424524158239 0.0476547554135323 0.0979443341493607 -0.0702975392341614 0.0196590665727854 0.0690874233841896 0.00972141325473785 0.0771437510848045 0.283058285713196 0.293693631887436 0.24976772069931 0.275396287441254 0.178823739290237 0.196368426084518 0.0205054003745317 0.0475276410579681 0.104946494102478 0.0866175815463066 0.119521781802177 0.10515633970499 0.00972466357052326 0.0527068115770817 0.115853063762188 0.193800047039986 0.178099557757378 0.166895657777786 0.195753306150436 0.0137290796265006 0.0598840080201626 0.0138715775683522 0.170268192887306 0.0953699350357056 0.00175577960908413 0.111810974776745 0.117424093186855 0.102835118770599 0.146799817681313 0.0899662896990776 0.13120636343956 0.0814968049526215 0.0863786637783051 0.156010210514069 0.0671847611665726
0.0683932229876518 -0.0340822450816631 -0.0243911780416965 -0.0197745952755213 0.0408064424991608 -0.248712196946144 0.0151906833052635 0.0028866536449641 0.112087018787861 0.0465200431644917 -0.186764478683472 0.0832822546362877 0.210362389683723 0.322816252708435 0.259460061788559 0.11814646422863 0.150985032320023 0.0196180026978254 0.0692927315831184 0.0123012075200677 0.240841522812843 0.0943605601787567 0.134652346372604 0.161695212125778 0.0425215251743793 0.180774375796318 0.0463899783790112 0.20734915137291 0.35028013586998 0.138056576251984 0.16977870464325 0.0131472386419773 0.074620209634304 0.144205674529076 0.0848460793495178 0.0937086492776871 0.111070677638054 0.0379561893641949 -0.0334718264639378 0.0967593789100647 -0.0148046761751175 0.0951873734593391 0.0135187115520239 0.220216020941734
0.0643051639199257 -0.0756864547729492 0.122567392885685 -0.00670463079586625 0.0150547809898853 -0.0546516217291355 -0.0840777605772018 0.00651387311518192 -0.003823904087767 0.0129446210339665 -0.0111569259315729 0.0102356160059571 0.0402742065489292 0.187487557530403 0.280506134033203 0.266878455877304 0.204221040010452 0.130666732788086 0.0495607294142246 0.018218532204628 0.075401246547699 0.0151200816035271 0.0984681472182274 0.0337082929909229 0.17262265086174 0.180250197649002 0.237752825021744 0.109004758298397 0.251676797866821 0.175606653094292 0.283681064844131 0.0902717858552933 0.123383961617947 0.102712072432041 0.0671539083123207 0.104122549295425 0.0567479282617569 0.0936371684074402 0.172579616308212 0.156112864613533 0.0808845609426498 0.10508231818676 0.136548221111298 0.110267095267773
-0.0200536176562309 0.0888141617178917 0.0208282303065062 0.0451007634401321 0.0574807561933994 0.080410897731781 0.0387768223881721 0.052844375371933 0.0325876474380493 0.086080014705658 0.0609801262617111 0.0585423447191715 0.0590303502976894 0.209631040692329 0.0759557783603668 0.368028432130814 0.245343908667564 0.160706967115402 0.180560722947121 0.249120399355888 -0.0134301157668233 0.0644722133874893 0.136181309819221 0.117604650557041 0.0461930260062218 0.185256496071815 0.170084714889526 0.178050056099892 0.244528815150261 0.0523605234920979 0.204552590847015 0.145245283842087 0.169828042387962 0.203744575381279 -0.0136281028389931 0.0118642495945096 -0.0517200715839863 0.201779514551163 0.138576835393906 0.191176116466522 0.12238696962595 0.121454730629921 0.141735807061195 0.0610988438129425
-0.0891502425074577 0.0755559355020523 3.11132098431699e-05 -0.0461980849504471 0.0273455288261175 0.0649071410298347 0.0440493039786816 0.108577691018581 0.0477359890937805 0.0324211828410625 0.0299038011580706 0.0824712440371513 0.107891783118248 0.132420912384987 0.0926652997732162 0.117680639028549 0.269479632377625 0.0652802512049675 0.110602460801601 0.329848378896713 0.220019340515137 0.186228483915329 0.105608604848385 0.0809583514928818 0.12876832485199 0.237684845924377 0.0284192524850368 0.153686851263046 0.186930760741234 0.139102101325989 0.196549355983734 0.0996126383543015 0.166960090398788 0.153250738978386 0.192626610398293 0.14439545571804 0.0280593559145927 0.0387199968099594 0.179028436541557 0.0500039532780647 0.127617716789246 0.0727761462330818 0.160936892032623 0.158213883638382
0.0597993582487106 0.00324155786074698 0.0696794465184212 0.061402503401041 0.156189128756523 -0.0525803789496422 0.0436510108411312 -0.12602399289608 0.121805667877197 -0.0672117620706558 -0.0869393423199654 0.0841987952589989 -0.0459453575313091 0.0125876162201166 0.129334837198257 0.0638814121484756 0.036088403314352 0.268356829881668 0.113161370158195 0.183714464306831 0.0316461771726608 0.14797455072403 0.121671460568905 0.113212592899799 0.0876591056585312 0.0375450104475021 0.192736625671387 0.0143185053020716 0.286456227302551 0.162476360797882 0.116198278963566 0.0925368219614029 0.0235943272709846 0.129139542579651 0.143607094883919 0.110923834145069 0.236435204744339 0.0681596398353577 0.128965616226196 0.205843329429626 0.161558702588081 0.0417782552540302 0.042470782995224 0.120264664292336
