assets/gome_f/processed/ascii/us/gome_sif_US_20121201.asc
NCOLS 116 
NROWS 53 
XLLCORNER -125 
YLLCORNER 24.5 
CELLSIZE 0.5 
NODATA_value -3.4e+38 
[rows 0 to 18 of 53, columns 0 to 42 of 116]
-999.000000000000000 -999 -999 -999 -999 -999 -999 0.00625321269035339 -0.119860731065273 0.0536995120346546 -0.118275202810764 0.0250099152326584 0.00165956874843687 -999 -999 -999 -999 -999 -999 -999 -999 -999 -999 -999 -999 -999 -999 -999 -999 -999 -999 -999 -999 -999 -999 -999 -999 -999 -999 -999 -999 -999 -999
-0.172937452793121 -999 -999 -999 -999 -999 -999 0.031640537083149 -999 -0.0511666238307953 -999 0.0763968825340271 -0.0779542699456215 -999 -999 -999 -999 -999 -999 0.048812810331583 -999 0.189750865101814 -0.0837684273719788 0.138980910181999 0.0541536211967468 -999 -999 -999 -999 -0.0419023744761944 -999 -999 -999 -999 -999 -999 -999 -999 -999 -999 -999 -999 -999
-999 -999 -999 -999 -999 -999 -999 -999 -999 0.0612776651978493 -999 -999 -999 -999 -999 -999 -999 -999 -999 0.0879791602492332 -999 0.0730132386088371 -0.0371880382299423 0.0300401095300913 -0.0961116701364517 0.0985191464424133 0.0897246897220612 0.166152238845825 0.0180785618722439 -0.170508980751038 0.142218619585037 -999 -999 -999 -999 -999 -999 -999 -999 -999 -999 -999 -999
-999 -0.0525940246880054 -999 0.136068448424339 -0.0384976454079151 -999 0.0719928741455078 -999 -0.0437893010675907 0.0440683625638485 -999 -999 -0.000947194639593363 -0.039322953671217 -0.0154970977455378 -999 -999 -999 0.156540974974632 -999 -999 -999 0.00292248534969985 -0.00206362456083298 -0.230745002627373 0.0246888380497694 0.0330100357532501 -0.00318766385316849 -0.134572356939316 -0.0831135958433151 -0.1306212246418 -999 0.104631416499615 -999 -999 -999 -999 -999 -999 -999 -999 -999 -999
-0.0748045966029167 -999 -0.174300536513329 0.0555856414139271 -999 -999 -0.0962410420179367 -999 -999 -999 -999 0.0400348044931889 0.0483238212764263 0.0510046444833279 0.0834242925047874 -999 0.085689514875412 -999 -999 -999 -999 -999 -999 -999 0.0743111222982407 0.0913375616073608 -0.059845719486475 0.0242903623729944 -0.0125875379890203 0.122294433414936 -0.030657384544611 -0.0383415371179581 0.0513931922614574 -0.0296447891741991 -0.0503663159906864 0.0533348731696606 -0.0681248232722282 -0.124032452702522 0.079569049179554 0.0181823670864105 -0.0648364201188087 0.0183056332170963 -999
-999 0.307042002677917 0.000675983319524676 -0.0591537691652775 0.0379891954362392 -0.0378382839262486 -999 -999 -999 -999 -999 -0.165816754102707 0.0225825533270836 -0.0130881983786821 -0.0108977826312184 -0.0497028678655624 -999 0.123311750590801 -999 -999 -999 -999 -999 -999 -0.144339710474014 0.0290596410632133 0.100034564733505 0.0250887926667929 0.0882229506969452 -0.00140575878322124 0.0302322879433632 0.0563102699816227 -0.0118433209136128 0.121136479079723 -0.0150735955685377 -0.00596670294180512 -0.0651739984750748 -999 -0.0841932967305183 0.159407332539558 -999 -0.103997871279716 -0.0933307483792305
0.0985062420368195 0.0530336834490299 -999 0.0706233084201813 0.0671375170350075 0.102584905922413 0.209746092557907 -999 -999 -999 0.129766717553139 0.0102729899808764 0.0817966386675835 0.0691069886088371 0.0201001036912203 -0.0387427099049091 -999 0.0557292997837067 -999 -999 -999 0.0830886363983154 -999 -999 -999 0.0137206902727485 -0.0882117226719856 0.0492885932326317 0.00755206309258938 0.0773948282003403 -0.124717637896538 0.0843124389648438 -0.0204202551394701 -0.0578271895647049 0.0699935853481293 -0.0843559131026268 0.0104946093633771 -0.0867987275123596 -0.0794192850589752 -999 0.0138275735080242 0.0433844365179539 -0.0166389048099518
-0.102772623300552 0.00973476096987724 -999 0.269503235816956 0.135061219334602 -999 -0.0362744070589542 -999 0.102751336991787 -999 -0.0118623003363609 0.0638308972120285 -0.000475034117698669 -0.113032527267933 0.113359779119492 -999 -0.0105038722977042 -0.0740728005766869 0.0558261014521122 -999 -999 -999 -999 -999 -999 -0.100036822259426 0.0434761978685856 -0.0154753560200334 0.0621536262333393 0.0890233442187309 -0.111695989966393 -0.0879948735237122 0.126314103603363 0.0174176264554262 -0.0047848797403276 0.0146840885281563 0.0466736629605293 0.0762081071734428 0.0165319796651602 -4.61588097095955e-05 0.177427500486374 -0.0770978033542633 0.104298636317253
-0.0104718208312988 -0.0308212228119373 -0.0961805433034897 0.0240982975810766 -0.0520223192870617 0.0618841052055359 -0.00409839581698179 -0.0842935368418694 0.173067003488541 0.195444643497467 -0.0445215553045273 -0.0170618407428265 0.020178347826004 0.165052458643913 0.105159856379032 -999 0.0318099670112133 -999 0.129682034254074 0.0243038740009069 -999 -999 -999 0.127617314457893 -999 -999 0.0148541927337646 -0.140045523643494 0.2891446352005 0.0157582126557827 -0.0436894707381725 0.00738923996686935 -0.0173569396138191 -0.0215249005705118 0.00286399573087692 -0.0527511648833752 -0.0854650512337685 0.0729438588023186 0.0217225197702646 0.0821753814816475 0.0631491094827652 0.0112634571269155 0.0479399263858795
0.0392916090786457 -0.00652329996228218 -0.226923227310181 0.128025189042091 -0.0323225855827332 0.194122388958931 -0.125302374362946 0.117803327739239 -999 -0.0415751934051514 0.0484607219696045 0.132483869791031 0.101658187806606 -0.0268081910908222 0.221753016114235 0.0145914405584335 -0.0436809957027435 -999 -999 -0.108924105763435 -999 -999 -999 -999 -999 -999 0.193475246429443 -999 -999 -999 -0.0568461678922176 -0.0179686211049557 0.103563755750656 0.0155573971569538 -0.0397235900163651 -0.0930129960179329 0.0115132229402661 0.0810293629765511 0.124207451939583 0.0876500383019447 -0.0464484803378582 -0.0436244904994965 -0.0679190084338188
0.0507731400430202 -0.0663213431835175 0.0122564015910029 0.0901083052158356 0.308149427175522 -0.0242986883968115 -999 0.123931236565113 -0.0563673824071884 0.0445411466062069 0.149901434779167 0.0565611384809017 -0.0809449329972267 0.00040240865200758 0.121468789875507 -0.0655589029192924 -999 0.04337402805686 -999 0.167081668972969 -999 0.307222455739975 -999 -999 -999 -999 -999 -999 -999 -999 0.117472857236862 -0.0415894091129303 0.0600620321929455 -0.0220438539981842 0.102642834186554 0.0278266556560993 0.0653388798236847 0.0855324417352676 -0.0752003118395805 0.0943556055426598 -0.0271774083375931 0.0424692779779434 0.0779372453689575
0.000913090072572231 -0.100554965436459 0.0729386061429977 0.210804522037506 0.0686840936541557 0.159454062581062 -0.115236319601536 -0.198881164193153 -0.082487128674984 0.243105843663216 -0.010251596570015 0.0636667087674141 0.121552206575871 0.113301455974579 0.140213847160339 -999 -999 -999 -999 -999 -999 0.0655584186315536 -999 -999 -999 0.201258286833763 0.138045191764832 -999 -999 -999 -999 -0.0143457679077983 -0.0302443224936724 -0.0158193968236446 -0.00455127796158195 -0.258243471384048 0.0695829316973686 0.0366554521024227 -0.00129137374460697 0.038909774273634 -0.0495890602469444 -999 -0.000974279653746635
0.00248679821379483 0.105692446231842 -0.0184438992291689 -0.142180383205414 0.0658983588218689 0.0601917617022991 0.00391843682155013 -0.165899246931076 0.00431083142757416 0.12632842361927 0.0696167349815369 -0.104699164628983 0.143838882446289 -0.106396399438381 0.0653480738401413 -999 -999 -999 0.0836060717701912 -999 -999 0.154596090316772 -999 -999 -999 -999 -999 -999 -999 -999 -999 -999 0.0756127759814262 -0.0586717911064625 -0.0876199156045914 0.24099437892437 0.0281941406428814 0.0280303619801998 -0.0555095560848713 -0.0175539925694466 0.0283343251794577 -999 0.084866926074028
0.0752581879496574 0.0823192000389099 0.0394021831452847 -0.0702014267444611 -0.0623123086988926 0.192608177661896 0.0961308777332306 -0.0229013953357935 0.0968873798847198 -0.116926610469818 -0.0241820514202118 -0.0848583951592445 -0.0343171358108521 0.0144150983542204 -0.0593372583389282 -0.0326861441135406 -0.317978799343109 -999 -0.155253008008003 -999 -999 -999 -999 -999 -0.197743207216263 -999 -999 -0.00230914354324341 -999 -999 -999 -999 -0.00435594003647566 -0.0783739611506462 0.0308664888143539 -0.0920323133468628 0.0532632358372211 0.0291364304721355 0.0633140206336975 0.00344410608522594 -0.0450284034013748 -0.0663258582353592 0.104660771787167
-0.00888478755950928 0.137634038925171 -0.0903868675231934 0.191525459289551 -0.0616126395761967 0.0757945775985718 0.051699623465538 0.12545607984066 0.0921493768692017 0.0209585707634687 0.0334504321217537 0.115227565169334 0.0966392755508423 0.0229530744254589 -0.0864531621336937 0.00949965324252844 0.155227094888687 -0.0328604243695736 -0.0107218567281961 0.0257044080644846 -999 -999 -999 -999 -0.0854309573769569 0.137815788388252 0.0710269212722778 -0.187571689486504 -999 -999 0.0766125023365021 -0.0224722940474749 0.0943121388554573 -0.0637230724096298 0.0401127003133297 0.0196764152497053 0.0926385074853897 0.0216841772198677 -0.0391438603401184 0.0592091605067253 -0.1142872646451 -0.0680861920118332 -0.0181653574109077
0.0436419919133186 0.057607002556324 0.011933890171349 0.12520457804203 0.216753885149956 0.123499870300293 0.0170604530721903 0.0395194999873638 0.115254402160645 0.109037846326828 0.0339937321841717 -0.0366856940090656 0.083638995885849 0.0450448617339134 0.0303480084985495 0.018547285348177 0.00269693299196661 -0.0216713882982731 0.007434974424541 -0.143457055091858 -0.106009982526302 0.00209355843253434 0.0925032049417496 -0.0345610119402409 -0.144198149442673 -0.0695794150233269 -0.0418633185327053 -999 -999 -999 -999 0.157768249511719 0.0296413246542215 0.0192057378590107 -0.00163143605459481 -0.00793314538896084 -0.0433410294353962 0.0241330787539482 0.0217009298503399 0.0432801991701126 0.0992724001407623 0.0166678819805384 0.036267314106226
0.036880973726511 0.0693576857447624 0.0578977316617966 0.122289679944515 0.109611019492149 0.0532463230192661 -0.0316468477249146 0.0685163661837578 0.02026860229671 0.00515410769730806 -0.0180928781628609 0.0535897426307201 0.0322494767606258 -0.0085430983453989 -0.0807795003056526 0.0795329585671425 -0.26240274310112 -0.057510532438755 0.00114088505506516 -0.0119904670864344 -0.0908121317625046 0.106215834617615 0.0415160655975342 -0.067184180021286 -999 0.122381009161472 -999 -999 -999 -999 0.115688040852547 -999 0.0924234315752983 0.0758250504732132 -0.00914503633975983 -0.0568957626819611 0.0069475076161325 0.0203945618122816 0.092020072042942 -0.0030258868355304 -0.00806016381829977 -0.00898261554539204 0.0142608303576708
0.0799303725361824 0.0159910377115011 0.1042415574193 0.14105187356472 0.0137383518740535 0.0833842903375626 0.0519872568547726 -0.0379422903060913 -0.0253151264041662 0.0305011086165905 -0.0992010831832886 0.0166491214185953 0.00641172472387552 -0.0205309893935919 0.0736537650227547 0.0212549678981304 -0.0705883353948593 -0.152871668338776 -0.105186134576797 0.123642146587372 0.0976870059967041 -0.0384834446012974 0.093722477555275 0.0746860504150391 -999 0.0782754719257355 -999 -999 -999 -999 0.31721293926239 0.0481626838445663 0.255087107419968 -0.0231125187128782 -0.000773842737544328 0.0642551332712173 -0.0496787950396538 -0.157089397311211 -0.0498202256858349 0.000862946733832359 -0.0191566590219736 -0.0593020357191563 0.0176778566092253
0.00122943124733865 -0.10363732278347 0.0707867369055748 0.103658102452755 0.0705759897828102 0.0788111537694931 -0.0312437955290079 0.0565025545656681 -0.0531993508338928 0.0414194874465466 -0.135055378079414 -0.0544253811240196 0.105286985635757 0.0217751283198595 0.0850826799869537 0.0430697724223137 -0.145786732435226 0.0142327500507236 0.0181600153446198 0.00252432120032609 0.207509770989418 -0.0715178772807121 -0.0193789806216955 0.0111589897423983 0.0238790791481733 -0.0031335533130914 -0.115911737084389 0.0556826256215572 -0.0657985359430313 -0.0136077702045441 -0.0981825515627861 0.200144663453102 -0.0202644672244787 0.0183621887117624 0.0927670821547508 0.0861915349960327 0.0741307139396667 -0.0292212106287479 0.0992369204759598 0.0402632430195808 -0.0313608944416046 -0.0463804416358471 0.0331720449030399
