assets/gome_f/processed/ascii/us/gome_sif_US_20121001.asc
NCOLS 116 
NROWS 53 
XLLCORNER -125 
YLLCORNER 24.5 
CELLSIZE 0.5 
NODATA_value -3.4e+38 
[rows 0 to 18 of 53, columns 43 to 85 of 116]
0.129563346505165 -0.000860044499859214 -0.0319610498845577 0.0585859790444374 0.0293637551367283 -0.0738671943545341 0.132638603448868 -0.012135817669332 -0.000105907522083726 -0.121912807226181 0.0470653474330902 0.194408267736435 -0.061213843524456 0.001180135528557 0.239372476935387 -0.0432938858866692 0.0231373813003302 0.0461902730166912 0.0677412301301956 0.201028406620026 -0.00880401115864515 0.0746294781565666 0.08786391466856 0.0415006764233112 0.00482776993885636 0.0362937934696674 0.0589608922600746 -0.0911688208580017 0.0537270456552505 -0.0529441051185131 -0.0423625633120537 -0.119195967912674 0.0869363397359848 -0.108627304434776 0.0859581679105759 0.0350004285573959 0.0174942016601562 0.0920681431889534 0.191633611917496 0.0751204937696457 0.00975034758448601 0.0893330201506615 -0.00775185087695718
0.174959525465965 0.0154861956834793 0.114703372120857 0.0280325226485729 -0.0537075251340866 0.054376594722271 0.0346691198647022 -0.0173370316624641 0.0681161731481552 -0.0245040357112885 -0.0883557870984077 0.0103464024141431 0.102915480732918 -0.0252201147377491 0.00331728905439377 0.110961981117725 0.080528125166893 0.195594325661659 -0.02406289242208 0.0176088772714138 0.068481557071209 0.0596550479531288 0.0593428611755371 0.0151494974270463 -0.0564921572804451 0.0124526061117649 0.131739288568497 0.0294079706072807 -0.0211282577365637 0.129357531666756 0.0323085375130177 0.15151347219944 -0.00413026753813028 0.0743276998400688 0.0934772714972496 0.0996748805046082 0.0931848287582397 0.0651137232780457 0.00935152359306812 -0.00382630317471921 -0.0622216612100601 0.141028925776482 0.149049520492554
0.0144047578796744 0.0193602275103331 0.0360406935214996 0.133584216237068 0.0213327426463366 -0.0210179630666971 0.114849552512169 0.0118511095643044 -0.0172589998692274 0.00141969963442534 -0.244800060987473 0.0275332909077406 -0.0882430672645569 0.0334009192883968 0.0300284661352634 0.223798990249634 -0.0361287146806717 -0.0495868436992168 -0.00728710414841771 0.0793607383966446 0.0646779388189316 0.0157285965979099 0.0579112619161606 0.0509756952524185 0.059361319988966 0.105415172874928 0.0191380139440298 0.0617043264210224 -0.000451565254479647 0.0775107219815254 -0.0276038516312838 0.102429069578648 0.0445707328617573 0.0955890119075775 0.0933964923024178 0.193131387233734 0.110937215387821 0.0739944279193878 0.112970307469368 0.178423896431923 -0.00353466905653477 -0.0435880459845066 0.0979443937540054
-0.0139827197417617 0.0417229197919369 0.0206974018365145 0.0715746954083443 0.0295740962028503 0.0271579418331385 -0.0655385255813599 -0.0119268344715238 0.0554247722029686 -0.0150991315022111 -0.111558265984058 0.0568148866295815 0.0592057555913925 -0.0948436111211777 0.0199708044528961 0.0504909716546535 0.0730210915207863 0.00513591524213552 0.0553831718862057 0.0863413214683533 0.0272031873464584 0.109341725707054 0.107108972966671 0.115240536630154 -0.023221418261528 -0.0155663369223475 -0.00390680367127061 0.0519132055342197 0.0357047989964485 0.142848432064056 -0.00354615109972656 0.0590684078633785 0.0384106822311878 0.0429991893470287 0.0883645862340927 0.0398993864655495 0.0570767968893051 0.0250811148434877 0.0438799001276493 0.0275818556547165 0.12396552413702 0.0330953449010849 0.129967883229256
0.105295278131962 -0.00232988107018173 0.0400402769446373 0.0127412090077996 0.0313426330685616 0.108514629304409 -0.0601398050785065 0.0502501502633095 0.0645428523421288 0.0342591889202595 0.0428770706057549 0.0422126278281212 0.0853570848703384 -0.036742277443409 0.0668963864445686 0.0333822295069695 0.111447691917419 -0.0522427447140217 0.0467618405818939 0.121585629880428 0.0913866981863976 0.121875487267971 -0.0416856780648232 0.0268634427338839 0.132311388850212 -0.0629459396004677 0.0271961744874716 0.0193794816732407 0.0539338998496532 0.0596148855984211 -0.100425072014332 -0.0271885618567467 -0.0380506440997124 -0.00354818347841501 0.0861012190580368 0.139046803116798 0.0793645083904266 -0.126490518450737 0.0736686065793037 0.078799694776535 0.0327561572194099 0.0403475202620029 0.0460658147931099
-0.0560505390167236 -0.0236156396567822 0.0497713387012482 -0.0666135475039482 0.0588860474526882 0.0864271149039268 0.0665273368358612 0.123698256909847 0.0664142668247223 -0.00974054541438818 -0.105801276862621 0.064010925590992 0.0482537560164928 -0.00119798199739307 0.176485508680344 -0.00324505195021629 0.1082509085536 0.063872829079628 0.0448374152183533 0.0542226210236549 0.0481776930391788 0.0472686924040318 0.0324112921953201 0.188944160938263 0.000544026494026184 0.156409949064255 -0.0198415871709585 0.052870899438858 0.0580337047576904 0.00313291954807937 0.0147916050627828 0.019189465790987 0.0351591967046261 0.0538272969424725 0.0108448825776577 0.171505078673363 0.10991794615984 0.172883927822113 0.0617826543748379 0.064773790538311 0.0790648311376572 0.0132024437189102 0.130504757165909
0.0620211735367775 -0.0301187392324209 -0.0578367598354816 -0.00818747095763683 0.062056053429842 0.153216421604156 0.0258219093084335 0.033635925501585 0.0666967928409576 -0.108000248670578 0.0915394425392151 0.10688703507185 0.133092865347862 -0.0729185566306114 -0.0399581827223301 0.0844177752733231 0.0533740855753422 -0.0389403030276299 0.105552554130554 -0.047665186226368 -0.0190593414008617 0.106121636927128 0.209408357739449 0.0236402209848166 0.0810404345393181 0.0849330425262451 -0.055081944912672 0.0367228910326958 -0.0662708356976509 0.067683145403862 -0.0430044792592525 -0.0804949551820755 0.0809330716729164 -0.00423321779817343 -0.11527906358242 0.0825294330716133 -0.0271646715700626 0.00605362374335527 -0.0441116169095039 0.0564274005591869 0.0705630332231522 0.120080500841141 0.128454372286797
-0.0258408077061176 0.0607166513800621 -0.0939847677946091 0.128401264548302 0.0386232174932957 -0.0264907591044903 0.00251049967482686 0.0204114895313978 0.08377306163311 0.0132820913568139 0.0264336038380861 -0.00420444086194038 0.0636077895760536 0.0159646086394787 0.0398103445768356 0.0392222478985786 -0.0258948691189289 0.0973660424351692 0.0534514859318733 0.0417539477348328 0.0705887600779533 0.061622466892004 -0.0204387232661247 0.0172798614948988 0.0485591441392899 0.088215209543705 0.139763250946999 0.0565668791532516 -0.00345542142167687 0.0370807275176048 -0.0824658647179604 -0.00501941423863173 -0.0203149355947971 -0.05251195281744 -0.0228824410587549 -0.0594892948865891 0.0935543701052666 0.0279266964644194 -0.0440316013991833 0.116075105965137 -0.0104818381369114 0.208229660987854 0.0701945051550865
-0.0351897999644279 0.0336294285953045 0.0544357635080814 -0.0268102772533894 0.113286070525646 0.057293813675642 0.0391886346042156 0.0265388693660498 -0.0280974302440882 0.0881031304597855 0.113362804055214 0.0935312956571579 0.0969570428133011 0.0467307902872562 -0.0239207167178392 0.0797149464488029 0.0498928390443325 0.0547303259372711 0.0859164446592331 0.0328285656869411 0.0851333066821098 0.0824419036507607 0.0688327178359032 0.00280061829835176 0.133007556200027 0.107063621282578 0.0576462410390377 -0.0288780704140663 0.106144860386848 0.0311908461153507 0.0756343677639961 0.131885886192322 0.0524222180247307 0.117352016270161 0.00211089267395437 0.0374434553086758 0.10699900239706 0.0549244731664658 0.0229346640408039 0.102773196995258 0.0337537527084351 0.144560694694519 0.060046162456274
0.120854072272778 0.043033879250288 0.0590032637119293 -0.00847459398210049 -0.0206342432647943 0.0366163030266762 0.0492512844502926 -0.0779337286949158 0.0354897566139698 0.0617113150656223 0.0197537709027529 -0.0316105745732784 0.144465714693069 0.152887925505638 -0.043454896658659 0.0260529574006796 0.0791539773344994 0.246696785092354 0.0315638370811939 0.112905994057655 0.0550655610859394 -0.042990505695343 0.01616320759058 0.055211465805769 0.0660401359200478 0.00506113516166806 0.0713021457195282 -0.02867167070508 0.0969332605600357 -0.0608783848583698 0.139720290899277 0.0235535800457001 0.0872733443975449 0.103325434029102 0.107933089137077 0.0353287346661091 0.113204143941402 0.124702975153923 0.05448954179883 0.0406242534518242 0.0661436542868614 -0.0660809352993965 0.113147750496864
0.0477431565523148 -0.0406310632824898 0.0597823038697243 -0.00127921695820987 0.0842166468501091 0.0598298572003841 0.0282050166279078 -0.0380012094974518 0.042002972215414 0.144858196377754 0.110595643520355 0.0251130536198616 0.0867561027407646 0.0373590104281902 -0.0248943250626326 -0.0471793301403522 -0.112314932048321 0.0282139964401722 0.0623000413179398 0.0363935902714729 0.212925910949707 -0.00632153451442719 0.177959263324738 0.118488676846027 0.117746412754059 0.0574176236987114 0.0562917850911617 0.0873629152774811 0.12058275192976 0.291101545095444 0.0718336626887321 0.106116726994514 0.0636607334017754 0.0412952974438667 0.123912647366524 0.0288495626300573 -0.0299817714840174 0.06704331189394 0.113538451492786 0.139064818620682 -0.00531499460339546 0.0226558819413185 0.0596572645008564
-0.00403444794937968 0.0605379454791546 -0.018397169187665 0.00666865753009915 0.0576335340738297 0.035937674343586 -0.0386291183531284 0.0971887782216072 -0.0170512069016695 0.0707328170537949 0.0710015892982483 0.00765653746202588 0.052516907453537 0.0842997133731842 -0.00534913036972284 0.0933868736028671 0.0323851443827152 -0.0210548490285873 0.022074107080698 0.050454780459404 0.153846725821495 0.100701004266739 0.110104747116566 0.092413492500782 0.0535262227058411 0.060203529894352 0.0902612954378128 0.0955760255455971 0.10202119499445 0.0168668963015079 0.0961263999342918 0.123140782117844 -0.0155714899301529 -0.0134686939418316 0.0442145094275475 0.0281084254384041 0.0738126635551453 0.193660125136375 0.191395148634911 0.105876624584198 0.116947144269943 -0.0684159472584724 -0.0331369452178478
0.0440233275294304 -0.0592566840350628 0.000221526875975542 0.082698792219162 0.0361075773835182 0.0624388121068478 0.0230158157646656 0.00909624714404345 0.0510950013995171 -0.0548527166247368 0.0760389491915703 0.119033575057983 0.0969169959425926 0.117873758077621 0.0828693136572838 0.0897600874304771 0.142754569649696 -0.0189615190029144 0.100347258150578 0.120380640029907 0.0320647619664669 0.127626270055771 0.0671786591410637 0.1066058203578 0.152394145727158 -0.0175673812627792 0.0826048851013184 0.0947090163826942 0.148651212453842 0.135374739766121 0.195446819067001 0.177633032202721 0.0461090430617332 -0.0269066654145718 -0.00458800839260221 0.127730414271355 0.092692643404007 0.125808402895927 0.0184132549911737 0.0811555758118629 0.140007242560387 -0.0737303495407104 0.00154152512550354
0.0720712840557098 -0.000306396803352982 0.0791941657662392 0.0210821144282818 -0.0262917540967464 0.0350053273141384 0.0389797948300838 0.0569526292383671 -0.0461287163197994 0.0271226055920124 0.0319961346685886 0.0469578951597214 0.0656883269548416 0.180790483951569 -0.022653779014945 0.0766262859106064 0.0183765050023794 0.105112254619598 0.15958097577095 0.00520452484488487 0.0885643139481544 0.286650121212006 0.126282513141632 0.121109247207642 0.178498730063438 0.057939562946558 0.12120646238327 0.113131582736969 0.087743267416954 0.0626024678349495 0.105071060359478 0.137401163578033 0.111567690968513 0.115628495812416 -0.021926699206233 0.0934757888317108 0.190331339836121 0.138899445533752 0.0167676415294409 0.121260330080986 0.181282460689545 0.0505647212266922 -0.0264942217618227
0.0464252978563309 -0.0202658362686634 0.0830490663647652 0.0656222254037857 0.0288003087043762 -0.0144320381805301 0.00626547075808048 0.0223655141890049 0.0914064571261406 0.00469323573634028 0.0708189383149147 0.0599682033061981 0.103856168687344 0.0309980809688568 -0.0105256997048855 0.0915633291006088 0.0703663676977158 -0.017179636284709 0.00166755088139325 0.0533709190785885 -0.00697661796584725 0.144523486495018 0.0752600356936455 0.127082079648972 0.112168550491333 0.161354437470436 0.0720576718449593 0.166888192296028 0.0918351709842682 0.0813712850213051 0.089193306863308 0.126144349575043 0.0443125478923321 -0.0535577721893787 4.94352789246477e-05 0.0962448418140411 0.158384367823601 0.174073681235313 0.11088640242815 0.132948383688927 0.0481946431100368 0.0467750281095505 -0.0533251240849495
0.0014999225968495 0.0126049052923918 -0.0326336286962032 -0.00701114069670439 -0.0765235349535942 0.0265126749873161 -0.0105045046657324 0.0265395771712065 0.0167385544627905 0.0286153983324766 0.0366523563861847 0.0159748755395412 0.0425329953432083 0.0210392717272043 0.118913315236568 -0.0156239597126842 0.0187942944467068 0.075823999941349 0.0743287727236748 0.014513966627419 0.0102812452241778 -0.0175547394901514 0.130863443017006 0.151819452643394 0.182910233736038 0.148602768778801 0.0522452294826508 0.20552596449852 0.00307642086409032 0.129286453127861 0.172336384654045 0.123227715492249 0.0177169255912304 0.0240043085068464 0.0469000935554504 0.059420321136713 0.102477841079235 0.112829975783825 0.153015643358231 0.206986591219902 0.191331252455711 0.226307705044746 -0.027646841481328
0.0262154340744019 -0.0127276685088873 0.015521845780313 0.0401224307715893 -0.00576726440340281 0.0334575660526752 0.141155406832695 0.0143441008403897 0.0413981676101685 0.0311168506741524 0.0159765519201756 0.0990396291017532 0.0778236538171768 0.0224238727241755 0.0323765128850937 0.0583536736667156 0.00684783793985844 0.066412627696991 0.066338025033474 0.0916636064648628 -0.0284193493425846 0.0637834891676903 0.0558125227689743 0.0787297412753105 0.101927861571312 0.161252066493034 0.112526915967464 0.132496491074562 0.208844855427742 0.137796193361282 0.135768637061119 0.0117931477725506 -0.0235393177717924 -0.00205408246256411 0.0143770687282085 0.0775410756468773 0.0618492476642132 0.0972267240285873 0.099871851503849 0.136128544807434 0.137324616312981 0.248410746455193 0.0360059514641762
-0.005660948343575 -0.00643444946035743 -0.0414249487221241 0.0890225619077682 0.0422918796539307 -0.00996894482523203 0.0527377538383007 -0.0022559657227248 0.0457106456160545 0.0115456795319915 0.0132160698994994 0.113353036344051 0.0318520218133926 0.00248426548205316 0.0166815519332886 0.0376999787986279 0.00827750470489264 0.0298055708408356 -0.0626565888524055 0.105480775237083 0.0571422390639782 0.136850461363792 0.0176020488142967 0.0425832569599152 0.140043959021568 0.0703708231449127 0.138499289751053 0.109254717826843 0.142322689294815 0.0306388773024082 0.215162098407745 -0.0291894730180502 0.0678089559078217 0.00581360049545765 0.0819669887423515 0.0708734318614006 0.17315337061882 0.240584477782249 0.251384109258652 0.107213698327541 0.106366366147995 0.127555042505264 -0.000834479928016663
0.0582465156912804 0.0858168751001358 0.0503576286137104 0.0961257293820381 0.0137925297021866 -0.0307380482554436 0.106842018663883 0.0216432083398104 0.0307403560727835 0.0287436451762915 0.0563081242144108 0.107337437570095 0.159025847911835 0.147834718227386 0.0218924600630999 0.00726709328591824 0.0613664388656616 0.0633106455206871 0.102594196796417 0.129133507609367 0.0254548750817776 0.176400810480118 0.0916105657815933 0.155680418014526 0.106475912034512 0.0924023911356926 0.128424227237701 0.0889158546924591 0.116994813084602 0.0758558735251427 0.119933322072029 0.143809571862221 0.0760468617081642 0.00628649909049273 0.119278512895107 0.134894236922264 0.0980058610439301 0.122205764055252 0.244946613907814 0.137990966439247 0.192395582795143 0.0121742207556963 0.0163869187235832
