assets/gome_f/processed/ascii/us/gome_sif_US_20120601.asc
NCOLS 116 
NROWS 53 
XLLCORNER -125 
YLLCORNER 24.5 
CELLSIZE 0.5 
NODATA_value -3.4e+38 
[rows 19 to 37 of 53, columns 0 to 43 of 116]
0.0787990987300873 0.126754432916641 0.585980772972107 0.559611022472382 0.395947515964508 0.365387588739395 0.347942590713501 0.276187479496002 0.163042619824409 0.207270264625549 0.0873033851385117 0.00051639077719301 0.150714248418808 0.129217132925987 0.0378976427018642 0.211473762989044 0.142535194754601 0.138119146227837 0.134670272469521 0.0362669415771961 0.113408759236336 0.152844175696373 -0.0411045290529728 0.13991367816925 0.228839486837387 0.147899150848389 0.406560897827148 0.361982852220535 0.192516297101974 0.0150458998978138 0.0558119863271713 0.0815508738160133 0.0740924999117851 0.0576532334089279 0.171011492609978 0.314235866069794 0.237441748380661 0.140559107065201 0.198217868804932 0.100339151918888 0.200672224164009 0.216427400708199 0.174548834562302 0.229103595018387
0.0161448642611504 0.193281963467598 0.460937350988388 0.54534524679184 0.435188919305801 0.545159935951233 0.42723822593689 0.360740303993225 0.264726579189301 0.212062627077103 0.0297537855803967 0.123022489249706 -0.111952766776085 0.0120111349970102 0.0801907405257225 0.083981841802597 0.101589046418667 0.0883837565779686 0.0746986642479897 0.183691918849945 -0.0373756922781467 0.0696767792105675 0.0213838052004576 0.108572244644165 0.267423063516617 0.253757178783417 0.446932703256607 0.494756251573563 0.242567822337151 0.314349949359894 0.197020545601845 0.0968336388468742 -0.0135553805157542 0.0675153657793999 0.171996220946312 0.337442606687546 0.3698710501194 0.352103143930435 0.160499796271324 0.360345929861069 0.300859451293945 0.160261824727058 0.0904685407876968 0.184128254652023
0.0672171860933304 0.306927114725113 0.540442407131195 0.510922849178314 0.346311748027802 0.329753816127777 0.395344138145447 0.368708848953247 0.411379158496857 0.199583038687706 0.10471898317337 0.00804249104112387 -0.0661073848605156 0.207320883870125 0.103189937770367 0.112225666642189 0.0808868408203125 0.173024669289589 0.157789260149002 0.110348008573055 0.116936169564724 0.000834896054584533 0.0300490278750658 0.0157892238348722 0.260488450527191 0.256122499704361 0.315087020397186 0.350528568029404 0.275752365589142 0.293659567832947 0.22101317346096 0.173330426216125 0.183603554964066 0.246232464909554 0.356202930212021 0.431576013565063 0.493703722953796 0.300536811351776 0.264939993619919 0.201937600970268 0.164974644780159 0.216972053050995 0.220855340361595 0.261622607707977
0.0504648648202419 0.0652380287647247 0.386765986680984 0.341196477413177 0.460882633924484 0.280884087085724 0.482037991285324 0.458133041858673 0.452723383903503 0.28955003619194 0.098855160176754 0.106428921222687 0.000852038618177176 0.14265413582325 0.134338080883026 0.0485138706862926 0.0714521408081055 0.103538997471333 0.0791840702295303 0.154842436313629 0.149317920207977 0.107438586652279 0.0988816022872925 -0.00546792941167951 0.193405508995056 0.219335615634918 0.210493683815002 0.395806312561035 0.235407099127769 0.179233327507973 0.131977722048759 0.205851167440414 0.275408506393433 0.292256653308868 0.332367211580276 0.391711056232452 0.292011022567749 0.26750722527504 0.318358510732651 0.25077748298645 0.219445914030075 0.138919219374657 0.121471881866455 0.223075956106186
0.0588085949420929 -0.0133307231590152 0.205870524048805 0.466369837522507 0.462617576122284 0.415748685598373 0.458070576190948 0.4454705119133 0.376325935125351 0.291976183652878 0.208327889442444 0.0494707077741623 0.141109466552734 0.157849669456482 0.167233318090439 0.0760298296809196 0.132730528712273 0.106142580509186 0.164634168148041 0.121219351887703 0.143708884716034 0.0718445479869843 0.122387364506721 0.136703610420227 0.150001734495163 0.273196011781693 0.216256141662598 0.208033978939056 0.26289239525795 0.202340587973595 0.0879193693399429 0.0925466120243073 0.320009857416153 0.325566858053207 0.460586845874786 0.449875295162201 0.458228915929794 0.178148627281189 0.12300818413496 0.161359891295433 0.247015476226807 0.182663053274155 0.129944294691086 0.118740670382977
0.148195952177048 0.011641320772469 0.0385996587574482 0.20544470846653 0.416488975286484 0.400835037231445 0.525062143802643 0.304624646902084 0.409256309270859 0.47940519452095 0.261262863874435 0.143523916602135 0.0664708465337753 0.0686608180403709 0.0424189940094948 0.0786253288388252 0.127240791916847 0.124269910156727 0.0567820705473423 0.178247109055519 0.083000048995018 0.0801263526082039 0.0541724227368832 0.0459415353834629 0.160862892866135 0.252617686986923 0.226047664880753 0.179140508174896 0.124423645436764 0.0829991474747658 0.232572436332703 0.172784104943275 0.232699856162071 0.263540744781494 0.268532395362854 0.395094156265259 0.313417881727219 0.177467495203018 0.0304730348289013 0.226905956864357 0.272885948419571 -0.0148188732564449 0.0840051546692848 0.0225281901657581
0.0694355219602585 -0.0515688955783844 0.0090497275814414 0.0896404311060905 0.272906750440598 0.429625391960144 0.444108664989471 0.369490742683411 0.28175812959671 0.459194362163544 0.343057811260223 0.189802721142769 0.0648154765367508 0.117974527180195 0.0358463637530804 -0.0312032364308834 0.0240415651351213 0.00944394804537296 -0.0331400595605373 0.0916946604847908 0.187242865562439 0.149504482746124 0.0368750654160976 0.235955774784088 0.172226831316948 0.205762431025505 0.127006620168686 0.0273651760071516 -0.0346307642757893 -0.0992855876684189 0.0670288354158401 0.185170441865921 0.166622653603554 0.312417596578598 0.318191558122635 0.387463003396988 0.213571816682816 0.210543736815453 0.153425648808479 0.167631819844246 0.149137437343597 0.076880007982254 0.0963671207427979 0.0309386141598225
-0.0186319909989834 -0.0183829627931118 0.000540254404768348 -0.0547203235328197 0.052696418017149 0.152526140213013 0.226327061653137 0.471654057502747 0.269656985998154 0.406177312135696 0.510391473770142 0.282982230186462 0.207474127411842 0.0281481128185987 0.00586797762662172 0.0207678806036711 0.0259422473609447 0.120472855865955 0.0352744646370411 0.129287660121918 0.0846876800060272 0.200015351176262 0.183851033449173 0.230245321989059 0.215618669986725 0.171593740582466 0.184526368975639 0.174129351973534 0.121303498744965 0.0423802137374878 0.182294517755508 0.181472063064575 0.10043727606535 0.323181688785553 0.309112131595612 0.263747662305832 0.236911907792091 0.243947565555573 0.305201977491379 0.185392186045647 0.196157798171043 0.181053340435028 0.163096219301224 0.163604646921158
0.0565994046628475 0.0584312975406647 -0.0175078921020031 0.109093181788921 0.0109974769875407 0.237419933080673 0.309498250484467 0.280524462461472 0.379493534564972 0.344202011823654 0.329550832509995 0.310183465480804 0.21218940615654 0.0268637798726559 0.0741269290447235 0.127089858055115 0.0624788030982018 -0.00453856401145458 0.135911270976067 0.0652959793806076 0.0590635798871517 0.184122785925865 0.13224633038044 0.242399379611015 0.204926505684853 0.181042477488518 0.0328876338899136 0.0831583514809608 -0.0581973269581795 -0.0231387559324503 0.108261585235596 0.169859632849693 0.233533427119255 0.326490581035614 0.305175244808197 0.362675577402115 0.239739924669266 0.290782958269119 0.224910259246826 0.304145842790604 0.234351694583893 0.109236285090446 0.229720816016197 0.0803452581167221
0.0493537299335003 -0.0463010035455227 0.0184165518730879 0.0246196184307337 -0.0239231623709202 0.109434604644775 0.297625094652176 0.193796649575233 0.328965365886688 0.385917276144028 0.401703268289566 0.36989614367485 0.330150812864304 0.134064987301826 0.131273910403252 0.123055227100849 0.0922515168786049 0.133347377181053 -0.0239041820168495 -0.0776572749018669 0.139188721776009 0.140755847096443 0.175308778882027 0.101795822381973 0.100673787295818 0.121145069599152 0.00905112642794847 0.0951418802142143 0.0479055419564247 -0.00382620329037309 0.0325162597000599 0.23080949485302 0.0727074667811394 0.100131437182426 0.256276786327362 0.169476121664047 0.260379821062088 0.225880995392799 0.160864531993866 0.159321397542953 0.269811272621155 0.25272861123085 0.0675150826573372 0.152528837323189
0.0608921125531197 -0.00684922561049461 0.173483997583389 0.0120431985706091 -0.0281364023685455 0.0308939591050148 0.202668115496635 0.165448158979416 0.20815072953701 0.241815581917763 0.482640266418457 0.375517815351486 0.413032472133636 0.162612915039062 0.0569817610085011 -0.0104342559352517 0.0618085488677025 0.0688527449965477 0.0339050367474556 0.192565262317657 0.102747850120068 0.222727417945862 0.0900263488292694 0.150828644633293 0.215896293520927 0.177442654967308 0.155584916472435 0.0373229347169399 0.0834497138857841 0.0103410119190812 0.00929357763379812 0.137067809700966 0.0488436631858349 0.123789846897125 0.14221853017807 0.093571312725544 0.08452457934618 0.0129454918205738 0.274718940258026 0.210228979587555 0.109630167484283 0.0882089510560036 0.224916249513626 0.3405741751194
0.0236779917031527 0.0241247862577438 0.0551193319261074 0.0122889410704374 0.0536176152527332 -0.011580478399992 -0.0507899895310402 0.169063448905945 0.23534619808197 0.211360678076744 0.215256661176682 0.455920040607452 0.370847642421722 0.258427917957306 0.126339316368103 0.014582778327167 0.0828090384602547 0.0947748348116875 -0.00526994001120329 0.116137519478798 0.093976117670536 0.00383479543961585 0.132280260324478 -0.0219683535397053 0.0625322014093399 0.0656589344143867 -0.0167044010013342 0.0233653411269188 0.0382686741650105 0.0300330985337496 0.169310316443443 0.0876857340335846 0.219516277313232 -0.0197031497955322 0.115782178938389 0.0856683328747749 0.182029277086258 0.0583763718605042 0.241217136383057 0.0800574272871017 0.180174008011818 0.19957260787487 0.170070454478264 0.294681459665298
-0.0414728410542011 -0.0016644827555865 0.0149824852123857 0.128700718283653 0.0130601171404123 -0.037139680236578 -0.0179746821522713 0.0618447326123714 0.185470417141914 0.327581286430359 0.152275368571281 0.204809844493866 0.291045546531677 0.150796934962273 0.000923329964280128 0.0427546985447407 0.0310143362730742 0.0342198498547077 0.0733889490365982 0.0939697995781898 0.151692003011703 0.0506210513412952 0.132393136620522 0.166215106844902 0.114602625370026 0.248557433485985 0.134851083159447 0.0588211417198181 -0.0427072197198868 0.0943801626563072 0.123528994619846 0.119255386292934 0.098325327038765 -0.0172378830611706 0.0335493311285973 0.158385828137398 0.139253318309784 0.100300073623657 0.113355733454227 0.106520518660545 0.0495342612266541 0.0817158743739128 0.0678718909621239 0.151879325509071
0.0818401873111725 0.0767102316021919 -0.00666123209521174 -0.00293790665455163 0.0199120119214058 0.0620581060647964 0.0146426279097795 0.192126795649529 0.0527379736304283 0.330724477767944 0.264930635690689 0.341270625591278 0.152889788150787 0.094079926609993 0.226203083992004 0.00490409275516868 0.109144188463688 0.0389065109193325 0.0515102297067642 0.183383464813232 0.0785385593771935 0.145027816295624 0.119775667786598 0.0771413519978523 0.103510022163391 0.15373769402504 0.0727052614092827 0.11923535913229 0.0614072494208813 0.121334120631218 -0.0201101806014776 0.108355708420277 0.0932910516858101 0.109631299972534 0.0675878375768661 0.144855484366417 0.168692797422409 0.138657405972481 0.173251777887344 0.175109088420868 0.0819375514984131 0.122200891375542 0.129873335361481 0.132761463522911
0.0690779089927673 0.0134737053886056 0.0165717098861933 0.0665805339813232 -0.0363395214080811 -0.121395923197269 -0.0163141675293446 -0.025671374052763 -0.0729548335075378 0.136432334780693 0.240801706910133 0.246704041957855 0.139396712183952 0.303566366434097 0.299180626869202 0.192780792713165 0.0879731029272079 -0.0469456575810909 0.0207059383392334 0.0811197757720947 0.174207374453545 0.0650008022785187 0.154371038079262 0.0867243781685829 0.248093977570534 0.167240127921104 0.241829082369804 0.200529709458351 0.225968927145004 0.348354816436768 0.12932913005352 0.0135606005787849 0.0455184429883957 0.0637777000665665 0.169828847050667 0.0999399274587631 0.100407496094704 0.208987757563591 -0.0165435485541821 0.0943367406725883 0.155632182955742 0.0622215755283833 0.0598309598863125 0.165069848299026
0.0534296594560146 0.150337293744087 -0.0145488874986768 -0.00648725777864456 0.0319515094161034 -0.0385306738317013 -0.017186738550663 -0.0128401843830943 -0.000286759808659554 0.0939585492014885 -0.0406920239329338 -0.031430933624506 -0.0872214660048485 0.17695626616478 0.237896412611008 0.28996080160141 0.207769870758057 0.00877885706722736 0.0288712941110134 -0.0747353509068489 -0.0246627107262611 0.136256083846092 -0.00338807050138712 0.100701600313187 0.0504426285624504 0.132959589362144 0.111674085259438 0.109265387058258 0.287721961736679 0.233069241046906 0.287677675485611 0.146564364433289 0.106104135513306 0.0477107465267181 0.140819787979126 0.172877073287964 0.0677767843008041 0.0909695103764534 0.0170873608440161 0.167208313941956 0.067600890994072 0.017530171200633 0.145718574523926 0.102944560348988
-0.0334927961230278 0.060086652636528 0.00726257730275393 0.0494360700249672 -0.0900532007217407 0.0310679953545332 -999 -0.0305835343897343 0.0735794827342033 0.0486599430441856 0.0207958612591028 0.180988743901253 0.0991773083806038 0.20581579208374 0.0697637274861336 0.331832349300385 0.314199566841125 0.127437651157379 0.163673356175423 0.216887444257736 0.0637867674231529 0.045036643743515 0.218288794159889 0.0254590343683958 0.110066488385201 -0.0372313149273396 0.177702590823174 0.105084128677845 0.138689205050468 0.12938591837883 0.17789925634861 0.203336507081985 0.107235759496689 0.107393890619278 0.106712274253368 0.0899314805865288 0.142527803778648 0.222814664244652 0.153604939579964 0.0797126963734627 0.14838308095932 -0.0194287002086639 0.0557248145341873 0.0846141949295998
-0.00778167182579637 0.0565461330115795 0.114199638366699 0.0709477663040161 -0.0559874698519707 0.0391733720898628 0.0561403818428516 0.053555503487587 0.11114089936018 0.0495789349079132 0.021525926887989 -999 -0.04090191796422 0.0134226679801941 0.170385763049126 0.151160895824432 0.206690758466721 0.0102664157748222 0.13604436814785 0.275087684392929 0.178331524133682 0.125960052013397 0.0625096783041954 0.132412567734718 0.101223535835743 -0.0209835413843393 -0.0051247151568532 0.171556830406189 0.132238835096359 0.167016163468361 0.0508864484727383 0.0967778638005257 0.160171315073967 0.197311654686928 0.0742596536874771 0.174052089452744 -0.0363054424524307 0.158188998699188 0.265009939670563 0.277265101671219 0.138556778430939 0.132989972829819 0.200563415884972 0.0816967338323593
-0.0377428345382214 0.0673167705535889 0.0230236034840345 0.145983576774597 0.0640575364232063 0.0139431953430176 -0.0267401188611984 0.0751789957284927 -0.0556029938161373 -0.0236713830381632 0.0676462650299072 -0.0125642977654934 -0.0524141862988472 0.0301259011030197 0.123785145580769 0.0409331135451794 0.399080097675323 0.186344340443611 0.115512408316135 0.0551307015120983 0.134026020765305 0.10549134016037 0.0455882139503956 0.0677493959665298 0.14647550880909 0.109510436654091 0.110804364085197 0.0766519829630852 0.218973115086555 0.0778432711958885 0.062091451138258 0.042100515216589 0.0108853420242667 0.15024633705616 0.0249828230589628 0.249648258090019 0.198900654911995 0.110379159450531 0.075684443116188 0.129714846611023 0.0788749903440475 0.126172110438347 0.207107290625572 0.145035281777382
