assets/gome_f/processed/ascii/us/gome_sif_US_20110101.asc
NCOLS 116 
NROWS 53 
XLLCORNER -125 
YLLCORNER 24.5 
CELLSIZE 0.5 
NODATA_value -3.4e+38 
[rows 19 to 37 of 53, columns 0 to 42 of 116]
0.0752555429935455 0.0173688102513552 0.114456109702587 0.0839830785989761 0.0990975201129913 0.0621222443878651 0.0248438846319914 0.0199882388114929 0.0779867544770241 0.0528771281242371 0.0621143244206905 0.07011578977108 0.0708635598421097 -0.00721449311822653 -0.0302730016410351 -0.0296107400208712 -0.062883622944355 -999 -0.145536720752716 0.133720278739929 -0.0988840237259865 0.11931661516428 -0.0234255231916904 0.0251324288547039 0.0214488096535206 -0.0963765531778336 -999 -999 -999 -999 0.0594084374606609 -999 -999 -999 -999 -999 -999 -999 -999 -0.136736154556274 -0.0302239060401917 -0.053666565567255 -0.0355596914887428
-0.0211542416363955 0.010895024985075 0.144805550575256 0.056880421936512 0.149794861674309 0.167569205164909 0.0279195606708527 0.0629915073513985 0.0743369907140732 0.131019741296768 0.0182171147316694 0.0512398518621922 0.0949102267622948 -0.0212389789521694 0.0728116407990456 0.0142749864608049 -0.0382227711379528 0.0293607413768768 -0.0569864250719547 -0.0412544161081314 -0.00746267242357135 0.0772028863430023 0.033653799444437 0.00585906719788909 -0.0670759677886963 0.116291224956512 -0.0763881281018257 -999 -999 -999 -999 -999 -999 -999 -999 -999 -999 -999 0.1527029722929 0.0326048396527767 0.0774090364575386 -0.0281956288963556 -0.0212782640010118
-0.0480499677360058 0.10145664960146 0.1266068816185 0.0655857026576996 0.1503746509552 0.080835334956646 0.0872654989361763 0.0763417035341263 0.0124008636921644 0.0802363678812981 0.105901673436165 0.0434598997235298 0.00843772478401661 -0.0177213456481695 0.0280823577195406 0.0314653739333153 -0.106536641716957 0.0820501372218132 -0.0406568720936775 -0.00590387219563127 0.0192412082105875 -0.0552838258445263 0.0156076429411769 -0.0256350506097078 0.0143856732174754 -0.0939051657915115 -999 -999 -999 -999 -999 -999 -999 -999 -999 -999 -999 -999 0.132342889904976 0.0254017058759928 -0.16478468477726 0.0194423142820597 0.00339914439246058
0.0765518248081207 0.079260490834713 0.1190175563097 0.098130851984024 0.0429082326591015 0.107340812683105 0.12271923571825 0.0750825703144073 0.0758214220404625 0.097834587097168 0.0465316958725452 -0.13055257499218 0.0521843619644642 0.0930890217423439 -0.069926805794239 0.0108753759413958 -0.00305165932513773 -0.0379832163453102 0.0416559912264347 -0.0298960469663143 -0.021057365462184 -0.0039627649821341 -0.0232928674668074 -0.0401097685098648 -0.182635992765427 -0.0503681488335133 -999 0.0460299365222454 0.00960822775959969 -0.0601372309029102 -999 -999 -999 -999 -999 -999 -999 -999 -999 0.165158376097679 0.035932220518589 -0.0174734443426132 -0.0651903674006462
0.0319220274686813 0.0509599596261978 0.0692357793450356 0.0944083109498024 0.101320713758469 0.0676189735531807 0.103404134511948 0.10711158066988 0.218443408608437 0.0771991387009621 0.141189351677895 0.10533082485199 -0.0266367737203836 0.0447964742779732 -0.130593225359917 -0.0404245257377625 0.0223913658410311 0.004375827498734 -0.0147969517856836 -0.120533384382725 0.0578914731740952 -999 0.0383302792906761 0.0229445584118366 0.0638932660222054 0.141895532608032 -999 0.359868496656418 -0.00190912769176066 -0.0654862225055695 -0.0245436728000641 0.108360841870308 -999 -0.1133678779006 -999 0.014089991338551 -999 -999 -0.13271227478981 0.000612328352872282 -0.00869789905846119 0.0780864804983139 0.0587381422519684
-0.0628381744027138 0.101113319396973 0.0706210285425186 0.0827022716403008 0.0915853232145309 0.0604169853031635 0.172671347856522 0.114317007362843 0.047755490988493 0.123298227787018 0.0379058346152306 0.0802253261208534 0.000171337524079718 0.0505444742739201 -0.0367103144526482 0.0243297927081585 0.0248041860759258 0.0560680031776428 -0.0523163676261902 0.0523494780063629 0.211824029684067 -999 -999 -999 -999 -999 0.0120272003114223 0.0260125175118446 0.0503044128417969 0.0636461898684502 0.0207292605191469 -0.085868239402771 0.144823849201202 0.103440716862679 -999 -999 -999 -0.135195761919022 -0.0225800536572933 -0.00236674933694303 -0.00138816179241985 0.020479328930378 0.0563106685876846
0.0280588325113058 0.0130165359005332 0.0245641767978668 -0.0516295991837978 0.0374026671051979 0.122394114732742 0.0685382485389709 0.272963315248489 0.174848794937134 0.0149971945211291 -0.0955754816532135 -0.0577697344124317 0.0687599554657936 0.0705996081233025 0.060452438890934 -0.00282062101177871 -0.0144992722198367 -0.0485075563192368 -0.0254625324159861 0.0972690209746361 -0.0655622705817223 -0.00384687748737633 0.0886475443840027 -0.0614823587238789 0.0966843441128731 0.0084545835852623 -0.053796548396349 -0.0362575389444828 0.088378056883812 -0.0170826241374016 0.0581282153725624 -0.0266974829137325 -0.071368083357811 0.0619171671569347 -999 -999 -0.0586344599723816 -0.0755345225334167 0.0851593241095543 0.0826710015535355 0.0791103914380074 -0.00779416644945741 -0.0149976927787066
0.113672472536564 -0.0280677806586027 0.0759415030479431 0.0419102683663368 0.0124256825074553 0.0350176431238651 0.217612609267235 0.124728687107563 0.0155651420354843 0.205454409122467 0.0186352822929621 0.0160826481878757 0.0900324583053589 0.159183010458946 0.0724331066012383 0.0211930871009827 -0.0364060923457146 0.00926132779568434 0.000501013360917568 0.0325328446924686 -0.00997167080640793 -0.0291332416236401 -0.0250231046229601 0.116440415382385 0.0307521875947714 -0.0859518274664879 -0.0111329201608896 -0.0317494608461857 0.0286439768970013 0.0358170233666897 -0.0558136515319347 -0.035990372300148 -999 0.0950032919645309 -999 -999 0.057904988527298 0.0151884378865361 -0.0144561445340514 -0.0976397395133972 -0.140161678195 -0.0437697246670723 -0.0213518533855677
-0.00576493144035339 0.0787158980965614 -0.045483473688364 0.0675534456968307 -0.0439246073365211 0.034917701035738 0.0654024705290794 0.0776373669505119 0.126275509595871 0.157092064619064 0.127487331628799 0.132667779922485 -0.154917851090431 0.0624652244150639 0.0948308557271957 -0.0328128486871719 0.0490068942308426 -0.00608007749542594 -0.0557748377323151 -0.00164467457216233 -0.0178319085389376 -0.0203671474009752 0.01878647133708 -0.0577225312590599 -0.00442671636119485 0.00753770768642426 0.0259566828608513 -0.00269312993623316 0.00470328144729137 -0.0241322889924049 -0.0125021273270249 -0.0825828909873962 -0.0622629523277283 -0.00229324772953987 -0.0507979579269886 0.141883179545403 0.0264358278363943 -0.000771148421335965 0.0520175509154797 -0.000957469397690147 -0.0032849048729986 -0.0754517391324043 0.0244828760623932
0.0758669078350067 -0.0224975254386663 -0.0224139280617237 -0.0380253568291664 0.0222718510776758 0.08844193816185 0.00439539877697825 0.0964140444993973 0.0873067528009415 -0.161769241094589 0.173528507351875 0.101844005286694 0.0313111990690231 0.0585587806999683 0.0394294932484627 0.0394914820790291 0.0477032028138638 0.0642626211047173 0.00632971478626132 0.0230220798403025 -0.0575602166354656 0.0198078006505966 0.0824002176523209 0.0408660098910332 0.00474453624337912 0.0396964102983475 0.0488919131457806 0.0526477657258511 0.00545517401769757 -0.0145840840414166 -0.0139987086877227 0.0999179780483246 -0.0209721848368645 -0.0580240935087204 0.00918886810541153 0.0219268016517162 -0.0985608398914337 -0.0416592434048653 0.0756562724709511 0.0500424951314926 0.00903548672795296 0.0349079109728336 0.013734495267272
0.0407033711671829 -0.0207230672240257 -0.0594714656472206 0.0276394207030535 0.0488977804780006 -0.0362959317862988 -0.0142978960648179 0.0827987492084503 0.0588487237691879 -0.00274105672724545 0.0177816711366177 0.420765161514282 0.0540232136845589 0.0560696311295033 0.0723114013671875 0.0548353008925915 0.0140009466558695 -0.0172959472984076 0.00741419242694974 0.0630216896533966 0.0162685830146074 0.0268761161714792 0.0293608419597149 0.0115573080256581 0.0376908294856548 -0.0144378924742341 0.00324740307405591 -0.0676623955368996 -0.0875418856739998 0.0509333349764347 -0.000761666451580822 0.114825040102005 -0.078285738825798 -0.0389791503548622 0.0155813097953796 -0.0514466166496277 -0.0422574654221535 0.0484695173799992 0.049146044999361 -0.0171836894005537 -0.0820898711681366 0.100861273705959 0.0068945437669754
-0.00953305792063475 0.0594590902328491 0.00883986242115498 0.0773414075374603 0.181710258126259 0.0461752973496914 0.0261137187480927 0.0190714839845896 0.0962415486574173 0.0849839821457863 0.11820100992918 0.283227801322937 0.117613926529884 0.116091072559357 0.0443007610738277 0.0917440727353096 0.0972427949309349 0.0568498037755489 0.0550748221576214 0.0439958572387695 0.0500411503016949 0.0545876622200012 -0.000571279844734818 0.0296339876949787 -0.0255622714757919 0.0439711138606071 -0.0115761235356331 0.0177326668053865 0.0712960809469223 0.0178226120769978 0.0343483276665211 -0.0131358373910189 -0.0705810934305191 0.000931895221583545 0.0324571430683136 0.0123550649732351 -0.0579329282045364 0.0227369889616966 -0.00879140757024288 -0.0956948846578598 -0.0026710310485214 0.00178269878961146 -0.0127150025218725
0.0717038288712502 -0.059942364692688 0.00762414699420333 -0.0401971340179443 0.0679206401109695 0.0675942972302437 0.0344544500112534 0.0780014321208 0.0582137443125248 0.112152695655823 0.124934837222099 0.0783623829483986 0.156390771269798 0.0855788737535477 0.0439513623714447 0.066777266561985 0.0635003298521042 0.112350277602673 0.0945481061935425 -0.0155693655833602 0.0185718145221472 0.0402053333818913 0.0226670894771814 0.0918509438633919 0.0453369505703449 0.0823499783873558 -0.0127980438992381 0.0932208821177483 -0.0184443667531013 -0.0158699788153172 -0.101731427013874 0.0501051247119904 0.0413418337702751 -0.0100720068439841 0.00822567194700241 0.0438093207776546 -0.00640832493081689 0.0189737845212221 0.0697505176067352 -0.0602295696735382 0.00663674576207995 -0.00404871953651309 -0.0282888300716877
0.014704555273056 0.0210603978484869 0.0278123077005148 -0.14243645966053 0.126220211386681 0.0793858543038368 -0.0462295860052109 0.0446998290717602 0.068741500377655 0.102979347109795 0.0837448611855507 0.0793951079249382 0.081904225051403 0.071962408721447 0.168697029352188 0.0643221139907837 -0.0171468481421471 -0.117476284503937 0.0175137724727392 0.0307509377598763 0.0692313835024834 0.0675946250557899 0.05162687972188 0.0421939305961132 -0.028632752597332 0.0336557514965534 0.0524321012198925 -0.0382558777928352 0.0317033864557743 0.0254190284758806 0.0978866890072823 0.162162035703659 0.00386809161864221 -0.0479218736290932 0.0228439569473267 -0.0692777782678604 0.0387104861438274 -0.026267996057868 -0.0383317098021507 -0.0166101288050413 -0.0358380451798439 -0.00589521415531635 -0.00432550115510821
0.0561149530112743 0.0506606958806515 -0.0797763839364052 -0.0290700010955334 0.00452225795015693 -0.0429325737059116 0.0184992272406816 -0.00623910780996084 0.0544170886278152 0.0304900780320168 -0.00326538248918951 0.0596258267760277 -0.0743943750858307 0.0922922939062119 0.112448833882809 0.05601417273283 0.03937778621912 -0.0272160042077303 0.0206216461956501 0.0464082472026348 0.0359343402087688 0.0218232721090317 0.050249557942152 0.0795466601848602 0.0152128264307976 0.0442242622375488 0.146577686071396 0.0716441422700882 -0.0381095111370087 -0.00361778656952083 -0.0370714999735355 0.0886480659246445 0.0190747436136007 0.0613950192928314 0.0126522891223431 -0.0347322784364223 0.0440559908747673 -0.000644396466668695 -0.00988426059484482 0.0610687658190727 0.000657380209304392 -0.0149181736633182 0.103029362857342
0.0660869106650352 -0.0875412151217461 0.0129713593050838 0.00935674365609884 -0.000708709005266428 -0.020064415410161 0.00436311867088079 0.0127017488703132 -0.0108144162222743 0.00544101418927312 0.127848818898201 0.0166928879916668 0.00934846047312021 0.0643026456236839 0.103093393146992 0.213642597198486 0.142413377761841 0.0244390033185482 0.0415206775069237 -0.0308282449841499 -0.0156056862324476 0.0432881005108356 0.0726688876748085 -0.00498123141005635 0.072378545999527 0.0473322607576847 0.0908609479665756 0.0625045597553253 0.0584862157702446 0.0354216918349266 0.0790771022439003 0.100793205201626 0.0408590845763683 0.0433743074536324 0.0917011424899101 0.021396528929472 -0.0609695538878441 0.0381654165685177 0.0397054888308048 -0.00866391323506832 -0.0271028336137533 0.0213713459670544 0.0191259048879147
-0.0289822090417147 0.0249732285737991 0.00367870717309415 -0.0454531721770763 0.0991457551717758 0.0724808424711227 0.0637111067771912 0.0653578788042068 0.0833194851875305 -0.0143106458708644 0.00890236627310514 0.0225758254528046 0.072405606508255 -0.0993287935853004 -0.0025834059342742 0.0841705128550529 0.097008965909481 0.044999323785305 0.119972199201584 0.105105228722095 0.0232877004891634 0.0738144367933273 0.0472810640931129 0.0322299189865589 0.0657722279429436 0.0378589145839214 0.068919263780117 0.0427998155355453 -0.00680592190474272 0.116706036031246 -0.00891192443668842 0.00894425995647907 0.113592110574245 0.0181378368288279 0.0764631927013397 -0.00087333912961185 0.0977021008729935 0.033821776509285 0.0132640581578016 0.0362949185073376 0.019799267873168 -0.00782410241663456 0.068605937063694
0.00723233493044972 0.0281381290405989 -0.0496420562267303 0.0353743769228458 -0.0836877971887589 -0.0310640204697847 0.00897069927304983 0.0749104022979736 -0.126628503203392 0.0566942654550076 -0.0281649250537157 0.00323227699846029 0.0347370877861977 -0.0236725509166718 0.0205263402312994 0.101294867694378 0.0617920309305191 0.0761867314577103 0.0388487316668034 0.142540574073792 0.0737536251544952 0.0879049375653267 0.0726269632577896 0.0033847326412797 0.0826620608568192 -0.0151804219931364 0.0502957925200462 0.041977122426033 0.0758918076753616 0.0251847691833973 0.0480721406638622 -0.0216431841254234 0.0888251736760139 0.0267635863274336 0.0498584359884262 0.0230203624814749 -0.0947181805968285 -0.0835175663232803 0.0584478378295898 0.0392257459461689 0.0076481755822897 0.00278535881079733 -0.0296010002493858
-0.0424845516681671 0.0510728470981121 -0.024178721010685 0.0866167470812798 -0.0480806045234203 0.00356098683550954 0.000435197172919288 0.106774635612965 0.00719917332753539 0.13090580701828 -0.0378701873123646 -0.0569242723286152 -0.0224356651306152 0.0103825060650706 0.00526551250368357 -0.0839218720793724 0.072179839015007 0.0990685150027275 0.00365225714631379 0.0486315377056599 0.000339435966452584 0.0615593455731869 0.0858904123306274 0.0320936962962151 0.0076613943092525 0.0332456529140472 0.00211283098906279 0.004862189758569 -0.0125216087326407 0.0417579486966133 0.0219440255314112 0.0196331739425659 0.0105556752532721 0.0403272621333599 -0.0664650648832321 -0.0278983023017645 0.0412131063640118 0.0149093372747302 -9.80484619503841e-05 0.0128458580002189 0.0178883653134108 0.0308560244739056 0.0870671570301056
