assets/gome_f/processed/ascii/us/gome_sif_US_20120101.asc
NCOLS 116 
NROWS 53 
XLLCORNER -125 
YLLCORNER 24.5 
CELLSIZE 0.5 
NODATA_value -3.4e+38 
[rows 19 to 37 of 53, columns 0 to 42 of 116]
0.0583326332271099 0.0364906042814255 0.0359343439340591 0.0308893788605928 0.0129482336342335 0.14590510725975 0.0324501059949398 0.0286047346889973 0.00936521496623755 0.00171229965053499 -0.0381798036396503 -0.0164288152009249 -0.0364587120711803 0.0231171771883965 0.0545564107596874 -0.0386253483593464 0.0643954202532768 0.0289279017597437 -0.0734892189502716 0.0724109038710594 0.0435795821249485 -0.0215259399265051 -0.0545202977955341 -0.0473673678934574 -0.0546881221234798 -0.138785243034363 0.100876994431019 0.0769186466932297 -0.0333258956670761 0.103470087051392 0.0495237335562706 -0.0704559907317162 0.143063321709633 0.121336564421654 0.0154015365988016 0.07987891882658 0.0497615523636341 0.0904045477509499 -0.124169357120991 -0.0331593565642834 0.0868141651153564 0.0748768001794815 0.0158958919346333
0.0404925830662251 0.0462780743837357 0.0797306746244431 0.140024200081825 0.0799453109502792 0.104104921221733 0.0864248722791672 0.10741651058197 0.0667690485715866 -0.0829236656427383 -0.0485546886920929 -0.048429299145937 -0.120841696858406 -0.0558189526200294 0.00115386000834405 -0.0566260926425457 0.0358435213565826 0.0609626621007919 -0.0169124118983746 -0.0335004888474941 0.00809537526220083 0.00551046011969447 0.0585718601942062 -0.0735161900520325 0.0264330506324768 -0.00909289252012968 0.0657756701111794 -0.0123149733990431 -0.113314189016819 0.0057951551862061 -0.0254563335329294 -0.0445271469652653 0.00661405175924301 -0.0383135415613651 0.102225810289383 0.0654434859752655 -0.0584924630820751 -0.0986385568976402 0.0732982084155083 0.0275683514773846 0.0179133601486683 0.0277669094502926 -0.0311295036226511
0.0673411265015602 0.0494576022028923 0.0338733159005642 0.146535158157349 0.0304989404976368 0.051503486931324 0.0394134894013405 0.106331579387188 0.0918427929282188 0.121635600924492 0.0411386862397194 -0.0197749324142933 0.00226566893979907 -0.03504603728652 0.0744534581899643 -0.0206808019429445 0.0319163352251053 0.00462358631193638 0.00429846113547683 0.052899457514286 -0.0310452785342932 -0.0228785742074251 -0.132551476359367 0.0282358378171921 0.0217521227896214 0.0166747234761715 -0.0491429157555103 -0.00182293483521789 0.0603077076375484 0.0576659888029099 -0.0323929227888584 -0.0757630318403244 -0.0799333304166794 -0.107173554599285 -0.0125239240005612 -0.0924141407012939 -0.0803355872631073 -0.013280563056469 -0.0255496092140675 0.0843991413712502 0.0670817494392395 -0.0148777263239026 -0.043206375092268
-0.0181733928620815 0.0687463283538818 0.0185237862169743 0.0555588826537132 0.118207953870296 0.0716619789600372 0.161066666245461 0.0680264830589294 -0.00545486528426409 0.137880757451057 0.112437643110752 0.0689442828297615 -0.017237575724721 0.000743204087484628 -0.0158835556358099 0.0292981807142496 -0.0514530278742313 -0.0137713551521301 0.0323908589780331 0.0174965895712376 0.0189742837101221 -0.0341714471578598 0.0158586073666811 -0.0222181156277657 0.0237032510340214 0.0260769575834274 0.101295478641987 0.0204977914690971 0.00988410040736198 -0.072301872074604 -0.025075938552618 0.0157884024083614 -0.0711870267987251 0.016650564968586 0.0258920583873987 0.270971447229385 -0.00485771568492055 -0.0147119164466858 0.00203707441687584 0.133724749088287 0.0103326784446836 0.0360950864851475 0.0823643356561661
-0.034975990653038 -0.0123500423505902 0.049277052283287 0.00407356023788452 -0.024521617218852 0.0164220724254847 0.0370669141411781 0.1078896895051 0.0926138982176781 0.0795113891363144 0.0470982789993286 0.00325018586590886 0.0491880066692829 -0.0435748398303986 0.00795247592031956 0.0547265373170376 -0.0036438696552068 -0.00501984637230635 -0.0360952131450176 0.0450229309499264 0.0873902291059494 -0.0644047930836678 0.111353039741516 0.0561837926506996 -0.0261011626571417 0.10163227468729 0.0345478281378746 0.0152485780417919 0.0120320077985525 -0.023525133728981 0.0135885449126363 -0.0682639926671982 0.049270261079073 0.0567970015108585 -0.0285426154732704 -0.0368516631424427 0.0847301036119461 -0.0484317354857922 0.146710455417633 0.00741065386682749 -0.0517344251275063 0.0296396762132645 -0.00338756572455168
-0.0325012840330601 -0.0261570140719414 -0.00305444607511163 0.0800267979502678 0.150352582335472 0.0338083356618881 0.0818760842084885 0.0567955411970615 0.110607609152794 0.0935522019863129 0.0559666268527508 0.0700960159301758 0.0248159058392048 -0.0430879443883896 0.0170605964958668 -0.0252052396535873 0.0150192035362124 0.0121337417513132 0.0206543933600187 0.0232031065970659 -0.0706462115049362 -0.0117116803303361 -0.0263975877314806 -0.0617219805717468 0.0746066942811012 -0.00829773768782616 -0.0673456415534019 -0.0198097750544548 0.0806105881929398 0.00686992518603802 0.0389188043773174 0.00322797265835106 -0.0131199238821864 0.0522227138280869 0.0618839040398598 0.0505257658660412 -0.168729841709137 -0.152959167957306 0.0502915158867836 0.024597629904747 0.125067993998528 0.0129000302404165 -0.000277076585916802
-0.0573030933737755 -0.0317006260156631 -0.0766995251178741 0.00441408948972821 0.0602640546858311 0.10738281160593 0.0385775007307529 0.116956122219563 0.1186358705163 0.0998156666755676 0.0209157597273588 -0.0119646452367306 0.0564292222261429 -0.00087917223572731 0.0252144876867533 0.0420819669961929 0.000754443695768714 -0.0459900163114071 -0.0131189879029989 0.0939847305417061 -0.0036189139354974 -0.0302353203296661 0.054739847779274 0.063934825360775 0.00268602045252919 -0.0417732298374176 -0.0381315387785435 0.051266074180603 0.106706686317921 0.0271808877587318 -0.00744291767477989 -0.00100527168251574 -0.0691457390785217 -0.0549223870038986 0.0269537847489119 0.0108022559434175 0.0139782279729843 -0.0142624247819185 0.0793898850679398 0.00579324690625072 0.180642157793045 0.0481774024665356 0.0499306805431843
0.0110012916848063 -0.0757800936698914 0.000267050636466593 0.0180388409644365 0.00927442498505116 -0.0120401624590158 0.0257744621485472 0.106448970735073 0.0464252680540085 0.134371280670166 0.0649891570210457 -0.00829448364675045 0.0516881458461285 -0.000321784405969083 0.0253976862877607 -0.0306853167712688 -0.0375512316823006 0.0930015966296196 -0.00482848472893238 -0.0091478331014514 -0.0688513070344925 -0.00111412582919002 0.0254849959164858 0.0183911006897688 0.0319895334541798 0.0629715695977211 0.0740282014012337 0.0122748343273997 0.0405634082853794 0.0603105984628201 0.0130677474662662 -0.040758490562439 -0.0250155683606863 -0.0621437206864357 -0.0154463248327374 0.123866304755211 -0.0575148984789848 0.0565622374415398 0.0906351357698441 0.0423647873103619 0.012320158071816 0.0314077027142048 0.0742761567234993
-0.0588786602020264 0.0249286685138941 0.0207760035991669 -0.0425310097634792 -0.0317158959805965 0.0689650401473045 0.0230592284351587 0.0576591715216637 -0.0099873710423708 0.0561656057834625 0.0217974837869406 0.0538287982344627 -0.00457367533817887 0.0503835715353489 0.0386657901108265 0.0417304374277592 0.0175925809890032 -0.044939961284399 -0.011508640833199 0.0159356128424406 0.00516683934256434 0.105450294911861 -0.00794650707393885 0.0654946640133858 0.021899500861764 0.0181703548878431 0.0152558600530028 -0.0398694835603237 0.0186199750751257 0.0156120909377933 0.00986078474670649 -0.0263504795730114 0.026182996109128 -0.0549168959259987 -0.0216769259423018 -0.0199695155024529 0.00411797314882278 -0.031080624088645 0.0753343403339386 0.0454994365572929 0.0744554921984673 0.00787901598960161 -0.0285228081047535
-0.0910574048757553 0.0908919721841812 -0.0433167591691017 0.0146742146462202 0.0118151353672147 0.0548164062201977 0.0225723683834076 0.0512786358594894 0.0698109269142151 0.0629054605960846 0.109212510287762 0.0552569068968296 0.0601158365607262 0.137265503406525 0.0761608555912971 0.0286255870014429 0.0171194523572922 0.0211743973195553 0.00911026075482368 0.0202996861189604 0.0765897855162621 0.0591096617281437 -0.0493362843990326 0.00560407107695937 0.0373396165668964 0.0679750964045525 -0.0706318542361259 0.0722056478261948 0.0486140437424183 0.0747703462839127 -0.0347029268741608 0.000175297551322728 -0.00629068398848176 -0.0106508452445269 0.0326369032263756 0.0459656193852425 -0.163441449403763 -0.00561347370967269 -0.134565114974976 -0.0327583849430084 -0.072749562561512 -0.0716179460287094 0.0128199076279998
-0.0216013770550489 -0.0523118749260902 -0.0374179482460022 0.0435665883123875 -0.0093435849994421 0.0282402522861958 0.0513036474585533 0.0184314735233784 0.0423445999622345 0.0270693991333246 0.0985029190778732 0.0301386490464211 0.116472810506821 -0.0941888242959976 0.0804037973284721 0.0135232396423817 0.018168656155467 0.0588655136525631 0.0242788437753916 0.0109553914517164 -0.0971016436815262 0.0488140285015106 0.0505859516561031 0.0274710729718208 0.102151811122894 0.0259404443204403 -0.0133811626583338 -0.0462965369224548 0.071923203766346 0.0715047940611839 0.0223946813493967 -0.0579135231673717 -0.00731795746833086 -0.0313786268234253 0.0505390428006649 0.0055082906037569 -0.038666982203722 0.0223642103374004 0.0508299805223942 -0.0465307906270027 -0.0444779582321644 0.0897190496325493 0.0152625339105725
0.0588695667684078 -0.017037333920598 0.0167551692575216 -0.0131771797314286 -0.0857823565602303 -0.0150740686804056 -0.0223234556615353 -0.0214374791830778 0.063362143933773 -0.0184623058885336 0.0311650559306145 0.0430826619267464 0.103708028793335 0.0475373156368732 -0.0177101790904999 0.104783706367016 0.0568442977964878 0.059106919914484 0.0322553925216198 0.0545980148017406 -0.00373269151896238 0.057141337543726 0.0984558761119843 -0.0413713194429874 0.00316553586162627 0.0662057176232338 0.0296940226107836 0.0137061066925526 -0.0258981343358755 0.00659692659974098 0.0683264285326004 -0.0449303165078163 0.0817651301622391 -0.0349522791802883 0.0433947257697582 0.10517730563879 0.0268294233828783 -0.0326378792524338 0.031626183539629 0.119993589818478 -0.00843163672834635 0.0783138647675514 -0.0350651070475578
0.0288432836532593 -0.0157193131744862 0.0229402706027031 0.0249348413199186 0.0441463924944401 0.0319674275815487 0.00867605861276388 0.0230499189347029 -0.0595083385705948 -0.0358026698231697 -0.0862086042761803 0.110442750155926 0.0375060588121414 0.0350916385650635 -0.0127070611342788 0.0183233935385942 -0.0105210179463029 -0.0174920186400414 0.070965550839901 0.0132896564900875 0.0967840552330017 0.0149442031979561 0.0815110355615616 0.0500623621046543 0.0847068056464195 0.0566956326365471 -0.0511128306388855 -0.034841563552618 0.0132065070793033 -0.00137805531267077 0.0786208510398865 0.0677961260080338 -0.00996584538370371 -0.0250006150454283 -0.0161381103098392 -0.0356355346739292 0.0177220031619072 0.14025853574276 0.0632900148630142 -0.0349018387496471 0.0257507488131523 0.0101241488009691 -0.00144558236934245
0.0868024826049805 0.0258232206106186 -0.0911273881793022 -0.0295299738645554 -0.000790298683568835 0.0751198753714561 0.0306163746863604 -0.00137889757752419 -0.0480408407747746 0.0307899862527847 0.0204741284251213 0.0422102399170399 0.0855809226632118 0.05229477211833 -0.0805481225252151 -0.019902316853404 -0.0566706098616123 0.0210024323314428 0.116866640746593 0.0391303338110447 0.0565483719110489 0.0735756829380989 0.0248265117406845 0.0886204093694687 0.0337898433208466 0.0915884450078011 -0.00136271119117737 0.0722116604447365 -0.0271167010068893 -0.012133670039475 0.00307552726007998 -0.0198162440210581 0.0276312232017517 0.0682494714856148 -0.016138132661581 -0.050164021551609 0.00768065266311169 0.00438122171908617 0.0861012116074562 -0.00179849134292454 0.0624319463968277 0.028967022895813 -0.0871537402272224
0.131857603788376 0.0130286365747452 -0.00452298484742641 0.0184389799833298 0.0222223047167063 -0.0400606095790863 -0.035213116556406 0.0189283937215805 0.0726226046681404 -0.0148215098306537 0.118426643311977 -0.00940115004777908 0.0135689079761505 0.0501795373857021 0.0668112486600876 0.123344145715237 0.0501302741467953 0.0192052386701107 -0.027963062748313 0.127406314015388 0.0237857680767775 0.0759728476405144 0.0676449686288834 0.0826359391212463 0.0429340526461601 0.0722432509064674 0.114435896277428 0.0657888427376747 0.0197237432003021 0.0794114321470261 0.0504583902657032 0.124165035784245 0.0292280185967684 -0.0521297119557858 0.001551678404212 0.0133976750075817 0.0800333693623543 -0.00919270236045122 -0.10406256467104 0.0293868239969015 0.0169761590659618 -0.0379706099629402 0.00397022161632776
-0.0284640360623598 -0.0224367026239634 -0.00916105974465609 -0.0577378682792187 -0.00203719735145569 -0.0393254533410072 -0.00532947480678558 0.042754665017128 0.0117434747517109 0.0637977421283722 0.107655361294746 0.0212382562458515 -0.0346920192241669 -0.0574151873588562 0.0791102349758148 0.0230924841016531 0.0710912644863129 0.0131684774532914 -0.0363693572580814 0.0476253256201744 0.00304642855189741 0.0600607022643089 -0.0168481394648552 0.0750411748886108 0.0101025020703673 0.0715402588248253 0.0320356748998165 0.116116672754288 0.10745394974947 0.101609483361244 0.00779430521652102 -0.132652893662453 -0.0210004411637783 0.0199661403894424 0.0382169224321842 0.00484795914962888 0.071818433701992 -0.010268091224134 -0.0609378516674042 -0.00937146414071321 0.020296772941947 0.0224352609366179 0.0375119969248772
0.0331171192228794 -0.076026976108551 -0.0340470746159554 0.0378063209354877 0.0109076304361224 0.0279336497187614 -0.0916365757584572 -0.00598915107548237 0.00454095890745521 0.00693527050316334 0.0541135258972645 -0.0133612686768174 -0.00235964776948094 -0.00299857440404594 -0.00949768908321857 0.103481248021126 0.0443184822797775 0.0514873340725899 0.0630164816975594 0.0907267406582832 -0.0199260115623474 0.0469276495277882 0.0517917983233929 0.0507752634584904 0.0217511188238859 0.0506298542022705 0.111200541257858 0.00457782484591007 0.0218043196946383 0.139230296015739 0.0952089801430702 0.127474531531334 0.104197040200233 0.0482782274484634 -0.0407302193343639 0.00137745612300932 0.0614957623183727 0.0284258034080267 -0.0058321338146925 0.0165366288274527 -0.0257344879209995 0.0966902226209641 0.057269498705864
-0.0363237708806992 0.0352168045938015 -0.0571660958230495 0.0376967638731003 0.0718682557344437 -0.0475835204124451 0.046761941164732 -0.0354914702475071 0.0304167345166206 -0.0719572901725769 -0.0325483903288841 0.0128691140562296 0.0346581041812897 -0.10570403188467 0.0722647309303284 0.0837489441037178 0.100969322025776 -0.00254546897485852 0.0524487867951393 0.150711223483086 0.0314958393573761 0.123019888997078 0.121833421289921 0.166883140802383 0.0713774040341377 0.00529370689764619 0.0566429682075977 0.00121303950436413 0.102559484541416 0.0245387926697731 0.0176077596843243 -0.00819921307265759 0.0815668553113937 0.00407776702195406 0.040748093277216 0.0168646462261677 -0.083576999604702 -0.0768920853734016 0.0525385588407516 0.00731995282694697 -0.00980669073760509 -0.0146725159138441 0.0169991068542004
0.174636051058769 0.0249810870736837 0.0694524720311165 0.0209617521613836 -0.15370275080204 0.038741696625948 -0.00581073015928268 0.0430409200489521 -0.0350316762924194 0.0139218159019947 -0.00307896151207387 -0.016922926530242 0.112700909376144 0.0896306410431862 0.11244473606348 0.00396214704960585 0.0286442898213863 0.0643526837229729 -0.00773648312315345 -0.0101410513743758 0.0282386634498835 0.0786769166588783 0.116217911243439 0.0372780151665211 0.104085572063923 0.0203723814338446 0.10529038310051 0.0157273728400469 0.0663925483822823 -0.00439038360491395 0.105418875813484 -0.0292922854423523 0.0207355823367834 -0.00370636489242315 0.0167746692895889 -0.038030531257391 -0.027831120416522 0.123120099306107 0.0671521946787834 0.00787046272307634 0.0540688186883926 -0.0217448584735394 0.028720760717988
