assets/gome_f/processed/ascii/us/gome_sif_US_20131001.asc
NCOLS 116 
NROWS 53 
XLLCORNER -125 
YLLCORNER 24.5 
CELLSIZE 0.5 
NODATA_value -3.4e+38 
[rows 0 to 18 of 53, columns 0 to 42 of 116]
0.106173045933247 0.00841028802096844 0.143684148788452 0.0706772729754448 0.0831035822629929 0.0845290943980217 0.127201810479164 0.074477918446064 0.0749147683382034 0.101057924330235 0.00448580645024776 0.0991301909089088 0.0144342444837093 0.0135066770017147 0.0618745684623718 -0.0530840568244457 0.00518929399549961 0.101795025169849 0.0797955915331841 0.108486846089363 0.159477561712265 0.0744043812155724 0.137362018227577 0.0140262013301253 0.00375162158161402 0.0548171550035477 -0.0173459500074387 0.00704910699278116 0.0141895320266485 0.0815323144197464 0.0845336616039276 0.0276650991290808 0.0742439776659012 0.107795208692551 -0.0331307128071785 0.0749153196811676 0.0544001013040543 0.0305357333272696 0.0191947650164366 0.0969780460000038 0.0503255762159824 0.0287604425102472 -0.0053481962531805
0.0773675963282585 0.0789044052362442 0.0447011329233646 0.0724193006753922 -0.00469754310324788 0.0849754810333252 0.136334329843521 0.120473816990852 0.0267438217997551 0.0354360304772854 0.0354539081454277 0.0676597431302071 0.0808255299925804 0.080356240272522 0.0134403053671122 0.0842850208282471 0.0827390626072884 0.0287522282451391 0.0413532704114914 0.124886028468609 -0.0382423438131809 0.0359725318849087 -0.00234561692923307 -0.040338184684515 0.0623149797320366 0.0387786217033863 0.0989702790975571 0.0444812625646591 0.0186473783105612 0.0395831242203712 0.00400264980271459 0.108374916017056 0.130392551422119 0.101122140884399 0.124494716525078 0.0351045243442059 0.0484870187938213 0.115991562604904 0.0873994380235672 0.0356419943273067 0.0178034529089928 0.0610369145870209 0.0901973620057106
0.028149638324976 0.0243492126464844 0.145042032003403 0.000468441168777645 0.08664720505476 0.0652515962719917 0.0784037262201309 0.0884195789694786 0.11263070255518 0.124391749501228 0.0893399342894554 0.0642166435718536 0.141264870762825 0.0509682595729828 0.117024533450603 0.0166193619370461 0.0285328403115273 0.126617535948753 0.0207587387412786 0.0563482902944088 0.0334914587438107 0.0387696325778961 -0.0482524409890175 -0.00838680285960436 0.100469164550304 0.00539526715874672 0.088582769036293 0.0299967080354691 0.0993749350309372 0.0334226861596107 0.1377844363451 0.0795752927660942 0.0579443760216236 0.0938194766640663 0.0558905005455017 0.0199806541204453 0.0770225375890732 0.0282361190766096 0.0754656940698624 0.0704120770096779 0.095535472035408 0.124892324209213 0.0206142608076334
0.041785292327404 0.0930482000112534 0.134350925683975 0.0325432829558849 0.133139252662659 0.0807280540466309 0.0855649560689926 0.099766805768013 0.103014767169952 0.0319053195416927 0.0580670274794102 0.089815579354763 0.142319992184639 0.0906599164009094 0.0423235259950161 0.0687909126281738 -0.00159561226610094 0.108256451785564 0.049433771520853 0.0943197309970856 0.0333810076117516 0.102139264345169 0.05978749319911 0.0749194249510765 0.021091777831316 0.114316143095493 0.0628241002559662 0.105831824243069 -0.0267520062625408 0.0599111244082451 0.0568361952900887 0.101596772670746 -0.0194966364651918 0.082536406815052 0.0169255938380957 0.205914288759232 0.0103181637823582 0.059803057461977 0.0274834055453539 0.0156445372849703 0.137773975729942 0.138106003403664 0.0872898995876312
0.0751128345727921 0.171748533844948 0.182018727064133 0.0944975316524506 0.1259745657444 0.095270961523056 0.153537854552269 0.0844200626015663 0.0416670814156532 0.0473341271281242 0.0574468560516834 0.0592922233045101 0.0310316495597363 0.0772414728999138 0.0702103972434998 0.116591259837151 0.116186283528805 0.0798753350973129 0.0841536670923233 0.128885596990585 0.0216471143066883 0.121975190937519 0.057263121008873 0.171278089284897 -0.0111920516937971 -0.0469389036297798 0.0961648002266884 0.0221971552819014 0.0501390062272549 -0.0778563022613525 0.0554375052452087 -0.0659124925732613 0.0417640879750252 0.0541313178837299 -0.0152264852076769 0.0444149598479271 0.0852737054228783 0.106687277555466 0.053519032895565 0.0655476301908493 -0.0213105250149965 0.0317659601569176 0.0324818044900894
0.0467362403869629 0.0511188209056854 0.0865042135119438 0.0798403322696686 0.145432025194168 0.11469192057848 0.232172667980194 0.0233356337994337 0.0865414291620255 0.0692923739552498 0.0791512876749039 0.0260021090507507 0.102721102535725 0.0656768903136253 0.111790582537651 0.0826385021209717 0.0649557262659073 0.091017484664917 0.0267654526978731 0.102243900299072 0.0951451435685158 0.160865992307663 0.0371272563934326 0.138348951935768 0.0513845011591911 0.0540106631815434 0.0412901155650616 -0.0737195685505867 0.0278830956667662 0.0340193547308445 0.00839785393327475 0.0701529085636139 0.0286010801792145 0.0225591193884611 0.0346684195101261 0.058439489454031 0.021032365038991 0.0349435657262802 0.100947968661785 0.0862633585929871 0.157991290092468 0.1551703363657 0.0562814362347126
0.00495857885107398 0.149366483092308 0.11796572804451 0.104714214801788 0.149963051080704 0.129646182060242 0.192363619804382 0.0397573448717594 0.135958269238472 0.15367466211319 0.0342633351683617 0.0577061586081982 -0.000343407562468201 0.0665585994720459 0.0842366218566895 0.119230277836323 0.0979373082518578 0.123558484017849 0.155803292989731 0.0118726724758744 0.064849466085434 0.0942436680197716 0.0683913975954056 -0.0157086905092001 0.115227431058884 0.0292459595948458 0.00136638153344393 -0.0261326618492603 0.0866542309522629 0.0982809588313103 0.0301356967538595 0.0446619279682636 0.0449465773999691 0.103404000401497 0.0350059643387794 0.0172576792538166 0.0626295506954193 0.0446947477757931 -0.0211730729788542 0.0227922145277262 0.0167500749230385 0.0399209670722485 0.00549479760229588
-0.00765150785446167 0.0688993632793427 0.218352451920509 0.199808895587921 0.174760684370995 0.194040521979332 0.176435515284538 0.140624716877937 0.119925707578659 0.0361643545329571 0.0342424474656582 0.0773036777973175 0.0383264124393463 0.0590797141194344 -0.0138921393081546 0.147544905543327 0.0542866848409176 0.123951606452465 0.171988427639008 0.0556766577064991 0.123028226196766 0.0497231036424637 0.0920505970716476 0.0339164957404137 0.00394588289782405 0.0200291965156794 0.114493012428284 0.1080222427845 0.0579265728592873 0.0117002390325069 0.0191756337881088 0.0830244645476341 0.0932688936591148 0.08244988322258 0.076947994530201 0.00156046869233251 0.0270306989550591 -0.00811774842441082 0.0782518312335014 0.0541203245520592 -0.0577408522367477 0.0451786555349827 0.088475376367569
-0.0587669648230076 0.0591007508337498 0.106324270367622 0.176537245512009 0.281733065843582 0.191526263952255 0.112927533686161 0.109794497489929 0.0992503613233566 0.0887616351246834 0.0381616503000259 0.0692785754799843 0.0491906926035881 0.104249909520149 0.0985215827822685 0.014912542887032 0.0979106575250626 0.0116829192265868 0.115573555231094 0.0978266671299934 0.0832604542374611 0.0644649267196655 0.113466776907444 0.0423973090946674 0.0645799115300179 0.0697189792990685 0.10800863802433 0.0692532286047935 0.0279421508312225 0.0166702531278133 0.0710087269544601 0.102284155786037 0.0453122518956661 0.000418205949245021 0.0140544641762972 -0.032471664249897 0.0170920360833406 0.146090373396873 0.116017140448093 0.0501611903309822 0.151289150118828 0.0329213291406631 0.0450403802096844
0.0204956848174334 -0.0332651287317276 0.149669453501701 0.173732861876488 0.181773334741592 0.246243387460709 0.188614547252655 0.0755539610981941 0.0611106306314468 0.0784881338477135 0.104065254330635 0.0284209921956062 0.119608506560326 0.0785440802574158 0.015745097771287 -0.00352726178243756 0.0916378647089005 0.114738516509533 0.101239755749702 0.0950590446591377 0.00244299857877195 0.105799287557602 0.0840996280312538 0.029749957844615 0.0790315121412277 0.0255251415073872 0.0508214272558689 0.0443869978189468 -0.0156955067068338 0.181827589869499 -0.0157817155122757 0.0360917188227177 0.0657117888331413 0.136807531118393 0.0990728437900543 0.14355231821537 0.0234257243573666 -0.014838439412415 0.0803767815232277 0.0241041164845228 0.193266570568085 0.0321128964424133 0.141334921121597
0.0170925464481115 0.0278810355812311 0.124094530940056 0.174460083246231 0.226698070764542 0.144033849239349 0.221572414040565 0.115861028432846 0.0999614745378494 0.0651584640145302 0.0252966359257698 0.115934953093529 0.0549570880830288 0.104781948029995 0.0671673864126205 0.0586861744523048 0.0467791296541691 0.0633640587329865 0.0174729209393263 0.0167698040604591 0.0835286378860474 0.0486730188131332 0.0814205631613731 0.0615016669034958 0.100209750235081 0.0268812533468008 0.0879078730940819 0.0539036653935909 0.0861992835998535 0.105041027069092 0.0470514930784702 0.202223062515259 0.207813635468483 0.0833331570029259 -0.0135686965659261 0.0525226853787899 0.0674189478158951 0.0446822643280029 -0.0370430275797844 0.0766701847314835 0.0604476109147072 0.110164530575275 0.0852430388331413
0.00480587594211102 -0.00430523557588458 0.104515336453915 0.207956045866013 0.242027029395103 0.203677222132683 0.136845514178276 0.097067579627037 0.0312687531113625 -0.0284303091466427 0.0647440776228905 0.0977383628487587 0.112995341420174 0.0746846348047256 0.10081934928894 0.103260159492493 0.0934639722108841 0.0244923681020737 -0.0111320102587342 0.0541656650602818 -0.0338072590529919 0.0321235246956348 0.0377333983778954 0.00272917584516108 0.0455852299928665 0.0865601375699043 0.10049994289875 -0.0295990481972694 -0.0481453761458397 0.0444196946918964 -0.048756081610918 0.062175452709198 0.127474874258041 -0.0394679866731167 0.0909954309463501 0.191321685910225 -0.0231175255030394 0.0525155700743198 0.0162619818001986 0.0250103641301394 0.0899569764733315 0.0412562936544418 0.0468307174742222
0.105707667768002 0.0246878396719694 0.11756443977356 0.194953367114067 0.224470987915993 0.186683386564255 0.113636210560799 0.050583329051733 0.0541445910930634 0.117584824562073 0.0374432504177094 0.0964884087443352 0.0613458156585693 0.093302920460701 0.113447308540344 0.0859877839684486 0.102137111127377 0.0980735793709755 0.0551997795701027 -0.00953158643096685 0.00526385381817818 0.0226347222924232 0.0160436481237411 -0.00144911429379135 0.0521504022181034 0.0699181035161018 0.0158905927091837 -0.0293089859187603 0.0234908312559128 0.0273850131779909 -0.00575108313933015 0.0518895573914051 -0.00741316704079509 -0.0111393975093961 0.11107387393713 0.00914236716926098 0.0409946665167809 0.044072013348341 0.0175407845526934 0.0066283056512475 0.135101780295372 0.146640792489052 0.0743106156587601
-0.023558285087347 0.0275842677801847 0.232804551720619 0.1867486089468 0.179986655712128 0.172134965658188 0.072717472910881 0.104444622993469 0.0756833925843239 0.0759784877300262 0.0741761699318886 0.0334699675440788 0.0779978632926941 0.0178325902670622 0.00535184657201171 0.0315746627748013 0.164127007126808 0.152188912034035 0.116831801831722 0.0213853232562542 0.0147431679069996 0.0027175706345588 0.0470147281885147 -0.0422381944954395 -0.00390912778675556 -0.050625316798687 0.0363191291689873 0.0801498144865036 0.0561121068894863 0.0828868076205254 0.051843274384737 0.159947618842125 0.115601427853107 -0.0309795346111059 -0.0364617966115475 0.0233286432921886 0.139842376112938 0.0614461749792099 0.103817470371723 0.135051101446152 0.0670848712325096 -0.0216719247400761 0.116488605737686
-0.0535138547420502 0.058720551431179 0.133720740675926 0.214155539870262 0.213464632630348 0.129620298743248 0.121653780341148 0.0320526920258999 -0.00294994190335274 -0.00526340678334236 -0.050380352884531 0.0444534756243229 -0.00612193858250976 0.101457715034485 0.0426055751740932 0.0414828546345234 0.145480886101723 0.146553426980972 0.0740689262747765 -0.00632927194237709 0.0132092656567693 0.0290316976606846 -0.016152810305357 0.00181648263242096 0.062820129096508 0.0338881053030491 0.0600448399782181 0.127281084656715 0.0795200914144516 0.021691869944334 0.0597492754459381 -0.119698278605938 0.0306737087666988 0.0404672026634216 0.0941584184765816 0.0109910452738404 0.165856018662453 0.0489465445280075 0.0213268585503101 0.0369563028216362 0.102943457663059 0.0696858167648315 0.26818460226059
-0.0214688535779715 0.149710208177567 0.156519070267677 0.279010236263275 0.20982238650322 0.111701652407646 0.0289667621254921 0.103172414004803 -0.0209542382508516 0.0111001757904887 0.000496837426908314 -0.0752969533205032 0.029901061207056 0.0938998833298683 -0.0181144792586565 0.0202021338045597 -0.0377602130174637 0.0322603359818459 0.127411052584648 0.00744156120344996 0.0617298670113087 0.053661897778511 0.0157476179301739 -0.014608483761549 0.0413376167416573 0.137026414275169 0.0542560182511806 0.00670221773907542 -0.0978687927126884 0.0199195984750986 -0.00742931570857763 0.149441793560982 -0.0216166116297245 0.0426969900727272 0.00323324277997017 0.0246848240494728 0.0435649044811726 0.0290972627699375 0.0969824120402336 0.0649478882551193 -0.0187026374042034 0.0175889618694782 0.0476070195436478
0.0770326256752014 0.0880179852247238 0.190343469381332 0.190316691994667 0.173345655202866 0.121221870183945 0.0657096579670906 0.0335053279995918 -0.00527078285813332 0.019483208656311 0.0394535586237907 0.0187762714922428 0.042996060103178 0.0270950254052877 0.0130837224423885 -0.0066753257997334 0.000430156214861199 0.043720431625843 0.0223273914307356 0.0757763683795929 0.0840859189629555 0.0938170403242111 0.11455375701189 0.106085404753685 0.0850348249077797 0.0133462166413665 0.0558936074376106 0.113592244684696 -0.0321504659950733 -0.00131495459936559 0.0610943920910358 0.04230572655797 -0.0314860753715038 0.0933680459856987 -0.0568867698311806 -0.0268458630889654 0.0662329643964767 0.150006398558617 0.0383173711597919 0.0402499735355377 -0.0292847342789173 -0.0394432544708252 0.140842437744141
0.0404574424028397 0.0974628999829292 0.179092571139336 0.21867647767067 0.198345825076103 0.1247513666749 0.073182538151741 0.0380430519580841 0.0565161593258381 0.0582205168902874 0.0980296432971954 -0.0128342509269714 0.0390132181346416 0.0542604252696037 -0.00958532094955444 0.0241325590759516 0.038634892553091 -0.00394845986738801 -0.0436760820448399 -0.0511705353856087 0.011222068220377 0.0733357220888138 0.00989704392850399 0.0145514085888863 0.139046773314476 0.0241401046514511 0.0352276749908924 -0.0640329271554947 0.00957516953349113 0.123744525015354 -0.0163923110812902 0.0279450919479132 -0.149458050727844 0.171330958604813 -0.031030872836709 0.0436211191117764 0.12687274813652 -0.0248944312334061 0.143500655889511 -0.171397760510445 0.0157561264932156 0.178380846977234 -0.0298392493277788
0.0155614912509918 0.0333326496183872 0.189704120159149 0.0919968411326408 0.127508029341698 0.0757366567850113 0.0711333528161049 0.0417221933603287 0.0155476657673717 0.066282607614994 0.0902917385101318 -0.0101220151409507 -0.00597373535856605 0.0341811329126358 0.0373342856764793 0.0729174911975861 -0.00185411667916924 -0.0216064155101776 0.0532166846096516 -0.0681825056672096 0.0177525524049997 -0.0204398725181818 0.0182486698031425 0.0501739755272865 0.0323985517024994 0.052274864166975 0.0772840306162834 0.0624334588646889 0.0412942692637444 0.0940037220716476 0.026976116001606 0.0465121194720268 -0.0153812803328037 0.0202841740101576 0.0145488558337092 -0.0457617826759815 -0.006377337500453 0.0455754026770592 0.059058491140604 0.0647637099027634 0.0394534729421139 0.0140420496463776 0.140934064984322
