assets/gome_f/processed/ascii/us/gome_sif_US_20130101.asc
NCOLS 116 
NROWS 53 
XLLCORNER -125 
YLLCORNER 24.5 
CELLSIZE 0.5 
NODATA_value -3.4e+38 
[rows 0 to 18 of 53, columns 43 to 85 of 116]
-999 -999 -999 -999 -999 -999 -999 -999 -999 -999 -999 -999 -999 -999 -999 -999 -999 -999 -999 -999 -0.118339851498604 0.174613669514656 -999 0.063055731356144 -999 -999 -999 -999 -999 -999 -999 -999 -999 0.327938735485077 -0.0361520200967789 0.0975401625037193 0.0773770362138748 -999 -999 -999 -999 -999 -999
-999 -999 -999 -999 -999 -999 -999 -999 -999 -999 -999 -999 -999 -999 -999 -999 -999 -999 -999 -999 -999 -999 -999 -999 -999 -999 -999 -999 -999 -999 0.114802502095699 0.211727902293205 0.0303468089550734 0.0757840648293495 0.0796232745051384 -0.12109699100256 0.0271142181009054 0.078638881444931 0.0482251420617104 0.0802225992083549 -0.0255436822772026 0.118757106363773 0.0940420180559158
-999 -999 -999 -999 -999 -999 -999 -999 -999 -999 -999 -999 -999 -999 -999 -999 -999 -999 -999 -999 -999 -999 -999 -999 -999 -999 -999 -999 -0.152141436934471 -999 -999 -999 -999 -0.0144108068197966 -0.0469967238605022 -0.00472701201215386 0.040762297809124 0.0357585288584232 0.00611620489507914 0.0620931833982468 -0.0177425388246775 0.00247448682785034 0.0333612710237503
-999 -999 -999 -999 -999 -999 -999 -999 -999 -999 -999 -999 -999 -999 -999 -999 -999 -999 -999 -999 -999 -999 -999 -999 -999 -0.0168703757226467 -0.042431402951479 -999 0.0444296598434448 0.0977362468838692 0.0503526739776134 0.195958271622658 -0.134202852845192 0.150247782468796 0.0326034277677536 0.0481730327010155 -0.0383461490273476 -0.0133626330643892 0.125696241855621 0.104349687695503 -0.00842851866036654 0.0424636229872704 0.128508746623993
-999 -999 -999 -999 -999 -999 -999 -999 -999 -999 -999 -999 -999 -999 -999 -999 -999 -999 -999 -999 -999 -999 -0.0284949019551277 -999 -999 -0.0291919708251953 -999 -0.0150922387838364 -0.0167192965745926 0.042323000729084 0.0336708091199398 -999 0.024343840777874 0.0559974685311317 0.0439964532852173 0.0518734455108643 0.052055299282074 0.187563762068748 -0.0544183403253555 0.106883086264133 -0.00628768745809793 0.0387089252471924 -0.0433185994625092
-999 -999 -999 -999 -999 -999 -999 -999 -999 -999 -999 -999 -999 -999 -999 -999 -999 -999 0.0978076830506325 0.214771211147308 -999 0.0961837321519852 -999 -999 0.170791521668434 0.0732836872339249 -0.0740174949169159 -0.0245498307049274 0.011396948248148 0.0739681199193001 0.0233742315322161 -0.0239606648683548 -0.128788098692894 -0.00317625026218593 -0.105699449777603 0.02883330732584 0.0127484388649464 0.0479215607047081 0.0575563982129097 -0.00757967866957188 0.0904504582285881 -0.0544346272945404 0.0372833497822285
-999 -999 -999 -999 -999 -999 -999 -999 -999 -999 -999 -999 -999 -999 -999 -999 -999 -999 -999 0.0989346876740456 0.161816895008087 0.022885387763381 -0.110089935362339 -0.0171836074441671 -0.111559838056564 0.100122667849064 -0.0226547606289387 -0.016958087682724 0.000735394656658173 -0.0194997042417526 -0.0149001674726605 0.0392075441777706 -0.0384452939033508 0.139746889472008 -999 0.0515413284301758 0.0487902015447617 0.1500244140625 0.141117349267006 0.0572302043437958 0.0457318536937237 -0.120763204991817 0.105355426669121
-999 -0.0651927962899208 -999 -999 -999 -999 -999 -999 -999 -999 -999 -999 -999 -999 -999 -999 -999 -999 -999 -999 -999 -999 0.0961554348468781 -0.0930640548467636 -0.0128701077774167 -999 0.0919265821576118 0.0964145362377167 0.0188612658530474 -0.0535208731889725 0.0664345473051071 -0.0832343995571136 0.00296218413859606 -999 -0.0713538601994514 -0.0342619046568871 0.0477861538529396 -0.000323566782753915 -0.0284583773463964 0.0139778451994061 0.0578486137092113 0.0462347492575645 0.0681991949677467
-999 -999 -999 -999 -999 -999 -999 -999 -999 -999 -999 -999 -999 -999 -999 -999 -999 -999 -999 0.0202885903418064 0.0617792867124081 0.0828784480690956 0.0723072737455368 -0.0242420770227909 0.0479385070502758 0.176171943545341 0.0982431843876839 -999 0.0320004597306252 -0.00889000948518515 0.0766889825463295 0.0600456297397614 -0.00040330589399673 -0.0170244984328747 0.0649562329053879 -0.0328964963555336 0.00541311502456665 0.00839740876108408 -0.00510202348232269 0.0653299912810326 0.0641544982790947 0.0340288020670414 0.0143172787502408
0.00451633566990495 -999 0.0397293083369732 -0.168421417474747 0.0307064354419708 -999 -0.0450032092630863 -999 -999 -999 -999 -999 -999 -999 -999 -999 -999 -999 -999 -999 -999 -0.0700452327728271 0.0175810847431421 0.1069615483284 0.10045900195837 -0.140429630875587 -0.047953262925148 -0.0146728111431003 -0.0259854979813099 0.020593449473381 0.163226783275604 0.0105839893221855 0.0612886361777782 0.0910349413752556 -0.00185644719749689 -0.0053903590887785 -0.0719476714730263 0.0531420037150383 -999 -0.0145992012694478 -0.0307939033955336 -0.0958176031708717 0.0682851001620293
-0.0721612945199013 -999 0.0865154787898064 -0.0676418319344521 -0.076565682888031 -0.127864375710487 0.0124713825061917 -999 -999 -999 -999 -999 -999 -999 -999 -999 -999 -999 -999 -999 -999 -999 0.0125718880444765 -999 0.212742373347282 0.0110091920942068 -0.0212104339152575 0.133001089096069 0.118304878473282 -0.00732797663658857 0.00652655679732561 -0.017507117241621 0.0299225728958845 0.0505473986268044 0.0135958306491375 -0.0300367642194033 0.0432216227054596 0.0315671153366566 0.055205374956131 0.0673674419522285 0.112885266542435 0.00951219815760851 0.0797099843621254
-999 0.205689936876297 0.026130273938179 -0.0124870538711548 -0.0358641259372234 0.37651064991951 0.00131161662284285 -999 -999 -999 -999 -999 -999 -999 -999 -999 -999 -999 -999 -999 -999 -999 -999 -999 -0.155786499381065 0.00528230890631676 0.0805435851216316 0.0389038138091564 -0.0142810996621847 0.117654293775558 0.0120557537302375 0.021909411996603 0.0821442231535912 -0.0597037002444267 0.0261073391884565 -0.0886250212788582 0.0362584888935089 0.117520548403263 0.0467723794281483 0.0888273939490318 0.019475320354104 -0.042383223772049 -0.0050710067152977
-0.0113303251564503 0.00250692549161613 0.0641951560974121 -0.0576326288282871 0.0118937157094479 -0.021396828815341 -0.183344900608063 0.0256960187107325 -999 0.0540970638394356 -999 -999 -999 -999 0.0853444188833237 -999 -999 -999 -999 -999 -0.10941120237112 -999 -999 0.0639371052384377 -999 0.127026244997978 0.206586241722107 0.17696413397789 -0.0198158025741577 0.127058312296867 0.0521064326167107 0.0198597200214863 0.0201754663139582 -0.0432823598384857 -0.0410840883851051 0.0100098559632897 0.0312524139881134 -0.0455194041132927 -0.00605343515053391 0.0374385081231594 0.123783886432648 -0.0633375942707062 -0.0898404344916344
0.0330742299556732 0.0497083887457848 -0.035232562571764 0.043480172753334 -999 -0.00615762919187546 -0.156758904457092 0.0455270558595657 0.107562609016895 -0.0179112274199724 -999 0.00899058487266302 -999 0.0117986397817731 0.057017769664526 -0.0496024787425995 -0.291999161243439 -999 0.069124236702919 0.0595125108957291 -0.107478506863117 0.0772490799427032 -0.0988793671131134 -0.0575900934636593 0.0157245472073555 0.00399971287697554 -0.0954219102859497 -0.0529082305729389 0.0558444894850254 -0.0622876212000847 -0.0372044406831264 0.051141083240509 -0.0416927635669708 0.0893608406186104 -0.0739488825201988 0.0509891025722027 -999 0.0757467076182365 -0.0815380737185478 0.0307552684098482 0.0226419512182474 0.0184989776462317 0.020937193185091
-8.29398632049561e-05 0.168867275118828 0.00405881553888321 -999 0.0815409570932388 0.137064516544342 0.00177820259705186 0.120882928371429 -0.199335187673569 -999 0.0537931248545647 -0.0337879694998264 0.0462442226707935 -0.0392084792256355 0.112140193581581 0.12466111779213 0.0271234679967165 0.224993944168091 0.0472281500697136 0.0702735930681229 -0.0205079801380634 0.0439143255352974 -0.0795125961303711 0.116159528493881 0.0340351462364197 0.0844021141529083 -0.0594755634665489 0.125364720821381 0.114956475794315 0.0685807317495346 0.0485600382089615 0.0789673775434494 -0.0336694233119488 0.0103331059217453 -0.0773482099175453 0.0340652763843536 0.0707458108663559 0.101329699158669 0.0595869943499565 -0.0214475952088833 -0.00592322973534465 0.170585751533508 0.0513025708496571
-0.00188312609679997 0.0121813006699085 -0.0584402158856392 -999 0.187682747840881 0.0206082798540592 -0.0111720152199268 -0.0317933969199657 0.086940310895443 -0.101079493761063 0.0570107772946358 0.015409235842526 0.111347563564777 0.0907479822635651 0.0556667037308216 -0.0320732109248638 -0.0280418880283833 -0.0693207234144211 -0.0348626226186752 0.0211662892252207 -0.0781440660357475 0.0332099832594395 -0.155600219964981 -0.000274189893389121 -0.00412268191576004 0.0871669948101044 -0.117229074239731 -0.0964502468705177 0.0863971337676048 0.0235299132764339 0.0900369212031364 0.165926426649094 0.0031076967716217 0.0424377843737602 -0.0446423217654228 0.107727788388729 -0.00656057382002473 -0.00613891193643212 0.0700874105095863 -0.0402433983981609 0.0393913313746452 -0.00509051745757461 0.0508453920483589
0.0512792058289051 0.0625003203749657 -0.0230703260749578 0.0712504386901855 -999 0.115173161029816 0.0865832194685936 0.0160801932215691 0.0119235785678029 0.00676910858601332 -0.104162834584713 0.10057458281517 -0.0309774987399578 0.0218079332262278 0.00770677998661995 0.0939245596528053 0.0670604035258293 0.125674977898598 -0.0313599444925785 0.0518230274319649 -0.0508386828005314 0.0528928227722645 -0.00990027375519276 0.0820236951112747 -0.0443124286830425 -0.0136720584705472 0.00205461191944778 -0.0707479938864708 0.0048436913639307 -0.151160061359406 0.0333867967128754 0.025941401720047 -0.0443275570869446 -0.0463307537138462 0.00967315025627613 0.186957150697708 -0.0401961877942085 0.0417018234729767 0.0157202258706093 0.131689876317978 0.0563021525740623 -0.0364251360297203 0.0619288869202137
0.0752732083201408 -0.0164266414940357 0.140603989362717 -0.00675059342756867 -0.00703876977786422 0.0436932481825352 0.0235153622925282 -0.0241029225289822 0.0540958754718304 0.018545301631093 -0.0142874158918858 -0.00706375483423471 0.0512232482433319 -0.0927886515855789 0.0207468122243881 -0.0218782555311918 0.0476145856082439 -0.00899971835315228 0.0311593115329742 -0.063652865588665 0.0247977059334517 0.00307288160547614 -0.0183501914143562 -0.000663880258798599 0.0474888309836388 0.106919504702091 -0.0316473357379436 -0.010324640199542 0.0448891334235668 0.0804705247282982 -0.0218633655458689 -0.00677060522139072 -0.0412003211677074 -0.0673466399312019 0.0201100446283817 0.00390470400452614 0.000454145891126245 -0.0213780365884304 -0.152084499597549 -0.00696118082851171 0.0514613687992096 -0.012113424949348 -0.0187727548182011
-0.0726882964372635 -0.0668061822652817 -0.0464995354413986 0.0238735526800156 0.0107122901827097 -0.104595303535461 0.0284741297364235 0.0919660553336143 0.0223653614521027 -0.041538417339325 0.0210127849131823 0.00751635758206248 -0.0596329048275948 0.0170035157352686 -0.0304455161094666 0.00601870054379106 -0.0312121342867613 -0.0789080560207367 0.0159974582493305 0.060411773622036 0.0318045727908611 0.0694463849067688 -0.0344993323087692 0.0971923992037773 -0.0263253655284643 -0.0103544611483812 0.0161369908601046 -0.00241215783171356 0.0444286055862904 -0.00960190780460835 0.0179235301911831 -0.0704091638326645 0.0145928673446178 -0.00768248736858368 0.0778015181422234 -0.00169388577342033 0.0146091980859637 -0.0559365227818489 0.0676782503724098 0.0680964142084122 0.0969793424010277 0.0664732828736305 -0.0050077186897397
