assets/gome_f/processed/ascii/us/gome_sif_US_20110801.asc
NCOLS 116 
NROWS 53 
XLLCORNER -125 
YLLCORNER 24.5 
CELLSIZE 0.5 
NODATA_value -3.4e+38 
[rows 0 to 18 of 53, columns 44 to 87 of 116]
0.416879415512085 0.505888044834137 0.484603345394135 0.473681747913361 0.505951941013336 0.613993585109711 0.490941822528839 0.401676714420319 0.339822679758072 0.261724919080734 0.377830743789673 0.414602488279343 0.328239768743515 0.382216364145279 0.295778840780258 0.298742353916168 0.197012320160866 0.330534487962723 0.375213712453842 0.328678041696548 0.369538635015488 0.280195653438568 0.126221418380737 0.249958574771881 0.283032327890396 0.189866408705711 0.163336887955666 0.271333307027817 0.311513781547546 0.321889340877533 0.269341468811035 0.288880795240402 0.400902032852173 0.201505750417709 0.259565412998199 0.29711726307869 0.175826922059059 0.168825596570969 0.205579280853271 0.295201927423477 0.210629746317863 0.279409974813461 0.15032060444355 0.301399767398834
0.340191572904587 0.403556615114212 0.524209260940552 0.472468256950378 0.587817847728729 0.495530128479004 0.570877313613892 0.433085918426514 0.481460452079773 0.332623869180679 0.352829843759537 0.387122809886932 0.380438268184662 0.493955671787262 0.338116526603699 0.351219087839127 0.378658443689346 0.305878251791 0.391894936561584 0.448787480592728 0.114992171525955 0.350731015205383 0.296933144330978 0.397065341472626 0.319486171007156 0.262137353420258 0.275920838117599 0.387886792421341 0.29238560795784 0.336449235677719 0.185338690876961 0.334546387195587 0.3945671916008 0.338540107011795 0.394508689641953 0.386570453643799 0.252493411302567 0.341277271509171 0.284386157989502 0.371974527835846 0.248914107680321 0.206601783633232 0.243726432323456 0.335091710090637
0.404420793056488 0.347783446311951 0.475512862205505 0.364006102085114 0.475513905286789 0.459374070167542 0.477818936109543 0.449626624584198 0.489273011684418 0.623263537883759 0.526435256004333 0.517651677131653 0.439315497875214 0.50706672668457 0.411301076412201 0.29967474937439 0.353771239519119 0.183297112584114 0.338280230760574 0.300268471240997 0.334479987621307 0.361856639385223 0.351289510726929 0.369042277336121 0.237488716840744 0.321779578924179 0.365061670541763 0.432354211807251 0.282074183225632 0.183899328112602 0.269025772809982 0.327364981174469 0.354514539241791 0.262373983860016 0.360085636377335 0.155582189559937 0.327229589223862 0.438872069120407 0.405800938606262 0.34327632188797 0.381857544183731 0.238906338810921 0.296506881713867 0.329458564519882
0.355011880397797 0.31504425406456 0.366368442773819 0.394172310829163 0.410064786672592 0.381604194641113 0.540644645690918 0.518421947956085 0.518830955028534 0.645900547504425 0.627071976661682 0.668258011341095 0.566449403762817 0.515441119670868 0.440146625041962 0.409137904644012 0.310993731021881 0.372306108474731 0.259175598621368 0.346126973628998 0.40885466337204 0.363319545984268 0.27414533495903 0.363470107316971 0.321309745311737 0.389637142419815 0.294424951076508 0.480138540267944 0.477809578180313 0.247822046279907 0.39120826125145 0.374122768640518 0.400979727506638 0.460024952888489 0.371747106313705 0.369608551263809 0.458388805389404 0.414393723011017 0.656090676784515 0.463598102331161 0.580147624015808 0.409835040569305 0.411199808120728 0.409050464630127
0.389780551195145 0.449390709400177 0.344386667013168 0.15396386384964 0.390776067972183 0.358480513095856 0.604989290237427 0.523738086223602 0.724716186523438 0.714967727661133 0.711366951465607 0.645032048225403 0.615952968597412 0.697402238845825 0.62866598367691 0.525300860404968 0.50177663564682 0.506046175956726 0.556461989879608 0.387321382761002 0.386651277542114 0.402660131454468 0.458052694797516 0.462736934423447 0.452925592660904 0.505281805992126 0.448835372924805 0.493114978075027 0.311067461967468 0.319768935441971 0.238084450364113 0.127339765429497 0.0800719484686852 0.259526431560516 -0.256148338317871 0.382192730903625 0.307171553373337 0.357089191675186 0.321571171283722 0.400075733661652 0.391881018877029 0.382386326789856 0.426514029502869 0.478104084730148
0.390596628189087 0.446106761693954 0.430190086364746 0.486675530672073 0.406873017549515 0.485699653625488 0.478971809148788 0.442832082509995 0.706449806690216 0.619820773601532 0.664257943630219 0.62184727191925 0.768770098686218 0.517519593238831 0.649210095405579 0.505833685398102 0.440310657024384 0.389769822359085 0.391059190034866 0.597408771514893 0.497204780578613 0.478068441152573 0.397708028554916 0.341501295566559 0.452555954456329 0.389022618532181 0.454271376132965 0.36403214931488 0.210771217942238 0.0939622819423676 0.0356367118656635 -0.00600214814767241 -0.0235770139843225 0.129811435937881 0.322971045970917 0.401589423418045 0.43536052107811 0.382177531719208 0.35608583688736 0.51363867521286 0.474930077791214 0.339421272277832 0.512793481349945 0.370361566543579
0.504149258136749 0.451818406581879 0.521012485027313 0.470845431089401 0.512462139129639 0.535011231899261 0.464237153530121 0.558685421943665 0.617283940315247 0.575663268566132 0.828265070915222 0.628543317317963 0.79612809419632 0.802344739437103 0.667293906211853 0.715451061725616 0.466423094272614 0.662590384483337 0.440116733312607 0.646640181541443 0.505764067173004 0.566972672939301 0.509795844554901 0.408203333616257 0.337971895933151 0.247093722224236 0.223246917128563 0.110326416790485 0.106838181614876 0.0825053602457047 0.0384807214140892 -0.0393419414758682 -0.0389146059751511 0.0347357168793678 0.0664273425936699 0.119301654398441 0.384912550449371 0.486758381128311 0.468886613845825 0.448684960603714 0.382750153541565 0.355480402708054 0.371664583683014 0.488543838262558
0.407583266496658 0.491026818752289 0.531465291976929 0.648909330368042 0.496761709451675 0.646296858787537 0.438996970653534 0.622154474258423 0.722714364528656 0.664520740509033 0.769793391227722 0.678732573986053 0.835828840732574 0.766794681549072 0.663759768009186 0.552491545677185 0.670135200023651 0.602064251899719 0.554506421089172 0.685083866119385 0.607758164405823 0.409814685583115 0.541411697864532 0.187858983874321 0.133354410529137 -0.0275933910161257 0.0701816752552986 0.159505441784859 0.220956638455391 0.372530877590179 0.146266371011734 0.0612006299197674 -0.0914221480488777 0.122148223221302 0.0204972997307777 0.0162877161055803 0.227954655885696 0.42063382267952 0.407399415969849 0.426079899072647 0.388374447822571 0.357626467943192 0.379466474056244 0.532367408275604
0.444555103778839 0.511947810649872 0.51523756980896 0.595926403999329 0.499982684850693 0.662353992462158 0.626630425453186 0.637413203716278 0.710275173187256 0.683207869529724 0.731061995029449 0.526197373867035 0.602299630641937 0.751307725906372 0.506007075309753 0.759041130542755 0.769952118396759 0.580905973911285 0.653892934322357 0.654387593269348 0.496540904045105 0.626368880271912 0.647180497646332 0.375926733016968 0.460473477840424 0.376619160175323 0.285338938236237 0.588785350322723 0.447629570960999 0.614103198051453 0.424444437026978 0.345554858446121 0.149905115365982 0.264934837818146 0.324786841869354 0.194058254361153 0.25027859210968 0.393978118896484 0.629137814044952 0.42460972070694 0.431611597537994 0.460783898830414 0.473461359739304 0.539002537727356
0.357018291950226 0.462270826101303 0.373795628547668 0.447396636009216 0.450746774673462 0.572196125984192 0.74802553653717 0.61992734670639 0.723085522651672 0.761184334754944 0.575666189193726 0.741854131221771 0.756545603275299 0.70464038848877 0.771634459495544 0.64588189125061 0.845142602920532 0.682734966278076 0.541583061218262 0.646716713905334 0.658575832843781 0.845160603523254 0.677966892719269 0.793004155158997 0.66962718963623 0.697585999965668 0.627783358097076 0.539128720760345 0.777176141738892 0.634242355823517 0.43980684876442 0.569753527641296 0.440376877784729 0.534432232379913 0.44394126534462 0.42821079492569 0.475424498319626 0.401128828525543 0.351179599761963 0.390812367200851 0.355655699968338 0.36935231089592 0.327682197093964 0.470198541879654
0.376623243093491 0.356401532888412 0.314842253923416 0.253435999155045 0.470787316560745 0.425472170114517 0.551356971263885 0.607110440731049 0.658284962177277 0.718152940273285 0.588513374328613 0.78336888551712 0.767595648765564 0.704318583011627 0.752334535121918 0.704610764980316 0.788451731204987 0.729188680648804 0.67936372756958 0.703252792358398 0.698567032814026 0.77816367149353 0.719965219497681 0.88679301738739 0.619063973426819 0.71114718914032 0.583510875701904 0.676979184150696 0.681302547454834 0.53916984796524 0.621022164821625 0.426839917898178 0.262724071741104 0.260840684175491 0.144924506545067 0.198999181389809 0.324456661939621 0.311970293521881 0.195319414138794 0.0985004529356956 0.199719458818436 0.0746491923928261 0.216387838125229 0.0387770235538483
0.395778328180313 0.349772959947586 0.319868892431259 0.345374971628189 0.403116434812546 0.472673922777176 0.585446238517761 0.719355821609497 0.73325902223587 0.73355370759964 0.736574530601501 0.686571717262268 0.646270513534546 0.752991139888763 0.979491293430328 0.862115025520325 0.872431039810181 0.729932188987732 0.818184018135071 0.531165599822998 0.68635356426239 0.662280857563019 0.945495963096619 0.720843553543091 0.806264221668243 0.774631142616272 0.800195574760437 0.675398111343384 0.731257617473602 0.55455207824707 0.59836733341217 0.0637684911489487 0.162303224205971 0.040385328233242 0.0443192273378372 0.182978972792625 0.482755094766617 0.527405560016632 0.570028841495514 0.269909709692001 0.118325002491474 -0.0245852787047625 0.0780703350901604 0.036569632589817
0.258935570716858 0.353359311819077 0.347366034984589 0.288980901241302 0.308913439512253 0.34637114405632 0.476205438375473 0.693223059177399 0.737276434898376 0.705139875411987 0.763164222240448 0.840715408325195 0.792173445224762 0.856914520263672 1.07469010353088 0.81408679485321 1.07521533966064 0.819004058837891 0.799914181232452 0.639490962028503 0.810101985931396 0.798946619033813 0.956800997257233 0.904946386814117 0.846673369407654 0.739934623241425 0.805495023727417 0.758626878261566 0.880000710487366 0.749959051609039 0.548975884914398 0.285865485668182 0.113385498523712 0.192530810832977 0.351957112550735 0.586478471755981 0.630890011787415 0.569099724292755 0.54030054807663 0.380368620157242 0.0792017430067062 0.0641423389315605 0.0843434557318687 0.27393913269043
0.302466452121735 0.319525241851807 0.372783780097961 0.463130295276642 0.402969837188721 0.395862191915512 0.498142123222351 0.619159638881683 0.651624619960785 0.727358818054199 0.783540070056915 0.808430671691895 1.00899457931519 0.904098212718964 1.08124768733978 0.945884346961975 1.13591003417969 0.955073118209839 1.09753310680389 0.956813216209412 0.765829741954803 1.00723540782928 0.849239945411682 0.766226172447205 0.806773841381073 0.705904722213745 0.71352219581604 0.735211491584778 0.735218405723572 0.611128091812134 0.667845666408539 0.378250896930695 0.060550581663847 0.286956131458282 0.62684154510498 0.593295514583588 0.744544386863708 0.625314950942993 0.598352670669556 0.306063264608383 0.12561197578907 0.0695873126387596 0.186487123370171 0.467034816741943
0.284948706626892 0.271751374006271 0.302791684865952 0.407522708177567 0.461076200008392 0.535658299922943 0.565476536750793 0.653280913829803 0.735255777835846 0.68358314037323 0.825088202953339 0.920007348060608 0.990920007228851 0.928344905376434 1.03842127323151 0.856736183166504 0.997697651386261 0.942960977554321 1.08266806602478 1.00108957290649 0.932112157344818 1.01152122020721 0.854430019855499 0.807096779346466 0.907265484333038 0.714557349681854 0.651112854480743 0.684433221817017 0.744035959243774 0.709802150726318 0.706798911094666 0.195312440395355 0.106119334697723 0.274791061878204 0.699776768684387 0.621946632862091 0.784254372119904 0.769701063632965 0.643440008163452 0.573621213436127 0.747536480426788 0.345118254423141 0.179296582937241 0.735637664794922
0.255017638206482 0.32901856303215 0.537272572517395 0.493843287229538 0.582443833351135 0.469175845384598 0.659254908561707 0.599072575569153 0.722083389759064 0.505557954311371 0.868969142436981 0.817461371421814 1.08909392356873 1.0652939081192 1.11249887943268 0.99463301897049 1.05542123317719 1.0728759765625 1.01175713539124 1.04587161540985 0.965592443943024 1.09824860095978 0.845669329166412 0.970436751842499 0.882033467292786 0.806649506092072 0.541415989398956 0.861149489879608 0.702102661132812 0.595162093639374 0.548201203346252 0.156888321042061 0.125485762953758 0.280810952186584 0.634899020195007 0.808339238166809 0.751558899879456 0.72994726896286 0.795071840286255 0.596129834651947 0.711630523204803 0.399163722991943 0.467836678028107 0.76411372423172
0.330850630998611 0.389748513698578 0.408282697200775 0.39008891582489 0.448226928710938 0.469210088253021 0.538775980472565 0.582696616649628 0.783499121665955 0.653833270072937 0.867152214050293 0.706907033920288 0.814957141876221 1.03798091411591 0.941994190216064 1.02045893669128 1.08676111698151 1.06727945804596 1.11947226524353 0.972621023654938 1.0448145866394 1.10103392601013 1.07147622108459 0.98068630695343 0.859084904193878 0.935322403907776 0.906163334846497 0.895784854888916 0.784841001033783 0.744836330413818 0.442870914936066 0.052470825612545 -0.0107313366606832 0.274246543645859 0.487344771623611 0.644525527954102 0.837260544300079 0.722988367080688 0.756716907024384 0.567976355552673 0.601772725582123 0.837880551815033 0.692119538784027 0.471267431974411
0.364863991737366 0.366249769926071 0.319172739982605 0.305927872657776 0.43530461192131 0.382956832647324 0.469701617956161 0.45758455991745 0.496303230524063 0.784347474575043 0.930999100208282 1.00110113620758 0.991037428379059 0.95033073425293 0.909160912036896 1.04934668540955 0.91325706243515 1.09992218017578 0.925735592842102 0.98200535774231 1.14188086986542 0.937960982322693 1.03870117664337 1.00757467746735 0.917076230049133 0.854551017284393 0.879028379917145 0.914441764354706 0.884490013122559 0.821680307388306 0.521089851856232 0.127875089645386 0.22358438372612 0.381036043167114 0.462821692228317 0.736891806125641 0.838863670825958 0.710484147071838 0.776049971580505 0.511338472366333 0.706253111362457 0.515503704547882 0.355211973190308 0.195058226585388
0.330732882022858 0.32595083117485 0.35104364156723 0.50863641500473 0.372282326221466 0.34689861536026 0.498999178409576 0.650652587413788 0.626976668834686 0.835709631443024 0.95450496673584 1.08143150806427 1.00118100643158 0.922873258590698 0.972254693508148 1.13377571105957 1.01594829559326 1.07206630706787 0.974578082561493 0.890353202819824 1.0520932674408 0.976424217224121 0.919567406177521 1.01573181152344 1.02948880195618 0.945066928863525 0.962014734745026 0.821431159973145 0.934429228305817 0.939834833145142 0.49051570892334 0.524416625499725 0.425446569919586 0.644209504127502 0.825503706932068 0.794906198978424 0.765572011470795 0.799350500106812 0.770287573337555 0.608273863792419 0.253673285245895 0.188093915581703 0.209874257445335 0.318523168563843
