assets/gome_f/processed/ascii/us/gome_sif_US_20130301.asc
NCOLS 116 
NROWS 53 
XLLCORNER -125 
YLLCORNER 24.5 
CELLSIZE 0.5 
NODATA_value -3.4e+38 
[rows 19 to 37 of 53, columns 43 to 85 of 116]
0.0230904538184404 0.0115268928930163 -0.0650736689567566 -0.0214220378547907 0.029050724580884 0.0652206242084503 -0.0369398519396782 0.0536576472222805 -0.0241092592477798 0.0434694923460484 0.0381499715149403 0.02097437530756 -0.0450522601604462 0.0312649719417095 -0.0379075407981873 0.00355594279244542 0.0862852036952972 0.166241899132729 0.18421570956707 -0.0585311129689217 0.0402791909873486 0.00756449159234762 0.0659561678767204 -0.0069782524369657 -0.00442606303840876 0.08289834856987 0.011916090734303 0.0114824706688523 -0.0941932797431946 0.0123374136164784 -0.0359796248376369 -0.0121573712676764 -0.0565007552504539 -0.0282749962061644 0.0341239273548126 0.242036625742912 0.0470431856811047 0.0551379881799221 0.0539399422705173 0.031081011518836 0.142206802964211 0.0560603179037571 0.0444336161017418
-0.0385875850915909 0.0224960185587406 0.00831505097448826 0.0291382875293493 0.153264462947845 0.0853998959064484 -0.0221713818609715 0.0633084401488304 0.0595932267606258 -0.0379646979272366 -0.0375774763524532 0.0515098907053471 0.028038565069437 0.00500524463132024 0.109976395964622 0.00578703731298447 0.0068489583209157 0.0223517920821905 0.0343163423240185 0.126597881317139 -0.0516232587397099 0.167340323328972 0.0429067984223366 0.0640223994851112 0.22579088807106 0.0491080172359943 0.101160399615765 0.0317127071321011 0.166631832718849 -0.140238985419273 0.128392279148102 0.0413751937448978 0.0369627773761749 0.0943640023469925 -0.00331892701797187 0.0219026897102594 -0.0338274352252483 0.0608160234987736 0.120242275297642 0.047255914658308 0.12244925647974 0.0853001773357391 0.0428011305630207
0.0615875869989395 -0.00470246048644185 0.0721139907836914 0.0103674810379744 0.0374420918524265 0.0848944708704948 0.0307039730250835 -0.0364660546183586 0.0435417294502258 0.00530484970659018 0.0639083608984947 0.0406304970383644 -0.0426227599382401 -0.0069907414726913 0.0701903998851776 0.0346776321530342 0.0564455054700375 0.0967451184988022 0.170793443918228 -0.00743003189563751 -0.0181977730244398 0.00779211288318038 0.182802692055702 0.0589847303926945 0.0300749111920595 0.153836950659752 0.0355681665241718 0.0718058347702026 -0.0422099642455578 -0.0924661383032799 0.0182365160435438 0.0488687120378017 0.0487133637070656 0.0808435380458832 -0.0942670628428459 -0.081945575773716 0.0774428471922874 -0.0162933543324471 -0.0589298158884048 0.14636655151844 0.0891599878668785 0.0727505832910538 0.181441456079483
0.251905292272568 0.102403819561005 0.00495172571390867 0.0476341359317303 0.0539053790271282 0.0424340255558491 -0.0297013483941555 -0.0463777557015419 0.0410954430699348 -0.0972446277737617 -0.0163850709795952 0.198212504386902 0.0862707942724228 0.135166257619858 0.0294073224067688 -0.128733515739441 0.0878977477550507 -0.0418866872787476 0.15003377199173 0.00841796491295099 0.0372730940580368 0.0708298310637474 0.0676613450050354 0.0835957899689674 0.0606167875230312 -0.145391508936882 0.033234991133213 0.0193293876945972 0.156495600938797 -0.0551656149327755 0.0662012472748756 0.0565838553011417 -0.0871284604072571 0.181353136897087 0.0812118351459503 0.026432054117322 0.00433264905586839 -0.00602843053638935 0.293497055768967 0.172423705458641 0.10721679776907 0.154666990041733 0.088831253349781
-0.0321351140737534 0.104299567639828 0.0386268459260464 -0.000949344481341541 -0.0113163329660892 0.0368271693587303 0.0557529032230377 -0.00169868767261505 -0.0125071285292506 0.100354321300983 0.187191963195801 -0.0124034490436316 0.0601543076336384 0.10808577388525 0.0237551778554916 0.0548872947692871 0.180497691035271 0.0696052834391594 0.120132759213448 0.0712645053863525 -0.00778345530852675 0.128458961844444 0.106971077620983 0.0999649316072464 0.0494570955634117 0.0994925498962402 0.180654808878899 -0.00121277628932148 0.083875872194767 0.0935844704508781 0.0628957152366638 0.0670078471302986 0.0127212125808001 0.151867240667343 0.0553952753543854 -0.0425015091896057 0.0695343092083931 0.0982653498649597 0.104309052228928 -0.0599617511034012 0.0430987291038036 0.153937220573425 0.137256771326065
0.0726827755570412 -0.0176749601960182 -0.00251409457996488 0.0783605054020882 0.11820001155138 0.0488838814198971 0.0541100986301899 0.193822458386421 0.160523802042007 0.0836996659636497 0.113433107733727 0.285225838422775 0.240754991769791 0.196484506130219 -0.0537781082093716 0.0425978861749172 0.159989416599274 0.0811454132199287 0.0852998793125153 0.0955775529146194 0.140858232975006 0.123737372457981 0.274434357881546 -0.0102436766028404 0.0115511203184724 0.237464010715485 0.145547047257423 0.214418694376945 0.27090185880661 0.0772734805941582 0.220997601747513 0.126176372170448 -0.0260227918624878 0.118218347430229 0.0902156233787537 0.224470481276512 0.153248772025108 0.0808275490999222 0.131740242242813 0.0922536179423332 0.116541393101215 0.0403238423168659 0.0382410511374474
-0.0305746104568243 0.0423893220722675 -0.00790839549154043 0.0813558772206306 0.129621267318726 0.099178746342659 0.0899838358163834 0.0724701881408691 0.11146318167448 0.249477595090866 0.153229311108589 0.15476006269455 0.228091180324554 0.16365846991539 -0.0396135188639164 0.0992413461208344 0.0726770162582397 0.200745686888695 0.136615827679634 0.0715013593435287 0.114511631429195 0.232288837432861 0.0376689359545708 0.0849335044622421 0.171094164252281 0.107371643185616 0.157662883400917 0.188982874155045 0.0872939005494118 0.0557905323803425 0.182199463248253 0.0905873030424118 0.148128002882004 0.241213411092758 0.130536541342735 0.17395094037056 0.197123244404793 0.141014382243156 0.0925697088241577 0.149287715554237 0.143883109092712 0.0306036658585072 0.0697319135069847
0.0535149499773979 0.0289879906922579 0.209373131394386 0.0943951606750488 0.102779239416122 0.0376420505344868 0.19610932469368 0.146295338869095 0.149651825428009 0.080087810754776 0.187127515673637 0.169920012354851 0.203816816210747 0.137036308646202 0.115531913936138 0.136653825640678 0.113213166594505 0.200561434030533 0.104225523769855 0.16793766617775 0.153613418340683 0.00422778679057956 0.0221769958734512 0.0347046032547951 0.0902571976184845 0.0201329328119755 0.0370532907545567 0.223759993910789 0.0875082314014435 0.131857663393021 0.187395095825195 0.115053437650204 0.0990539640188217 0.227733209729195 0.00547060091048479 0.0781107693910599 0.150431469082832 0.0886800661683083 0.202197819948196 0.0828980952501297 0.0397961176931858 0.0318006426095963 0.136538460850716
-0.0288216173648834 -0.0455269180238247 0.125533074140549 0.0481326691806316 0.128600671887398 0.0983115956187248 0.126278400421143 0.042906142771244 0.0991318672895432 0.0881653800606728 0.165444523096085 0.163475409150124 0.19517870247364 0.179477334022522 0.0366929471492767 0.112069718539715 0.157323002815247 0.119776830077171 0.189422160387039 0.194175839424133 0.172643557190895 0.142090201377869 0.144048050045967 0.021108865737915 0.111551500856876 0.00679551949724555 0.132556200027466 0.227296650409698 0.134849071502686 0.166715621948242 0.130937159061432 0.236401006579399 0.150305584073067 0.149864688515663 0.106402710080147 0.0875046104192734 0.110680118203163 0.166434183716774 0.151599615812302 -0.0320486910641193 -0.0161474514752626 0.031476829200983 0.11672381311655
-0.0296056196093559 0.0425360314548016 0.0504639521241188 0.158650949597359 0.0845567658543587 0.0989697352051735 0.0985029116272926 0.102494738996029 0.113715663552284 0.219534799456596 0.171188071370125 0.291121006011963 0.128948569297791 0.0706106498837471 0.0702756196260452 0.10397981107235 0.0648218244314194 0.15823720395565 0.205794095993042 0.133820042014122 0.0801111459732056 0.130755409598351 -0.014552409760654 0.0316993370652199 0.284053146839142 0.137317836284637 0.121100209653378 0.116801962256432 0.188447624444962 0.184652730822563 0.219014793634415 0.161787062883377 0.238560751080513 0.227910548448563 0.198119640350342 0.154614523053169 0.149559408426285 0.112466000020504 -0.0319314002990723 0.232750102877617 0.0358260907232761 0.0817323103547096 0.00375824165530503
0.00388959306292236 0.0712404996156693 0.130613163113594 0.0710805729031563 -0.00621639704331756 0.0413856767117977 0.0626428499817848 0.0510279536247253 0.115823842585087 0.142674222588539 0.267565250396729 0.204781517386436 0.0921758338809013 0.0891093015670776 0.086500883102417 0.128913059830666 0.142421334981918 0.148845642805099 0.164163276553154 0.144537895917892 0.126264125108719 0.11190576851368 0.136829897761345 0.021043810993433 0.100305989384651 0.0791866257786751 0.0781959220767021 0.0392428785562515 0.203438431024551 0.117942772805691 0.23567596077919 0.0508237741887569 0.0518330782651901 0.159568190574646 0.114170111715794 0.220119073987007 -0.0325491800904274 0.00333267450332642 0.0552767291665077 0.0910437405109406 0.0578931905329227 0.154470875859261 0.137598246335983
-0.0448828302323818 -0.00328620220534503 0.0961723402142525 0.11775378882885 0.116785436868668 0.0458774231374264 0.0221500527113676 0.172824382781982 0.173266917467117 0.0700838565826416 0.270441353321075 0.273478627204895 0.184595912694931 0.119873873889446 0.129550531506538 0.088646687567234 0.155577331781387 0.110223650932312 0.0943059325218201 0.0145717887207866 0.117816299200058 0.103824846446514 0.0343880876898766 0.0279912706464529 0.12261426448822 0.0960743725299835 0.0551729202270508 0.0769873335957527 0.207661017775536 0.156932041049004 0.191404804587364 0.0788063183426857 0.00792781356722116 0.337973266839981 0.1198495849967 0.154130026698112 0.152920320630074 0.153121933341026 0.0375449396669865 0.128857478499413 0.085196241736412 0.217151165008545 -0.0041885762475431
0.0306182503700256 0.154441431164742 0.167577937245369 0.0447416864335537 0.0651944577693939 0.069789282977581 0.080037347972393 0.127149075269699 0.28238371014595 0.290524363517761 0.203850984573364 0.226292222738266 0.143845066428185 0.203126847743988 0.0702111423015594 0.095310814678669 0.136054456233978 0.173317894339561 0.1618522554636 0.182990178465843 0.109933659434319 0.274389564990997 0.11625599861145 0.0726896300911903 0.247662663459778 0.177660450339317 0.0934161022305489 0.0286303255707026 0.173506185412407 0.00938134547322989 0.0758963748812675 0.15178470313549 0.127811312675476 0.179070815443993 0.13713513314724 0.162043169140816 0.133764252066612 0.270305275917053 -0.00726027274504304 0.256313920021057 -0.01947957649827 0.0905736833810806 0.226770415902138
0.0909472405910492 0.0994258150458336 0.108125619590282 0.122795902192593 0.10232600569725 0.0473199374973774 0.126169428229332 0.0978548675775528 0.346853941679001 0.273454397916794 0.133858725428581 0.138799846172333 0.218261227011681 0.098312221467495 0.114267699420452 0.115028455853462 0.103482633829117 0.10527315735817 0.153685465455055 0.14895848929882 0.0987069606781006 -0.0286260806024075 0.19089487195015 0.30129536986351 0.115323208272457 0.138485834002495 0.231245473027229 0.122639618813992 0.0541201084852219 0.141842648386955 0.164267718791962 0.234602481126785 0.417271822690964 0.227508708834648 0.170751318335533 0.154028311371803 0.273245245218277 0.222443252801895 0.0908748134970665 0.106565907597542 0.0714907124638557 0.0667324140667915 0.0813935175538063
0.186192542314529 0.115339942276478 0.262131243944168 0.0643773153424263 0.0577777698636055 0.0266796555370092 0.0108473598957062 0.106834337115288 0.3043552339077 0.344770073890686 0.279367566108704 0.0862389802932739 0.137281805276871 0.181099772453308 0.255059391260147 0.14223013818264 0.0728855207562447 0.100445225834846 0.151246592402458 0.2026746571064 0.11943443864584 0.180404663085938 0.116448327898979 0.0595238134264946 0.0737473592162132 0.103710077702999 0.0961215868592262 0.146933034062386 0.0667892619967461 0.141953215003014 0.0338121429085732 0.0153499329462647 0.230359956622124 0.196083337068558 0.187190592288971 0.0069028758443892 0.0934618264436722 0.15375155210495 0.115667670965195 0.126368328928947 0.249073669314384 0.255239546298981 0.244019269943237
0.0661094933748245 0.0392573066055775 0.103775389492512 0.101997584104538 -0.00992815848439932 0.0623744800686836 0.142778590321541 0.0507176145911217 0.136235907673836 0.220454573631287 0.234346285462379 0.170375272631645 0.208063989877701 0.202343225479126 0.172824814915657 0.156992495059967 0.160611763596535 0.2388786226511 0.218535467982292 0.117259733378887 0.141145586967468 0.229452565312386 0.216312885284424 0.170950472354889 -0.0792134702205658 0.0602992475032806 0.100493490695953 0.0946154519915581 0.172900959849358 0.183086588978767 0.249826356768608 0.2487423568964 0.147948980331421 0.220753267407417 0.140525788068771 0.186964184045792 0.0732196941971779 0.11222056299448 0.118920922279358 0.204830676317215 -0.0824292153120041 0.23915359377861 -0.00491595268249512
0.0143865365535021 0.123699128627777 0.123489193618298 0.0446023307740688 0.0904671773314476 0.159395486116409 0.0709816068410873 0.146002307534218 0.121188901364803 0.119555845856667 0.252622663974762 0.0774700492620468 0.103241160511971 0.186053290963173 0.237997263669968 0.242255762219429 0.203243434429169 0.210488319396973 0.165585666894913 0.14933767914772 0.147031307220459 0.228170529007912 0.0891625061631203 0.066181868314743 0.112550981342793 0.092382475733757 0.101756632328033 0.218496441841125 0.215389460325241 0.107445858418941 0.14182835817337 0.273710757493973 0.219826206564903 0.140067279338837 0.110195659101009 0.0629960373044014 0.163809671998024 0.158416137099266 0.11351265758276 0.0586722791194916 -0.00762765109539032 0.149517998099327 0.2202338129282
0.0376662313938141 0.212813824415207 0.177821636199951 0.102977678179741 0.0836446359753609 0.0656650066375732 0.0792748853564262 0.189664155244827 0.0686074271798134 0.141790255904198 0.170061454176903 0.150085225701332 0.153618052601814 0.160295516252518 0.145514890551567 0.213840901851654 0.228512287139893 0.143802642822266 0.191212639212608 0.18108606338501 0.213377445936203 0.148128822445869 0.115958221256733 0.139058768749237 0.178431615233421 0.0764063447713852 0.201805353164673 0.213479533791542 0.266486316919327 0.260553121566772 0.263931572437286 0.149008095264435 0.177210360765457 0.181717395782471 0.1224115639925 0.155616089701653 0.0346792005002499 0.188895702362061 0.110971882939339 0.0979419872164726 0.205698281526566 0.280919343233109 0.19456259906292
0.0525275357067585 0.0796789228916168 0.0855486243963242 0.0883186757564545 -0.00114475039299577 0.10565759241581 -0.0577637478709221 0.159363761544228 0.140234753489494 0.105172701179981 0.141500815749168 0.149893760681152 0.145823538303375 0.266942203044891 0.205525174736977 0.164531141519547 0.262831121683121 0.146944984793663 0.276708573102951 0.2353855073452 0.162162810564041 0.174218490719795 -0.0124464053660631 0.150941669940948 0.0713076889514923 0.244045838713646 0.123681284487247 0.19885727763176 0.231794431805611 0.100376524031162 0.247112721204758 0.16180731356144 0.0886344313621521 0.167993247509003 0.223729059100151 0.166082829236984 -0.0574167482554913 0.114181086421013 0.171240657567978 0.182505562901497 0.218607321381569 0.365530103445053 0.234424740076065
