assets/gome_f/processed/ascii/us/gome_sif_US_20120801.asc
NCOLS 116 
NROWS 53 
XLLCORNER -125 
YLLCORNER 24.5 
CELLSIZE 0.5 
NODATA_value -3.4e+38 
[rows 19 to 37 of 53, columns 44 to 87 of 116]
0.11781707406044 0.262797325849533 0.240228921175003 0.378725677728653 0.221869841217995 0.332833707332611 0.315461009740829 0.43166595697403 0.503237128257751 0.490314185619354 0.650250613689423 0.567227482795715 0.591176629066467 0.634776592254639 0.665008664131165 0.479804039001465 0.610332727432251 0.535497605800629 0.564645826816559 0.476310938596725 0.675120532512665 0.622510135173798 0.78041273355484 0.66797924041748 0.910514295101166 0.764535665512085 0.823041200637817 0.737798452377319 0.85359513759613 0.805974543094635 0.776048004627228 0.657814562320709 0.728736102581024 0.758445918560028 0.910301685333252 0.723133206367493 0.873805522918701 0.726300239562988 0.938180208206177 0.68046623468399 0.679335355758667 0.660307049751282 0.734937429428101 0.590334951877594
0.141487628221512 0.45586958527565 0.355947375297546 0.486133307218552 0.480778157711029 0.476415425539017 0.556024789810181 0.528382420539856 0.734165251255035 0.728593647480011 0.861202597618103 0.680952608585358 0.614574134349823 0.516035199165344 0.560174345970154 0.653255343437195 0.5166876912117 0.644384741783142 0.501963138580322 0.378360003232956 0.535058081150055 0.483932971954346 0.60905933380127 0.611874878406525 0.712051689624786 0.709014356136322 0.779637634754181 0.835567831993103 0.815482914447784 0.838151574134827 0.716123700141907 0.781312167644501 0.743430137634277 0.753116130828857 0.86404824256897 0.616142988204956 0.888627409934998 0.712749361991882 0.847385764122009 0.917533576488495 0.767372190952301 0.849309623241425 0.717883229255676 0.734501481056213
0.229522258043289 0.337018728256226 0.304828315973282 0.231056302785873 0.206849083304405 0.381847739219666 0.481766879558563 0.525650084018707 0.686489880084991 0.539021193981171 0.681361258029938 0.650755107402802 0.583938002586365 0.457464665174484 0.587286710739136 0.626369595527649 0.476314663887024 0.437095642089844 0.431352645158768 0.449282377958298 0.508274674415588 0.564616501331329 0.582202017307281 0.608135938644409 0.487581461668015 0.678617179393768 0.589132249355316 0.844823837280273 0.793885767459869 0.860275447368622 0.56474506855011 0.808013200759888 0.729199230670929 0.723248422145844 0.8603635430336 0.795900821685791 0.828743159770966 0.72410124540329 0.77912837266922 0.782739579677582 0.774920701980591 0.793568313121796 0.652232706546783 0.681910634040833
0.18811896443367 0.233613282442093 0.28074112534523 0.171431079506874 0.179390981793404 0.307001054286957 0.307578682899475 0.27099871635437 0.342547357082367 0.344942986965179 0.4637171626091 0.476645350456238 0.510282933712006 0.525192081928253 0.554643750190735 0.512110829353333 0.50101637840271 0.32802951335907 0.441713064908981 0.427791029214859 0.519906282424927 0.582510471343994 0.551858842372894 0.454627692699432 0.644168317317963 0.617546081542969 0.499030888080597 0.579510748386383 0.759587824344635 0.696178138256073 0.646231830120087 0.58288162946701 0.719513654708862 0.572209656238556 0.575772106647491 0.786218106746674 0.748765528202057 0.831181108951569 0.690012514591217 0.736901819705963 0.567810654640198 0.740378141403198 0.779692232608795 0.831071257591248
0.126486152410507 0.145318165421486 0.297717899084091 0.248163491487503 0.232770815491676 0.169104605913162 0.238316833972931 0.23950856924057 0.253585696220398 0.352324903011322 0.341915786266327 0.286227703094482 0.396447211503983 0.305118888616562 0.381718397140503 0.372689008712769 0.426169633865356 0.387343436479568 0.524454116821289 0.646853685379028 0.513065338134766 0.61395674943924 0.431311309337616 0.628977298736572 0.582798182964325 0.758679687976837 0.683612585067749 0.555660486221313 0.667242884635925 0.674046099185944 0.692755818367004 0.613487005233765 0.633323788642883 0.716414391994476 0.615372776985168 0.795209646224976 0.631655097007751 0.832380294799805 0.639117419719696 0.913152813911438 0.697946488857269 0.656184434890747 0.717147767543793 0.562527120113373
0.147936820983887 0.126844957470894 0.148607954382896 0.0913126617670059 0.158065944910049 0.214111983776093 0.171310991048813 0.220742255449295 0.157397046685219 0.225020214915276 0.332925945520401 0.299351096153259 0.226262927055359 0.174601763486862 0.292693227529526 0.425790190696716 0.242165446281433 0.372277647256851 0.38516429066658 0.388310372829437 0.357840925455093 0.468965142965317 0.327794939279556 0.553263247013092 0.551452815532684 0.60923969745636 0.468417584896088 0.379359871149063 0.614871263504028 0.517002165317535 0.519181907176971 0.515468239784241 0.625043749809265 0.776680946350098 0.64792811870575 0.65555864572525 0.573276460170746 0.778339862823486 0.692892789840698 0.700097262859344 0.688008487224579 0.696431517601013 0.654637932777405 0.476680368185043
0.129614531993866 0.126932337880135 0.0992137417197227 0.271915793418884 0.218516066670418 0.182138070464134 0.19156339764595 0.319485932588577 0.209078103303909 0.233317017555237 0.293894708156586 0.301124960184097 0.221618801355362 0.244885712862015 0.282143235206604 0.28708615899086 0.360160887241364 0.384026914834976 0.335732758045197 0.416859537363052 0.483690619468689 0.520811140537262 0.339731723070145 0.558196365833282 0.483478307723999 0.507288098335266 0.459757447242737 0.572577476501465 0.560292065143585 0.512283504009247 0.587497770786285 0.709530770778656 0.648362696170807 0.700406610965729 0.597105264663696 0.772668838500977 0.604757308959961 0.805592060089111 0.707969188690186 0.64192134141922 0.730558097362518 0.585151731967926 0.749303698539734 0.49951583147049
0.0806652531027794 0.233547627925873 0.197464615106583 0.261739104986191 0.292789608240128 0.174529358744621 0.158840283751488 0.350979030132294 0.304420292377472 0.234650120139122 0.188895285129547 0.250274986028671 0.205438494682312 0.139950782060623 0.331690102815628 0.32028067111969 0.284991770982742 0.401279479265213 0.348054260015488 0.417108416557312 0.504230976104736 0.630687534809113 0.695118725299835 0.539150476455688 0.561512112617493 0.576889395713806 0.530937016010284 0.555402278900146 0.613875031471252 0.778980314731598 0.696530342102051 0.786100924015045 0.519056856632233 0.666546285152435 0.663436114788055 0.737965941429138 0.719588696956635 0.690661668777466 0.701079189777374 0.646235525608063 0.728874325752258 0.397612571716309 0.733147025108337 0.557973086833954
0.125519961118698 0.153329372406006 0.146000936627388 0.299579650163651 0.230734542012215 0.130313187837601 0.101577550172806 0.217989221215248 0.137080892920494 0.252953112125397 0.096934586763382 0.23263743519783 0.218001380562782 0.168350368738174 0.330403238534927 0.288873314857483 0.352323919534683 0.323342829942703 0.240777149796486 0.453728079795837 0.575572669506073 0.490840882062912 0.535017669200897 0.545403003692627 0.750189304351807 0.683523118495941 0.68692421913147 0.758545339107513 0.630305707454681 0.701069951057434 0.650988459587097 0.782620906829834 0.470458775758743 0.746520936489105 0.807694315910339 0.722289860248566 0.900948226451874 0.716076731681824 0.804689347743988 0.565806210041046 0.653068900108337 0.85568243265152 0.6786749958992 0.842359662055969
0.0622221492230892 0.133741423487663 0.170746952295303 0.0495705492794514 0.0823314636945724 0.118840485811234 0.156544551253319 0.23253159224987 0.203244939446449 0.162476480007172 0.138780951499939 0.210553139448166 0.148624762892723 0.18546424806118 0.277738779783249 0.381622701883316 0.381363272666931 0.389669746160507 0.421906977891922 0.527916193008423 0.52383428812027 0.512222051620483 0.493898957967758 0.551399230957031 0.696477651596069 0.871773481369019 0.683217704296112 0.6376873254776 0.540125250816345 0.577447354793549 0.438248515129089 0.759783625602722 0.616253018379211 0.7700355052948 0.765125393867493 0.755756974220276 0.675219774246216 0.602376222610474 0.838770627975464 0.694433987140656 0.800818026065826 0.770034849643707 0.570919752120972 0.815407514572144
0.305030584335327 0.269058018922806 0.284430682659149 0.194419741630554 0.1628457903862 0.162489056587219 0.232866197824478 0.176762014627457 0.183861538767815 0.156821608543396 0.276048570871353 0.178120866417885 0.162960276007652 0.367716282606125 0.235035344958305 0.280060946941376 0.300712436437607 0.454413503408432 0.481402397155762 0.52140748500824 0.528097212314606 0.510488629341125 0.609367251396179 0.505546808242798 0.713132083415985 0.791418790817261 0.655602991580963 0.813897907733917 0.64705765247345 0.660306692123413 0.519049942493439 0.704858660697937 0.838775455951691 0.574355065822601 0.746495187282562 0.580023348331451 0.695328950881958 0.618941843509674 0.582819819450378 0.850183308124542 0.624766051769257 0.762145519256592 0.506825983524323 0.704343914985657
0.274248987436295 0.181252688169479 0.210112512111664 0.197225987911224 0.139908522367477 0.18228754401207 0.202872604131699 -0.00723171513527632 0.125908493995667 0.10102353990078 0.17093288898468 0.210283756256104 0.307004064321518 0.293358594179153 0.243469029664993 0.302538126707077 0.384959936141968 0.439868599176407 0.656339526176453 0.560342073440552 0.611353695392609 0.535804688930511 0.586362838745117 0.641927897930145 0.748161256313324 0.747099041938782 0.833172678947449 0.783244729042053 0.542886078357697 0.700227797031403 0.831722795963287 0.65674102306366 0.788714110851288 0.527267098426819 0.74157303571701 0.631625711917877 0.717138469219208 0.704547822475433 0.466184496879578 0.76584005355835 0.541923701763153 0.650297880172729 0.423847049474716 0.66521942615509
0.0999410375952721 0.237050265073776 0.139588072896004 0.222925648093224 0.241344973444939 0.200965777039528 0.118005007505417 0.0653543099761009 0.20942685008049 0.171487286686897 0.210559278726578 0.348664283752441 0.328437238931656 0.325299441814423 0.307893574237823 0.385513752698898 0.502280354499817 0.407679080963135 0.503836691379547 0.280239194631577 0.423091620206833 0.456286519765854 0.530260026454926 0.752367734909058 0.765718638896942 0.735647201538086 0.624397575855255 0.763642549514771 0.730720221996307 0.661632776260376 0.623264074325562 0.585309624671936 0.711978673934937 0.633919894695282 0.788169145584106 0.597535669803619 0.600812971591949 0.661453783512115 0.593710243701935 0.795302927494049 0.556770920753479 0.721838891506195 0.649798572063446 0.657281875610352
0.197454810142517 0.216538101434708 0.161171481013298 0.19874669611454 0.165226995944977 0.214303091168404 0.209335178136826 0.125962302088737 0.16093510389328 0.216820403933525 0.215597599744797 0.275618672370911 0.337729126214981 0.424580901861191 0.481231331825256 0.409432291984558 0.474222272634506 0.519606053829193 0.530998885631561 0.532521784305573 0.484676390886307 0.551725745201111 0.594749867916107 0.593556106090546 0.68410724401474 0.636630177497864 0.497072219848633 0.651426732540131 0.671199202537537 0.639270722866058 0.516001343727112 0.608190953731537 0.708571553230286 0.478769570589066 0.645496189594269 0.600332736968994 0.622227787971497 0.793627917766571 0.485026657581329 0.713999927043915 0.587269604206085 0.654866218566895 0.641248941421509 0.509628057479858
0.267388969659805 0.332195252180099 0.406188428401947 0.169482171535492 0.186768114566803 0.17415164411068 0.188037604093552 0.170914754271507 0.0950686484575272 0.145717725157738 0.0607676915824413 0.298414975404739 0.449660390615463 0.408748954534531 0.463192880153656 0.428923606872559 0.424157679080963 0.421311169862747 0.490051209926605 0.479280531406403 0.440570503473282 0.586812317371368 0.533879101276398 0.681603729724884 0.606697618961334 0.659198224544525 0.736899793148041 0.641874551773071 0.631981611251831 0.347259610891342 0.674927949905396 0.669062614440918 0.706154823303223 0.744081974029541 0.707330644130707 0.729044556617737 0.52942419052124 0.633679389953613 0.526640176773071 0.666967689990997 0.530523419380188 0.420350342988968 0.541683733463287 0.486778825521469
0.195599555969238 0.175174862146378 0.328545570373535 0.198536202311516 0.15122689306736 0.110079385340214 -0.0196670610457659 0.194819912314415 0.18144279718399 0.25863441824913 0.30333811044693 0.148155361413956 0.38103523850441 0.428534835577011 0.433574378490448 0.392144381999969 0.563717663288116 0.415092647075653 0.479786306619644 0.551921486854553 0.387218713760376 0.598941564559937 0.607973635196686 0.590678930282593 0.596970558166504 0.662354350090027 0.402966260910034 0.563261687755585 0.642761290073395 0.510890185832977 0.613267421722412 0.752659499645233 0.412506490945816 0.59436821937561 0.503838419914246 0.630457043647766 0.706403791904449 0.482236415147781 0.463649928569794 0.437023103237152 0.520294010639191 0.407375693321228 0.479857683181763 0.561938941478729
0.303850322961807 0.198731914162636 0.309857040643692 0.187094449996948 0.315173029899597 0.153932809829712 0.149375915527344 0.155357673764229 0.119121521711349 0.270967453718185 0.274699002504349 0.187827154994011 0.231286466121674 0.194829136133194 0.357216119766235 0.5356565117836 0.540140926837921 0.600447416305542 0.407649725675583 0.577221393585205 0.430050820112228 0.588301599025726 0.708253741264343 0.611940443515778 0.590907096862793 0.561912596225739 0.58647495508194 0.490650951862335 0.561452031135559 0.622631967067719 0.607590138912201 0.560467958450317 0.710861384868622 0.407511681318283 0.541932106018066 0.618263185024261 0.60172438621521 0.634907245635986 0.44180229306221 0.546267449855804 0.518793642520905 0.269039630889893 0.525003552436829 0.555243492126465
0.194410219788551 0.259992599487305 0.191354662179947 0.221832036972046 0.103428281843662 0.157761350274086 0.115255445241928 0.177776634693146 0.290455400943756 0.259070754051208 0.362874895334244 0.234703376889229 0.256777703762054 0.290527999401093 0.54335629940033 0.59847217798233 0.566671073436737 0.508319854736328 0.3000168800354 0.568055808544159 0.537646770477295 0.455798268318176 0.655874729156494 0.494870603084564 0.660925924777985 0.486328959465027 0.571513593196869 0.530778050422668 0.373236924409866 0.49465274810791 0.904521644115448 0.552735030651093 0.522055745124817 0.620988130569458 0.570727407932281 0.368394076824188 0.558743298053741 0.408415913581848 0.578350961208344 0.405990034341812 0.56742000579834 0.489610761404037 0.768121361732483 0.523160457611084
0.16502557694912 0.115862175822258 0.149153798818588 0.195314988493919 0.189566612243652 0.277362912893295 0.134384259581566 0.0502178370952606 0.365435600280762 0.239333152770996 0.245203495025635 0.25485098361969 0.372718036174774 0.287975907325745 0.262287318706512 0.532488703727722 0.43798753619194 0.588026881217957 0.513834595680237 0.370088487863541 0.509239494800568 0.58046543598175 0.522494912147522 0.581471502780914 0.674868285655975 0.500218093395233 0.695961713790894 0.559664785861969 0.33875435590744 0.633232951164246 0.406389474868774 0.623333752155304 0.565380871295929 0.694817304611206 0.494373589754105 0.359848350286484 0.613190829753876 0.435297429561615 0.691153347492218 0.62629771232605 0.734143972396851 0.527761816978455 0.523755431175232 0.383727818727493
