assets/gome_f/processed/ascii/us/gome_sif_US_20130901.asc
NCOLS 116 
NROWS 53 
XLLCORNER -125 
YLLCORNER 24.5 
CELLSIZE 0.5 
NODATA_value -3.4e+38 
[rows 0 to 18 of 53, columns 0 to 43 of 116]
-0.048934880644083 0.0976860672235489 0.0317108035087585 0.0442743040621281 0.148475170135498 0.0905832350254059 0.17825773358345 0.116516157984734 0.0540901161730289 0.111133731901646 0.259026378393173 0.29147270321846 0.267728954553604 0.0792979225516319 0.134931802749634 0.0622701048851013 0.0743086785078049 0.143054276704788 0.26587975025177 0.0842963680624962 0.149200513958931 0.235552400350571 0.193952366709709 0.252191513776779 0.00505752628669143 -0.0284590888768435 0.234910666942596 0.0804586708545685 0.0744416788220406 0.15545642375946 0.0424921363592148 0.0125559531152248 0.0882613435387611 0.0397071540355682 0.0235439203679562 0.100233592092991 0.089631125330925 0.104832231998444 0.131126761436462 0.0514388792216778 0.183252200484276 0.203874796628952 0.115375824272633 0.0451728068292141
0.203527674078941 0.0987386256456375 0.024840721860528 0.161789163947105 0.147994264960289 0.143058314919472 0.117386512458324 0.0486201867461205 0.00487433606758714 0.102551311254501 0.102296873927116 0.207922503352165 0.167179927229881 0.13175567984581 0.274140030145645 0.119875751435757 0.103090062737465 0.159427031874657 0.217228889465332 0.120176993310452 0.19019316136837 0.148224502801895 0.17802956700325 0.100110419094563 0.0665441304445267 0.114883877336979 0.0658468082547188 -0.00828462466597557 0.0808110460639 0.149074018001556 0.00816376507282257 0.168032079935074 0.0792158842086792 0.150618627667427 0.0992786884307861 0.058153759688139 0.029085248708725 0.0769621059298515 0.149355888366699 0.0807259455323219 0.196651458740234 0.0912381261587143 0.139914348721504 0.0584996752440929
0.115064740180969 0.03918831422925 0.068518303334713 0.148856833577156 0.162574052810669 0.179484084248543 0.230285078287125 0.297201335430145 0.166967287659645 0.126499339938164 0.156443119049072 0.111719824373722 0.192828521132469 0.21559402346611 0.21455705165863 0.225711211562157 0.141293480992317 0.10104288905859 0.304717481136322 0.193357557058334 0.292001992464066 0.261644303798676 0.279835224151611 0.236198604106903 0.0481294542551041 0.151512682437897 0.0548852197825909 0.132755011320114 0.177663505077362 0.200175479054451 0.15455736219883 0.204264655709267 0.180938988924026 0.155696198344231 0.0582728125154972 0.065510556101799 0.134028047323227 0.058323010802269 0.0882756263017654 0.191465467214584 0.00357322162017226 0.099295511841774 0.100439377129078 0.202143669128418
0.269397586584091 0.251910388469696 0.226646602153778 0.0563126727938652 0.315300673246384 0.317999422550201 0.260614275932312 0.237677246332169 0.141549184918404 0.105543129146099 0.150323361158371 0.128964051604271 0.0786676034331322 0.126063615083694 0.192140057682991 0.231950998306274 0.261469721794128 0.0745061188936234 0.221893340349197 0.281321614980698 0.294427663087845 0.131418988108635 0.263497799634933 0.183810874819756 0.211277544498444 0.0934138894081116 0.0422783382236958 0.271907061338425 0.155711963772774 0.126433134078979 0.0964622646570206 0.0702484622597694 0.132132455706596 0.0247886963188648 0.128978997468948 0.105945736169815 0.129026338458061 0.177253395318985 0.110305234789848 0.185733303427696 0.10309424996376 0.181005984544754 0.162608131766319 0.205637112259865
0.132086113095284 0.182839453220367 0.169771209359169 0.128895834088326 0.0769684836268425 0.228678196668625 0.226061314344406 0.180047690868378 0.103386238217354 0.16944982111454 0.194305256009102 0.0749280452728271 0.161526709794998 0.115510322153568 0.22117555141449 0.225733458995819 0.095066137611866 0.269779801368713 0.189534649252892 0.160574406385422 0.00555630540475249 0.0288275331258774 0.221444576978683 0.317804932594299 0.0309636294841766 -0.0069808135740459 0.0438706129789352 0.105657152831554 0.0754154399037361 0.0732764452695847 0.149337202310562 0.0768622159957886 0.0879542529582977 0.12169037014246 0.0189578384160995 0.177890241146088 0.167432010173798 0.0303539205342531 0.192168265581131 0.206897079944611 0.00948037765920162 0.0342769362032413 0.162561565637589 0.124287888407707
0.0451887473464012 0.188046380877495 0.093128465116024 0.109516195952892 0.089871808886528 0.31822344660759 0.40613654255867 0.189762488007545 0.193347737193108 0.0635806918144226 0.238906338810921 0.223969399929047 0.191877335309982 0.135079637169838 0.153211936354637 0.099465623497963 0.255335837602615 0.218576192855835 0.189895749092102 0.272966682910919 0.215946152806282 0.20696134865284 0.128957852721214 0.115827083587646 0.130414813756943 0.0437493287026882 0.0839183703064919 0.0975012630224228 0.062670923769474 0.0390022769570351 0.132482036948204 0.108614973723888 0.121392980217934 0.122393451631069 0.0809202268719673 0.0770411342382431 0.05148995667696 0.0529909133911133 0.0619549974799156 0.140035629272461 0.127044513821602 0.155359491705894 0.183706849813461 0.148435309529305
0.083081990480423 0.24789622426033 0.233202412724495 0.318999648094177 0.226215302944183 0.291680753231049 0.296188592910767 0.213590785861015 0.142757669091225 0.0645967125892639 0.0590155832469463 -0.0141572216525674 0.0509625114500523 0.0344196818768978 0.131868451833725 0.238651812076569 0.153718963265419 0.146586522459984 0.230845421552658 0.36043918132782 0.0994340106844902 0.147054478526115 0.17181284725666 0.255483090877533 0.199288174510002 -0.0281429402530193 -0.0182743817567825 0.0104663129895926 0.0986344069242477 0.076758474111557 0.0463338680565357 0.0960700958967209 0.106224596500397 0.112236805260181 0.160171091556549 -0.114305913448334 0.0276334770023823 0.000878841732628644 0.182726681232452 0.163176089525223 0.0851700231432915 0.215533435344696 0.211172625422478 0.154824629426003
-0.0355576351284981 0.125968128442764 0.307705283164978 0.208335772156715 0.309428662061691 0.22204016149044 0.272885262966156 0.171627849340439 0.149729356169701 0.174391627311707 0.114439278841019 0.136330500245094 0.079152837395668 0.0423572808504105 -0.042578436434269 0.0904765352606773 0.184370905160904 0.261329501867294 0.219542801380157 0.143466994166374 0.252412527799606 0.267257779836655 0.127541050314903 0.147540017962456 0.11925583332777 0.0677841231226921 0.153146997094154 0.145124971866608 0.160583198070526 0.0198711473494768 0.199188396334648 0.0944769829511642 0.0992745384573936 0.102498032152653 0.158277377486229 0.141698449850082 0.119822151958942 0.116257928311825 0.0720422491431236 0.142038464546204 0.0485811606049538 0.14675797522068 0.111496575176716 0.220121502876282
-0.0643055737018585 0.00939337816089392 0.283680886030197 0.348996073007584 0.179058447480202 0.382472991943359 0.171046450734138 0.146968856453896 0.145313173532486 0.0877236127853394 0.122219018638134 0.155599385499954 0.164978638291359 0.143440559506416 0.0689089223742485 0.062308706343174 0.0827708542346954 0.247534513473511 0.240692064166069 0.156126320362091 0.171703636646271 0.0759893655776978 0.230812206864357 0.20788985490799 0.135351836681366 0.140886679291725 0.070090152323246 -0.0127359414473176 0.0890735983848572 0.0639419481158257 0.108275413513184 0.0882753133773804 0.062366358935833 0.0789912343025208 0.083364874124527 0.0929899364709854 0.0771976634860039 0.0688652992248535 0.120325371623039 0.116515502333641 0.154488205909729 0.159617677330971 0.206861138343811 0.185611248016357
0.00345609500072896 0.0606521107256413 0.1786208152771 0.298515856266022 0.349842965602875 0.238481804728508 0.244214653968811 0.180459901690483 0.161874666810036 0.260071516036987 0.181262493133545 0.191688343882561 0.0751144886016846 0.102810047566891 0.153038263320923 0.158085361123085 0.0398074984550476 0.147312968969345 0.15890845656395 0.214110046625137 0.120652064681053 0.0526307374238968 -0.00693384790793061 0.124072767794132 0.216435983777046 0.13426162302494 0.205233037471771 0.199194848537445 -0.0179783012717962 0.169167578220367 0.133982375264168 0.115207314491272 0.167461827397346 0.134514391422272 0.190659582614899 0.0873408988118172 0.142551600933075 0.11549761146307 0.0815003961324692 0.177862972021103 0.212908163666725 0.251479715108871 0.179695129394531 0.150148123502731
-0.0152278356254101 0.159234881401062 0.193222463130951 0.249910622835159 0.193255841732025 0.21941140294075 0.169907256960869 0.181160032749176 0.0607365965843201 0.0781597569584846 0.116066634654999 0.0324977338314056 0.0899845883250237 0.0529714822769165 0.158199533820152 0.16711887717247 0.136857956647873 0.00524713099002838 0.197924882173538 0.134777545928955 0.0808184891939163 0.226173982024193 0.184657052159309 0.0823081061244011 0.060809314250946 0.0264869648963213 0.085578665137291 0.113102860748768 0.12547567486763 0.216973155736923 0.111343741416931 0.164320260286331 0.098830372095108 0.10876639932394 0.060552217066288 0.134233266115189 0.111900679767132 0.13738040626049 0.118892394006252 0.117703765630722 -0.0116478493437171 0.114985816180706 0.111844584345818 0.108109630644321
0.0693937912583351 -0.00528144231066108 0.330804020166397 0.297245472669601 0.189967647194862 0.410738974809647 0.174381673336029 0.089794397354126 0.0699752569198608 0.08663260191679 0.0650073438882828 0.0805252194404602 0.178826332092285 0.038950402289629 0.157094821333885 0.180284664034843 0.0504753366112709 0.23522612452507 0.126363381743431 0.129670917987823 0.329001486301422 0.0379987545311451 0.0528269968926907 0.0658422112464905 0.0927684083580971 0.336097806692123 0.145851284265518 0.205178558826447 0.0812262669205666 0.142968356609344 0.145888462662697 0.0815173014998436 0.133690029382706 0.154351845383644 0.117563977837563 0.146324723958969 0.204074129462242 0.100814625620842 0.153692588210106 0.0598199255764484 0.0397559963166714 0.0322623960673809 0.0813193321228027 0.119025461375713
-0.00144217535853386 -0.0779538825154305 0.301488935947418 0.218770503997803 0.276083201169968 0.203334227204323 0.216842368245125 -0.0714055225253105 -0.000109910135506652 0.00215993425808847 0.0730299577116966 0.0886547714471817 0.102790422737598 0.189059123396873 0.14372393488884 0.0790865123271942 0.13623708486557 0.0818914100527763 0.0255370195955038 0.0699375942349434 0.0629423037171364 0.224317729473114 0.0225600879639387 0.0374539829790592 0.0529776550829411 -0.0531706623733044 0.0703284740447998 0.0546734668314457 0.257491528987885 0.190482974052429 0.0886229649186134 0.0522401705384254 0.0899342373013496 0.0955890715122223 0.157739371061325 0.121140241622925 0.18802797794342 0.135003358125687 0.0945384427905083 0.16353015601635 0.185843825340271 0.171192452311516 0.132140785455704 0.0929391607642174
0.00914031267166138 0.19021263718605 0.446885228157043 0.290608078241348 0.191275000572205 0.225131273269653 0.115610979497433 0.105208352208138 0.0612755157053471 0.0705043375492096 0.100403442978859 0.0871389359235764 0.283091962337494 0.107815511524677 -0.0484811030328274 0.173374801874161 0.173200249671936 0.157780557870865 0.357366770505905 -0.0788261517882347 0.025636238977313 0.13287328183651 0.0321980901062489 0.0556774996221066 -0.0591687262058258 -0.00950581207871437 0.0280501451343298 0.179152145981789 0.120721355080605 0.182394608855247 0.017362292855978 0.0909121483564377 0.0865603685379028 -0.0766583234071732 0.0456647351384163 0.0302208475768566 0.0352642498910427 0.0803503096103668 0.0284350179135799 -0.0134227266535163 0.113617554306984 0.186266973614693 0.242873713374138 0.218563571572304
0.0242575295269489 0.0499168410897255 0.256843209266663 0.278103768825531 0.33998054265976 0.280653536319733 0.193180620670319 0.0716499015688896 0.0356311798095703 -0.0657592862844467 0.0155456401407719 -0.0570935793220997 0.201990142464638 0.0889057219028473 -0.00801072828471661 0.0676195248961449 0.21353904902935 0.221509620547295 0.0775959119200706 -0.0422630161046982 -0.0459548234939575 0.0346724092960358 -0.107422217726707 0.0408754125237465 0.0969812870025635 0.0610340908169746 0.196131452918053 0.14271268248558 0.0316579900681973 0.0411081574857235 0.18029297888279 -0.00270096212625504 0.0725285708904266 0.0489625819027424 0.010960390791297 -0.0679614990949631 0.0908266231417656 0.0294980555772781 -0.0265747383236885 0.115677177906036 0.144307672977448 0.197754144668579 0.141516536474228 0.174603432416916
0.0380795933306217 0.189277932047844 0.199403077363968 0.288375347852707 0.177149578928947 0.149052053689957 0.0850217118859291 0.0474236458539963 0.0279277805238962 0.0722341611981392 -0.0845936760306358 -0.00327378115616739 0.0298480950295925 -0.107778564095497 -0.0719847604632378 0.0473759435117245 0.0495707243680954 0.0673839151859283 0.0585333779454231 0.0258172657340765 -0.0415670946240425 0.133445009589195 0.016321886330843 -0.0377490818500519 0.155499562621117 0.15672555565834 0.186844632029533 0.222530037164688 0.0797299146652222 0.23065122961998 0.0967972949147224 0.0424966141581535 0.0478876121342182 0.0850574970245361 -0.0202386789023876 0.105808861553669 -0.0332070477306843 0.0115591855719686 0.0535487197339535 0.131557509303093 0.0635590925812721 0.102550402283669 0.0728391110897064 0.0217737760394812
0.0247925966978073 0.227291718125343 0.235353901982307 0.213054910302162 0.230924859642982 0.201528429985046 0.0591222755610943 0.11852515488863 0.0866273939609528 -0.0752279758453369 0.0881810188293457 -0.0115349292755127 -0.0114169176667929 0.0363820381462574 0.0214619506150484 -0.0344023182988167 0.0182591564953327 -0.0130554484203458 0.110175155103207 0.097259446978569 0.256025910377502 0.157412901520729 0.390904664993286 0.178710430860519 0.187022179365158 0.151298835873604 0.0804937705397606 0.0945857912302017 0.0690120905637741 0.0809335336089134 -0.0253970976918936 0.0805756822228432 0.123582258820534 0.0154189113527536 0.0448400788009167 0.0421856492757797 0.0854779705405235 0.0254749972373247 0.0683181881904602 0.143596738576889 0.116620622575283 0.171131297945976 0.120033897459507 0.155064657330513
-0.00924683082848787 0.190387234091759 0.232980221509933 0.243886366486549 0.150301963090897 0.183872535824776 0.161165714263916 0.0942607000470161 0.0079589607194066 0.0552684776484966 -0.00410772673785686 -0.0339656360447407 0.0282171797007322 -0.0783658623695374 0.0403116792440414 0.0780217200517654 0.00649721175432205 -0.0415309332311153 0.026675907894969 0.176610738039017 0.0353073962032795 0.0331973992288113 0.285429239273071 0.113843679428101 0.0495897606015205 0.0139492368325591 0.264538079500198 0.155843839049339 0.0424357987940311 0.00746706174686551 -0.0587873533368111 0.0100251426920295 0.0970903411507607 0.148432567715645 0.0889603644609451 -0.0422714054584503 0.088176004588604 0.00219166278839111 0.16933710873127 0.0345258750021458 0.192904815077782 0.173051655292511 0.131335780024529 0.138148590922356
-0.0546866469085217 0.0550952777266502 0.245821669697762 0.261265575885773 0.215521112084389 0.153423741459846 0.0381080396473408 0.153011620044708 0.00156764255370945 0.0627033412456512 0.112486474215984 -0.128844514489174 0.0212815757840872 0.0845332369208336 0.00846306513994932 0.13747251033783 -0.126395478844643 0.0665750652551651 0.0793831273913383 -0.0340142585337162 0.124530456960201 0.0417474694550037 -0.065302699804306 -0.0672104954719543 -0.0133631117641926 0.0297556966543198 0.136250898241997 0.118273787200451 0.0924545750021935 -0.0215171780437231 -0.0220118891447783 -0.0984592512249947 0.0807493925094604 0.0168026927858591 0.00500151980668306 -0.0428990572690964 0.0638452246785164 0.0382661260664463 0.0804082304239273 0.0638185515999794 0.137203440070152 0.138751626014709 0.160833895206451 0.161314323544502
