assets/gome_f/processed/ascii/us/gome_sif_US_20130701.asc
NCOLS 116 
NROWS 53 
XLLCORNER -125 
YLLCORNER 24.5 
CELLSIZE 0.5 
NODATA_value -3.4e+38 
[rows 0 to 18 of 53, columns 0 to 43 of 116]
0.247431054711342 0.107730068266392 0.0694878846406937 0.134574323892593 0.219925671815872 0.213170126080513 0.246730968356133 0.329759776592255 0.320408344268799 0.421880275011063 0.293440312147141 0.335600107908249 0.392815977334976 0.384020149707794 0.350498020648956 0.248632103204727 0.15924184024334 0.301786333322525 0.265536844730377 0.315790504217148 0.364695757627487 0.847568571567535 1.00901222229004 0.985453128814697 0.74511706829071 0.720884263515472 0.567559003829956 0.289105921983719 0.376445859670639 0.386398106813431 0.567059218883514 0.64358776807785 0.619206607341766 0.63909387588501 0.820181787014008 0.728713095188141 0.7443727850914 0.645201027393341 0.881545305252075 0.832212805747986 0.947849452495575 0.87241142988205 0.7732213139534 0.821024298667908
0.337997108697891 0.172420188784599 0.175981566309929 0.237194254994392 0.3120296895504 0.3436259329319 0.25469559431076 0.211801752448082 0.341409355401993 0.512071430683136 0.329803198575974 0.322406560182571 0.364444315433502 0.365735709667206 0.28652748465538 0.364790946245193 0.302291959524155 0.273716062307358 0.304563492536545 0.335900455713272 0.244641274213791 0.67104160785675 0.883316099643707 0.849181830883026 0.820135235786438 0.620556056499481 0.503226518630981 0.347310215234756 0.246886789798737 0.405125170946121 0.48156875371933 0.502269983291626 0.502869367599487 0.842233002185822 1.0102151632309 0.883860886096954 0.795664668083191 0.743646919727325 0.809458017349243 0.715814828872681 0.853371977806091 0.793799221515656 0.822331130504608 0.835789620876312
0.336124300956726 0.318071007728577 0.281195819377899 0.259033709764481 0.202901676297188 0.425029695034027 0.408120423555374 0.438283890485764 0.433795958757401 0.360743403434753 0.316674023866653 0.400628566741943 0.345677971839905 0.292941480875015 0.303941875696182 0.404321163892746 0.26581996679306 0.394096583127975 0.336191803216934 0.320266157388687 0.483771562576294 0.415554255247116 0.686328232288361 0.862121999263763 0.785819888114929 0.970783174037933 0.811933100223541 0.642621576786041 0.493543267250061 0.439860790967941 0.581741809844971 0.586199581623077 0.62800407409668 0.7629554271698 0.779599666595459 0.773598730564117 0.713633894920349 0.828786432743073 0.833721339702606 0.618322730064392 0.635021507740021 0.73807293176651 0.876111567020416 0.753118634223938
0.522265255451202 0.46572282910347 0.296178847551346 0.254472970962524 0.39522722363472 0.525680780410767 0.447433441877365 0.395745128393173 0.345606625080109 0.333073049783707 0.264833390712738 0.350684523582458 0.295408576726913 0.367432117462158 0.469778567552567 0.535542249679565 0.332000523805618 0.466163605451584 0.416200757026672 0.35826388001442 0.376401901245117 0.330435216426849 0.63291984796524 0.674399077892303 0.812153518199921 0.767158210277557 0.677565157413483 0.664005398750305 0.396589756011963 0.350485473871231 0.316319197416306 0.484253406524658 0.525474786758423 0.520303845405579 0.53736823797226 0.623923718929291 0.533822953701019 0.763870060443878 0.703170418739319 0.762411713600159 0.569329500198364 0.726846098899841 0.752706527709961 0.678488492965698
0.428305059671402 0.448840230703354 0.4959956407547 0.326686769723892 0.345215976238251 0.61261659860611 0.43931770324707 0.358587712049484 0.343663781881332 0.324081480503082 0.336969882249832 0.400439828634262 0.303052663803101 0.363348484039307 0.456214278936386 0.428927034139633 0.424572229385376 0.46314799785614 0.422416210174561 0.508708298206329 0.449271202087402 0.338298201560974 0.349537074565887 0.531551420688629 0.456513494253159 0.478701651096344 0.491475790739059 0.348292648792267 0.501103222370148 0.35361722111702 0.399898946285248 0.27791103720665 0.282743453979492 0.525850832462311 0.338056951761246 0.510520994663239 0.424385219812393 0.531724750995636 0.705351650714874 0.706573247909546 0.858866691589355 0.715395629405975 0.681319892406464 0.704768180847168
0.203982383012772 0.402262270450592 0.318969309329987 0.286884695291519 0.303693562746048 0.445070892572403 0.537576138973236 0.40172004699707 0.289079636335373 0.254623144865036 0.328396141529083 0.309751510620117 0.442700445652008 0.409216403961182 0.50410670042038 0.521144986152649 0.480564802885056 0.484047710895538 0.51192569732666 0.404703110456467 0.422458469867706 0.426710098981857 0.447287678718567 0.279174089431763 0.39201220870018 0.280008792877197 0.370432555675507 0.166358083486557 0.311059772968292 0.24803201854229 0.426927834749222 0.436295479536057 0.433219641447067 0.327083826065063 0.260145425796509 0.320055663585663 0.434716314077377 0.536320507526398 0.475857704877853 0.666964650154114 0.614644646644592 0.723170399665833 0.680128157138824 0.685547709465027
0.269426941871643 0.385577440261841 0.577237129211426 0.411063641309738 0.477659583091736 0.523682355880737 0.565960943698883 0.441155076026917 0.40636220574379 0.327048480510712 0.244650617241859 0.238511741161346 0.21601490676403 0.345103204250336 0.445761680603027 0.518262147903442 0.440197050571442 0.520112335681915 0.573007583618164 0.398547351360321 0.377512484788895 0.315885037183762 0.416031569242477 0.376480370759964 0.372768461704254 0.291536718606949 0.132990345358849 0.230200663208961 0.438893467187881 0.263202339410782 0.397389560937881 0.219462960958481 0.323078840970993 0.277731567621231 0.384747982025146 0.237036749720573 0.211323589086533 0.320941269397736 0.507298231124878 0.687958657741547 0.404463946819305 0.535707414150238 0.556764900684357 0.520154058933258
0.0423770360648632 0.335976421833038 0.507412612438202 0.530986905097961 0.481653124094009 0.536536693572998 0.551110148429871 0.414100855588913 0.277426421642303 0.245521083474159 0.345258682966232 0.309034138917923 0.223839536309242 0.155779480934143 0.365377813577652 0.504293501377106 0.607510149478912 0.520041108131409 0.513245224952698 0.452322721481323 0.400073796510696 0.401628404855728 0.356749534606934 0.346660137176514 0.453245669603348 0.246317580342293 0.230779573321342 0.399494707584381 0.36208775639534 0.300737738609314 0.50971132516861 0.472959280014038 0.556496143341064 0.274293303489685 0.379036873579025 0.385741233825684 0.260209679603577 0.281202882528305 0.398345112800598 0.445975124835968 0.430850237607956 0.462542533874512 0.620103776454926 0.58939516544342
-0.0550035052001476 0.0696796774864197 0.550569415092468 0.749064087867737 0.642495453357697 0.728849053382874 0.429031491279602 0.32910281419754 0.273977309465408 0.265049278736115 0.303813576698303 0.345640331506729 0.260559618473053 0.0945445001125336 0.205574467778206 0.416610240936279 0.581797003746033 0.516533315181732 0.492506355047226 0.49697732925415 0.410746574401855 0.477917224168777 0.382778733968735 0.431045293807983 0.428527534008026 0.326905459165573 0.311801105737686 0.287804692983627 0.415738373994827 0.285674571990967 0.419204294681549 0.356976598501205 0.413698703050613 0.371486365795135 0.287534028291702 0.322352200746536 0.215968325734138 0.29174879193306 0.307137042284012 0.473386943340302 0.467253357172012 0.404759228229523 0.688183426856995 0.696181893348694
0.0843475461006165 0.214529454708099 0.585171639919281 0.735761046409607 0.727274537086487 0.702308177947998 0.488659501075745 0.339778304100037 0.354317009449005 0.29018223285675 0.302760809659958 0.358728766441345 0.307215720415115 0.235538572072983 0.394270867109299 0.357698142528534 0.208080694079399 0.565917491912842 0.498585641384125 0.502733886241913 0.352346748113632 0.282192766666412 0.309766322374344 0.337542682886124 0.286448091268539 0.201822504401207 0.266903579235077 0.344929188489914 0.383091658353806 0.391775608062744 0.207619816064835 0.266401767730713 0.293223768472672 0.256542325019836 0.433256298303604 0.280835270881653 0.242556348443031 0.260291218757629 0.270250618457794 0.248216360807419 0.404448688030243 0.491500824689865 0.483514934778214 0.578941464424133
0.0939809009432793 0.13392262160778 0.418758571147919 0.571383535861969 0.580715775489807 0.593538761138916 0.542098641395569 0.436467260122299 0.335496783256531 0.136710867285728 0.281952768564224 0.260587781667709 0.199147611856461 0.378401547670364 0.393322587013245 0.359080642461777 0.293063074350357 0.401636332273483 0.357560962438583 0.365760892629623 0.222449004650116 0.27507820725441 0.307941883802414 0.221482068300247 0.295042097568512 0.111349523067474 0.412495851516724 0.446741998195648 0.308901518583298 0.298833072185516 0.184416353702545 0.288067013025284 0.353704899549484 0.240264818072319 0.359034091234207 0.330795258283615 0.346698254346848 0.258455812931061 0.393881320953369 0.202186062932014 0.309861272573471 0.326587468385696 0.348280936479568 0.522142648696899
0.078004002571106 0.374354243278503 0.520347714424133 0.550078570842743 0.50778067111969 0.476093381643295 0.613769888877869 0.17760394513607 0.199792474508286 0.0782841145992279 0.187475204467773 0.213932737708092 0.29489466547966 0.225471168756485 0.360074639320374 0.219941884279251 0.265218377113342 0.25876384973526 0.20978344976902 0.296896606683731 0.266913741827011 0.151384517550468 0.221548020839691 0.384820759296417 0.27836737036705 0.301537692546844 0.362995207309723 0.320519864559174 0.199397414922714 0.274697601795197 0.372603416442871 0.187408447265625 0.241321310400963 0.264363467693329 0.279002785682678 0.43652269244194 0.303741693496704 0.262479037046432 0.306960672140121 0.284351676702499 0.28298357129097 0.114979363977909 0.360659033060074 0.262884378433228
0.086707167327404 0.213952645659447 0.464098900556564 0.525494754314423 0.553346157073975 0.575788974761963 0.333476543426514 0.241630002856255 0.172182127833366 0.101334549486637 0.15905599296093 0.128037750720978 0.32272857427597 0.207987025380135 0.180606976151466 0.196414396166801 0.341092050075531 0.261762946844101 0.383374571800232 0.267612636089325 0.213403984904289 0.164735540747643 0.204198956489563 0.251861363649368 0.125792786478996 0.258220821619034 0.350837796926498 0.405293136835098 0.223968312144279 0.2453673183918 0.279531687498093 0.202817842364311 0.0540507733821869 0.224941313266754 0.261630296707153 0.273128151893616 0.264476656913757 0.333368182182312 0.24763685464859 0.307360887527466 0.355733126401901 0.407577276229858 0.361277878284454 0.22218368947506
0.0595731250941753 0.218105867505074 0.461857497692108 0.523229718208313 0.474840581417084 0.565580487251282 0.321701616048813 0.190773397684097 0.252736836671829 0.142490908503532 0.199081420898438 0.201299041509628 0.204195067286491 0.228164061903954 0.149934023618698 0.178370475769043 0.300538063049316 0.338315606117249 0.276375353336334 0.141589403152466 0.161179155111313 0.21467250585556 0.0868512988090515 0.155833795666695 0.144029289484024 0.27600035071373 0.369631975889206 0.506295621395111 0.403960198163986 0.335149705410004 0.141955018043518 0.195138975977898 0.190993294119835 0.0617677979171276 0.142236366868019 0.294688373804092 0.168516457080841 0.144770488142967 0.198850005865097 0.211005419492722 0.214447379112244 0.430854439735413 0.528305470943451 0.461678355932236
0.0467253550887108 0.201295807957649 0.584605097770691 0.65012925863266 0.502664744853973 0.480693101882935 0.335049241781235 0.219776779413223 0.126595377922058 0.023892980068922 0.155379354953766 0.179990842938423 0.181116834282875 0.10303857177496 0.0252790246158838 0.202424630522728 0.309532523155212 0.300218105316162 0.168742537498474 0.362688362598419 0.335086286067963 0.146591901779175 0.179490581154823 0.0215402245521545 0.186982020735741 0.557337462902069 0.650647699832916 0.517364978790283 0.276587277650833 0.362035393714905 0.216897085309029 0.0744364708662033 0.187928274273872 -0.00532270455732942 0.140366181731224 0.11309851706028 0.153659805655479 0.183576226234436 0.234721809625626 0.185777753591537 0.154568612575531 0.252342641353607 0.34414666891098 0.284793078899384
0.104748837649822 0.42179012298584 0.539039492607117 0.438664823770523 0.536638498306274 0.396093726158142 0.26712304353714 0.269043982028961 0.095383457839489 0.0747595503926277 -0.0258590150624514 0.0770947560667992 0.0439574867486954 0.104438036680222 0.031634870916605 0.0650962665677071 0.24648305773735 0.123583041131496 0.127394437789917 0.225544095039368 0.161727011203766 0.230758994817734 0.216286674141884 -0.0167574249207973 0.353555411100388 0.475389331579208 0.422614097595215 0.459862738847733 0.435289621353149 0.378220349550247 0.279253751039505 0.203006863594055 0.104342959821224 0.0539377778768539 0.114753745496273 0.0947228297591209 0.117074519395828 0.185155794024467 0.180996268987656 0.150295272469521 0.169930264353752 0.254906564950943 0.0164011921733618 0.196511402726173
0.0674539059400558 0.407783925533295 0.389689356088638 0.448277533054352 0.602208912372589 0.365120202302933 0.304874300956726 0.143527001142502 0.186743810772896 0.177829071879387 0.107475847005844 0.0242055580019951 0.136217638850212 0.15737883746624 0.0162837952375412 0.128295600414276 0.147714138031006 0.0587073192000389 0.131931707262993 0.0651658996939659 0.452397376298904 0.513645708560944 0.459089040756226 0.237048432230949 0.441301733255386 0.373344153165817 0.402818500995636 0.507323563098907 0.462396711111069 0.256073117256165 0.195890218019485 0.344102025032043 0.12078782916069 0.0605269931256771 -0.0109500596299767 0.00953326001763344 -0.062433373183012 0.124937735497952 0.0974260792136192 0.125700905919075 0.104678831994534 0.182146444916725 0.224522188305855 0.404941588640213
0.034934364259243 0.395659655332565 0.454228729009628 0.46290510892868 0.51137238740921 0.387308537960052 0.368987172842026 0.266188830137253 0.260807007551193 0.230660483241081 0.16682493686676 0.140104308724403 0.0745031237602234 -0.016108050942421 0.0454315356910229 0.109449163079262 -0.0355464555323124 0.0335078127682209 0.116453595459461 0.159640714526176 0.237757503986359 0.255061656236649 0.168326064944267 0.314029425382614 0.187916323542595 0.273195296525955 0.465623497962952 0.400361388921738 0.272519379854202 0.151431143283844 0.0578045956790447 0.091278150677681 0.0865855440497398 -0.00662750378251076 0.132031783461571 0.164150908589363 0.0442846491932869 0.0553098618984222 0.175744220614433 0.212215602397919 0.0727346539497375 0.219249367713928 0.336922526359558 0.306202501058578
0.133756995201111 0.217511624097824 0.374632179737091 0.437729746103287 0.366378575563431 0.32307893037796 0.315725177526474 0.2996526658535 0.135504752397537 0.203696176409721 0.134397208690643 0.0802959501743317 0.134100079536438 0.137577578425407 0.158628106117249 0.0402920879423618 -0.0546069778501987 0.204543277621269 0.169716060161591 0.0985718369483948 0.262013643980026 0.0570187903940678 0.0759317502379417 0.139071613550186 0.095543771982193 0.241906031966209 0.435104072093964 0.373544126749039 0.137574046850204 -0.0227195117622614 -0.0208130292594433 -0.0688778981566429 0.0367286130785942 0.0722232088446617 -0.033595334738493 0.121440827846527 0.0310226529836655 0.0999470502138138 0.13517165184021 0.170164257287979 0.192042633891106 0.300192356109619 0.324236035346985 0.364813238382339
