assets/gome_f/processed/ascii/us/gome_sif_US_20120701.asc
NCOLS 116 
NROWS 53 
XLLCORNER -125 
YLLCORNER 24.5 
CELLSIZE 0.5 
NODATA_value -3.4e+38 
[rows 0 to 18 of 53, columns 44 to 87 of 116]
0.858782291412354 0.823328018188477 0.814452528953552 0.922111034393311 0.853722870349884 0.677714109420776 0.712196946144104 0.679503560066223 0.633067607879639 0.483320146799088 0.52279669046402 0.609040260314941 0.468177050352097 0.158093750476837 0.400752782821655 0.383702158927917 0.422689408063889 0.410227656364441 0.321441233158112 0.439881145954132 0.297727912664413 0.369003444910049 0.331152021884918 0.231651946902275 0.268647372722626 0.273037374019623 0.341322511434555 0.298615097999573 0.359276831150055 0.403970092535019 0.364252060651779 0.339002937078476 0.270528227090836 0.31160768866539 0.397908180952072 0.20218151807785 0.36456561088562 0.281516879796982 0.294883847236633 0.350757271051407 0.255235105752945 0.403534591197968 0.325458645820618 0.218455582857132
0.882972955703735 0.820419549942017 0.778123140335083 0.813433229923248 0.934628963470459 0.815313160419464 0.916732788085938 0.750154197216034 0.74221533536911 0.542804598808289 0.620193123817444 0.721843600273132 0.699320673942566 0.599298000335693 0.499569863080978 0.424460023641586 0.429827928543091 0.447467356920242 0.419876575469971 0.467606574296951 0.47959578037262 0.347754061222076 0.326437920331955 0.365715801715851 0.414005190134048 0.242015659809113 0.3083615899086 0.402900457382202 0.281295537948608 0.220577120780945 0.335819184780121 0.457965910434723 0.596234917640686 0.34782150387764 0.355498820543289 0.405811309814453 0.399348109960556 0.313926637172699 0.391314774751663 0.438537746667862 0.408304810523987 0.4484643638134 0.266697078943253 0.447350919246674
0.803760826587677 0.780868291854858 0.991492867469788 0.712289035320282 0.917090892791748 0.813658595085144 0.803587377071381 0.833781898021698 0.778184235095978 0.953159749507904 0.819798529148102 0.599340081214905 0.63322913646698 0.554701745510101 0.439676284790039 0.4706030189991 0.421836316585541 0.38325297832489 0.472322314977646 0.370900183916092 0.496797502040863 0.482302993535995 0.418687909841537 0.380957245826721 0.384338170289993 0.407505720853806 0.474854469299316 0.409895896911621 0.42781999707222 0.328922033309937 0.344792425632477 0.453419834375381 0.412822127342224 0.562504470348358 0.510421335697174 0.424352616071701 0.351050287485123 0.386427074670792 0.444096773862839 0.522482872009277 0.442784368991852 0.566221296787262 0.565966427326202 0.429750919342041
0.705015301704407 0.9311802983284 0.695961654186249 0.886129796504974 0.798243284225464 0.919416666030884 0.882930874824524 0.871410071849823 0.794517695903778 1.10595333576202 0.941048264503479 0.897591114044189 0.723402202129364 0.515109360218048 0.701036810874939 0.499727368354797 0.461931556463242 0.345464617013931 0.473563134670258 0.501543402671814 0.448304682970047 0.475672602653503 0.411866962909698 0.353044360876083 0.456794083118439 0.444882243871689 0.458428829908371 0.467615127563477 0.483161598443985 0.549913585186005 0.404872059822083 0.36713981628418 0.400503575801849 0.545245230197906 0.544046342372894 0.403779357671738 0.496258765459061 0.561333775520325 0.440203815698624 0.495162844657898 0.58927321434021 0.50092738866806 0.528163075447083 0.54860657453537
0.731906890869141 1.01418745517731 0.728362798690796 0.834382951259613 0.706034302711487 0.762144267559052 0.785322606563568 0.858902633190155 0.84979921579361 0.799407958984375 0.95842444896698 1.01340925693512 0.825357437133789 0.607825815677643 0.759567201137543 0.808130264282227 0.635260224342346 0.6041179895401 0.605151116847992 0.514914035797119 0.463617205619812 0.479577720165253 0.525627255439758 0.339375168085098 0.376193344593048 0.305167466402054 0.489291548728943 0.554126143455505 0.427894026041031 0.445934534072876 0.202204793691635 0.233140975236893 0.175677567720413 0.293165683746338 0.465984225273132 0.569734871387482 0.516028046607971 0.574957191944122 0.365482687950134 0.456531286239624 0.56735634803772 0.402293056249619 0.356488436460495 0.520064473152161
0.61756694316864 0.613089621067047 0.819104373455048 0.652581691741943 0.669683158397675 0.635484099388123 0.569570243358612 0.741559028625488 0.577815592288971 0.629190802574158 0.758681178092957 0.941882252693176 0.8849036693573 0.732013344764709 0.772531032562256 0.692611932754517 0.625915467739105 0.575959086418152 0.701638519763947 0.545221865177155 0.6626096367836 0.5996333360672 0.54832124710083 0.440880566835403 0.441332966089249 0.424523115158081 0.492980122566223 0.392377525568008 0.253799706697464 0.0837537199258804 0.0662546828389168 0.0675150752067566 -0.0271443277597427 0.0847530588507652 0.436396807432175 0.412792295217514 0.484681457281113 0.547439098358154 0.509277701377869 0.587355315685272 0.45683428645134 0.558470666408539 0.318890124559402 0.454456031322479
0.528276205062866 0.571522414684296 0.443860739469528 0.75724184513092 0.787730693817139 0.812051475048065 0.747957408428192 0.77135169506073 0.663967430591583 0.869344472885132 0.681769073009491 0.976067841053009 0.932398498058319 0.734460353851318 0.784162759780884 0.705102205276489 0.610239326953888 0.616922974586487 0.686426997184753 0.599629819393158 0.618278443813324 0.581676840782166 0.538329660892487 0.470754832029343 0.303205728530884 0.252952188253403 0.144328817725182 0.176732376217842 0.0806634575128555 0.160387441515923 0.0239462573081255 -0.0857105106115341 0.0388289727270603 0.0373268947005272 0.183250784873962 0.0866787135601044 0.494754523038864 0.656594514846802 0.696243166923523 0.4891557097435 0.534577190876007 0.444232314825058 0.61871862411499 0.598009288311005
0.4652319252491 0.446273237466812 0.39158695936203 0.57171493768692 0.568701028823853 0.682938754558563 0.661027908325195 0.67217081785202 0.826215744018555 0.749055922031403 0.831535637378693 0.921337783336639 0.67121559381485 0.92454719543457 0.89143031835556 0.855426549911499 0.719435930252075 0.693626821041107 0.514692008495331 0.714933574199677 0.545977473258972 0.644287884235382 0.662782728672028 0.363362103700638 0.24442557990551 0.150547698140144 0.0949162170290947 0.139775082468987 0.273261904716492 0.381808280944824 0.203185871243477 0.0391834005713463 0.0181248150765896 0.0152379246428609 0.0919311866164207 0.0712981447577477 0.251670271158218 0.509712934494019 0.57085770368576 0.378451704978943 0.518660426139832 0.385548710823059 0.542662382125854 0.559634327888489
0.452567666769028 0.380559086799622 0.451186031103134 0.555057883262634 0.570476114749908 0.565242171287537 0.59057605266571 0.6756192445755 0.762619435787201 0.845564782619476 0.856991112232208 0.884419739246368 0.890894114971161 0.914475679397583 0.877679228782654 0.743079125881195 0.888612508773804 0.803114235401154 0.575611650943756 0.641140282154083 0.627905786037445 0.741086065769196 0.56061315536499 0.609663784503937 0.582326889038086 0.490886121988297 0.500886380672455 0.527562201023102 0.62504106760025 0.669155836105347 0.571189641952515 0.366983354091644 0.278998643159866 0.21266496181488 0.314573645591736 0.431936830282211 0.367159217596054 0.436612099409103 0.79500013589859 0.686029613018036 0.633522868156433 0.498516321182251 0.579609334468842 0.484962582588196
0.415503412485123 0.444858193397522 0.374487549066544 0.48231428861618 0.459635466337204 0.50931590795517 0.671417951583862 0.502093136310577 0.603417873382568 0.940307974815369 0.931815981864929 0.936483204364777 0.897276401519775 0.987396776676178 0.794789433479309 0.773494601249695 0.96224308013916 0.759136378765106 0.691679775714874 0.78547078371048 0.686275124549866 0.793961882591248 0.553933084011078 0.676408708095551 0.720557689666748 0.776388883590698 0.760471761226654 0.729739427566528 0.62130880355835 0.704484164714813 0.584172308444977 0.589230716228485 0.607443928718567 0.541950643062592 0.522786855697632 0.529397487640381 0.430288732051849 0.464976221323013 0.481818795204163 0.318378061056137 0.387785524129868 0.42628812789917 0.406349897384644 0.529200434684753
0.288320422172546 0.295159071683884 0.245870068669319 0.310931861400604 0.320297688245773 0.494166165590286 0.617617070674896 0.586943745613098 0.623677432537079 0.890455961227417 0.783545792102814 0.784750819206238 1.01826214790344 0.961184501647949 0.965421319007874 0.950274288654327 0.754350304603577 0.875668048858643 0.828314960002899 0.897866368293762 0.738534867763519 0.803446292877197 0.846948742866516 0.926782965660095 0.731718838214874 0.716117262840271 0.745281279087067 0.643749415874481 0.676417469978333 0.970153570175171 0.645684540271759 0.611698806285858 0.168077424168587 0.168060779571533 0.286989957094193 0.333702981472015 0.385580480098724 0.419070392847061 0.232222139835358 0.174399614334106 -0.0237160269171 0.28741866350174 0.308745205402374 0.17601777613163
0.257492750883102 0.237205624580383 0.233665615320206 0.363417625427246 0.249279692769051 0.305917024612427 0.528122365474701 0.759876132011414 0.813946068286896 0.81225973367691 0.802737951278687 0.737929940223694 0.775641441345215 0.885721802711487 1.06297898292542 0.982140243053436 0.954254806041718 0.87436318397522 0.733706831932068 0.657140135765076 0.94878214597702 0.790598452091217 0.960421741008759 1.08692061901093 0.8399937748909 0.933844387531281 1.11855924129486 0.97029572725296 0.871186554431915 0.946031033992767 0.693218290805817 0.424594908952713 0.191301882266998 0.194653779268265 0.136510282754898 0.330360054969788 0.480911195278168 0.770955264568329 0.619252800941467 0.339126884937286 0.179374173283577 0.018179465085268 0.162417098879814 0.0653016641736031
0.11918406188488 0.230754375457764 0.188883155584335 0.242916539311409 0.194887548685074 0.353246033191681 0.414286404848099 0.673403143882751 0.658316373825073 0.879663527011871 0.918429851531982 0.862489461898804 0.790962159633636 0.947763383388519 1.06122231483459 0.968455255031586 1.05891740322113 0.932248592376709 1.00721967220306 0.73193484544754 0.864866971969604 0.900290966033936 0.959768891334534 0.970641732215881 0.913972198963165 0.725984334945679 0.980826616287231 0.710426986217499 0.816215395927429 0.760961949825287 0.604549825191498 0.274166464805603 0.145675823092461 0.196195736527443 0.520082712173462 0.562672555446625 0.621953010559082 0.643541514873505 0.670120179653168 0.482685297727585 0.139306798577309 0.143808737397194 0.151705533266068 0.29211151599884
0.17229551076889 0.184551671147346 0.177625730633736 0.194281116127968 0.148208782076836 0.294818162918091 0.453213185071945 0.463820248842239 0.719402253627777 0.731736481189728 0.788320481777191 0.99830549955368 0.949193775653839 0.918884575366974 1.01220798492432 1.03983616828918 1.19097363948822 0.768351316452026 1.03157043457031 1.04584491252899 1.02217948436737 1.06584215164185 0.995414853096008 0.939445853233337 0.723324596881866 0.574916899204254 0.671720623970032 0.653018534183502 0.796108484268188 0.643901288509369 0.66406786441803 0.141678884625435 0.0531936660408974 0.279330670833588 0.648121058940887 0.658330321311951 0.781117022037506 0.664799273014069 0.650807321071625 0.368943631649017 0.176912441849709 0.189288273453712 0.166592448949814 0.43781989812851
0.223093837499619 0.192232862114906 0.211457461118698 0.30109304189682 0.151627272367477 0.284758061170578 0.338871836662292 0.354957312345505 0.627417087554932 0.698744893074036 0.744088709354401 0.977740526199341 1.01390671730042 0.938294887542725 1.09513282775879 0.923658668994904 1.12901449203491 1.11236178874969 1.04625678062439 1.07263720035553 1.11358833312988 1.09353685379028 1.09850299358368 0.969434440135956 0.860718250274658 0.841907382011414 0.845261871814728 0.659990787506104 0.808408319950104 0.652628242969513 0.481325268745422 0.208727538585663 0.251952737569809 0.40283614397049 0.852529525756836 0.78571891784668 0.795961976051331 0.743298768997192 0.661855340003967 0.469832688570023 0.618299722671509 0.308930456638336 0.236724391579628 0.626858472824097
0.177253037691116 0.130115389823914 0.275866627693176 0.23778036236763 0.467576086521149 0.363905340433121 0.407894641160965 0.364624559879303 0.420916467905045 0.599357485771179 0.49202173948288 0.669616341590881 0.852058708667755 0.938633263111115 1.15662634372711 1.26349484920502 1.04974591732025 0.987994432449341 1.10578858852386 1.05881547927856 1.06490850448608 1.14273071289062 0.957965314388275 0.887502014636993 0.869523286819458 0.797617733478546 0.77488785982132 0.703104496002197 0.755595982074738 0.603917241096497 0.427217245101929 0.101183481514454 0.0278258472681046 0.360471308231354 0.669235646724701 0.765819430351257 0.812329292297363 0.816035807132721 0.775143086910248 0.740795791149139 0.722964882850647 0.468647241592407 0.441596865653992 0.679953455924988
0.13728840649128 0.21455030143261 0.178706362843513 0.215872630476952 0.25507053732872 0.423050701618195 0.50372588634491 0.470070630311966 0.414254426956177 0.462420135736465 0.717970311641693 0.591428339481354 0.805421233177185 0.889315605163574 1.05838024616241 1.08263647556305 1.01448774337769 1.14149940013885 0.920765101909637 1.12313747406006 0.988490641117096 1.05893456935883 0.924565732479095 0.996710598468781 0.886898815631866 0.869836270809174 0.712212085723877 0.759429454803467 0.651773691177368 0.617721438407898 0.490293323993683 0.178625151515007 0.0864414572715759 0.168953791260719 0.603682696819305 0.652852833271027 0.76276421546936 0.737063050270081 0.677226364612579 0.621407210826874 0.557878792285919 0.556821763515472 0.639626026153564 0.605367481708527
0.331812173128128 0.171799749135971 0.170878276228905 0.190201297402382 0.208936974406242 0.330502271652222 0.308641731739044 0.262043923139572 0.48752573132515 0.653935015201569 1.03299653530121 0.817130029201508 0.970885634422302 1.07471811771393 1.09967422485352 1.06809020042419 1.01055693626404 1.05787038803101 1.09588885307312 1.13193118572235 0.944282233715057 1.04087948799133 0.914484918117523 1.06044709682465 1.13048553466797 0.815621614456177 0.861013293266296 0.891780734062195 0.788155317306519 0.76866227388382 0.388011246919632 0.149910092353821 0.1216886267066 0.335091680288315 0.718490958213806 0.628129303455353 0.678831875324249 0.732239782810211 0.529700756072998 0.609988749027252 0.443113893270493 0.362368285655975 0.386505663394928 0.14365990459919
0.211145997047424 0.183313980698586 0.134863704442978 0.242624029517174 0.303151905536652 0.358352452516556 0.302932649850845 0.381487399339676 0.386296361684799 0.663911581039429 0.791765570640564 0.922397077083588 0.889407277107239 0.966010332107544 1.10060060024261 0.961136341094971 0.978643298149109 0.963240444660187 0.924788296222687 1.10991621017456 1.08664643764496 1.0673680305481 0.811987400054932 0.818524539470673 0.954308450222015 0.92258220911026 0.99238908290863 0.95514440536499 0.819031596183777 0.835313558578491 0.534701406955719 0.45911306142807 0.522147357463837 0.637108445167542 0.720359802246094 0.627741277217865 0.74682343006134 0.730337679386139 0.753492534160614 0.56540060043335 0.386879801750183 0.189743250608444 0.0492722541093826 0.418132662773132
