assets/gome_f/processed/ascii/us/gome_sif_US_20110801.asc
NCOLS 116 
NROWS 53 
XLLCORNER -125 
YLLCORNER 24.5 
CELLSIZE 0.5 
NODATA_value -3.4e+38 
[rows 19 to 37 of 53, columns 44 to 87 of 116]
0.309969574213028 0.428200930356979 0.338863551616669 0.532309174537659 0.565494954586029 0.642111718654633 0.580122828483582 0.765565395355225 0.895102620124817 0.853121757507324 0.888969361782074 1.08987200260162 0.949702441692352 1.03641593456268 0.822389185428619 0.99584972858429 0.875192523002625 0.973793506622314 0.91205108165741 0.699814438819885 0.811442315578461 0.95939701795578 0.985554158687592 0.814050376415253 1.03402948379517 0.862055957317352 0.945021748542786 1.04742789268494 0.975626945495605 0.965275645256042 0.79800009727478 0.834985733032227 0.895124197006226 0.773879110813141 0.688975036144257 0.802361845970154 0.877847850322723 0.862867951393127 0.931037485599518 0.835509240627289 0.834377765655518 0.762207925319672 0.542958855628967 0.730232298374176
0.486389368772507 0.435584187507629 0.514106273651123 0.602243542671204 0.614978432655334 0.647825539112091 0.804012954235077 0.742918908596039 0.960147380828857 1.05690288543701 1.00153160095215 0.942563652992249 0.803722143173218 0.920034945011139 0.864624261856079 0.865293860435486 0.837093591690063 1.01853859424591 0.793773114681244 0.7835853099823 0.748130798339844 0.748989403247833 0.814079880714417 0.888545513153076 0.962426245212555 0.888938426971436 0.876566827297211 0.886530339717865 0.950752139091492 1.13198614120483 0.92073118686676 1.00471460819244 0.865889847278595 0.833647966384888 0.836780786514282 0.879081964492798 0.90181702375412 0.893735289573669 0.945899069309235 1.06032288074493 0.969962894916534 0.937452077865601 0.666591703891754 0.761448383331299
0.367682427167892 0.341371804475784 0.431850701570511 0.333472013473511 0.468746840953827 0.476947158575058 0.748579740524292 0.725514531135559 0.786480605602264 0.989013135433197 0.764844179153442 0.777142286300659 0.809908032417297 0.822529733181 0.797925353050232 0.820428431034088 0.823061108589172 0.797840893268585 0.710359990596771 0.674494683742523 0.691537916660309 0.821616530418396 0.678591191768646 0.801140546798706 0.816876351833344 0.869527280330658 0.989840865135193 0.909552097320557 1.01981127262115 0.862649381160736 0.939909696578979 0.874214768409729 0.992428123950958 0.969786047935486 0.897003710269928 0.929801046848297 0.846730053424835 0.802897810935974 0.875401735305786 0.958010256290436 0.964358627796173 0.95768541097641 0.634605705738068 0.802754044532776
0.389914363622665 0.35481059551239 0.348515748977661 0.268033742904663 0.501224040985107 0.453372269868851 0.667910397052765 0.54964554309845 0.593413770198822 0.702693104743958 0.597763001918793 0.797393023967743 0.830979585647583 0.748354494571686 0.76485151052475 0.862445831298828 0.811655104160309 0.898804068565369 0.905139327049255 0.895729601383209 0.767274975776672 0.758931040763855 0.8143669962883 0.820892572402954 0.702783048152924 0.916865229606628 0.84056144952774 0.746801376342773 0.923681616783142 0.863803505897522 0.929971992969513 0.911330103874207 0.992479622364044 0.679845929145813 0.772872865200043 0.869059562683105 0.960363268852234 0.824571430683136 0.924471139907837 0.887738645076752 0.68012923002243 0.807898044586182 0.80239200592041 0.843298971652985
0.371024906635284 0.320326656103134 0.447588205337524 0.520315885543823 0.4942946434021 0.485925167798996 0.457626700401306 0.511541843414307 0.650892794132233 0.595550179481506 0.495701014995575 0.594519734382629 0.673111617565155 0.535408973693848 0.648440361022949 0.775738000869751 0.711677193641663 0.779519319534302 0.762490689754486 0.755566358566284 0.863932371139526 0.783429801464081 0.74567449092865 0.824486136436462 0.739210784435272 0.799776792526245 0.901845514774323 0.885631263256073 0.907863855361938 0.775651931762695 0.960440635681152 0.839632630348206 0.967351377010345 0.688180863857269 0.77816379070282 0.772266924381256 0.837155401706696 0.803575038909912 0.81658661365509 0.929740726947784 0.836389422416687 0.556775510311127 0.695815205574036 0.619368255138397
0.220723897218704 0.259984135627747 0.457968086004257 0.318469911813736 0.441550195217133 0.415833383798599 0.352149963378906 0.450179278850555 0.316553354263306 0.447808295488358 0.454537659883499 0.501306354999542 0.46941614151001 0.497934937477112 0.538189113140106 0.547436118125916 0.684528827667236 0.704623162746429 0.831331431865692 0.748325169086456 0.789689481258392 0.676000237464905 0.702647924423218 0.677042007446289 0.628648996353149 0.643552899360657 0.842517077922821 0.791054964065552 0.905720412731171 0.752051949501038 0.98758727312088 0.781770646572113 0.648964762687683 0.627627849578857 0.845121502876282 0.718570590019226 0.676857531070709 0.607932567596436 0.736223578453064 0.878757655620575 0.64166259765625 0.527115106582642 0.757879078388214 0.659306049346924
0.275147259235382 0.307525157928467 0.216487094759941 0.304754197597504 0.194957345724106 0.243878811597824 0.164907798171043 0.361871123313904 0.387785285711288 0.380045801401138 0.375801742076874 0.383522689342499 0.305213034152985 0.346457540988922 0.498556226491928 0.584404349327087 0.530847489833832 0.723528206348419 0.629535913467407 0.629567861557007 0.553259789943695 0.652923047542572 0.765508532524109 0.610709667205811 0.754643321037292 0.707698285579681 0.812629997730255 0.638447701931 0.750216543674469 0.906573712825775 0.902104914188385 0.969129502773285 0.707725644111633 0.733531892299652 0.593542575836182 0.690531134605408 0.561554193496704 0.716765701770782 0.823080658912659 0.775783896446228 0.805805921554565 0.60937225818634 0.566850364208221 0.613841712474823
0.23524996638298 0.224872872233391 0.253260552883148 0.157018780708313 0.355174750089645 0.359451055526733 0.253946095705032 0.335786134004593 0.343294203281403 0.301867455244064 0.400052934885025 0.182277649641037 0.308151662349701 0.305948108434677 0.453278720378876 0.544988453388214 0.537981569766998 0.543056607246399 0.498752057552338 0.688625454902649 0.652697443962097 0.691453814506531 0.725512981414795 0.711024463176727 0.708061695098877 0.610064625740051 0.677398383617401 0.601011574268341 0.767728269100189 0.802107155323029 0.758304357528687 0.850397527217865 0.671412527561188 0.710287153720856 0.584906816482544 0.709522128105164 0.802339673042297 0.719433903694153 0.573356032371521 0.551959156990051 0.664667308330536 0.57605242729187 0.611716747283936 0.698939383029938
0.169097617268562 0.2443757802248 0.125650092959404 0.303447872400284 0.261179089546204 0.220754384994507 0.196122020483017 0.181916445493698 0.269875764846802 0.248985722661018 0.224974051117897 0.400389224290848 0.400073647499084 0.376652926206589 0.428938865661621 0.41695898771286 0.426607221364975 0.576828896999359 0.423047363758087 0.506532371044159 0.667917609214783 0.602758646011353 0.736104607582092 0.600930094718933 0.742066919803619 0.622299611568451 0.589061915874481 0.720067322254181 0.739807426929474 0.556896209716797 0.696926176548004 0.747910022735596 0.75440776348114 0.507274568080902 0.636336863040924 0.639128148555756 0.65984433889389 0.651492953300476 0.628133177757263 0.529550909996033 0.697319626808167 0.605078160762787 0.488872885704041 0.799196362495422
0.14034777879715 0.0751074180006981 0.132241919636726 0.252249896526337 0.123040050268173 0.0776074826717377 0.0722520798444748 0.0732144713401794 0.238216489553452 0.196385413408279 0.295249938964844 0.380088865756989 0.432104587554932 0.396692782640457 0.387732952833176 0.588021457195282 0.421150416135788 0.473243534564972 0.480230838060379 0.486122757196426 0.540805459022522 0.570584297180176 0.533029854297638 0.441640287637711 0.741281032562256 0.84896320104599 0.844050943851471 0.925677239894867 0.748602986335754 0.645362913608551 0.628715217113495 0.629371762275696 0.689791858196259 0.55706125497818 0.700291812419891 0.63752007484436 0.685109853744507 0.596452116966248 0.627448081970215 0.752447724342346 0.71823525428772 0.766593098640442 0.670928239822388 0.763936519622803
0.237637385725975 0.258369207382202 0.240263119339943 0.245548367500305 0.210185334086418 0.122387312352657 0.180140838027 0.146588385105133 0.147759944200516 0.186379924416542 0.333919286727905 0.237190201878548 0.332218110561371 0.413206189870834 0.420959740877151 0.491640746593475 0.485396534204483 0.439038962125778 0.678253769874573 0.412069141864777 0.664096891880035 0.38841325044632 0.572299718856812 0.547884583473206 0.685119926929474 0.859395921230316 0.730390846729279 0.790045380592346 0.787096560001373 0.730400502681732 0.66201251745224 0.604178845882416 0.479632526636124 0.481111526489258 0.545411288738251 0.58598393201828 0.671385645866394 0.612401485443115 0.717427790164948 0.640643715858459 0.570523679256439 0.879128992557526 0.691446721553802 0.782693088054657
0.160412356257439 0.363964825868607 0.0966797024011612 0.159983396530151 0.208249822258949 0.135541692376137 0.224197387695312 0.147174522280693 0.252090901136398 0.286804676055908 0.242462739348412 0.300072401762009 0.369535177946091 0.44932422041893 0.275491505861282 0.498388171195984 0.567258954048157 0.574160635471344 0.659226834774017 0.415727496147156 0.610652029514313 0.556971371173859 0.488917201757431 0.763653099536896 0.912028133869171 1.08107721805573 0.624068200588226 0.719885289669037 0.69200611114502 0.585122466087341 0.698025047779083 0.57266753911972 0.628544211387634 0.524834454059601 0.729243516921997 0.508914411067963 0.654172301292419 0.704537510871887 0.564496994018555 0.796951532363892 0.744571149349213 0.699894189834595 0.559532761573792 0.580671548843384
0.223218902945518 0.133874043822289 0.24020990729332 0.195355638861656 0.218463480472565 0.123145073652267 0.143378168344498 0.188710749149323 0.195657163858414 0.367701202630997 0.278338253498077 0.443460255861282 0.278566867113113 0.212952241301537 0.468091040849686 0.281804084777832 0.392171770334244 0.355126202106476 0.534918189048767 0.438324928283691 0.555397629737854 0.598865509033203 0.549932897090912 0.820064783096313 0.900867283344269 0.747489392757416 0.728090941905975 0.748505890369415 0.781930923461914 0.587503015995026 0.556277751922607 0.480498939752579 0.745196640491486 0.4913409948349 0.666965901851654 0.590725123882294 0.540117740631104 0.64344447851181 0.496220707893372 0.713236629962921 0.614249706268311 0.631171464920044 0.573425769805908 0.48298704624176
0.2042495906353 0.126852974295616 0.204424679279327 0.127775773406029 0.118369489908218 0.224284455180168 0.120512567460537 0.183281525969505 0.16938504576683 0.236183941364288 0.275449573993683 0.226406902074814 0.296894878149033 0.356042861938477 0.414017349481583 0.318673253059387 0.408471822738647 0.226007685065269 0.472113817930222 0.486053168773651 0.542217433452606 0.64859813451767 0.544831037521362 0.788812816143036 0.908520042896271 0.735899925231934 0.71936446428299 0.526238918304443 0.646321475505829 0.585937857627869 0.687627136707306 0.395360291004181 0.698072731494904 0.796110391616821 0.696074962615967 0.550298690795898 0.610228717327118 0.612994968891144 0.618606686592102 0.796426773071289 0.507671892642975 0.441109538078308 0.589769721031189 0.498755663633347
0.244674950838089 0.339491307735443 0.283751636743546 0.170721158385277 0.0843439996242523 0.232079535722733 0.183793365955353 0.151132732629776 0.180439963936806 0.230970874428749 0.276577115058899 0.258277773857117 0.369181007146835 0.280234545469284 0.370330214500427 0.182059586048126 0.396119773387909 0.476538777351379 0.460494428873062 0.559716165065765 0.527037978172302 0.575431942939758 0.577786207199097 0.881574273109436 0.796072065830231 0.719235181808472 0.65391206741333 0.68667197227478 0.56876415014267 0.570720613002777 0.543950498104095 0.530936002731323 0.58944833278656 0.770620703697205 0.658060610294342 0.557451665401459 0.56703120470047 0.553258836269379 0.60057669878006 0.551510155200958 0.508398592472076 0.49519807100296 0.524469137191772 0.498305171728134
0.233256503939629 0.113323457539082 0.227036505937576 0.228124588727951 0.244256064295769 0.0734958425164223 0.125897794961929 0.188785716891289 0.118542298674583 0.146052479743958 0.212675243616104 0.123377792537212 0.223172605037689 0.186826273798943 0.347099184989929 0.37227264046669 0.398238360881805 0.366484075784683 0.293125659227371 0.401103347539902 0.454971998929977 0.604424059391022 0.627597749233246 0.424756646156311 0.781590700149536 0.62332421541214 0.646156251430511 0.536529898643494 0.54411655664444 0.576494991779327 0.520301103591919 0.546994268894196 0.584593534469604 0.673005282878876 0.506772458553314 0.636201858520508 0.431097596883774 0.585239291191101 0.64907318353653 0.524503648281097 0.417051881551743 0.535706043243408 0.45408433675766 0.519623816013336
0.1726194024086 0.250748962163925 0.212873071432114 0.102588459849358 0.170372560620308 0.126572102308273 0.114102609455585 0.244943648576736 0.202921360731125 0.221985056996346 0.316519051790237 0.260573774576187 0.256995052099228 0.203237876296043 0.314651250839233 0.445459187030792 0.406546801328659 0.423861116170883 0.425354957580566 0.54748797416687 0.546144127845764 0.518615186214447 0.622566282749176 0.464985400438309 0.570380032062531 0.670967578887939 0.595285415649414 0.537684321403503 0.493515908718109 0.584891974925995 0.573168337345123 0.550819337368011 0.458670735359192 0.544517278671265 0.531582295894623 0.685875177383423 0.590485632419586 0.525264203548431 0.592487871646881 0.470491290092468 0.528523087501526 0.517869293689728 0.564367771148682 0.50957727432251
0.0874414145946503 0.108038209378719 0.200328215956688 0.21914342045784 0.127998560667038 0.182354182004929 0.188708156347275 0.287277668714523 0.2410718947649 0.28072863817215 0.304038047790527 0.279557257890701 0.432732850313187 0.293080240488052 0.416402816772461 0.341111421585083 0.426404297351837 0.446477741003036 0.417635828256607 0.457478225231171 0.562518119812012 0.501188337802887 0.49504366517067 0.537136793136597 0.646106958389282 0.508941471576691 0.686521112918854 0.625440776348114 0.509490728378296 0.529760658740997 0.423119932413101 0.535698413848877 0.526545941829681 0.517256081104279 0.513605833053589 0.478367924690247 0.58034884929657 0.394123405218124 0.633801400661469 0.426426142454147 0.602355420589447 0.532809436321259 0.600466668605804 0.50010883808136
0.0118706459179521 0.0865615829825401 0.151712045073509 0.267394334077835 0.045368317514658 0.131031513214111 0.178064420819283 0.381926745176315 0.232929393649101 0.211690619587898 0.279676109552383 0.230693459510803 0.350729048252106 0.31548073887825 0.167176723480225 0.427736699581146 0.386245638132095 0.421675801277161 0.370535999536514 0.376274585723877 0.460406988859177 0.568475008010864 0.475042462348938 0.441856801509857 0.600514888763428 0.688529849052429 0.566765904426575 0.610532820224762 0.478315621614456 0.56025218963623 0.487718850374222 0.628645181655884 0.552972078323364 0.52430921792984 0.625629782676697 0.46299746632576 0.617519438266754 0.553763508796692 0.56971949338913 0.551291704177856 0.541529953479767 0.52470988035202 0.367956846952438 0.492267340421677
