assets/gome_f/processed/ascii/us/gome_sif_US_20110901.asc
NCOLS 116 
NROWS 53 
XLLCORNER -125 
YLLCORNER 24.5 
CELLSIZE 0.5 
NODATA_value -3.4e+38 
[rows 19 to 37 of 53, columns 44 to 87 of 116]
0.0861919596791267 0.202982977032661 0.173724606633186 0.124603681266308 0.189722657203674 0.221241176128387 0.335453808307648 0.359146952629089 0.420612424612045 0.40621879696846 0.377118676900864 0.465558111667633 0.573967158794403 0.537759721279144 0.397220283746719 0.522080481052399 0.5835080742836 0.547987520694733 0.562193274497986 0.473969668149948 0.435663402080536 0.432950854301453 0.444329053163528 0.537016451358795 0.488327771425247 0.60289603471756 0.618683218955994 0.545152842998505 0.351568907499313 0.658839166164398 0.58041900396347 0.671322882175446 0.697378933429718 0.532696783542633 0.520180940628052 0.477228492498398 0.537241816520691 0.663674175739288 0.661157131195068 0.374380677938461 0.504938721656799 0.623713672161102 0.262272417545319 0.516782283782959
0.211154609918594 0.197792768478394 0.230543702840805 0.331050187349319 0.218072459101677 0.37623193860054 0.410707533359528 0.475596249103546 0.526059925556183 0.402519464492798 0.543297171592712 0.47798290848732 0.571305930614471 0.590831279754639 0.465201675891876 0.317429959774017 0.500673294067383 0.510256171226501 0.601132392883301 0.583706259727478 0.638753056526184 0.408758223056793 0.558764636516571 0.413559347391129 0.545940279960632 0.511981546878815 0.518810153007507 0.545117616653442 0.518792748451233 0.71886134147644 0.358094483613968 0.487562119960785 0.61769050359726 0.36164590716362 0.468433439731598 0.574979841709137 0.526586651802063 0.716117143630981 0.924129843711853 0.746437430381775 0.826222360134125 0.782390415668488 0.601313531398773 0.551184117794037
0.133927583694458 0.252173185348511 0.191379353404045 0.189216256141663 0.317578166723251 0.3767409324646 0.233742520213127 0.341699153184891 0.472733587026596 0.44428426027298 0.512364029884338 0.514490008354187 0.545149326324463 0.491827964782715 0.496971100568771 0.3669074177742 0.580307602882385 0.619262099266052 0.532253742218018 0.616595149040222 0.523565173149109 0.409612774848938 0.371377050876617 0.521592617034912 0.478733956813812 0.463591724634171 0.382246434688568 0.367869019508362 0.372507482767105 0.527092158794403 0.431203186511993 0.461939781904221 0.423665285110474 0.456019580364227 0.636752009391785 0.626935839653015 0.489024460315704 0.603774011135101 0.596791803836823 0.640581011772156 0.587528347969055 0.565349280834198 0.664305865764618 0.586539387702942
0.170087859034538 0.166510567069054 0.276273548603058 0.113517142832279 0.222728237509727 0.174594685435295 0.205683663487434 0.280631959438324 0.226929754018784 0.325779229402542 0.397594422101974 0.364347577095032 0.428177893161774 0.390691637992859 0.429044604301453 0.385540843009949 0.4456886947155 0.482393592596054 0.537575840950012 0.579265654087067 0.549441158771515 0.594044208526611 0.313854664564133 0.427905708551407 0.293003648519516 0.348744690418243 0.283253908157349 0.177273839712143 0.359562873840332 0.362311691045761 0.619337499141693 0.593322813510895 0.532914102077484 0.351025074720383 0.493789941072464 0.607164323329926 0.535315036773682 0.505014359951019 0.563128352165222 0.504352867603302 0.12446553260088 0.51028311252594 0.694728016853333 0.553958833217621
0.246428444981575 0.163214385509491 0.149236470460892 0.188315778970718 0.184031307697296 0.270798981189728 0.228731989860535 0.28880563378334 0.250939518213272 0.326681226491928 0.23044565320015 0.440556526184082 0.343400597572327 0.430328249931335 0.333401501178741 0.391228765249252 0.526124835014343 0.52435165643692 0.44105538725853 0.574292480945587 0.448218405246735 0.518818855285645 0.49304124712944 0.42511710524559 0.23331281542778 0.458059668540955 0.36562106013298 0.377333641052246 0.5411696434021 0.478850573301315 0.502964198589325 0.526360511779785 0.423845231533051 0.45026046037674 0.445556640625 0.523077070713043 0.757866501808167 0.452234447002411 0.640288472175598 0.503816246986389 0.279835671186447 0.257786840200424 0.545312583446503 0.474018543958664
0.20675091445446 0.186762139201164 0.159308433532715 0.167191073298454 0.214621037244797 0.198260381817818 0.143605679273605 0.226430147886276 0.245241492986679 0.290711492300034 0.238602891564369 0.352364271879196 0.209975913167 0.259986370801926 0.357944846153259 0.33177325129509 0.373573869466782 0.434332132339478 0.494740873575211 0.663230299949646 0.415975719690323 0.624679863452911 0.583870768547058 0.38311704993248 0.524857878684998 0.365137815475464 0.484360456466675 0.42293781042099 0.537883281707764 0.461790084838867 0.691293597221375 0.403235882520676 0.468259751796722 0.553250014781952 0.46296238899231 0.507340967655182 0.411418974399567 0.466394990682602 0.553278088569641 0.429235190153122 0.479463666677475 0.415996104478836 0.410244762897491 0.441531002521515
0.173304855823517 0.0751776024699211 0.0769694820046425 0.217786252498627 0.131948888301849 0.0971034839749336 0.0544028729200363 0.291727602481842 0.240746647119522 0.331161558628082 0.170132979750633 0.293793916702271 0.258621364831924 0.193920984864235 0.246901243925095 0.300948321819305 0.374535590410233 0.385963588953018 0.444168537855148 0.632825195789337 0.493319422006607 0.550511598587036 0.418565481901169 0.539393067359924 0.386957347393036 0.45255845785141 0.559660971164703 0.450788348913193 0.539462566375732 0.549180090427399 0.43413895368576 0.45468458533287 0.400059968233109 0.536101520061493 0.381916105747223 0.480875372886658 0.435768485069275 0.548458635807037 0.540196001529694 0.471209347248077 0.493997097015381 0.450824916362762 0.53982675075531 0.604693949222565
0.0839514061808586 0.0855273827910423 0.0941905602812767 0.131182700395584 0.148342832922935 0.132650479674339 0.122827142477036 0.172787517309189 0.281735926866531 0.19493293762207 0.256752789020538 0.211465910077095 0.278871029615402 0.142079457640648 0.249893844127655 0.221003323793411 0.372818112373352 0.407326608896255 0.362348824739456 0.522313117980957 0.530852138996124 0.638791501522064 0.418397754430771 0.488250583410263 0.509038031101227 0.454960823059082 0.378247380256653 0.443327844142914 0.508135795593262 0.414992153644562 0.387452989816666 0.551884114742279 0.471346199512482 0.429715067148209 0.33899450302124 0.472301602363586 0.534998834133148 0.467108875513077 0.48340979218483 0.394515633583069 0.432867169380188 0.416707575321198 0.586378276348114 0.561888098716736
0.0579037256538868 0.100379101932049 0.0965220183134079 0.146969333291054 0.186320647597313 0.174462229013443 0.110058210790157 0.047419972717762 0.202338308095932 0.23875704407692 0.304492563009262 0.239096522331238 0.225732281804085 0.290774345397949 0.257516115903854 0.324891328811646 0.312980145215988 0.465088993310928 0.330408036708832 0.503676354885101 0.530789792537689 0.512334704399109 0.570776879787445 0.474851489067078 0.577863395214081 0.47293946146965 0.527720868587494 0.428001880645752 0.548705637454987 0.528665602207184 0.287655055522919 0.34144726395607 0.269234091043472 0.575945854187012 0.436326801776886 0.426948040723801 0.609175741672516 0.404489487409592 0.466945677995682 0.451342731714249 0.529352843761444 0.409481376409531 0.491120666265488 0.705219328403473
0.120851665735245 0.0281766559928656 0.156093150377274 0.0830145850777626 0.152015686035156 0.165247142314911 0.077920988202095 0.174566596746445 0.199732005596161 0.156032860279083 0.194478526711464 0.256768792867661 0.195368930697441 0.355695188045502 0.372251391410828 0.312104254961014 0.315560728311539 0.533932685852051 0.482873290777206 0.43855944275856 0.502590358257294 0.249928519129753 0.560226261615753 0.34613573551178 0.621124505996704 0.495426058769226 0.624724149703979 0.758312463760376 0.574979782104492 0.536573648452759 0.294933974742889 0.555288434028625 0.446490347385406 0.464455842971802 0.535871803760529 0.592767238616943 0.598465502262115 0.384293735027313 0.441828519105911 0.487825036048889 0.462759435176849 0.50984787940979 0.449152797460556 0.508965134620667
0.113902777433395 0.108371093869209 0.122106209397316 0.177461892366409 0.0688495114445686 0.0290640331804752 0.139365077018738 0.0838838145136833 0.0628370717167854 0.151056170463562 0.0944850742816925 0.199770644307137 0.172232925891876 0.29329639673233 0.37671223282814 0.474891245365143 0.520702064037323 0.408841967582703 0.512092411518097 0.363949745893478 0.492744356393814 0.396645933389664 0.535366714000702 0.303929716348648 0.548694252967834 0.485468655824661 0.585217654705048 0.466490715742111 0.495168089866638 0.520090281963348 0.364661574363708 0.422584712505341 0.476747125387192 0.411726981401443 0.484038323163986 0.377214252948761 0.485257267951965 0.282913029193878 0.520012617111206 0.45388987660408 0.454215079545975 0.545058488845825 0.45894867181778 0.514963448047638
0.231565773487091 0.183848634362221 0.000758503854740411 0.0278331711888313 0.232771262526512 0.13832026720047 0.11005675047636 0.157645866274834 0.097028948366642 0.267697006464005 0.238652378320694 0.242300346493721 0.218542605638504 0.39443838596344 0.296942591667175 0.45707494020462 0.419946432113647 0.440397292375565 0.495310068130493 0.431384086608887 0.599816739559174 0.453024655580521 0.566936552524567 0.532616198062897 0.458726018667221 0.696591854095459 0.30561688542366 0.557923316955566 0.423395097255707 0.562675893306732 0.470578819513321 0.35393425822258 0.435695618391037 0.430674880743027 0.556491732597351 0.314192771911621 0.552753627300262 0.527726173400879 0.537297785282135 0.469323188066483 0.55985963344574 0.545470356941223 0.362183392047882 0.442064642906189
0.0979729294776917 0.109447173774242 -0.0194332953542471 0.0891333818435669 0.106249444186687 0.12780924141407 0.177353262901306 0.059624120593071 0.154716283082962 0.280886709690094 0.288855969905853 0.197142377495766 0.277020364999771 0.279400527477264 0.386131942272186 0.240926072001457 0.381937772035599 0.26324936747551 0.540980339050293 0.308710664510727 0.568396210670471 0.610821187496185 0.540291130542755 0.569256842136383 0.402762025594711 0.634078919887543 0.541014671325684 0.44903564453125 0.493808478116989 0.348555594682693 0.398764967918396 0.309341073036194 0.550560534000397 0.437414258718491 0.426095217466354 0.471468597650528 0.419236332178116 0.616216838359833 0.477566808462143 0.560635209083557 0.473908603191376 0.509909927845001 0.517540872097015 0.374212503433228
0.0973877757787704 0.113756708800793 0.0565808825194836 0.0249105952680111 0.0560363084077835 0.103184692561626 0.090730607509613 0.103496573865414 0.0327090285718441 0.199614375829697 0.237986594438553 0.146228358149529 0.299027979373932 0.195557489991188 0.310621857643127 0.269649863243103 0.397091209888458 0.373822212219238 0.497987568378448 0.408313900232315 0.518284916877747 0.621623933315277 0.397513806819916 0.549848139286041 0.454388111829758 0.438743263483047 0.60915070772171 0.397792756557465 0.562446713447571 0.406676769256592 0.452419221401215 0.282453268766403 0.492029756307602 0.477249532938004 0.463049650192261 0.420689940452576 0.426935642957687 0.555709660053253 0.427422851324081 0.456983923912048 0.469220787286758 0.394046306610107 0.442582249641418 0.431348085403442
0.114017739892006 0.135909289121628 0.18382728099823 0.0657220780849457 0.0677385032176971 0.158958286046982 -0.0270111877471209 0.079825222492218 0.14482019841671 0.118262909352779 0.168959841132164 0.157882317900658 0.216730698943138 0.166549488902092 0.279082000255585 0.22804594039917 0.358092188835144 0.395110428333282 0.346476376056671 0.450486779212952 0.428353995084763 0.582423508167267 0.436039060354233 0.53610634803772 0.260926455259323 0.447638541460037 0.440589249134064 0.491625279188156 0.563162624835968 0.367526978254318 0.574516355991364 0.348390966653824 0.418930262327194 0.456787258386612 0.403186321258545 0.45173105597496 -999 0.407273858785629 0.23647378385067 0.396785318851471 0.454213887453079 0.367725521326065 0.341508269309998 0.296081840991974
0.199840500950813 0.0508275851607323 0.223184004426003 0.170460402965546 0.147756680846214 0.112376838922501 0.170166701078415 0.122378304600716 0.148769304156303 0.124772667884827 0.135763704776764 0.190665394067764 0.258628249168396 0.196241036057472 0.216547235846519 0.242244586348534 0.331626325845718 0.351768255233765 0.385410159826279 0.484005182981491 0.104821532964706 0.540372669696808 0.226625695824623 0.327434301376343 0.296094328165054 0.400595664978027 0.377223402261734 0.353444665670395 0.540847897529602 0.32047575712204 0.405177295207977 0.455745339393616 0.203654676675797 0.455050617456436 0.474458247423172 0.526677787303925 0.310121476650238 0.367862015962601 0.388683885335922 0.457309991121292 0.401383310556412 -999 0.465600371360779 0.335049629211426
0.148549154400826 0.109789043664932 -0.0160308387130499 0.148926094174385 0.148214295506477 0.113444298505783 0.154295578598976 0.131457626819611 0.102142207324505 0.175428330898285 0.128537118434906 0.176237493753433 0.275542497634888 0.129027634859085 0.152550294995308 0.257386803627014 0.195332482457161 0.306351602077484 0.175849229097366 0.433391839265823 0.51027125120163 0.377168864011765 0.322105467319489 0.315820097923279 0.32730495929718 -999 0.492093652486801 0.498150169849396 0.46400910615921 0.312690615653992 0.278175294399261 0.411200076341629 0.488057196140289 0.345424026250839 0.508344411849976 0.604924559593201 0.316504925489426 0.354849338531494 0.400806546211243 0.163367763161659 0.430940806865692 0.346789568662643 0.334943234920502 0.402312606573105
0.103089533746243 0.100709810853004 0.128505766391754 0.110835641622543 0.0544478595256805 0.0477093271911144 0.146169766783714 0.080072246491909 0.177509590983391 0.149042651057243 0.212244763970375 0.16358046233654 0.129615589976311 0.259535521268845 0.316434293985367 0.300701558589935 0.403433978557587 0.22323551774025 0.332827210426331 0.474232286214828 0.524844884872437 0.244601458311081 0.272271513938904 0.350569069385529 0.452841639518738 0.247483968734741 0.499748587608337 0.480113834142685 0.56846684217453 0.421952217817307 0.377570003271103 0.388813495635986 0.409758239984512 0.351959556341171 0.369175523519516 0.315084666013718 0.439765572547913 0.291951149702072 0.369564831256866 0.331374734640121 0.505163133144379 0.22510614991188 0.297786593437195 0.397815108299255
0.0785309299826622 0.0563612207770348 0.135621324181557 0.0966457650065422 0.11102220416069 0.148233443498611 0.177645280957222 0.0820023566484451 0.200927838683128 0.195482477545738 0.254513412714005 0.130065232515335 0.138223201036453 0.0988487973809242 0.250850528478622 0.23772132396698 0.284590601921082 0.325223654508591 0.345996350049973 0.584680736064911 0.472049325704575 0.335370868444443 0.336631655693054 0.341933697462082 0.595407128334045 0.44786524772644 0.383896201848984 0.631264626979828 0.380527913570404 0.416102647781372 0.385632038116455 0.493270665407181 0.425673425197601 0.483056515455246 0.393054366111755 0.16045942902565 0.415758490562439 0.312690168619156 0.359330803155899 0.319804161787033 0.136915430426598 0.320158928632736 0.410164922475815 0.372417688369751
