assets/gome_f/processed/ascii/us/gome_sif_US_20121201.asc
NCOLS 116 
NROWS 53 
XLLCORNER -125 
YLLCORNER 24.5 
CELLSIZE 0.5 
NODATA_value -3.4e+38 
[rows 0 to 18 of 53, columns 43 to 85 of 116]
-999 -999 -999 -999 -999 -999 -999 -999 -999 -999 -999 -999 -999 -999 -999 -999 -999 -999 -999 -0.103587664663792 -999 0.111449837684631 -999 -999 0.0399513021111488 -999 0.106449916958809 0.123265720903873 -999 0.127988442778587 0.0896061360836029 0.24400706589222 0.103936553001404 0.0433103963732719 -0.0111958999186754 0.0676295161247253 0.197132796049118 -0.103936962783337 -0.220623970031738 -0.00750235375016928 0.16773547232151 0.0460065081715584 -999
-999 -999 -999 -999 -999 -999 -999 -999 -999 -999 -999 -999 -999 -999 -999 0.0231238212436438 -999 -999 -999 0.0830903053283691 0.0600158907473087 -0.108708143234253 -999 -0.019926181063056 0.0753405094146729 0.042805977165699 0.0478929281234741 0.0872993692755699 -0.130874082446098 0.13035860657692 0.197865188121796 -0.0232711173593998 -0.00289421156048775 -999 0.107075177133083 0.0476552657783031 0.0628454014658928 0.0856575444340706 0.0117293335497379 -999 -0.0325844883918762 0.062670424580574 -999
-999 -999 -999 -999 -999 -999 -999 -999 -999 -999 -999 -999 -999 -999 -999 -999 -999 0.107754833996296 0.079570859670639 -0.0901467353105545 -0.0710948333144188 0.0676461160182953 -0.0209636893123388 0.20165604352951 0.121752567589283 0.085192009806633 0.0709957703948021 0.0426084250211716 -0.00573978945612907 -999 0.0100855408236384 0.0126892691478133 -0.103864267468452 0.146648868918419 -0.0810196697711945 0.0711401849985123 0.013635165989399 0.160528004169464 0.0341979712247849 0.0157824382185936 0.0614313557744026 -0.192778006196022 0.0899790376424789
-999 -999 -999 -999 -999 -999 -999 -999 -999 -999 -999 -999 -999 -999 -999 -999 0.0399083942174911 0.0847746580839157 0.102689243853092 -0.0095231831073761 -0.0394966304302216 -0.164798468351364 -0.00522137293592095 0.0712189227342606 -0.0544554926455021 -999 -0.140688225626945 -0.0241270642727613 0.0522071681916714 -0.00504136784002185 0.0569908916950226 0.0760773420333862 -0.059693019837141 0.0390567891299725 0.133366882801056 0.119537226855755 -0.0141810663044453 -0.0348090827465057 -0.0159972254186869 0.0291837938129902 -0.00971728563308716 0.0291756708174944 0.00582055002450943
-999 -999 -999 -999 -999 -999 -999 -999 -999 -999 -999 -999 -999 0.00051547959446907 -999 0.0402292609214783 0.000864408910274506 -0.0343952476978302 -0.0394055619835854 -0.0494988709688187 0.0500100590288639 -999 0.127855241298676 0.060958307236433 -0.111395068466663 -0.03175138682127 0.00962773524224758 -0.0456754565238953 0.0443073101341724 0.04248883202672 0.0471865870058537 0.0197414197027683 0.0355011075735092 -0.0756503641605377 0.111491151154041 0.108325079083443 0.0462699420750141 0.0216629151254892 0.122585155069828 0.0658686012029648 -0.0698753520846367 0.014566995203495 -0.0654802471399307
-0.0734323933720589 0.0373818911612034 0.0420911647379398 0.177469104528427 -0.0448452606797218 -999 -0.0591781623661518 -999 -999 -0.000345366686815396 -0.0259522292762995 0.0888904929161072 0.192314386367798 -0.0590121150016785 0.0390958115458488 -0.0339426845312119 0.0584958642721176 -0.0948745682835579 0.070267029106617 0.0457048043608665 0.0473052486777306 0.0179902352392673 0.122349619865417 0.134993448853493 -0.117565385997295 0.148460209369659 0.114492118358612 0.122490927577019 0.00869440753012896 -0.150483578443527 0.0280169304460287 -0.0482887998223305 -999 -0.109187841415405 -0.0117740482091904 -0.0394074991345406 0.0586047284305096 -0.0188710801303387 0.0301484763622284 -0.123945735394955 -0.04207469150424 0.0745083168148994 0.071893610060215
-999 -0.160510122776031 -0.019604267552495 0.121458016335964 0.122546307742596 -0.0643103271722794 -0.037025298923254 -999 0.124841690063477 0.00445874221622944 -0.00571892783045769 0.0535837151110172 0.132959634065628 0.0543384626507759 0.0518648810684681 -0.00808724015951157 0.0188396088778973 -0.037652175873518 0.0735997185111046 -0.0887315571308136 0.0161463301628828 0.0502605848014355 -0.0160616654902697 0.12699519097805 0.0850089490413666 0.116694614291191 -0.087096244096756 0.0691689178347588 -0.0762980729341507 0.0280182771384716 -0.0830539092421532 -0.0897042080760002 -999 0.00715433061122894 0.034321453422308 -0.110958136618137 0.115592993795872 0.0100050698965788 -0.041149515658617 0.00976286176592112 0.0636435449123383 -0.0121980654075742 0.0356629081070423
-999 -0.00593280140310526 0.359772771596909 -0.0970554202795029 -999 0.00423995591700077 0.149927094578743 0.103704340755939 0.0622000060975552 0.0852134376764297 0.0257729291915894 0.156355008482933 0.0425697676837444 0.0122461821883917 0.0395013988018036 0.00622091302648187 -0.0442784540355206 0.0539958104491234 -0.0104177184402943 -0.0654603317379951 0.128601774573326 -0.021383985877037 0.046777006238699 -0.000212359431316145 -0.00956747308373451 0.0418778881430626 -0.0323169007897377 -999 -0.138593956828117 0.0780230611562729 -0.0567202940583229 -0.10971749573946 0.105981819331646 -999 -0.0456612966954708 0.140451535582542 -0.0824352651834488 0.0353269390761852 -0.0698945000767708 -0.0564463958144188 0.0594117268919945 0.0256354417651892 -0.0434373766183853
-0.0428260900080204 0.0470571927726269 -0.0417423658072948 0.105105392634869 -0.0410215780138969 0.0716388374567032 -0.284560263156891 0.0303001925349236 -0.022973982617259 0.0890136435627937 0.159618094563484 -0.0242150984704494 0.01584342867136 -0.0768004059791565 0.0928206294775009 -0.12361004203558 -0.0735399946570396 0.0271873120218515 -0.136769160628319 0.00824802555143833 0.0393436327576637 0.123951807618141 0.0335534550249577 -0.00720389373600483 0.0448498241603374 -0.0269313249737024 0.0166420675814152 -0.0224806237965822 0.0780506953597069 0.0225871670991182 -0.0897123515605927 -999 0.0111724138259888 -0.140748515725136 0.0120171578601003 -0.0445676781237125 0.0671679079532623 0.0516316182911396 0.00622609723359346 0.0609119795262814 0.0108699956908822 -0.0232844650745392 -0.00379674136638641
0.029502535238862 0.0503320060670376 0.0353239290416241 0.0513633601367474 -0.0377219095826149 -0.109670989215374 0.229045659303665 0.0336186364293098 0.0105588417500257 0.0578073002398014 -0.0265302620828152 -0.0668184459209442 0.0147356884554029 -0.0678535327315331 -0.0635435059666634 0.0689692124724388 0.0965923741459846 -0.110120452940464 -0.0293019227683544 -0.026645589619875 -0.0211133044213057 0.0793529972434044 0.0368165150284767 0.0161874573677778 -0.0144921625033021 0.0180645883083344 -0.0292914863675833 0.0129310609772801 -0.0229301638901234 -0.0692211166024208 0.09495809674263 0.0558696202933788 0.131185114383698 0.0142960101366043 -0.00678139459341764 0.00580089585855603 -0.0501379817724228 -0.015965037047863 -0.0103021264076233 0.0870450064539909 -0.0897620916366577 0.0256666596978903 -0.129118546843529
0.0237841550260782 0.060231264680624 0.013029683381319 0.110805153846741 0.0896099209785461 -0.0372636020183563 0.118402503430843 0.00331075116991997 -0.0250018183141947 0.0237215589731932 -0.0573920570313931 0.201221823692322 0.129789337515831 0.00341639365069568 -0.0712675601243973 0.0796618759632111 -0.0235805716365576 -0.0575130581855774 -0.0634848177433014 0.036290667951107 -0.00440945941954851 0.0321424379944801 0.00829639099538326 0.0299524068832397 -0.0477922260761261 -0.0186057705432177 0.0211478695273399 -0.0387938842177391 -0.0273311920464039 -0.00799872726202011 0.0157583300024271 -0.00499428203329444 0.13493737578392 0.0304992590099573 -0.0346140712499619 0.144612923264503 0.00928759574890137 0.0116490265354514 0.0678052976727486 0.0454656295478344 0.0488963387906551 -0.118595793843269 -0.105713285505772
0.403190791606903 -0.0694658234715462 -999 0.0796764567494392 0.139520317316055 -0.131899818778038 -0.0149269178509712 -0.074639655649662 0.0801037102937698 -0.0239657685160637 0.0901956781744957 0.00623146910220385 -0.126987129449844 -0.046152651309967 -0.00110880809370428 0.011632539331913 -0.0356096178293228 -0.0412880145013332 0.0122998664155602 -999 0.0359154306352139 0.0518347807228565 -0.00504681468009949 0.0881820321083069 -0.0964050963521004 -0.0312100946903229 0.0541509576141834 0.0476117767393589 -0.00562255084514618 -0.0104185873642564 -0.11940698325634 0.0455236434936523 0.0624056234955788 0.0700139254331589 0.0355686768889427 -0.0248970594257116 0.0678275898098946 0.0753700956702232 -0.0166294798254967 0.0285308510065079 0.114422716200352 -0.0705950036644936 0.0226950105279684
0.00602059019729495 -0.03958460688591 -0.148149237036705 -0.0189653653651476 -0.0745022147893906 -0.0433688275516033 0.0299229510128498 0.144917979836464 0.0672846436500549 0.0576668791472912 -0.00617345189675689 0.129460856318474 0.0997591465711594 0.117345236241817 0.0061429888010025 0.00485805654898286 -0.0946079641580582 -0.182479798793793 -0.0768711045384407 -0.0244586393237114 0.0478459894657135 0.0710326507687569 0.0131188407540321 -0.0458754152059555 0.100160859525204 -0.0494306534528732 -0.0119327148422599 0.0300387088209391 -0.0219489093869925 0.106257379055023 0.0922117233276367 0.0730045363306999 0.0801795125007629 -0.149778544902802 0.0619485974311829 -999 0.0698191970586777 0.0135270552709699 -0.0205938331782818 0.0444985739886761 -0.0981196314096451 -0.0132016343995929 -0.119918167591095
0.0561419203877449 -0.0413769036531448 -0.0151305692270398 0.00102495402097702 -0.0363882854580879 0.0458177849650383 0.080168753862381 -0.0526557676494122 0.0398212932050228 0.0579209588468075 0.00949297286570072 -0.0555002018809319 0.0686308443546295 -0.00979540217667818 0.0936771929264069 -0.123701132833958 -0.136673972010612 -0.0832443088293076 0.0524235181510448 -0.0590223632752895 0.00137338286731392 -0.0197133086621761 0.168057575821877 0.0715319737792015 0.0421445742249489 -0.0353147834539413 0.0689829960465431 0.0149998906999826 0.0551316477358341 0.127047747373581 -0.0373090356588364 0.265431106090546 -999 0.0854906290769577 0.0309421457350254 -0.0772338286042213 -999 0.0152016095817089 -0.0627139210700989 -0.0289397854357958 0.0075230342335999 0.01382652297616 -0.0170819945633411
0.0472260229289532 -0.0335201881825924 0.00440784450620413 0.055261205881834 0.0605814829468727 -0.10448831319809 0.00336765008978546 -0.0318852066993713 0.0237101633101702 0.0889761820435524 -0.0424884669482708 0.0460235998034477 0.0317233726382256 0.0434663780033588 -0.0226118713617325 0.037148542702198 0.0106431571766734 -0.0609509274363518 -0.0262104719877243 0.042329840362072 0.292616277933121 0.10548509657383 -0.0957362651824951 0.0868697762489319 0.0459193475544453 -0.0136160729452968 -0.0097904996946454 0.0906693339347839 -0.0358964055776596 -0.00449992483481765 0.189620539546013 0.0333251394331455 0.0233155656605959 0.0172901004552841 -0.0848067849874496 0.020370127633214 0.0237767212092876 -0.133527427911758 0.00256803352385759 0.186320275068283 0.0755988508462906 0.114012770354748 0.0740045383572578
-0.0172202456742525 -0.0152793684974313 0.0474737249314785 -0.0713011920452118 0.152997091412544 0.00726658198982477 -0.0469635874032974 0.0512982085347176 0.00608383398503065 0.0182864665985107 0.00350409257225692 0.0452128536999226 -0.0186966862529516 0.050987970083952 0.137722596526146 0.0605787262320518 0.0630143657326698 0.0553497858345509 -0.00783523172140121 0.0835868939757347 -0.00634080171585083 -0.0780426040291786 0.0587311796844006 0.00574873387813568 0.0311846118420362 0.0925435498356819 0.0323634929955006 -0.0305976551026106 -0.0494227260351181 0.0345919691026211 0.0799534171819687 0.0742610991001129 -0.03465835750103 -0.112278141081333 -0.0839263722300529 0.0698385834693909 0.180232971906662 0.0598624758422375 0.134538248181343 -0.0184219218790531 0.0430094413459301 0.0758080258965492 -0.0158156715333462
-0.00875857006758451 0.0376350097358227 -0.0359190739691257 0.075791634619236 0.0572124794125557 0.0647392198443413 -0.00939884595572948 -0.0497086457908154 -0.051034152507782 -0.0515138283371925 0.101307526230812 0.0603861287236214 -0.0235258582979441 0.0422410629689693 0.0528695210814476 0.0213682781904936 0.0729454234242439 0.0058684553951025 0.0955436900258064 -0.0230617448687553 -0.00956041645258665 -0.0159048344939947 0.0395687520503998 0.0531962476670742 0.0574942715466022 0.242174193263054 -0.0445957779884338 0.0808197557926178 0.0909835174679756 0.0456570461392403 0.0890071168541908 0.0161322113126516 -0.0659778490662575 -0.0448684357106686 0.0475096516311169 0.00183601188473403 0.0619453974068165 -0.0161612518131733 0.0600751116871834 0.0152977211400867 0.0639188811182976 -0.0559129975736141 0.00805242266505957
0.09081169962883 0.0764195472002029 -0.0857380107045174 0.083993948996067 -0.0360714457929134 0.0365406051278114 -0.010378954000771 0.040116909891367 0.0416762568056583 -0.0141047397628427 0.0029334188438952 -0.0497623421251774 -0.0412759110331535 0.0771269053220749 -0.00174618512392044 0.0607811957597733 -0.0533973500132561 0.100762046873569 0.0470527596771717 -0.0862012803554535 0.0630279928445816 0.0496860146522522 -0.0480003170669079 0.0717024654150009 0.060548298060894 -0.039267860352993 0.0380494892597198 0.0143563626334071 0.114127464592457 0.0180138889700174 0.0882628113031387 0.0702776461839676 -0.00636092573404312 0.0102120758965611 0.00765517447143793 0.104629769921303 0.0487953647971153 -0.0150375152006745 0.063955195248127 0.142431065440178 0.0235627889633179 0.123477675020695 0.0780241340398788
0.00942577887326479 -0.03383469581604 -0.00801843404769897 0.0467332676053047 0.095478281378746 0.00302314385771751 0.0182030070573092 0.00117826124187559 0.0787669196724892 0.0425533466041088 -0.03486517816782 0.0774394050240517 -0.0459576137363911 0.0415546484291553 -0.04937843978405 0.0562494918704033 -0.0151518536731601 0.0144001170992851 0.039762120693922 0.103440746665001 0.0124433021992445 0.0523986220359802 -0.0677067264914513 0.106944553554058 0.0220379568636417 -0.00639782380312681 0.00736832246184349 -0.0324365310370922 0.0462581515312195 0.0256065782159567 -0.0154067538678646 0.111635334789753 0.0504279807209969 -0.0468311198055744 0.0249394811689854 0.0651634112000465 0.0509012974798679 0.100921653211117 0.064324751496315 0.0596780776977539 0.097015917301178 0.0782312154769897 0.101731613278389
