assets/gome_f/processed/ascii/us/gome_sif_US_20130701.asc
NCOLS 116 
NROWS 53 
XLLCORNER -125 
YLLCORNER 24.5 
CELLSIZE 0.5 
NODATA_value -3.4e+38 
[rows 19 to 37 of 53, columns 0 to 43 of 116]
0.00961035862565041 0.237082660198212 0.628740668296814 0.468697309494019 0.375309258699417 0.351840108633041 0.305018335580826 0.341130673885345 0.202472910284996 0.210885211825371 0.0977993011474609 0.0297890137881041 0.0774127617478371 0.00234022666700184 0.167975053191185 0.0848576426506042 0.11512266099453 0.163983047008514 0.085562102496624 0.189359620213509 0.173248261213303 0.0668543502688408 -0.0531008578836918 0.107072681188583 0.134287923574448 0.158981919288635 0.397433996200562 0.461494535207748 0.255411773920059 0.224581241607666 0.0956690162420273 -0.00378205277957022 -0.0475975945591927 0.0185044482350349 0.0250665619969368 0.208150386810303 0.175075232982635 0.304478168487549 0.074753649532795 -0.0270276963710785 0.106086753308773 0.242575436830521 0.156943455338478 0.230895102024078
0.0655971691012383 0.363544195890427 0.524694919586182 0.471941560506821 0.337924271821976 0.39995950460434 0.414060682058334 0.260831296443939 0.227843210101128 0.0546243004500866 0.0462932363152504 0.0680866539478302 0.0688265264034271 0.0124429371207952 0.0775079801678658 0.072568766772747 0.130899995565414 0.0827609375119209 0.10459092259407 0.164483651518822 0.0805165320634842 0.0132211651653051 -0.0276655405759811 0.0625519528985023 0.109793819487095 0.268553704023361 0.501268327236176 0.445651531219482 0.24595895409584 0.209946647286415 0.271385580301285 0.171522244811058 -0.0182655416429043 -0.0481607392430305 0.113680452108383 0.270691841840744 0.45977121591568 0.347734838724136 0.209903910756111 0.309201657772064 0.131378218531609 0.135491207242012 0.156197085976601 0.287179112434387
0.0311860255897045 0.288401812314987 0.608444690704346 0.450664520263672 0.264931678771973 0.307929992675781 0.286615282297134 0.366996258497238 0.409743279218674 0.143802106380463 0.0145046841353178 0.0343852303922176 -0.018466304987669 0.0899084880948067 0.0765571966767311 0.0981997102499008 0.0208684168756008 0.110683977603912 0.153661474585533 0.198498904705048 0.141079559922218 0.022685818374157 -0.0562852211296558 0.0457627698779106 0.147591978311539 0.156368061900139 0.287834584712982 0.522498786449432 0.17753204703331 0.174877762794495 0.0967321842908859 -0.00752399442717433 0.107240289449692 0.151980519294739 0.334232538938522 0.379862368106842 0.488571316003799 0.369775176048279 0.215397238731384 0.192636266350746 0.234290242195129 0.266177445650101 0.2747662961483 0.176383808255196
0.0234954692423344 0.138313934206963 0.404356718063354 0.463702440261841 0.293700963258743 0.289927214384079 0.55205363035202 0.484791070222855 0.355336338281631 0.32705819606781 0.103344976902008 0.0798398330807686 0.00178125046659261 0.0731590837240219 0.0964474901556969 0.0670017227530479 0.060897920280695 0.0689677149057388 0.0969044640660286 0.217610165476799 0.0606258884072304 0.0548763386905193 0.127980947494507 0.0857923552393913 0.117538906633854 0.170045301318169 0.364582061767578 0.481592774391174 0.23553504049778 0.231410369277 0.0359830483794212 0.15740342438221 0.209117457270622 0.123859390616417 0.390358716249466 0.423031657934189 0.316662609577179 0.277705699205399 0.20599128305912 0.112053133547306 0.143648058176041 0.0473486557602882 0.16364760696888 0.166167512536049
-0.065155878663063 0.234122022986412 0.288072198629379 0.470371335744858 0.305707186460495 0.458911836147308 0.852124094963074 0.461587905883789 0.465108960866928 0.369459331035614 0.220102563500404 0.0154918655753136 0.0394658856093884 0.0161912683397532 0.025066802278161 0.040324978530407 0.15364545583725 0.0567033812403679 0.0649013966321945 0.117248557507992 0.139629155397415 0.0666208416223526 0.00257572648115456 0.0711090639233589 0.0636740326881409 0.199706196784973 0.160535961389542 0.215038940310478 0.0817511230707169 0.149860173463821 0.131492763757706 0.225573390722275 -0.010325375944376 0.232314541935921 0.411628812551498 0.370434135198593 0.20940101146698 0.291840076446533 0.304129838943481 0.189546853303909 0.180146440863609 0.172251671552658 0.23117907345295 0.119049422442913
0.108090557157993 -0.00292821973562241 0.185595765709877 0.431627511978149 0.496670305728912 0.230129018425941 0.629970133304596 0.445386439561844 0.379734456539154 0.32648754119873 0.296217888593674 0.136581718921661 0.0117984870448709 -0.0511119328439236 0.0516670756042004 0.0335363373160362 0.0907504037022591 0.0568312406539917 0.023324066773057 0.0775332972407341 0.084728792309761 -0.0299398675560951 0.0427167341113091 -0.0231692846864462 0.0326772853732109 0.212336376309395 0.191185057163239 0.104094937443733 0.124902531504631 -0.0491798855364323 -0.067392386496067 0.0658670738339424 0.158914655447006 0.225502580404282 0.309653669595718 0.256244480609894 0.288803905248642 0.248770639300346 0.192210122942924 0.201736152172089 0.178660675883293 0.162881195545197 0.201517045497894 0.0766126066446304
-0.0179831422865391 0.00776604097336531 0.170838162302971 0.114889368414879 0.251345247030258 0.276127725839615 0.370003879070282 0.557321846485138 0.336035698652267 0.483592480421066 0.289225816726685 0.16084560751915 0.084302544593811 0.0696997866034508 0.0130462497472763 0.0264158770442009 0.0457940399646759 0.0869489088654518 0.00958658382296562 -0.0180972218513489 0.00308032822795212 0.0719239935278893 0.0728994607925415 0.262218058109283 0.169176563620567 0.318211883306503 0.0419638268649578 0.0327290184795856 0.110164985060692 -0.0289647728204727 0.208248317241669 0.169270724058151 0.140391409397125 0.196570873260498 0.340427875518799 0.18281090259552 0.148934617638588 0.191123217344284 0.162139639258385 0.215499877929688 0.0843745097517967 0.211051508784294 0.0776946395635605 0.0782617479562759
-0.0330943502485752 0.0427076518535614 0.0101500507444143 -0.00497212028130889 0.239116817712784 0.262019097805023 0.275896161794662 0.395951330661774 0.380874872207642 0.344620525836945 0.312406301498413 0.145275950431824 0.152449294924736 0.0905196666717529 -0.0184899065643549 0.0917937979102135 0.0408010892570019 0.0473987311124802 0.119842514395714 0.048070777207613 0.0550156235694885 0.155113160610199 0.184321492910385 0.154087617993355 0.223102569580078 0.0735572353005409 0.131499439477921 0.220124751329422 0.0223436914384365 0.114825300872326 0.12263410538435 0.0648867934942245 0.256982207298279 0.296750128269196 0.326991409063339 0.239227071404457 0.285878628492355 0.175800368189812 0.290100157260895 0.212499365210533 0.101896345615387 0.128382906317711 0.0976928249001503 0.0549303963780403
-0.0466334037482738 0.0241109021008015 0.0267129112035036 -0.0944612845778465 0.245631456375122 0.456839978694916 0.314369797706604 0.310603350400925 0.419440299272537 0.437590926885605 0.340432018041611 0.295294791460037 0.0034808018244803 0.13765412569046 0.0642870590090752 0.0544403120875359 0.0264530275017023 0.119758948683739 0.0129009736701846 -0.0123241618275642 0.0767946615815163 0.156860783696175 0.180578842759132 0.111401736736298 -0.0416286922991276 0.147245332598686 0.0224144533276558 0.0690091997385025 -0.034950528293848 0.00709977466613054 -0.0849489271640778 -0.00161861383821815 0.24029640853405 0.191683679819107 0.203201979398727 0.277370095252991 0.257701724767685 0.303214699029922 0.244402885437012 0.212440699338913 0.0481180883944035 0.102216243743896 0.0650741755962372 0.102284952998161
-0.134039416909218 -0.0754201784729958 0.0488802529871464 0.0157473031431437 0.313636898994446 0.152053400874138 0.274289727210999 0.200787588953972 0.235834240913391 0.438077926635742 0.38178551197052 0.23115636408329 0.157988041639328 0.18329830467701 0.0646380931138992 0.0658155754208565 0.163732066750526 -0.0555141381919384 0.0703696087002754 0.0375977233052254 -0.0762304365634918 0.0604844056069851 0.131590977311134 0.0648534819483757 0.124872915446758 0.0188012085855007 0.077672466635704 -0.0290811564773321 -0.0180083122104406 0.0580273643136024 -0.00325419055297971 0.0177637413144112 0.0526043437421322 0.0351649448275566 0.0457991473376751 0.162661135196686 0.183596402406693 0.141623228788376 0.0499113872647285 0.144768983125687 0.212654992938042 0.133585527539253 0.224165260791779 0.165375828742981
-0.0903651863336563 0.052274014800787 0.176833525300026 -0.0829441770911217 0.176336422562599 0.0912288203835487 0.177678942680359 0.230421930551529 0.130737364292145 0.19310949742794 0.490194857120514 0.265573084354401 0.259157031774521 0.226724088191986 0.137007683515549 0.153780087828636 0.0944806784391403 0.00913588609546423 0.110922172665596 0.0635209381580353 0.0375222936272621 0.0326342880725861 0.0599555559456348 -0.000497469445690513 0.0425366871058941 0.0824101194739342 0.0691462084650993 0.0295442342758179 -0.0754371657967567 0.0625601634383202 -0.0472494959831238 0.120473586022854 0.0296090431511402 0.133054792881012 0.0381751134991646 0.0927005559206009 0.050249557942152 0.0769241899251938 0.241124927997589 0.234536081552505 0.147665351629257 0.0594650991261005 0.144502133131027 0.146943926811218
0.160199373960495 0.0809694305062294 -0.189113691449165 0.0962927043437958 -0.235708370804787 0.0851949602365494 0.180881410837173 0.221341192722321 0.192988276481628 0.0591249167919159 0.194667145609856 0.301622748374939 0.312607437372208 0.225042372941971 0.035154365003109 0.0955904796719551 0.0862529203295708 0.0398581698536873 0.138517007231712 0.0220762677490711 0.011015422642231 0.129677578806877 0.0930801257491112 0.0403043478727341 0.0186167266219854 0.0783853754401207 0.0720646232366562 -0.0144262826070189 0.0707980394363403 0.0691354274749756 0.0414451248943806 0.0344520732760429 0.00992876850068569 -0.0236566513776779 -0.00535745685920119 0.00774014368653297 0.107996001839638 0.127736285328865 0.112772047519684 0.132556989789009 0.153999030590057 0.055508878082037 0.025092713534832 0.0815898701548576
-0.104803465306759 -0.0395959913730621 0.0106450039893389 -0.00623962795361876 -0.014405220746994 -0.226451098918915 0.181307837367058 0.184465005993843 0.222547739744186 0.232389852404594 0.0973461121320724 0.269387990236282 0.242604121565819 0.113760739564896 0.177626356482506 -0.0125630656257272 0.0699530616402626 -0.00262539088726044 -0.0408266671001911 0.0185500867664814 0.0526245273649693 0.00842567905783653 0.0219486653804779 0.0756937116384506 0.102994777262211 0.0675024837255478 0.126976042985916 0.0393535941839218 -0.0931620299816132 -0.0295936390757561 0.130464792251587 0.155588358640671 0.0115095172077417 0.10388395935297 -0.0417670011520386 0.0780305191874504 0.0481783971190453 0.0827502235770226 0.0388197377324104 0.170773446559906 0.0617369338870049 0.0361289121210575 0.0510562285780907 0.0871355980634689
0.0204425454139709 -0.000199508547666483 0.13665047287941 0.0349551774561405 0.125711232423782 0.0620157644152641 -0.279821991920471 -999 0.116658769547939 0.168612003326416 0.176929041743279 0.279063284397125 -0.00216029351577163 0.0223766285926104 -0.0927061215043068 -0.00449713552370667 0.113248512148857 -0.0374877527356148 -0.149166405200958 0.0462292768061161 0.00153921486344188 0.0555068105459213 0.0663419812917709 0.208450570702553 0.0819234624505043 0.122591994702816 0.136889070272446 0.0826192647218704 -0.0398153513669968 -0.0694529265165329 -0.00371146947145462 0.0915187820792198 -0.00753394933417439 0.103984221816063 0.0486202351748943 0.0149815324693918 0.105001479387283 0.159084022045135 0.0943448171019554 -0.0380281284451485 0.138043746352196 0.139512524008751 0.0500080697238445 0.0978470891714096
-0.0431290157139301 -0.139897689223289 -0.165318712592125 0.0670720115303993 -0.0483742356300354 -999 0.202680334448814 -999 -0.0349061600863934 0.195238590240479 0.0127756055444479 0.200577989220619 0.0869111716747284 0.228354915976524 0.194556400179863 0.107017435133457 -0.0160612966865301 0.259176909923553 -0.166462287306786 0.0319049656391144 0.0293815676122904 0.179026007652283 -0.0437242314219475 0.07448610663414 0.120283074676991 0.114131204783916 0.109068915247917 0.193777695298195 0.285381823778152 0.11656641960144 0.21599617600441 0.154838025569916 0.0579709000885487 0.129324615001678 0.125435084104538 0.0914471819996834 0.0135659873485565 0.0952690094709396 0.101161949336529 0.0266890190541744 0.168825566768646 0.031875841319561 0.273763298988342 0.279108375310898
0.121066048741341 -0.0309238955378532 0.00178276002407074 -0.0228299796581268 -0.0486124120652676 -999 -999 0.0329543426632881 -999 0.126197919249535 -0.0525110960006714 0.0324632935225964 0.0670489892363548 0.143663704395294 0.352887213230133 0.163345053792 0.240091443061829 -0.00985711254179478 -0.0211006682366133 0.0456156246364117 -0.0754416957497597 0.155654892325401 0.0693479180335999 -0.0265140850096941 0.0779983550310135 0.102227590978146 0.175079807639122 0.127369612455368 0.159887745976448 0.166071891784668 0.257747530937195 0.175984635949135 0.0918770283460617 0.17259182035923 0.179993197321892 0.0765359848737717 0.0368743725121021 0.100522428750992 0.0676650926470757 0.112277559936047 0.245077535510063 0.0595739707350731 0.0991566479206085 0.262228846549988
0.133028402924538 0.279274702072144 0.0476959049701691 -0.00837154407054186 0.0460988990962505 -0.0340508073568344 0.0882890671491623 -999 0.288968712091446 -0.0283526163548231 0.0972054079174995 0.288718551397324 -0.0338610745966434 0.156364187598228 0.0401080287992954 0.293935537338257 0.239442825317383 -0.0430885516107082 0.0820744782686234 0.131721794605255 0.035364031791687 -0.0320140011608601 -0.00957454927265644 0.0218471568077803 0.00401319889351726 0.136651635169983 0.301150649785995 0.0873618796467781 0.066547267138958 0.248992726206779 0.131538584828377 0.105491064488888 0.150876581668854 0.158865198493004 0.13353343307972 -0.0150427222251892 -0.0824861451983452 0.101480767130852 0.260996788740158 0.183442980051041 0.246325597167015 0.01307671982795 -0.0213214512914419 0.263377666473389
-0.0247763693332672 -0.024588692933321 -0.0211636424064636 -0.0697459354996681 0.142511457204819 -0.0385150872170925 0.00323382765054703 -999 -999 -999 -0.141545057296753 0.190882489085197 -0.00108154490590096 -0.042089406400919 0.0627308189868927 0.116028375923634 -0.0237707793712616 -0.00598186813294888 0.0679443329572678 0.127114906907082 0.0715906322002411 0.1386608928442 0.0685498714447021 0.0201631225645542 0.0835207849740982 0.0645417273044586 0.0786355137825012 0.108870305120945 0.0714338645339012 0.153319001197815 0.173641100525856 0.178488418459892 0.0406294278800488 0.0988514795899391 -0.00656038755550981 0.0858017131686211 -0.0956180468201637 -0.0106144258752465 0.0872485563158989 0.0987677946686745 0.0925880968570709 0.0742019712924957 0.134639143943787 0.0899723619222641
0.0261479075998068 0.111803509294987 -0.173944190144539 -0.0432616882026196 0.0330119766294956 0.143770694732666 -0.15554741024971 -999 -999 -999 -999 -0.250598192214966 -0.150873050093651 0.0314794033765793 0.0593021661043167 0.218297719955444 0.0586605183780193 0.0427662096917629 0.0181749630719423 0.0948629081249237 0.0214481204748154 0.0166328735649586 -0.0388539880514145 0.0312444251030684 -0.0396438017487526 -0.0767035558819771 -0.0309113655239344 0.107693634927273 0.0456534922122955 0.0557763688266277 0.0697052180767059 0.0201777275651693 0.0182513501495123 -0.0199179407209158 0.13614559173584 0.0165302827954292 0.146299079060555 -0.0076151299290359 -0.00149461254477501 0.0564749054610729 0.057610172778368 0.0416168458759785 0.00427766982465982 0.0828699842095375
