assets/gome_f/processed/ascii/us/gome_sif_US_20110401.asc
NCOLS 116 
NROWS 53 
XLLCORNER -125 
YLLCORNER 24.5 
CELLSIZE 0.5 
NODATA_value -3.4e+38 
[rows 19 to 37 of 53, columns 44 to 87 of 116]
0.0717970505356789 0.172417089343071 0.0539721325039864 0.169292226433754 0.073262944817543 0.15894640982151 0.070662260055542 0.170319393277168 0.128885313868523 0.137950405478477 0.0417274124920368 0.138628900051117 0.128815621137619 -0.032096978276968 0.115465693175793 0.117836177349091 -0.0109358662739396 0.173841118812561 0.192050203680992 0.0920198783278465 0.21645887196064 0.220086127519608 0.156086683273315 0.167669609189034 0.260381162166595 0.0772279426455498 0.329936593770981 0.197865977883339 0.0755161195993423 0.192048951983452 0.22158545255661 0.319986313581467 0.227114200592041 0.265203505754471 0.105400681495667 0.154151409864426 0.104529336094856 0.203843086957932 0.176679745316505 0.198472663760185 -0.159754157066345 0.271427601575851 0.164156079292297 0.232769340276718
0.146282002329826 0.087250255048275 0.120868839323521 0.129626020789146 0.233790695667267 0.128995478153229 0.135970547795296 0.194167524576187 0.321951061487198 0.1179563626647 0.0939947739243507 0.0831655487418175 0.182704091072083 0.204148232936859 0.201829686760902 0.0752537697553635 0.229372829198837 0.306037038564682 0.369320034980774 0.214955508708954 0.293626993894577 0.214958906173706 0.1392962038517 0.041092686355114 0.211865037679672 0.216294392943382 0.27884840965271 0.0972015261650085 0.060152892023325 0.149153888225555 0.179620385169983 0.0493537448346615 0.0352919362485409 0.313708126544952 0.143790125846863 0.224167451262474 0.0816963389515877 0.310091108083725 0.13701294362545 -0.00611439347267151 0.0668778270483017 0.0416657216846943 0.368536412715912 0.29206109046936
-0.00618218258023262 0.131074026226997 0.195883095264435 0.0540409907698631 0.129066601395607 0.0880137458443642 0.191390484571457 0.14863945543766 0.13560476899147 0.122665248811245 0.163033351302147 0.133094519376755 0.178278788924217 0.195240005850792 0.182517185807228 0.154489204287529 0.295533984899521 0.282916218042374 0.290970593690872 0.347507894039154 0.348653584718704 0.191582828760147 0.316389083862305 0.483726590871811 0.126194477081299 0.17960986495018 0.0989603772759438 0.169936954975128 0.25391748547554 0.133890777826309 0.192100241780281 0.173360049724579 0.204557284712791 0.0951957777142525 0.244320213794708 0.176584482192993 0.186341628432274 0.16375607252121 0.249290525913239 0.253950446844101 0.388831347227097 0.161181807518005 0.265585988759995 0.469298958778381
0.0798148959875107 0.126342266798019 -0.00255917338654399 0.0754871666431427 0.149173453450203 0.189227536320686 0.250889837741852 0.158814266324043 0.125545457005501 0.229313343763351 0.225149855017662 0.212137550115585 0.129865780472755 0.21956093609333 0.263286709785461 0.269319891929626 0.255342364311218 0.152700141072273 0.37802529335022 0.183484822511673 0.200738340616226 0.282766282558441 0.192574724555016 0.188112586736679 0.193115934729576 0.297610580921173 -0.00418141856789589 0.189994364976883 0.231944426894188 0.171709477901459 0.127913177013397 0.189906224608421 0.321425974369049 0.109022706747055 0.383153468370438 0.185674756765366 0.163837984204292 0.255493998527527 0.267141044139862 0.218417853116989 0.137849882245064 0.160615846514702 0.367418885231018 0.16242016851902
0.170777678489685 0.105346262454987 0.136897832155228 0.0149366445839405 0.182956278324127 0.187548890709877 0.252518057823181 0.143236577510834 0.288229197263718 0.223396375775337 0.387165397405624 0.188228830695152 0.292233437299728 0.2099449634552 0.264734476804733 0.459375113248825 0.353879421949387 0.238117069005966 0.211086601018906 0.148181974887848 0.180202975869179 0.445693105459213 0.275941699743271 0.301703631877899 0.225731790065765 0.218967482447624 0.201134368777275 0.234119355678558 0.289051294326782 0.0772261247038841 0.110536187887192 0.0470794700086117 0.0682740211486816 0.257863074541092 0.278417766094208 0.26542329788208 0.372953683137894 0.323822408914566 0.43436399102211 0.200616598129272 0.362581372261047 0.0440979599952698 0.182109847664833 0.0816895514726639
0.106281600892544 0.179722592234612 0.164673209190369 0.216228246688843 0.194340288639069 0.177133530378342 0.173288598656654 0.433361649513245 0.174234569072723 0.345355957746506 0.249911084771156 0.449035495519638 0.194103702902794 0.131260648369789 0.231326505541801 0.226803079247475 0.360843688249588 0.349156022071838 0.339899659156799 0.363347142934799 0.310146510601044 0.339412748813629 0.381756275892258 0.377604186534882 0.426453799009323 0.346370041370392 0.352809399366379 0.288731664419174 0.269668370485306 0.283662617206573 0.370380133390427 0.32495841383934 0.28808918595314 0.350270062685013 0.338181346654892 0.397800475358963 0.144240409135818 0.287660926580429 0.365865767002106 0.123450592160225 0.21518449485302 0.315357565879822 0.123129323124886 0.135222807526588
0.00611498858779669 0.0624941363930702 0.130809113383293 0.124228872358799 0.145379304885864 0.155301555991173 0.200535640120506 0.223585292696953 0.347769409418106 0.37609651684761 0.413997262716293 0.356608301401138 0.31343737244606 0.258823126554489 0.271179288625717 0.226226523518562 0.463653743267059 0.438792884349823 0.279986411333084 0.31731641292572 0.108770005404949 0.431471556425095 0.265432298183441 0.389590173959732 0.345788568258286 0.191324651241302 0.347114711999893 0.367528975009918 0.38835221529007 0.368892073631287 0.282425165176392 0.247512295842171 0.386002868413925 0.274287700653076 0.466616034507751 0.40791267156601 0.414054721593857 0.379188686609268 0.328232556581497 0.289244949817657 0.243047952651978 0.275015264749527 0.233498260378838 0.199732258915901
0.0460850559175014 0.197907686233521 0.133200004696846 0.225773975253105 0.207424819469452 0.258141189813614 0.225389376282692 0.25049164891243 0.335297971963882 0.371022552251816 0.340692192316055 0.282343447208405 0.290401577949524 0.219113782048225 0.251883447170258 0.358227163553238 0.398989796638489 0.448516279459 0.231667041778564 0.384304046630859 0.385615020990372 0.40991085767746 0.278173059225082 0.370507478713989 0.304080754518509 0.213752940297127 0.39686131477356 0.302766621112823 0.346960783004761 0.231912538409233 0.4707290828228 0.453026473522186 0.422989040613174 0.44292750954628 0.444985449314117 0.388599246740341 0.578268349170685 0.612175703048706 0.380543917417526 0.208705365657806 0.330185621976852 0.192224517464638 0.288402318954468 0.202143400907516
-0.0246217735111713 0.0643967613577843 0.119918271899223 0.141361087560654 0.168080195784569 0.220966517925262 0.296202212572098 0.236107543110847 0.226999282836914 0.394430935382843 0.567224740982056 0.366355419158936 0.291562497615814 0.394486606121063 0.278503507375717 0.578948855400085 0.342759102582932 0.562313437461853 0.602495610713959 0.527431905269623 0.378525257110596 0.38873165845871 0.279793471097946 0.25925350189209 0.302109092473984 0.273121178150177 0.347775936126709 0.366773784160614 0.441680103540421 0.344246864318848 0.401675909757614 0.385235875844955 0.339214205741882 0.454069495201111 0.624361097812653 0.546989738941193 0.466549396514893 0.497170448303223 0.308421611785889 0.268692761659622 0.354852586984634 0.138967752456665 0.231576338410378 0.330804467201233
0.00888607837259769 0.129087567329407 0.155581429600716 0.107513748109341 0.220346853137016 0.230101048946381 0.111888632178307 0.298387199640274 0.37182879447937 0.283999681472778 0.529173016548157 0.43498557806015 0.288518935441971 0.319882541894913 0.26666921377182 0.515087008476257 0.314423084259033 0.503685772418976 0.329191029071808 0.377385228872299 0.234498098492622 0.448527842760086 0.416461974382401 0.419790506362915 0.379225522279739 0.367996603250504 0.312163412570953 0.405351310968399 0.321260571479797 0.518758952617645 0.245584681630135 0.682767570018768 0.71006977558136 0.656785726547241 0.405212074518204 0.385648339986801 0.590972900390625 0.622307896614075 0.38743469119072 0.314439833164215 0.201224982738495 0.354890555143356 0.304851710796356 0.534153461456299
0.0123834041878581 0.0676846280694008 0.130277067422867 0.235457614064217 0.196788012981415 0.235227316617966 0.327420026063919 0.172204345464706 0.255801200866699 0.410018026828766 0.495222687721252 0.418718636035919 0.205355495214462 0.438233435153961 0.318006068468094 0.388161480426788 0.404109954833984 0.450723052024841 0.376396507024765 0.277000546455383 0.372382551431656 0.27331069111824 0.473407566547394 0.240566074848175 0.345998585224152 0.289941340684891 0.306471288204193 0.351162016391754 0.515882074832916 0.521306395530701 0.260603249073029 0.403773069381714 0.572432994842529 0.498390197753906 0.430261582136154 0.650117218494415 0.426728218793869 0.529127478599548 0.525847852230072 0.524885296821594 0.325175166130066 0.499485969543457 0.467950046062469 0.308950245380402
0.139692544937134 0.000366781430784613 0.120721749961376 0.0878030061721802 0.133298635482788 0.151863515377045 0.194957971572876 0.155492648482323 0.414219051599503 0.360849261283875 0.344038516283035 0.283182889223099 0.352041244506836 0.356691271066666 0.370306819677353 0.505775272846222 0.428767889738083 0.369188457727432 0.38191956281662 0.403389364480972 0.379573285579681 0.410444766283035 0.462873309850693 0.410734564065933 0.190340727567673 0.424334973096848 0.353694498538971 0.483487665653229 0.32505139708519 0.568365812301636 0.437023311853409 0.401504933834076 0.518117070198059 0.475772440433502 0.643723487854004 0.242466494441032 0.470680505037308 0.277493208646774 0.483826369047165 0.478427916765213 0.349432289600372 0.435322254896164 0.376419246196747 0.458483219146729
0.21275269985199 0.161534577608109 0.15134871006012 0.198762238025665 0.00673180213198066 0.133167177438736 0.110400050878525 0.314331620931625 0.305445790290833 0.243905320763588 0.278210371732712 0.293587356805801 0.291769713163376 0.296663135290146 0.507284343242645 0.345014661550522 0.559812128543854 0.360444486141205 0.445895344018936 0.174187764525414 0.416667401790619 0.549089074134827 0.313011556863785 0.32569944858551 0.259950697422028 0.446256279945374 0.384030431509018 0.476318866014481 0.705223679542542 0.30789589881897 0.663765370845795 0.47940394282341 0.627726674079895 0.405130565166473 0.536726117134094 0.498101383447647 0.376544803380966 0.523330569267273 0.236536011099815 0.260980308055878 0.235023766756058 0.442306280136108 0.374762356281281 0.39307826757431
0.124711237847805 0.150544464588165 0.137993201613426 0.169562265276909 0.0908118784427643 0.103796444833279 0.0851948037743568 0.350007861852646 0.229901716113091 0.209069028496742 0.414318174123764 0.298455476760864 0.461877733469009 0.353518486022949 0.558394372463226 0.336604386568069 0.530710518360138 0.309213757514954 0.391886174678802 0.730658054351807 0.370798468589783 0.503081917762756 0.230246499180794 0.364333122968674 0.316884815692902 0.533564746379852 0.455084979534149 0.575407326221466 0.586732089519501 0.36525622010231 0.524672627449036 0.370361179113388 0.554110169410706 0.641149282455444 0.592220723628998 0.668741881847382 0.439978510141373 0.284589052200317 0.254826694726944 0.37836018204689 0.46521058678627 0.439839363098145 0.567150831222534 0.33909797668457
0.187558621168137 0.109731882810593 0.154424592852592 0.0593989342451096 0.117744222283363 0.204794883728027 0.112936176359653 0.179805964231491 0.0953568667173386 0.152855575084686 0.453986614942551 0.266596287488937 0.324664175510406 0.383695393800735 0.456026881933212 0.665172457695007 0.389561504125595 0.432660818099976 0.549278259277344 0.473566085100174 0.462676703929901 0.427341431379318 0.094507709145546 0.492622435092926 0.322775661945343 0.438836008310318 0.572920024394989 0.590090751647949 0.495566368103027 0.406602412462234 0.570637822151184 0.650457084178925 0.655810356140137 0.601996660232544 0.562711417675018 0.603835821151733 0.431153953075409 0.45213919878006 0.541768848896027 0.568083107471466 0.507832467556 0.563021063804626 0.542423069477081 0.309890419244766
0.0746909976005554 0.12784518301487 0.15292926132679 0.0808020979166031 0.116457290947437 0.16426245868206 0.167977213859558 0.12713123857975 0.322779804468155 0.254984140396118 0.394966512918472 0.433445364236832 0.476080447435379 0.309982448816299 0.615162134170532 0.374569088220596 0.629219949245453 0.554520905017853 0.490624159574509 0.530632376670837 0.425830602645874 0.464613288640976 0.349504888057709 0.411944091320038 0.317349195480347 0.460464924573898 0.636091470718384 0.382829934358597 0.688512861728668 0.656548619270325 0.587436318397522 0.534786462783813 0.322610825300217 0.635659515857697 0.685431241989136 0.548907160758972 0.509766399860382 0.480770200490952 0.531063318252563 0.449423313140869 0.424296975135803 0.624913930892944 0.416809260845184 0.517254650592804
0.11745897680521 0.0900471433997154 0.137187093496323 0.153216153383255 0.190710753202438 0.0461980402469635 0.319414854049683 0.174721091985703 0.318637937307358 0.445031017065048 0.326721459627151 0.377116411924362 0.407777070999146 0.463866919279099 0.584809839725494 0.703971862792969 0.562120020389557 0.648672580718994 0.486207127571106 0.600657820701599 0.553753912448883 0.636128425598145 0.431301206350327 0.372029036283493 0.354402035474777 0.471301078796387 0.656648218631744 0.628764867782593 0.655868828296661 0.58143013715744 0.608781337738037 0.542950868606567 0.391445457935333 0.71429455280304 0.529206514358521 0.654485940933228 0.607669651508331 0.455354362726212 0.662850260734558 0.350714832544327 0.532631695270538 0.646467089653015 0.534781634807587 0.435815960168839
0.0854549184441566 0.0977749079465866 0.296701848506927 0.12978196144104 0.121771812438965 0.16481439769268 0.189200565218925 0.229772225022316 0.217787086963654 0.528267800807953 0.323867708444595 0.421447426080704 0.481001675128937 0.686264336109161 0.590872466564178 0.644293129444122 0.58078920841217 0.594294309616089 0.606213688850403 0.605664372444153 0.653156578540802 0.642900884151459 0.550271332263947 0.375265389680862 0.57368278503418 0.643594145774841 0.808033406734467 0.707551777362823 0.555162966251373 0.654342114925385 0.635739147663116 0.674923002719879 0.446317166090012 0.515307486057281 0.509681224822998 0.493058353662491 0.623649954795837 0.455494165420532 0.562990605831146 0.599001526832581 0.517671644687653 0.479856848716736 0.423395425081253 0.448935896158218
-0.0169846434146166 0.0325259566307068 0.0664056390523911 0.065681092441082 0.0342308767139912 0.0954112559556961 0.280384480953217 0.0652077049016953 0.297307938337326 0.283899247646332 0.246147304773331 0.56041020154953 0.550670981407166 0.633300721645355 0.561048448085785 0.60239452123642 0.551920890808105 0.71049827337265 0.504484951496124 0.799744427204132 0.556346774101257 0.358768373727798 0.615606129169464 0.246111541986465 0.705966591835022 0.78201699256897 0.804692983627319 0.756619930267334 0.359965860843658 0.660577535629272 0.593989372253418 0.571413934230804 0.675303161144257 0.715506613254547 0.619899690151215 0.712973415851593 0.504665970802307 0.533505976200104 0.545666515827179 0.548035681247711 0.488222032785416 0.492870211601257 0.428114533424377 0.450852513313293
