assets/gome_f/processed/ascii/us/gome_sif_US_20130601.asc
NCOLS 116 
NROWS 53 
XLLCORNER -125 
YLLCORNER 24.5 
CELLSIZE 0.5 
NODATA_value -3.4e+38 
[rows 20 to 39 of 53, columns 0 to 42 of 116]
0.0854347944259644 0.337949246168137 0.542739629745483 0.468974441289902 0.497527629137039 0.409543991088867 0.430493712425232 0.325990945100784 0.192192912101746 0.0985547676682472 0.035669568926096 0.0559409521520138 0.0282173082232475 0.04149005189538 0.0586995631456375 0.0925033614039421 0.137562498450279 0.0622967556118965 0.183049961924553 0.248735666275024 0.168372452259064 0.0266044437885284 0.0455151274800301 0.0525001846253872 0.154306575655937 0.272294163703918 0.447294026613235 0.399380385875702 0.275722175836563 0.264557868242264 0.161273181438446 0.163725465536118 0.21409647166729 0.120480060577393 0.398479670286179 0.419727623462677 0.510619103908539 0.364822089672089 0.230637848377228 0.164786607027054 0.302266418933868 0.232537865638733 0.193756908178329
0.083238460123539 0.174769371747971 0.465280920267105 0.4857057929039 0.406134307384491 0.320101678371429 0.381963223218918 0.390702039003372 0.312840163707733 0.14539410173893 0.0074400925077498 0.0259752906858921 0.026332214474678 -0.0586646497249603 0.106846950948238 0.0140029452741146 0.095269963145256 0.0872553214430809 0.10646964609623 0.138203009963036 0.133702293038368 -0.0483145974576473 0.0129754366353154 0.134783878922462 0.180770143866539 0.189638376235962 0.340742468833923 0.523333191871643 0.300495445728302 0.266985058784485 0.0241329986602068 0.221533372998238 0.16973640024662 0.167869508266449 0.416800856590271 0.523015737533569 0.452191531658173 0.384546458721161 0.17442487180233 0.243966057896614 0.357418239116669 0.354876279830933 0.331692516803741
-0.0314607694745064 0.105563424527645 0.326915204524994 0.530634105205536 0.402778893709183 0.411500453948975 0.517924070358276 0.546849071979523 0.478022068738937 0.183882191777229 0.20687098801136 0.131780430674553 0.14030858874321 -0.00877622049301863 0.130045428872108 0.0897400379180908 0.183556869626045 0.0582744777202606 0.129417881369591 0.205158978700638 0.189242869615555 0.157695516943932 0.0358376689255238 0.0982851684093475 0.103631377220154 0.28420415520668 0.301394611597061 0.359013468027115 0.285008519887924 0.167771488428116 0.19368115067482 0.331998616456985 0.285511940717697 0.25843808054924 0.412036120891571 0.336554259061813 0.389181554317474 0.295636981725693 0.19280831515789 0.281328797340393 0.311903446912766 0.283732861280441 0.196004614233971
0.134006485342979 0.0482562221586704 0.1861572265625 0.52030736207962 0.424030542373657 0.476628810167313 0.636176347732544 0.523304522037506 0.435474812984467 0.397397994995117 0.21209217607975 0.0704138875007629 -0.00892328005284071 -0.0154230641201138 -0.00987151637673378 0.243434861302376 0.127648264169693 0.168607965111732 0.199680611491203 0.191184654831886 0.0169346276670694 0.176386877894402 0.106346808373928 0.0956220179796219 0.166430756449699 0.1952905356884 0.236139386892319 0.247811809182167 0.236605122685432 0.185577839612961 0.226332157850266 0.2341138869524 0.258585304021835 0.250912815332413 0.422419756650925 0.481745928525925 0.328769624233246 0.278781026601791 0.093996673822403 0.197066277265549 0.212686747312546 0.272379010915756 0.130574151873589
0.0535027384757996 0.0487550534307957 0.0845283269882202 0.410728394985199 0.437569856643677 0.401760578155518 0.548138916492462 0.368488788604736 0.455522179603577 0.347170293331146 0.202274516224861 0.199775472283363 0.0795955061912537 -0.0404033102095127 0.149775668978691 0.114286027848721 0.101518966257572 0.11094418913126 0.188509359955788 0.0696321353316307 0.1694665402174 0.0116344131529331 0.144939243793488 0.0517561100423336 0.125301480293274 0.165255352854729 0.220944240689278 0.21293868124485 0.225956156849861 0.0799451991915703 0.143476948142052 0.0886099934577942 0.254714071750641 0.268567204475403 0.331891089677811 0.372458845376968 0.295741677284241 0.203110158443451 0.12928095459938 0.150628820061684 0.134343639016151 0.0248153265565634 0.057532973587513
0.0201868675649166 -0.0155212646350265 0.0675308182835579 0.0394005514681339 0.257795125246048 0.329178988933563 0.289920687675476 0.471352875232697 0.504461288452148 0.402401953935623 0.254167348146439 0.215391740202904 0.00363386236131191 0.101317159831524 0.113734818994999 0.048958595842123 0.136006787419319 0.0964677631855011 0.0304381176829338 0.0955433622002602 -0.0471635684370995 0.164227604866028 0.11909905821085 0.19035416841507 0.240458145737648 0.261146277189255 0.177262082695961 0.105071537196636 0.061128094792366 0.00840299483388662 0.00504676671698689 0.0859249383211136 0.278634399175644 0.252896875143051 0.411932021379471 0.272901773452759 0.24993734061718 0.228131756186485 0.147456377744675 0.244650095701218 0.120540514588356 -0.0212100278586149 0.0370198115706444
-0.0270540229976177 0.0169000700116158 0.0120977209880948 0.039419449865818 0.147109940648079 0.182499557733536 0.182401522994041 0.355439275503159 0.354133307933807 0.309305727481842 0.234629333019257 0.218048915266991 0.121198326349258 0.0646789371967316 0.0356344468891621 -0.0703841969370842 0.0197084583342075 0.000166457146406174 0.0247866772115231 0.0542673990130424 0.0427591949701309 0.206592828035355 0.154179215431213 0.310999751091003 0.128994405269623 0.205124735832214 0.170046240091324 0.0241042319685221 0.0800060257315636 0.207246735692024 0.306941628456116 0.13897779583931 0.359741002321243 0.316134572029114 0.27305018901825 0.158745840191841 0.177655607461929 0.248600021004677 0.250863790512085 0.145317524671555 0.096803791821003 0.13267508149147 0.140461012721062
0.0559964887797832 0.0540634095668793 -0.0823686644434929 -0.0861841291189194 -0.00249421107582748 0.363240629434586 0.309956431388855 0.376140564680099 0.332242041826248 0.51055109500885 0.195825830101967 0.321013540029526 0.139431208372116 0.11805622279644 0.00900871213525534 0.120483435690403 0.0385816730558872 0.0633305162191391 0.0176604613661766 0.0937580317258835 0.0152004910632968 0.166454523801804 0.156769618391991 0.270239621400833 0.238538965582848 0.129984006285667 0.15007446706295 0.0471951253712177 0.0157647505402565 0.0629442110657692 0.0949784219264984 0.158994868397713 0.178709879517555 0.277993500232697 0.325972646474838 0.298562169075012 0.220362573862076 0.218284457921982 0.177894994616508 0.227201044559479 0.130379050970078 0.0236183870583773 0.0282599292695522
0.065955176949501 -0.0732401236891747 0.0139431543648243 -0.0167813450098038 -0.0157353281974792 0.10739379376173 0.167715072631836 0.200054928660393 0.248455911874771 0.42167916893959 0.327081114053726 0.293982237577438 0.305124491453171 0.0972576066851616 0.0519358888268471 0.120582602918148 0.0408154837787151 0.173919633030891 0.0952500998973846 0.0575336143374443 0.0899669677019119 0.143774852156639 0.04422377794981 0.083902470767498 0.105122461915016 0.0731693208217621 0.133747026324272 0.112359635531902 0.139749929308891 -0.0844029933214188 0.0737101137638092 0.141872048377991 0.019370324909687 0.185597494244576 0.16719026863575 0.134942248463631 0.179068446159363 0.209271490573883 0.145494014024734 0.169547617435455 0.235052227973938 0.122007265686989 0.153242945671082
0.0257530342787504 0.0695620253682137 -0.0143143944442272 -0.0275100879371166 0.052677758038044 0.000617007608525455 0.135497838258743 0.265850692987442 0.151540592312813 0.218330517411232 0.393095940351486 0.276700705289841 0.37974214553833 0.228489398956299 0.0629820302128792 0.11761400103569 0.0295467041432858 0.153921484947205 0.106634214520454 0.0922160223126411 0.0202867202460766 0.0390817821025848 0.0901786535978317 0.0759072005748749 0.175224304199219 0.132752940058708 0.0984971821308136 0.0467507764697075 0.0327019430696964 0.151261419057846 0.0700951889157295 0.175508961081505 -0.0746105760335922 0.0125885605812073 0.076257050037384 0.0835740268230438 0.117250099778175 0.0715399235486984 0.14483879506588 0.117043875157833 0.110388837754726 0.0240191891789436 0.0274662841111422
-0.034475963562727 0.030334921553731 -0.0682339742779732 -0.0350412353873253 0.0712251737713814 0.0101045425981283 0.0739294067025185 0.125848859548569 0.12512518465519 0.157120868563652 0.234857305884361 0.264220654964447 0.270357936620712 0.114793799817562 0.145446836948395 0.0479055494070053 0.05286655575037 0.0297514591366053 0.0201689098030329 0.0455739386379719 0.0353218577802181 -0.0204033832997084 0.0446078069508076 0.113720715045929 0.0651154592633247 0.116020984947681 0.101668052375317 -0.0109480014070868 0.0808587297797203 0.181240394711494 0.118107251822948 0.0327695272862911 0.0848416313529015 0.0783300846815109 0.105298608541489 0.124082364141941 0.0874502137303352 0.134982749819756 0.218079298734665 0.136435300111771 0.0661449059844017 0.101057961583138 -0.0226219221949577
-0.00341305020265281 -0.0243314187973738 -0.198094844818115 0.0224327202886343 0.128435418009758 0.0836859792470932 0.0352245606482029 0.0206549763679504 0.0306124351918697 0.150132641196251 0.0883613526821136 0.343697935342789 0.275263249874115 0.0599592365324497 -0.00706308428198099 0.0770497098565102 0.0840316936373711 0.0154981445521116 0.056377112865448 0.0482822619378567 0.121380686759949 0.0385091789066792 0.0885308831930161 0.0939946845173836 0.134520709514618 0.161372005939484 0.149028688669205 0.170849353075027 0.12562882900238 0.146252185106277 0.023781793192029 0.0316166058182716 0.158849373459816 0.0281631946563721 0.0531335398554802 0.0284906271845102 0.0465864092111588 0.0208505187183619 0.0836440771818161 0.236411884427071 0.109665863215923 -0.0276362560689449 0.190841421484947
0.0686181932687759 -0.0618506222963333 -0.0357226878404617 -0.0161370299756527 0.0384277328848839 -0.192288145422935 -0.0361863225698471 0.0169668085873127 0.0540054067969322 0.176142871379852 0.193524911999702 0.261329770088196 0.044630590826273 0.0950654149055481 0.00807003583759069 0.0466063991189003 0.116630837321281 -0.00899864360690117 -0.0358068309724331 0.0851236134767532 0.0590826198458672 0.0621955245733261 0.106586895883083 0.216648444533348 0.158949643373489 0.161185920238495 0.110355839133263 0.175763696432114 -0.0231945496052504 0.073683500289917 0.195414900779724 0.00588186644017696 0.102470189332962 0.00242965272627771 0.0437187328934669 0.174907028675079 0.0594761036336422 -0.0602407269179821 0.100321166217327 0.111872807145119 0.0146359959617257 0.14798991382122 0.144993618130684
-0.0901698917150497 0.0519773438572884 0.000429334002546966 -0.0375813394784927 -0.0278009735047817 0.00837438087910414 -0.0217547528445721 0.110438011586666 0.0184431932866573 0.0357246436178684 0.134134858846664 0.0930480733513832 0.114217311143875 0.233484953641891 0.227545902132988 0.162990346550941 0.0645655766129494 -0.0742301046848297 0.0433747656643391 -0.0614142417907715 0.0400034412741661 0.113952077925205 0.138916462659836 0.158076077699661 0.118261806666851 0.151992872357368 0.213488459587097 0.193240284919739 0.200020387768745 0.173131659626961 0.147566974163055 0.103170327842236 0.0246721729636192 -0.0134681388735771 0.0822485163807869 -0.0337894149124622 0.0404048711061478 0.0304543320089579 0.111399829387665 0.100815050303936 -0.0305387172847986 0.0784657299518585 0.125806912779808
0.0539400354027748 0.117694482207298 -0.00463427975773811 0.121152937412262 -0.0465326197445393 -0.0110864583402872 0.0108787231147289 0.035121276974678 0.0448408722877502 0.0108258537948132 0.108664691448212 0.00457952776923776 0.0831562653183937 0.165749669075012 0.158987179398537 0.191146776080132 0.0731258913874626 -0.000700584845617414 0.0783184617757797 -0.131566375494003 0.0583961047232151 0.102679245173931 0.0969632342457771 0.0496113449335098 0.148054271936417 0.0583734437823296 0.236313477158546 0.194336324930191 0.200443029403687 0.128978475928307 0.359390825033188 0.400302469730377 0.140903398394585 -0.0604287572205067 0.0969806686043739 0.0604747943580151 -0.0708941072225571 0.0134344724938273 -0.0161108318716288 0.0340629108250141 -0.0399063639342785 0.0175729393959045 0.0990971624851227
-0.0451214462518692 0.0708688870072365 0.04577462002635 0.146310418844223 0.00406366167590022 0.0482503622770309 -0.00175217911601067 0.0375274866819382 0.0483868420124054 0.055486511439085 0.14314241707325 0.0458451397716999 -0.00490062776952982 0.223744660615921 0.00992457754909992 0.0654760375618935 0.230980947613716 0.0196951571851969 0.205725103616714 0.13869497179985 0.0779268741607666 0.044509794563055 -0.0118335783481598 0.0890389680862427 0.0177827030420303 0.143551275134087 0.168575137853622 0.195316717028618 0.125183120369911 0.0820215344429016 0.172335058450699 0.0946583896875381 0.22426475584507 0.114014558494091 0.0100660314783454 -0.0478538572788239 0.00357419089414179 0.0942879021167755 0.00104074762202799 0.15165950357914 0.064704641699791 0.168196558952332 0.0669273063540459
-0.0325899198651314 0.0681058317422867 0.0484594441950321 -0.0511966049671173 -0.063068725168705 0.0594204030930996 0.00241254270076752 0.0667784363031387 -0.0467643402516842 -0.0114503046497703 0.0136080412194133 -0.0324883945286274 0.0555012971162796 0.0656216740608215 0.187064707279205 0.250170558691025 0.126096338033676 -0.0145415859296918 0.101236611604691 0.286633789539337 0.178027018904686 0.13592654466629 0.0998778194189072 0.00336128240451217 0.0877910032868385 0.136123359203339 0.0965867042541504 0.105674967169762 0.145888209342957 0.166702464222908 0.0791095271706581 -0.0197235681116581 0.182566240429878 0.147137999534607 0.251461386680603 0.0518046505749226 -0.0733527019619942 -0.0635126754641533 0.130515664815903 0.025593888014555 -0.0540280602872372 -0.0131321959197521 0.0554227568209171
0.0306222233921289 -0.0377400070428848 -0.0464068129658699 0.0148872202262282 0.0525572597980499 0.00191040383651853 0.0841266363859177 0.036170519888401 0.169550150632858 0.0860094502568245 0.00715288985520601 -0.178799569606781 -0.077361673116684 0.132482126355171 -0.0920819044113159 -0.0591946057975292 0.240145534276962 0.129861205816269 -0.0165361855179071 0.0430652052164078 0.133267864584923 -0.00857220869511366 -0.0104669509455562 0.118139624595642 0.0266657024621964 0.0522111691534519 -0.0122333373874426 0.0339640267193317 0.0552425906062126 0.0236773286014795 0.245932757854462 0.0105326781049371 -0.0103640742599964 0.0412046536803246 0.0737884640693665 0.0455201230943203 0.00988658145070076 0.0785740911960602 0.0323207601904869 0.151259452104568 0.0902024805545807 -0.0209707990288734 0.0732468664646149
-0.0305648166686296 0.102845050394535 0.0320126786828041 0.0666055306792259 -0.0446516163647175 -0.0493937321007252 -0.0408986546099186 0.0305224452167749 0.0945989936590195 -0.0938268825411797 0.0441837310791016 -0.0234969779849052 0.0733597502112389 0.0439440868794918 -0.0277131870388985 0.126898363232613 -0.0672498866915703 0.0581231527030468 0.0726702138781548 -0.0986126512289047 -0.0427803881466389 -0.170371696352959 -0.150421842932701 0.0970935821533203 0.0822280719876289 -0.018026202917099 0.00299943098798394 0.0250119995325804 0.218958377838135 0.0836918503046036 0.105534605681896 0.0414962396025658 0.0220026932656765 -0.00546082062646747 -0.0454657636582851 -0.0288936085999012 0.0505706183612347 0.124394007027149 0.091011680662632 -0.0133639248088002 0.122867472469807 -0.0553354099392891 -0.0443858690559864
0.000809405522886664 -0.00715898955240846 0.0103024542331696 -0.0315251313149929 0.0602421499788761 0.0565371625125408 -0.0242124553769827 0.032299030572176 0.0516701117157936 0.0185534171760082 -0.049290020018816 0.130998328328133 0.0589576289057732 -0.0757447704672813 -0.416839599609375 0.255510002374649 0.381642252206802 0.147777378559113 0.146025463938713 0.128170892596245 0.126856207847595 -0.0416788831353188 -0.0312312263995409 -0.0584504716098309 0.0583359897136688 -0.00175608845893294 0.0810109823942184 0.102397374808788 0.114125035703182 0.11277399212122 0.0208001546561718 0.0302040241658688 -0.00119634252041578 0.061200924217701 -0.0656048282980919 -0.0164706334471703 -0.149326890707016 0.0280816461890936 -0.0641147345304489 -0.0623931549489498 -0.0432527512311935 -0.0660311505198479 0.0382435657083988
