assets/gome_f/processed/ascii/us/gome_sif_US_20130501.asc
NCOLS 116 
NROWS 53 
XLLCORNER -125 
YLLCORNER 24.5 
CELLSIZE 0.5 
NODATA_value -3.4e+38 
[rows 0 to 18 of 53, columns 0 to 43 of 116]
-0.142070412635803 -999 -999 0.171774595975876 0.475859194993973 0.462266445159912 0.347660928964615 0.223994255065918 0.17668953537941 0.1134984344244 0.183864131569862 0.308475077152252 0.0872137099504471 0.0198487602174282 0.522105097770691 0.155387699604034 -999 -0.00259058433584869 0.027428800240159 0.154918789863586 0.159289166331291 0.103963896632195 0.134634792804718 0.0731832683086395 0.149736166000366 0.0395468771457672 0.0989982783794403 0.110412195324898 0.0811352804303169 0.101939998567104 -0.01195611897856 0.0354476980865002 0.0247589144855738 0.0549572110176086 0.00327508640475571 0.022374028339982 0.087845116853714 0.114402048289776 0.0309785380959511 0.0409384146332741 -0.0168874021619558 0.113106422126293 0.101245135068893 0.054718591272831
0.0724083259701729 -0.0462404936552048 0.159265413880348 -0.0983611047267914 -999 -0.239793062210083 0.202245235443115 0.273337304592133 0.315237820148468 0.0978489592671394 0.155305773019791 0.288285911083221 0.200689315795898 0.0526957027614117 0.152044162154198 0.0346617288887501 0.0105164395645261 0.130756184458733 0.129806622862816 0.100054115056992 0.0616117306053638 0.113782316446304 0.0225330628454685 0.112383641302586 0.00807327497750521 0.0410496257245541 0.0529610328376293 0.265920519828796 0.143476381897926 0.16244350373745 0.126859754323959 0.026823103427887 0.0435134321451187 0.00253165978938341 0.0364679992198944 0.101978071033955 0.0548282936215401 0.0247132312506437 0.0243208613246679 -0.0269429888576269 0.0685044676065445 0.0131239695474505 0.0617409087717533 0.0781471580266953
0.292744427919388 0.0345028340816498 -0.0424687154591084 0.046807873994112 0.049598217010498 0.0110013820230961 -0.0159466825425625 0.19193160533905 0.147491052746773 0.1851766705513 0.106852747499943 0.0863332226872444 0.126289308071136 0.215363427996635 0.207179144024849 0.167095154523849 0.0549988634884357 0.208574652671814 0.122053667902946 0.158436179161072 0.251388698816299 0.21391573548317 0.28910568356514 0.103739440441132 0.0904110670089722 0.151568472385406 0.111961781978607 0.121367931365967 0.244723081588745 0.147403866052628 0.112258911132812 0.113930061459541 0.0221992786973715 -0.0833615586161613 0.0183681938797235 0.189741656184196 0.00397528940811753 0.0177559889853001 0.00651653902605176 0.0115501722320914 0.041819840669632 0.113249756395817 0.0480318330228329 0.0276733059436083
0.299374788999557 0.374836772680283 0.251603752374649 0.114124715328217 0.0373338013887405 0.284293949604034 0.253451526165009 0.248854413628578 0.262009888887405 0.167742654681206 0.31347593665123 0.115359298884869 0.285735309123993 0.298634737730026 0.0424640066921711 0.129643648862839 0.188076287508011 0.392759054899216 0.0698147341609001 0.149430394172668 0.164935201406479 0.158616110682487 0.260824024677277 0.190078854560852 0.104786664247513 0.116795763373375 0.0825682953000069 0.208194300532341 0.201798498630524 0.0670173168182373 0.0444644056260586 0.0529990121722221 0.00437354203313589 0.0524613969027996 0.0662476047873497 0.171182662248611 0.0415255501866341 0.0232921037822962 0.159378871321678 -0.016059298068285 0.122036263346672 0.0661836937069893 0.00712686218321323 0.00905013084411621
0.154940500855446 0.548265159130096 0.414191126823425 0.333467066287994 0.21836319565773 0.216509729623795 0.223269030451775 0.191383004188538 0.131724774837494 0.169972121715546 0.242469385266304 0.198977947235107 0.267086982727051 0.214418202638626 0.354136407375336 0.195135906338692 0.417953878641129 0.27843302488327 0.246369361877441 0.0148133970797062 0.211356967687607 0.157530426979065 0.186241701245308 0.159322932362556 0.277127146720886 0.165035665035248 0.0767973735928535 0.207756847143173 0.0836953297257423 0.130349174141884 0.277009040117264 0.165912970900536 0.144073665142059 0.0927973315119743 0.0635485723614693 0.112576797604561 -0.00640779733657837 0.0321210213005543 0.115662485361099 0.039379458874464 0.0501463487744331 0.126992225646973 0.171581536531448 -0.0727032944560051
0.247239947319031 0.30169016122818 0.383931368589401 0.226178899407387 0.27220031619072 0.402513980865479 0.363452553749084 0.322645664215088 0.154632434248924 0.141706526279449 0.186200678348541 0.279605686664581 0.354658216238022 0.253411859273911 0.350040525197983 0.496670782566071 0.274897217750549 0.139547646045685 0.336592316627502 0.323256492614746 0.250454127788544 0.290296882390976 0.0378620959818363 0.0809027254581451 0.313996016979218 0.0987821221351624 0.126664698123932 0.130361184477806 0.0433449074625969 0.171677440404892 0.133756533265114 0.188927844166756 0.106840014457703 0.0893710404634476 0.269483149051666 0.108321078121662 0.148562267422676 0.138982370495796 0.138274267315865 0.0773101076483727 0.0848995372653008 0.0968668907880783 0.20329025387764 0.0439150631427765
-0.0678257122635841 0.122353382408619 0.150636211037636 0.394251376390457 0.373956114053726 0.41935333609581 0.354483902454376 0.2637719810009 0.138950437307358 0.353140741586685 0.146151050925255 0.2614666223526 0.278783559799194 0.346582293510437 0.305472642183304 0.392970204353333 0.295472532510757 0.25485372543335 0.218594610691071 0.297166645526886 0.160201907157898 0.276504039764404 0.11773407459259 0.214719340205193 0.0581001490354538 0.238228961825371 0.124896340072155 0.166709050536156 0.344893455505371 0.202117189764977 0.1446912586689 0.216796472668648 0.0726676881313324 0.217940762639046 0.145550832152367 0.164128959178925 0.188772410154343 0.0849603563547134 0.159018710255623 0.0126020535826683 0.233033135533333 0.191200464963913 0.180982604622841 0.0865659862756729
-0.0204079989343882 0.177610114216805 0.244613349437714 0.361821174621582 0.517374515533447 0.370771557092667 0.364145398139954 0.428245633840561 0.301591247320175 0.19721582531929 0.344771176576614 0.348787069320679 0.390535622835159 0.391142129898071 0.453926086425781 0.344046026468277 0.507347941398621 0.193733513355255 0.405453205108643 0.32886216044426 0.238887757062912 0.243232563138008 0.118495762348175 0.201573684811592 0.0695492848753929 0.396946758031845 0.08681970089674 0.172168895602226 0.35040271282196 0.280484050512314 0.226980522274971 0.306602239608765 0.213641569018364 0.177939727902412 0.129342585802078 0.130422875285149 0.130186676979065 0.176363006234169 0.125957384705544 0.122936747968197 0.26289314031601 0.0929812490940094 0.1491609364748 0.157854408025742
-0.0167249534279108 0.0276821162551641 0.232123821973801 0.460220575332642 0.441411107778549 0.301513701677322 0.284302741289139 0.369907736778259 0.331804931163788 0.277495741844177 0.302627861499786 0.378842860460281 0.43588200211525 0.440658897161484 0.52078378200531 0.45916423201561 0.457045406103134 0.511936187744141 0.348034590482712 0.193138480186462 0.305945873260498 0.241841584444046 0.15086917579174 0.327941060066223 0.155417189002037 0.271994799375534 0.106152296066284 0.170067206025124 0.266905546188354 0.147298693656921 0.0815121382474899 0.266415685415268 0.105593137443066 0.226756319403648 0.178647369146347 0.159820690751076 0.20811054110527 0.100314252078533 0.136942148208618 0.190200686454773 0.207413002848625 0.232103198766708 0.136396646499634 0.123514391481876
0.0588081553578377 -0.0720384418964386 0.138889536261559 0.4272201359272 0.503696143627167 0.456232070922852 0.473423182964325 0.296762108802795 0.40168634057045 0.230129659175873 0.313113808631897 0.389535307884216 0.303071051836014 0.483341068029404 0.484871745109558 0.399585366249084 0.405125260353088 0.470075726509094 0.504587650299072 0.156419068574905 0.189581871032715 0.183791965246201 0.145211696624756 0.024656318128109 0.0156892314553261 0.103683479130268 0.0964913889765739 0.204608857631683 0.143465057015419 0.162971332669258 0.146512925624847 0.278513640165329 0.0610627755522728 0.0654488503932953 0.201977208256721 0.163662180304527 0.163762181997299 0.114809848368168 0.193472638726234 0.100330762565136 0.151806578040123 0.325660616159439 0.239853650331497 0.0669960603117943
-0.0405726321041584 0.0988329574465752 0.3298200070858 0.489599794149399 0.536922037601471 0.574833273887634 0.529493510723114 0.491517066955566 0.352850049734116 0.152134865522385 0.260250568389893 0.230872198939323 0.446526795625687 0.551158964633942 0.441162586212158 0.288643926382065 0.300306856632233 0.177334725856781 0.255906492471695 0.145916879177094 0.0204037185758352 0.158096387982368 0.0595362298190594 0.100933790206909 0.0427647568285465 0.168449237942696 0.0400101952254772 0.167348846793175 0.114169478416443 0.243352398276329 0.193886265158653 0.18241985142231 0.193602472543716 0.0319366678595543 0.109398938715458 0.115314058959484 0.303723305463791 0.207293748855591 0.289484411478043 0.243915900588036 0.194228410720825 0.240640506148338 0.187078505754471 0.264184445142746
0.0505782142281532 0.208947032690048 0.184212416410446 0.525999128818512 0.757705628871918 0.579192519187927 0.484195590019226 0.216859772801399 0.15949147939682 0.26434314250946 0.214716657996178 0.275792300701141 0.230294868350029 0.382211804389954 0.194723457098007 0.362573593854904 0.285115778446198 0.16618712246418 0.138197034597397 0.147362574934959 0.149623319506645 0.0606248788535595 0.110260091722012 -0.0823531821370125 0.122007600963116 0.0915731489658356 0.138674110174179 0.287077963352203 0.275376170873642 0.0658997073769569 0.177805230021477 0.40087828040123 0.126350685954094 0.117736488580704 0.206385374069214 0.226922616362572 0.257675737142563 0.234682142734528 0.285420835018158 0.157349929213524 0.0450450405478477 0.188035622239113 0.129222378134727 0.165907353162766
0.00842676404863596 0.198539867997169 0.492341071367264 0.73125022649765 0.763935089111328 0.558380484580994 0.36567097902298 0.320464253425598 0.199880212545395 0.255540490150452 0.046069297939539 0.115721702575684 0.0746983587741852 0.339912384748459 0.239134639501572 0.142123490571976 0.29988294839859 0.26474916934967 0.065622091293335 0.0889099016785622 0.0110267493873835 0.143286108970642 -0.0213329493999481 -0.0844264477491379 0.116133280098438 -0.067321740090847 -0.0930375754833221 0.10544178634882 0.0694085955619812 -0.147064954042435 -0.0479031912982464 0.0711416900157928 -0.00759101612493396 -0.0318425633013248 0.0758388340473175 0.0864606723189354 0.243124142289162 0.0484764650464058 0.266332000494003 0.192771688103676 0.248880073428154 0.143073692917824 0.232336953282356 0.149264395236969
-0.0227998197078705 0.256893932819366 0.425819963216782 0.538945019245148 0.511775553226471 0.437880992889404 0.264079988002777 0.233528062701225 0.0668594688177109 0.168609365820885 0.132797762751579 0.0701210051774979 0.132092699408531 0.229920610785484 0.125327229499817 0.166456162929535 0.232797086238861 0.241792127490044 0.16439551115036 0.0868831798434258 0.0857036784291267 0.0552142858505249 -0.0591253191232681 0.0320269353687763 0.0675414055585861 0.14168693125248 -0.0353019163012505 0.0575113035738468 0.110816188156605 0.0285124722868204 0.264333814382553 0.0772068500518799 0.0820863097906113 0.0423241555690765 0.10386049747467 0.101462058722973 0.24588206410408 0.167732492089272 0.154827386140823 0.183220729231834 0.175652652978897 0.0405706092715263 0.174976781010628 0.134078666567802
0.0154503835365176 0.16752128303051 0.441369354724884 0.528599381446838 0.424087196588516 0.246155425906181 0.372306734323502 0.233970835804939 -0.0161417461931705 0.104261241853237 0.234251126646996 0.103311248123646 0.106014974415302 0.150019839406013 0.194264158606529 0.145438581705093 0.212550461292267 0.300886332988739 0.233365505933762 -0.0100994948297739 0.105652436614037 0.0613047033548355 -0.028403727337718 0.0988578572869301 0.0897369980812073 0.317533522844315 0.247349828481674 0.0529137924313545 0.0491591431200504 0.127720803022385 0.112494990229607 0.0697864890098572 0.214851096272469 0.0793585702776909 0.116225913167 0.193089485168457 0.0584176704287529 0.107837468385696 0.086573526263237 0.0685376673936844 0.0760713368654251 0.226138085126877 0.114422522485256 0.13646300137043
0.106463864445686 0.24854564666748 0.466217964887619 0.61812436580658 0.462362378835678 0.256150275468826 0.176066771149635 0.197451785206795 0.0910166054964066 0.0219822265207767 0.0592036359012127 0.0953430980443954 0.233141392469406 0.0501204095780849 0.101917058229446 0.140479236841202 0.231242299079895 0.0791664123535156 0.185001447796822 0.256138175725937 0.160143926739693 0.214555695652962 0.15939550101757 0.0827698111534119 0.234075412154198 0.165897458791733 0.182950347661972 0.241311088204384 0.240946501493454 0.140754163265228 0.0858095362782478 0.125126749277115 0.102695189416409 0.129964113235474 -0.00168480479624122 0.0574994161725044 0.0448903813958168 0.0654580742120743 0.018233697861433 0.10913023352623 0.107352681457996 0.0790524706244469 0.128802433609962 0.181558296084404
0.204367637634277 0.265588760375977 0.410540342330933 0.33382174372673 0.438942193984985 0.333813697099686 0.303766965866089 0.153590738773346 0.173330083489418 -0.00631898641586304 0.117020256817341 0.0273051112890244 0.181193470954895 0.0411552079021931 0.0543216355144978 0.122970685362816 0.0743873566389084 0.0087956115603447 0.0121357953175902 0.131771013140678 0.262507319450378 0.357767194509506 0.416906267404556 0.227520033717155 0.227960988879204 0.158100962638855 0.398007601499557 0.23066371679306 0.0491412319242954 0.176682978868484 0.0562591329216957 0.0239973645657301 0.125824049115181 0.202133640646935 0.090417318046093 0.160567566752434 0.0491267330944538 0.0538778975605965 0.114184439182281 0.0536267571151257 0.144220501184464 0.112962804734707 0.152485981583595 0.310233950614929
0.0233145281672478 0.210630550980568 0.310163646936417 0.40454164147377 0.471861034631729 0.224298506975174 0.242502465844154 0.263940215110779 0.0860164612531662 0.0990002527832985 0.115950353443623 0.00414111372083426 0.116131342947483 0.0841096267104149 0.0816497206687927 0.17869645357132 0.0588445514440536 0.0757915377616882 -0.0170143246650696 0.131260499358177 0.305742532014847 0.199089795351028 0.13354429602623 0.365356594324112 0.314065963029861 0.28777152299881 0.257367879152298 0.211350604891777 0.116463623940945 0.215316995978355 -0.00370907364413142 0.124942496418953 0.0147324670106173 0.0831022560596466 0.0261727329343557 0.0817957744002342 -0.00343190529383719 0.0862423107028008 0.162620812654495 -0.058433935046196 0.12647445499897 0.216443419456482 0.106917202472687 0.233296543359756
-0.0400795377790928 0.146989777684212 0.380732476711273 0.403336733579636 0.340214222669601 0.338354051113129 0.208556652069092 0.256442576646805 0.0856641978025436 0.170151263475418 0.104353256523609 0.100403256714344 0.215730175375938 0.0917324647307396 0.211985290050507 0.0834508463740349 0.08190056681633 0.0393491573631763 0.280638694763184 0.089520625770092 0.001309092505835 0.195579349994659 0.123502157628536 0.193422675132751 0.132603093981743 0.127476930618286 0.337162643671036 0.0666125640273094 0.0802633687853813 0.00282842107117176 -0.019752498716116 0.0395522639155388 0.0693195015192032 0.0248907785862684 0.0790098085999489 0.0408694706857204 0.0686831101775169 0.0959568545222282 0.130342736840248 0.0974370092153549 0.14015194773674 0.26700559258461 0.152404740452766 0.294344395399094
