assets/gome_f/processed/ascii/us/gome_sif_US_20120801.asc
NCOLS 116 
NROWS 53 
XLLCORNER -125 
YLLCORNER 24.5 
CELLSIZE 0.5 
NODATA_value -3.4e+38 
[rows 0 to 18 of 53, columns 0 to 43 of 116]
-0.002071448136121 0.106321230530739 0.0973644703626633 0.294330507516861 0.151009976863861 0.18745756149292 0.144964903593063 0.20576374232769 0.238946795463562 0.304206430912018 0.282922029495239 0.32489749789238 0.308201164007187 0.303152084350586 0.348168164491653 0.266051024198532 0.287279933691025 0.219437777996063 0.126954957842827 0.277453154325485 0.289321005344391 0.425918012857437 0.665582716464996 0.482211291790009 0.335487902164459 0.294242858886719 0.330596446990967 0.289254903793335 0.290863394737244 0.105454690754414 0.171554446220398 0.220268741250038 0.203487157821655 0.29586398601532 0.317722231149673 0.303340643644333 0.380112111568451 0.458401709794998 0.423807144165039 0.456671863794327 0.406282722949982 0.493153512477875 0.399870812892914 0.43119752407074
0.225271672010422 0.0971037521958351 0.10021261125803 0.217754110693932 0.273031145334244 0.319343596696854 0.256974756717682 0.180156037211418 0.26289114356041 0.167192980647087 0.251983940601349 0.348724871873856 0.319257080554962 0.331059247255325 0.239833697676659 0.242359861731529 0.122396819293499 0.216351181268692 0.240111485123634 0.188854604959488 0.192842245101929 0.293979465961456 0.3957479596138 0.417724698781967 0.536184847354889 0.326576948165894 0.34283185005188 0.300512164831161 0.164976015686989 0.147097572684288 0.23822557926178 0.26128613948822 0.188524335622787 0.276380091905594 0.207498222589493 0.244008332490921 0.367271721363068 0.289823174476624 0.488855808973312 0.399198025465012 0.393795639276505 0.527967512607574 0.417357265949249 0.391796231269836
0.29927584528923 0.193579137325287 0.205798551440239 0.192213416099548 0.23699614405632 0.260212898254395 0.19585482776165 0.345648109912872 0.38259544968605 0.196648523211479 0.193301111459732 0.223741367459297 0.242841705679893 0.23598238825798 0.306870460510254 0.243466466665268 0.235286980867386 0.198846831917763 0.285421103239059 0.225478917360306 0.344042241573334 0.355478465557098 0.414209634065628 0.39418351650238 0.355262875556946 0.325335651636124 0.305002570152283 0.302199602127075 0.255915135145187 0.231024459004402 0.240418747067451 0.192256227135658 0.256814211606979 0.1651221960783 0.250417947769165 0.236953541636467 0.279569387435913 0.225196614861488 0.377823323011398 0.263678133487701 0.330419778823853 0.397224992513657 0.31037911772728 0.451359450817108
0.460878401994705 0.430157780647278 0.250255703926086 0.16551473736763 0.195400267839432 0.547820329666138 0.337359875440598 0.435983151197433 0.242236152291298 0.299433082342148 0.202842876315117 0.337542921304703 0.281734377145767 0.284312874078751 0.274986982345581 0.324532300233841 0.309397637844086 0.285144001245499 0.279081791639328 0.165865361690521 0.374378561973572 0.31184458732605 0.365978688001633 0.416918784379959 0.348243981599808 0.252208262681961 0.169241681694984 0.130514159798622 0.129160210490227 0.140095084905624 0.154536575078964 -0.0240794122219086 0.15970852971077 0.121551349759102 0.170677125453949 0.11840096861124 0.181885957717896 0.247978493571281 0.405203223228455 0.236045435070992 0.265421330928802 0.240656599402428 0.309281527996063 0.328874617815018
0.147773578763008 0.230181634426117 0.405523657798767 0.257276922464371 0.193805381655693 0.334392994642258 0.421775847673416 0.315941601991653 0.250065207481384 0.307742416858673 0.180499449372292 0.207481727004051 0.209478929638863 0.311182528734207 0.344700396060944 0.390241831541061 0.361946403980255 0.358414769172668 0.379474937915802 0.351011008024216 0.273554891347885 0.288818031549454 0.140801772475243 0.203924939036369 0.264057785272598 0.167241558432579 0.0410470552742481 0.127720192074776 0.0648196488618851 0.142656311392784 0.15397746860981 0.0815082490444183 0.163393288850784 0.172913417220116 0.0781387612223625 0.05044149979949 0.133766248822212 0.2092255204916 0.194377198815346 0.138740316033363 0.287250638008118 0.249077543616295 0.267468482255936 0.268496483564377
0.222920075058937 0.218388140201569 0.350751161575317 0.195795387029648 0.254757285118103 0.228045389056206 0.440513253211975 0.306827127933502 0.225317597389221 0.26477587223053 0.157137811183929 0.18912073969841 0.267348408699036 0.409074932336807 0.340375274419785 0.426484644412994 0.361505955457687 0.333201557397842 0.347458332777023 0.329171150922775 0.229205131530762 0.318623036146164 0.270811438560486 0.355592429637909 0.204583242535591 0.126342594623566 0.082089751958847 0.0570455268025398 0.0731746554374695 0.113364823162556 0.135839819908142 0.170374482870102 0.18295031785965 0.135150358080864 0.124769389629364 -0.0138017199933529 -0.0819064527750015 0.0252864081412554 0.112472511827946 0.0866497531533241 0.264076441526413 0.0695711821317673 0.254987388849258 0.172572880983353
0.12263897061348 0.178834527730942 0.460203230381012 0.336271703243256 0.255065441131592 0.36914998292923 0.357759177684784 0.448447018861771 0.215093851089478 0.230417251586914 0.132192596793175 0.0678757429122925 0.118428118526936 0.163951769471169 0.296700239181519 0.295894026756287 0.430885314941406 0.339963018894196 0.370070099830627 0.331935316324234 0.249225914478302 0.288074761629105 0.141216248273849 0.266589492559433 0.185860082507133 0.234417974948883 0.0551432482898235 0.0709589272737503 0.16644398868084 0.166592821478844 0.0682729631662369 0.235426515340805 0.0850820764899254 0.0616646111011505 0.054930716753006 0.0492770187556744 0.0712088122963905 0.127874910831451 0.0943167731165886 -0.0229754578322172 0.188890144228935 0.0552868880331516 0.185092151165009 0.199748173356056
-0.151532992720604 0.0750798881053925 0.464529544115067 0.478057235479355 0.369334727525711 0.466422408819199 0.371846526861191 0.267266780138016 0.310152590274811 0.18420235812664 0.261612474918365 0.282608956098557 0.159262925386429 0.13110139966011 0.132111355662346 0.325618594884872 0.308161795139313 0.404820084571838 0.29816609621048 0.445281028747559 0.288449674844742 0.302930146455765 0.250875115394592 0.22692559659481 0.262400507926941 0.0848457589745522 0.0345000475645065 0.163562461733818 0.105592362582684 0.135618701577187 0.152907252311707 0.169285640120506 0.17807349562645 0.0528066046535969 0.19844563305378 0.0461942963302135 0.0673145353794098 0.13441427052021 0.132616654038429 0.112905263900757 0.139296546578407 0.140668421983719 0.145598486065865 0.134788826107979
0.102988131344318 0.142200142145157 0.315351158380508 0.425201594829559 0.572924494743347 0.475352644920349 0.347307652235031 0.136040344834328 0.200675770640373 0.214282125234604 0.214874967932701 0.26492303609848 0.221604034304619 0.0332941859960556 0.110970802605152 0.185316905379295 0.395677417516708 0.412977188825607 0.438744574785233 0.355281114578247 0.345814436674118 0.274682134389877 0.228611797094345 0.236020550131798 0.185036942362785 0.149774476885796 0.154406726360321 0.125343486666679 0.154500678181648 0.168801888823509 0.212630525231361 0.238131642341614 0.12688735127449 0.120140753686428 0.0895025730133057 0.0482117719948292 0.0185604970902205 0.138578578829765 0.178157240152359 0.0634176433086395 0.0731437504291534 0.138232171535492 0.174404412508011 0.203196674585342
0.0129452114924788 0.219081208109856 0.259401947259903 0.566721618175507 0.567015051841736 0.528987109661102 0.411289751529694 0.341769248247147 0.323432832956314 0.194674402475357 0.171313658356667 0.258227825164795 0.290853232145309 0.250820487737656 0.222173571586609 0.162130042910576 0.17644564807415 0.220597773790359 0.314192801713943 0.397936671972275 0.36355385184288 0.249466598033905 0.247548699378967 0.159794554114342 0.109094828367233 0.0583234056830406 0.164693966507912 0.198620215058327 0.164509907364845 0.0727469250559807 0.0882014185190201 0.029696810990572 0.110518537461758 0.0414245203137398 0.140434786677361 0.0252869110554457 0.0243703797459602 0.0857359170913696 0.0953345820307732 0.071181133389473 0.0993105620145798 0.135554730892181 0.20765632390976 0.125671252608299
-0.0115798963233829 0.201957523822784 0.32524973154068 0.481598407030106 0.543302237987518 0.556413173675537 0.449126899242401 0.314028948545456 0.197362288832664 0.121726505458355 0.134805232286453 0.230678468942642 0.214681148529053 0.238891616463661 0.245167121291161 0.242296308279037 0.126186773180962 0.236250370740891 0.195112571120262 0.253029495477676 0.252221137285233 0.26938197016716 0.157206043601036 0.161027356982231 0.190545648336411 0.0248347539454699 0.182086482644081 0.23158298432827 0.139064818620682 0.125775456428528 0.17648734152317 0.00644106091931462 0.157589793205261 0.19136755168438 0.133789405226707 0.117106378078461 0.0241883378475904 0.0206874031573534 0.124126210808754 0.075269415974617 0.0899203345179558 0.145891934633255 0.0901968106627464 0.234852135181427
0.167086914181709 0.120596490800381 0.271182626485825 0.38884425163269 0.472399324178696 0.439257830381393 0.335339814424515 0.164199039340019 0.0988073274493217 0.0529505126178265 0.0471273586153984 0.187372907996178 0.199991330504417 0.198401764035225 0.257548004388809 0.189025238156319 0.226623728871346 0.279530346393585 0.246086940169334 0.11352414637804 0.167900428175926 0.249534860253334 0.114739872515202 0.255427986383438 0.201031267642975 0.222524106502533 0.230776131153107 0.204723834991455 0.238659277558327 0.148880124092102 0.0881487801671028 0.179016128182411 0.0608279332518578 0.167963847517967 0.264497220516205 0.166372880339622 0.123792171478271 0.155436187982559 0.172885730862617 0.0620061494410038 0.0995484441518784 0.0729495137929916 0.125529542565346 0.096555121243
-0.0261501800268888 0.161452069878578 0.305549651384354 0.449973225593567 0.521309375762939 0.469550251960754 0.381191790103912 0.125938266515732 0.150087133049965 0.143382832407951 0.116630919277668 0.0598322153091431 0.185326904058456 0.30505245923996 0.131477534770966 0.187282562255859 0.22574645280838 0.216786444187164 0.206644490361214 0.145067095756531 0.171339645981789 0.144422709941864 0.132678687572479 0.157012790441513 0.174507856369019 0.239917695522308 0.244102358818054 0.159271076321602 0.116336986422539 0.154992446303368 0.0822914019227028 0.0503548793494701 0.0894185602664948 0.0837247297167778 0.233011171221733 0.126712128520012 0.0840952098369598 0.0652208104729652 0.046622920781374 0.190841421484947 0.163370624184608 0.245326802134514 0.160650283098221 0.171899497509003
-0.00190715992357582 0.165628239512444 0.339647114276886 0.344119995832443 0.379301756620407 0.518512964248657 0.209306746721268 0.224032461643219 0.13280214369297 0.0474513843655586 0.0630296766757965 0.215611502528191 0.158723324537277 0.0987453833222389 0.206290200352669 0.14780168235302 0.20217090845108 0.241952955722809 0.189379036426544 0.181645646691322 0.118961334228516 0.0482623465359211 0.0575728192925453 0.135813921689987 0.1983293145895 0.112666122615337 0.271231561899185 0.303356230258942 0.192606195807457 0.167688980698586 0.11831821501255 0.0507004745304585 -0.00730954902246594 0.142698362469673 0.0769871845841408 0.0874295234680176 0.0788148269057274 0.0648358389735222 0.0479357540607452 0.0540555492043495 0.116070359945297 0.245464280247688 0.24139729142189 0.192556634545326
0.0547616221010685 0.197379589080811 0.403799593448639 0.478200405836105 0.446055144071579 0.351987779140472 0.287112206220627 0.199104890227318 0.168480888009071 0.0838885456323624 0.14868301153183 0.20435656607151 0.141515076160431 0.0699909180402756 0.0857507213950157 0.171434119343758 0.305900514125824 0.332128912210464 0.239462614059448 0.16921591758728 0.224412441253662 0.165737271308899 0.13735131919384 0.198529854416847 0.157718166708946 0.211953014135361 0.245712354779243 0.280238062143326 0.262335270643234 0.191452890634537 0.181843295693398 0.126123398542404 0.100072994828224 0.119124762713909 0.0963545367121696 0.0841214135289192 0.00803062971681356 0.117885813117027 0.05342698097229 0.0832884609699249 0.113127522170544 0.128835573792458 0.195548042654991 0.172302514314651
0.120877914130688 0.376101464033127 0.39369985461235 0.401414185762405 0.370567381381989 0.27557373046875 0.199074253439903 0.17965891957283 0.183608323335648 0.0721875950694084 0.0462646670639515 0.00144611764699221 0.106181897222996 0.0702161863446236 0.0446879342198372 0.0444064661860466 0.147819504141808 0.222466245293617 0.168330386281013 0.184085845947266 0.191405892372131 0.193630203604698 0.174538791179657 0.118578769266605 0.228930041193962 0.25887206196785 0.253369450569153 0.280735075473785 0.292266368865967 0.217384323477745 0.15754497051239 -0.0495200492441654 -0.00991029106080532 0.030875900760293 0.112253665924072 0.107853002846241 -0.0300861801952124 -0.0828117281198502 0.0628618821501732 0.0850555002689362 0.0664738714694977 -0.0318446718156338 0.0805985331535339 0.0423840060830116
0.154172569513321 0.244364231824875 0.4426628947258 0.452908515930176 0.438382595777512 0.295303106307983 0.269434094429016 0.215883895754814 0.0634642839431763 0.0244721490889788 0.00610936991870403 0.0895746648311615 0.0550492703914642 -0.0242053978145123 -0.0029512473847717 0.0404261872172356 0.0186482090502977 0.00954622030258179 0.168452471494675 0.222151771187782 0.341868132352829 0.323921471834183 0.406699866056442 0.346332728862762 0.32140526175499 0.223562642931938 0.314118236303329 0.187969118356705 0.192628368735313 0.161739528179169 0.175527811050415 0.188409343361855 0.112047605216503 -0.028969407081604 0.0288395192474127 0.0520826429128647 0.0902295932173729 0.0660888701677322 0.126699447631836 0.133418321609497 0.0765151232481003 0.0381076224148273 0.0147293033078313 0.0953886732459068
0.130405575037003 0.303938537836075 0.345311939716339 0.39016205072403 0.326975166797638 0.31755918264389 0.321366757154465 0.337925463914871 0.167630836367607 0.134346768260002 0.0530862733721733 0.0781783387064934 0.0273078102618456 0.0728002041578293 0.0129571203142405 0.051332350820303 0.110689349472523 0.0908867046236992 0.0220199152827263 -0.0456626042723656 0.154922544956207 0.229847341775894 0.166822284460068 0.336772829294205 0.185931205749512 0.184238031506538 0.229728803038597 0.124691814184189 0.10051579028368 0.11362162232399 0.216988727450371 0.0491097643971443 0.131585747003555 0.0387584567070007 0.0291004925966263 0.19963626563549 0.00612075533717871 0.0438350662589073 0.0981061905622482 0.151157945394516 0.0780565217137337 0.134534135460854 0.127818167209625 0.125268369913101
0.0912222191691399 0.126825675368309 0.43185293674469 0.422708123922348 0.306548327207565 0.194635927677155 0.233365118503571 0.109797269105911 0.139976680278778 0.123785063624382 0.0656463727355003 -0.0488070026040077 0.029496606439352 0.0683209970593452 0.109379127621651 -0.121814265847206 -0.0220877416431904 0.0344783775508404 0.0546663552522659 0.0605528205633163 0.0874371826648712 0.13620987534523 0.101767271757126 0.145148530602455 0.0407686121761799 0.199280455708504 0.215077832341194 0.160427078604698 -0.0145829934626818 0.0763329043984413 0.104836151003838 -0.0345709174871445 0.0271130707114935 0.011347365565598 0.194788202643394 0.115124776959419 0.0720067098736763 0.0366269052028656 0.157040283083916 0.134077340364456 0.099327065050602 0.144592940807343 0.286759823560715 0.283099144697189
