assets/gome_f/processed/ascii/us/gome_sif_US_20130201.asc
NCOLS 116 
NROWS 53 
XLLCORNER -125 
YLLCORNER 24.5 
CELLSIZE 0.5 
NODATA_value -3.4e+38 
[rows 19 to 37 of 53, columns 0 to 42 of 116]
-0.0859525427222252 -0.0196745786815882 0.115541003644466 0.175481006503105 0.0943867340683937 0.0736550763249397 0.0354175418615341 -0.00982134696096182 0.050898440182209 0.0212240815162659 -0.0401512011885643 0.0233141239732504 -0.0114944009110332 -0.0217919498682022 -0.093549370765686 0.000685401260852814 -0.0814081951975822 -999 -999 -999 -999 -999 -999 -999 -999 -999 -999 -999 -999 0.197499632835388 0.102404952049255 -0.038662813603878 -0.209524422883987 -999 -999 -999 0.169358223676682 -0.0413213409483433 -0.0806490108370781 -0.0628670230507851 0.0131105184555054 0.0154772624373436 -0.043872281908989
0.0450828410685062 0.0242896974086761 0.141283378005028 0.130201146006584 0.0971074774861336 0.0536619089543819 0.124920606613159 0.0418541505932808 -0.0491749122738838 -0.0904308781027794 0.0526106357574463 -0.0509869791567326 -0.0275710504502058 -0.01349120400846 0.0402087457478046 0.0633626878261566 -0.0446608252823353 -999 -999 -999 -0.00461625680327415 0.0506674684584141 0.0877276137471199 -999 -999 -999 -999 -999 -999 -999 -0.134197413921356 0.0651457905769348 -999 -999 -999 -999 -999 -999 -999 0.0337307043373585 -0.0212554931640625 0.157543107867241 -0.0974416360259056
-0.0630345940589905 0.016598504036665 0.125449851155281 0.139305040240288 0.119180679321289 0.0415759533643723 0.0666086822748184 -0.0353841856122017 0.0298918373882771 0.0990213230252266 0.0637180358171463 0.0574169047176838 -0.0574979148805141 -0.0479378663003445 -0.00682127196341753 0.0128945615142584 -0.125279366970062 0.112252488732338 0.0633866414427757 -999 -0.0506346262991428 -999 -999 -999 -999 -999 -999 -999 -999 -999 -999 -999 -999 -999 -999 -999 -999 -999 -0.200612038373947 0.0461513996124268 -0.154487907886505 0.118955060839653 -0.0235898084938526
0.0306657701730728 0.0765779763460159 0.0905056521296501 0.103586837649345 0.11339259147644 0.151766180992126 0.122695438563824 0.152876302599907 0.131705448031425 0.168873026967049 0.0770138502120972 0.0763801336288452 -0.0147826429456472 0.00163017236627638 -0.0275213066488504 -0.0247852243483067 -0.0837376490235329 0.148331627249718 0.0965320244431496 -999 -999 0.184070184826851 -999 -999 -999 -999 -999 0.00579041335731745 -0.114210672676563 0.0999430567026138 0.00630178675055504 -999 0.207783848047256 -999 0.222381889820099 -999 -999 -999 -0.17872641980648 -0.172953560948372 0.0436501316726208 -0.0485060997307301 0.086435578763485
0.0768914222717285 0.0149916913360357 0.0876880511641502 0.171634063124657 0.154088363051414 0.0146237714216113 0.129353433847427 0.162969708442688 0.134321168065071 0.0505341440439224 -0.00145086389966309 -0.00432089669629931 0.0432230494916439 -0.0928503200411797 -0.0652120113372803 -0.00772493844851851 0.0211621336638927 -0.00451507652178407 -0.172684833407402 0.145980089902878 0.0111956400796771 -0.0247105825692415 -0.068835012614727 -0.18189038336277 0.0154011324048042 -999 -999 0.252251207828522 0.00383193418383598 0.0589502044022083 -0.00086232228204608 -0.0226467736065388 -0.0609373115003109 -0.0326799899339676 -999 -999 0.196089699864388 -0.364839106798172 -0.00434238277375698 0.0235726106911898 -0.0316863171756268 0.0199697837233543 0.107917308807373
0.00192190404050052 0.0161967296153307 0.0583632439374924 0.121511377394199 0.161593079566956 0.124631963670254 0.208516538143158 0.206328824162483 0.172819271683693 0.135295927524567 -0.0711935460567474 0.0435044169425964 0.0277257617563009 -0.0639165788888931 -0.0327325835824013 -0.0209377072751522 -0.0162908378988504 -0.130649238824844 -0.00285817682743073 -0.0373439304530621 0.0644019097089767 0.010449361987412 -0.0225115995854139 -0.0133516453206539 -0.180377781391144 -0.0151534173637629 -0.0737068876624107 0.0832853093743324 0.0134153878316283 0.0302208159118891 -0.00481859780848026 0.0404882840812206 -0.134982541203499 0.262248158454895 -0.110818356275558 -0.203045174479485 -0.0939947217702866 -0.0650138854980469 -0.0751470029354095 -0.00854254979640245 -0.0312163513153791 -0.00621012644842267 -0.0765488892793655
-0.00166493654251099 0.0811766758561134 -0.00786611065268517 0.0655103996396065 0.0927316695451736 0.173824548721313 0.134456470608711 0.202743217349052 0.192283779382706 -0.0263987723737955 -0.0400504656136036 0.113464929163456 0.0921463146805763 0.0323427394032478 -0.0289356335997581 -0.0336515977978706 0.00341617618687451 0.058699119836092 0.0580891706049442 0.0545082949101925 -0.000354886054992676 -0.0364250876009464 -0.0185312796384096 0.0197497382760048 -0.00746225751936436 -0.0781946778297424 0.0948263481259346 0.141009539365768 -0.072439968585968 0.0323294587433338 0.0289761740714312 -0.0167980697005987 0.061046876013279 -0.0133276283740997 0.0111147910356522 -999 -999 0.0602189861238003 0.0544057302176952 0.114402607083321 0.0670301765203476 -0.00363516970537603 0.0390630289912224
-0.0350599884986877 0.0230498276650906 0.0142690744251013 0.125553503632545 0.0130603136494756 0.0866753086447716 0.172760635614395 0.282287359237671 0.208288863301277 0.245382100343704 0.0448998063802719 -0.0997154787182808 0.0941382199525833 0.0199097264558077 -0.0809601619839668 -0.11873584240675 0.0183026269078255 0.0783220008015633 0.0856705531477928 -0.0204290021210909 0.0681916773319244 0.00457505788654089 0.00684156268835068 0.0231718569993973 -0.0253988746553659 -0.0028074502479285 -0.0690656453371048 -0.0359294787049294 -0.0790105983614922 0.0625041052699089 -0.0651668161153793 0.022117218002677 0.027141384780407 -0.0402834676206112 -999 -999 -999 0.0640956908464432 0.116212196648121 -0.0769563019275665 0.0497116893529892 0.0129921678453684 -0.0605317577719688
0.0639436841011047 -0.00073657528264448 -0.00473198527470231 0.0763238072395325 -0.0138790514320135 -0.0846421644091606 0.153399214148521 0.263222396373749 0.289515256881714 0.320436388254166 0.179028928279877 0.0689543038606644 0.01808569021523 0.0535343438386917 0.0328359566628933 -0.0581865683197975 -0.051707211881876 0.0471687726676464 -0.0224146340042353 0.0522089190781116 -0.000279434694675729 0.124861903488636 0.0106817577034235 0.00172817567363381 0.0880166068673134 -0.0292030069977045 -0.097213476896286 0.0834101215004921 -0.0407829061150551 0.0636487007141113 0.0357035137712955 0.0646238252520561 -0.17875163257122 0.0304142329841852 -0.00702209770679474 -0.136073216795921 0.216380536556244 -999 -0.0128557374700904 -0.0536991767585278 -0.0229297708719969 -0.0238825678825378 -0.0311826653778553
-0.0183975975960493 -0.0413469113409519 0.0315954498946667 -0.0363990962505341 -0.02472909912467 0.128366440534592 0.146852999925613 0.0911321267485619 0.159806415438652 0.143182024359703 0.153886273503304 0.137013748288155 -0.0231130234897137 -0.0369064249098301 0.0877521336078644 0.0590188130736351 -0.0304493196308613 0.0938789919018745 0.0339570306241512 0.0146941700950265 0.0330909341573715 0.0149745550006628 0.0458701550960541 -0.00401709461584687 -0.0432708077132702 0.0213774349540472 -0.0820189267396927 0.033093873411417 0.0258878469467163 -0.0470292530953884 -0.0192656014114618 -0.0617295876145363 0.0390562862157822 -0.0222224369645119 0.0288945212960243 -0.0667655616998672 -0.222888007760048 0.0814369767904282 0.0515722818672657 0.00962680019438267 0.0531835705041885 0.0854305401444435 0.0457762852311134
0.0150576876476407 0.0381395593285561 0.0351466275751591 -0.0479052513837814 -0.0193161088973284 0.0256805624812841 -0.0563202612102032 0.0472679659724236 0.20695573091507 0.0895557180047035 0.230939462780952 0.259586572647095 0.185037732124329 0.0159065835177898 -0.0561514869332314 0.0340273045003414 0.0176498312503099 0.0121693052351475 0.0217312164604664 0.0535658225417137 0.0616753324866295 -0.013772364705801 0.00257125333882868 0.0161430947482586 0.048579890280962 0.00516522489488125 -0.0614802353084087 0.102399103343487 0.0243352651596069 0.0474679060280323 -0.00367459538392723 0.0301868300884962 0.0487409047782421 0.00271750008687377 0.034319493919611 -0.0415026880800724 -0.00967266689985991 -0.0108022028580308 0.059138186275959 0.00972365029156208 0.0984824895858765 -0.0985103100538254 0.0112387472763658
0.0174154695123434 0.0281985476613045 0.0548046752810478 -0.0562785007059574 -0.0442966520786285 -0.0431326180696487 -0.0182537324726582 0.0201839134097099 0.1117187961936 0.135591328144073 0.0941766873002052 0.194305211305618 0.144653141498566 0.0760598257184029 0.00750539312139153 0.0543092712759972 -0.0106173353269696 0.0105942925438285 0.059179775416851 0.0410145372152328 0.08541090041399 0.0160174556076527 -0.0103561906144023 0.0433217920362949 -0.0207543987780809 0.0552878379821777 0.0230343099683523 0.00895410217344761 0.0726358592510223 0.0733512490987778 0.0876083821058273 -0.0315311588346958 -0.0114976400509477 -0.120160423219204 0.020099887624383 -0.0193490888923407 0.0165575630962849 -0.14818948507309 0.0223016627132893 0.0883198529481888 -0.0203679278492928 0.036461066454649 0.025563832372427
-0.0110154412686825 0.0522261373698711 0.00206888210959733 0.0348220281302929 -0.00674014678224921 0.0678844079375267 0.0231573451310396 -0.0423181429505348 0.0666096433997154 0.0972016230225563 0.0375720076262951 0.180478662252426 0.181792199611664 -0.0302687305957079 0.0107337171211839 0.146057292819023 0.0365885831415653 0.0428805910050869 0.0438511297106743 -0.0160518493503332 0.0770370587706566 0.0312062297016382 0.00105859152972698 0.0729715973138809 0.114146992564201 -0.0277564488351345 0.101196683943272 0.0918578654527664 0.0254549328237772 -0.00335308560170233 0.0928731113672256 -0.0806954652070999 0.0154871754348278 0.0222509074956179 0.028783991932869 0.0620539858937263 -0.00855053216218948 0.0141281830146909 0.00769466906785965 0.0465245097875595 -0.024579081684351 0.0202587377279997 0.0799134820699692
0.0715787410736084 -0.00987843982875347 0.062597393989563 0.00153105123899877 0.00338906794786453 -0.0263141393661499 0.0757676213979721 -0.0479551553726196 0.0464944168925285 0.190520629286766 0.0970960110425949 0.0941728800535202 -0.0235012359917164 0.0296161379665136 0.00929168704897165 0.0420827083289623 -0.0277915708720684 0.0312068685889244 -0.0377884767949581 -0.00777353532612324 0.101012989878654 0.0677502378821373 0.0108564589172602 0.0510999076068401 0.0269889645278454 0.0637189596891403 0.112491026520729 0.00754795176908374 0.00217648944817483 0.0150187658146024 0.00482269423082471 -0.0363996215164661 0.0166222266852856 -0.0459684319794178 -0.092731386423111 0.164743736386299 -0.0363859944045544 0.0313374698162079 0.0519955679774284 -0.0231031887233257 0.201896071434021 0.049285527318716 0.0350315421819687
0.0340930707752705 0.0612271204590797 -0.0745096355676651 0.0526398308575153 0.0426785312592983 0.0369217917323112 0.0355539955198765 0.0328513644635677 -0.0287933405488729 0.000173938271473162 -0.10252371430397 -0.027374655008316 -0.0893604606389999 0.0352980606257915 0.157315149903297 -0.0591094791889191 0.0535450540482998 -0.0390637293457985 -0.0409452430903912 0.00670954119414091 0.0567281320691109 0.103081300854683 0.0743396505713463 0.0373957939445972 0.109521917998791 0.0691374093294144 0.0996121764183044 0.0243734922260046 -0.0561477392911911 -0.066596619784832 -0.00423805136233568 -0.0571725256741047 0.0468840226531029 0.0494868643581867 0.0269529819488525 -0.0706107243895531 -0.0934052318334579 -0.0594545528292656 0.0683805122971535 -0.049005426466465 0.00253877206705511 0.0502933003008366 0.0145473591983318
-0.0389266163110733 -0.165229186415672 -0.0537642724812031 0.202828213572502 0.0233139619231224 0.0298327673226595 -0.0117092132568359 -0.0375787876546383 0.0207348018884659 0.0378907583653927 -0.0228391531854868 0.0387902930378914 -0.00770987430587411 -0.0281085930764675 0.071207083761692 0.119278751313686 0.149206787347794 -0.00412830011919141 0.100815430283546 -0.00942597724497318 -0.060700349509716 0.0479852147400379 0.0706211850047112 0.0605969280004501 0.105638861656189 0.0550601184368134 0.14710907638073 0.130056083202362 0.0900481268763542 0.107581198215485 0.0370942316949368 0.000309719500364736 0.0569028705358505 0.0640409886837006 -0.10350788384676 0.0591345988214016 0.0461948215961456 0.00879130605608225 -0.115677870810032 0.00574008887633681 0.0287835672497749 -0.0126137938350439 0.0403931066393852
0.0275660064071417 0.0591914802789688 -0.0410556644201279 -0.00304919062182307 -0.115962117910385 0.07037253677845 -0.0413547828793526 0.0282561499625444 -0.0136826429516077 0.0864587873220444 -0.0236781723797321 5.57955354452133e-06 0.0524629838764668 -0.0233891736716032 -0.0206609182059765 0.111081257462502 0.121500544250011 0.12149990350008 0.123520612716675 0.0631972029805183 0.141692668199539 0.0211287401616573 0.138643890619278 0.0624901689589024 0.0289664622396231 0.18476028740406 0.129603564739227 0.0941798686981201 0.134427756071091 0.140875071287155 -0.0678136944770813 0.0493868105113506 0.107680656015873 0.0410706922411919 0.0362151488661766 -0.00160750141367316 0.0437843017280102 -0.0189149118959904 0.0864539369940758 0.163468107581139 0.034803744405508 -0.000747453421354294 0.106201402842999
0.138553261756897 -0.00635533733293414 -0.0103317592293024 0.0230055637657642 -0.119826190173626 -0.0144722731783986 0.0158835351467133 -0.0293561406433582 0.0197485201060772 0.017787829041481 -0.0184575263410807 0.0220586452633142 0.0108266165480018 -0.0284861233085394 0.0604906491935253 0.0579030737280846 0.0946884751319885 0.00747570861130953 0.141492769122124 0.145910948514938 0.180454820394516 0.0774120092391968 0.115905098617077 0.0803438499569893 0.0912276729941368 -0.0107795149087906 0.0567403435707092 0.0807677581906319 0.0194934438914061 0.0409257374703884 -0.0471225529909134 0.0223221387714148 0.0844803601503372 0.0390537790954113 0.0118606891483068 0.0894822999835014 -0.052931472659111 -0.0758185461163521 0.0566325560212135 -0.0191202014684677 0.00623012846335769 -0.00988470111042261 0.076348751783371
0.056944701820612 -0.00417832704260945 -0.0422527380287647 0.0424702726304531 -0.0155518688261509 -0.0410817116498947 0.0365343242883682 0.0770511850714684 0.0103168366476893 0.0694871991872787 0.0356407202780247 -0.0112745659425855 0.0296162515878677 -0.00120625866111368 0.0670523047447205 -0.117864042520523 0.0430988632142544 0.0501175187528133 0.0148082058876753 0.0502311959862709 0.0683681219816208 0.182655572891235 0.0928240269422531 0.100634552538395 0.00927609205245972 0.137639164924622 0.00942222308367491 0.0307895205914974 0.0383747890591621 -0.0326345451176167 0.0748376473784447 0.00799036398530006 0.0346648208796978 0.0275871120393276 0.016068248078227 0.0441094115376472 0.0621391832828522 0.0470132045447826 0.0198938120156527 0.11373345553875 0.0728533864021301 0.0348723158240318 0.00419848226010799
