assets/gome_f/processed/ascii/us/gome_sif_US_20130901.asc
NCOLS 116 
NROWS 53 
XLLCORNER -125 
YLLCORNER 24.5 
CELLSIZE 0.5 
NODATA_value -3.4e+38 
[rows 0 to 18 of 53, columns 44 to 87 of 116]
0.202090367674828 0.178174555301666 0.192382022738457 0.204908072948456 0.242931663990021 0.202221482992172 0.385702282190323 0.318876147270203 0.261232882738113 0.0732126533985138 0.229789853096008 0.268745630979538 0.165073946118355 0.200660511851311 0.222978308796883 0.165374845266342 0.249060347676277 0.192019179463387 0.268318742513657 0.254303514957428 0.225081816315651 0.191099613904953 0.196800872683525 0.160671636462212 0.216836705803871 0.0546101666986942 0.104777172207832 0.222314834594727 0.183408439159393 0.155778616666794 0.259229779243469 0.218108728528023 0.185904011130333 0.297165542840958 0.0143691096454859 0.115582026541233 0.198798447847366 0.133844897150993 0.0669132918119431 0.244953498244286 0.126091077923775 0.0433728918433189 0.0842432081699371 0.149027690291405
0.101953998208046 0.178893342614174 0.171839728951454 0.116243146359921 0.177051037549973 0.228308886289597 0.197207316756248 0.252369701862335 0.296245515346527 0.223949104547501 0.172146335244179 0.303648501634598 0.212740167975426 0.276634991168976 0.251868695020676 0.164470627903938 0.2165856808424 0.238241419196129 0.188512623310089 0.101612187922001 0.118870973587036 0.12941312789917 0.128328025341034 0.246149867773056 0.146314486861229 0.189541101455688 0.0963246524333954 0.165523141622543 0.15965910255909 0.211411938071251 0.143561869859695 0.125321939587593 0.250428140163422 0.231457069516182 0.0609403215348721 0.133334442973137 0.231142476201057 0.165082767605782 0.121748402714729 0.212292432785034 0.145677521824837 0.153784066438675 0.114638760685921 0.224626272916794
0.139538258314133 0.174278825521469 0.195320293307304 0.233562871813774 0.252093732357025 0.22541306912899 0.270173370838165 0.275755554437637 0.261273562908173 0.34192955493927 0.137588918209076 0.186002776026726 0.259966552257538 0.265168726444244 0.307346791028976 0.186654433608055 0.242759808897972 0.259230017662048 0.168241813778877 0.149796545505524 0.269131362438202 0.18611054122448 0.245054289698601 0.283261030912399 0.218808472156525 0.100069664418697 0.308358520269394 0.223178386688232 0.1701969653368 0.229585438966751 0.151580080389977 0.238498732447624 0.306795716285706 0.202656239271164 0.298331052064896 0.286417096853256 0.188925623893738 0.211868047714233 0.242734834551811 0.239036589860916 0.280371695756912 0.214350938796997 0.238461226224899 0.227366521954536
0.229891732335091 0.220009848475456 0.206208407878876 0.371699541807175 0.264387756586075 0.294935554265976 0.217624604701996 0.266390860080719 0.167282938957214 0.207966029644012 0.261352777481079 0.276266485452652 0.363740652799606 0.366675734519958 0.362635910511017 0.195435181260109 0.232523486018181 0.232684656977654 0.241012886166573 0.200488388538361 0.242470785975456 0.203082859516144 0.231149286031723 0.187016636133194 0.216721326112747 0.171948865056038 0.203415259718895 0.251481801271439 0.246657371520996 0.231896266341209 0.242911472916603 0.203704819083214 0.251577466726303 0.171048685908318 0.287438541650772 0.224960461258888 0.198290452361107 0.261403858661652 0.24914738535881 0.33661875128746 0.250373035669327 0.150258481502533 0.251220345497131 0.209605157375336
0.192198395729065 0.173995360732079 0.155360281467438 0.338285863399506 0.191917598247528 0.363890111446381 0.261810004711151 0.189136430621147 0.178982675075531 0.186090767383575 0.34625717997551 0.304719626903534 0.325593709945679 0.315301597118378 0.339775234460831 0.35926941037178 0.29415363073349 0.354069113731384 0.354807168245316 0.211248859763145 0.227729514241219 0.299515336751938 0.256206542253494 0.181398123502731 0.233065560460091 0.188827201724052 0.249425634741783 0.248415440320969 0.196393713355064 0.216879159212112 0.13921146094799 0.0531979613006115 0.175310865044594 0.201432198286057 0.209924340248108 0.237614512443542 0.228094190359116 0.276358306407928 0.23082871735096 0.278836011886597 0.288544714450836 0.282562524080276 0.243407368659973 0.206939920783043
0.158872440457344 0.301762461662292 0.212529301643372 0.301606088876724 0.175113528966904 0.286787062883377 0.359301567077637 0.214610457420349 0.247774183750153 0.175969004631042 0.267927050590515 0.247272700071335 0.250273555517197 0.29958438873291 0.308354884386063 0.319155752658844 0.298125714063644 0.387633562088013 0.238966658711433 0.284295707941055 0.255095332860947 0.317718893289566 0.217600330710411 0.259784132242203 0.197762221097946 0.374795526266098 0.323702722787857 0.112412951886654 0.0658037066459656 0.00495680514723063 0.0148594807833433 -0.0375611297786236 0.0692011192440987 0.0350900292396545 0.172212541103363 0.262786567211151 0.210863918066025 0.232191383838654 0.232632964849472 0.239008486270905 0.283504277467728 0.380886018276215 0.250240057706833 0.26666471362114
0.156362920999527 0.206716418266296 0.190964341163635 0.16135847568512 0.263309955596924 0.224174290895462 0.293570846319199 0.357682704925537 0.22295369207859 0.254734396934509 0.255250483751297 0.437666952610016 0.292846441268921 0.380374610424042 0.31697615981102 0.339864104986191 0.333202481269836 0.297943741083145 0.330013900995255 0.326727598905563 0.410574734210968 0.208061248064041 0.260265290737152 0.244019865989685 0.160214677453041 0.0605245307087898 0.108969807624817 0.0344167202711105 0.0631634145975113 0.0253116302192211 0.0737702772021294 -0.048071064054966 -0.0439242161810398 0.0514839366078377 0.0263992287218571 0.0200301520526409 0.265511393547058 0.291031032800674 0.271383136510849 0.257353633642197 0.283740490674973 0.177427753806114 0.310493320226669 0.228642821311951
0.318394333124161 0.208074644207954 0.310639411211014 0.24386790394783 0.237017959356308 0.242367386817932 0.270864814519882 0.292260557413101 0.315373092889786 0.314253300428391 0.249692752957344 0.349705278873444 0.309082835912704 0.256006568670273 0.368591755628586 0.386643081903458 0.310006648302078 0.300367385149002 0.286612212657928 0.35116046667099 0.324679315090179 0.390479177236557 0.222965762019157 0.219755098223686 0.0860200747847557 0.0550901032984257 -0.0615000054240227 0.0278738606721163 0.188021913170815 0.21698385477066 0.106069132685661 -0.016217764467001 -0.0322521589696407 0.0662709102034569 -0.0357037223875523 0.056204441934824 0.0845053270459175 0.343645006418228 0.249651089310646 0.193184390664101 0.204950585961342 0.306544601917267 0.219008073210716 0.204772740602493
0.192156791687012 0.190564185380936 0.205569326877594 0.183564901351929 0.233504384756088 0.23676723241806 0.245586812496185 0.187314853072166 0.225773051381111 0.374486327171326 0.340212017297745 0.431298851966858 0.421410799026489 0.400709718465805 0.375683814287186 0.408911287784576 0.315753132104874 0.221683293581009 0.32515761256218 0.352029234170914 0.29094585776329 0.383762985467911 0.322256833314896 0.270680516958237 0.343469530344009 0.1805180311203 0.255384922027588 0.39705628156662 0.41751566529274 0.388113439083099 0.278853237628937 0.114140473306179 0.168821394443512 0.0830094069242477 0.121372900903225 0.130644470453262 0.163645833730698 0.330361604690552 0.394304007291794 0.220055043697357 0.264925003051758 0.245704546570778 0.5164555311203 0.269390255212784
0.229907065629959 0.186607047915459 0.314285308122635 0.204985022544861 0.156973958015442 0.23416006565094 0.19180816411972 0.318909496068954 0.30857065320015 0.350569665431976 0.289412677288055 0.294787794351578 0.439276784658432 0.23357580602169 0.316127598285675 0.457000494003296 0.352304428815842 0.318827688694 0.292780846357346 0.403669029474258 0.353758215904236 0.416530430316925 0.313695579767227 0.278432846069336 0.294005066156387 0.264231532812119 0.49321848154068 0.391835272312164 0.38398015499115 0.387403666973114 0.471728444099426 0.329691827297211 0.385440438985825 0.33416748046875 0.245724737644196 0.0837913826107979 0.199720576405525 0.312928289175034 0.188501819968224 0.187263786792755 0.271094650030136 0.181739151477814 0.190376460552216 0.305492579936981
0.160865738987923 0.246828585863113 0.144760712981224 0.152470052242279 0.190864190459251 0.191299185156822 0.292383193969727 0.336616665124893 0.175534769892693 0.337924540042877 0.401666164398193 0.283335834741592 0.315819203853607 0.375610411167145 0.311175435781479 0.332861691713333 0.395788937807083 0.292088508605957 0.4729845225811 0.403273463249207 0.442280411720276 0.410036474466324 0.486819237470627 0.361686646938324 0.311059355735779 0.468052715063095 0.331039190292358 0.393144547939301 0.472982317209244 0.404819637537003 0.337404996156693 0.254368960857391 0.159349918365479 0.0591945163905621 0.138211190700531 0.101738914847374 0.260985523462296 0.15296670794487 0.119431845843792 -0.0107207410037518 0.0607572086155415 0.0884341970086098 0.138420209288597 0.0639242976903915
0.129109740257263 0.157342076301575 0.259797245264053 0.227492123842239 0.189036458730698 0.287662148475647 0.193567007780075 0.192644566297531 0.217969417572021 0.291585206985474 0.258033514022827 0.194626867771149 0.37028980255127 0.410655051469803 0.562156140804291 0.444511950016022 0.350086718797684 0.376343607902527 0.364765614271164 0.418707489967346 0.323075443506241 0.388436317443848 0.368596792221069 0.390287160873413 0.377008587121964 0.504069447517395 0.503892123699188 0.361084550619125 0.373806983232498 0.435753643512726 0.52001953125 0.247698575258255 0.0205440148711205 0.0433357395231724 0.145235508680344 0.16089391708374 0.435947835445404 0.308893829584122 0.310895830392838 0.0276241060346365 0.0398334488272667 0.0303386244922876 0.00283656409010291 0.0864853784441948
0.150473937392235 0.0523175597190857 0.128431245684624 0.151278510689735 0.153461709618568 0.18446210026741 0.123118527233601 0.330940842628479 0.297721177339554 0.39683723449707 0.376606345176697 0.42844820022583 0.34333398938179 0.350680083036423 0.474140286445618 0.447853833436966 0.388451635837555 0.500046610832214 0.461591213941574 0.323099553585052 0.438447654247284 0.380599468946457 0.339601784944534 0.317628860473633 0.392910420894623 0.416753858327866 0.446199148893356 0.460151314735413 0.371042668819427 0.442720919847488 0.325086921453476 0.11523649841547 0.0315591432154179 0.119208008050919 0.278734356164932 0.289509266614914 0.443402528762817 0.34640097618103 0.39635181427002 0.322633266448975 0.0846675708889961 -0.0283133890479803 -0.0249055866152048 0.174260422587395
0.157019749283791 0.0762434750795364 0.159377083182335 0.165842682123184 0.214548408985138 0.228060111403465 0.23362985253334 0.226974353194237 0.310600638389587 0.24647131562233 0.31001216173172 0.32352152466774 0.302121430635452 0.533093929290771 0.393316715955734 0.400755971670151 0.487245470285416 0.502328276634216 0.470622926950455 0.501310884952545 0.592298984527588 0.557577848434448 0.404851675033569 0.378587275743484 0.340051621198654 0.373872190713882 0.299022078514099 0.325713843107224 0.43688952922821 0.36998850107193 0.367998749017715 0.0698362439870834 0.104313582181931 0.20119896531105 0.330323845148087 0.41447925567627 0.412125378847122 0.381404161453247 0.319510817527771 0.295691221952438 0.0695495307445526 -0.0650650635361671 0.162187322974205 0.370341151952744
0.124818928539753 0.101791203022003 0.125201746821404 0.187658473849297 0.177319511771202 0.116262629628181 0.333399057388306 0.320439249277115 0.245384722948074 0.307707726955414 0.389849126338959 0.305002182722092 0.39864045381546 0.467541307210922 0.450942844152451 0.501712799072266 0.433132857084274 0.553143858909607 0.529502987861633 0.543144762516022 0.404368340969086 0.503860354423523 0.529320478439331 0.407290041446686 0.422642171382904 0.45508661866188 0.358708620071411 0.337934732437134 0.40996515750885 0.473351508378983 0.236363753676414 0.000351331633282825 -0.0222578160464764 0.278091251850128 0.524344921112061 0.438115984201431 0.434993922710419 0.560669183731079 0.270557761192322 0.423310279846191 0.452728539705276 0.0944043546915054 0.0677131563425064 0.44301176071167
0.182931572198868 0.162158250808716 0.214497566223145 0.156747609376907 0.288263350725174 0.250790446996689 0.144212141633034 0.305721491575241 0.231841415166855 0.302205681800842 0.349813491106033 0.326898038387299 0.429896116256714 0.496949017047882 0.537532806396484 0.442069977521896 0.49051958322525 0.593002200126648 0.553308308124542 0.527042627334595 0.557924151420593 0.572800993919373 0.445503145456314 0.546588361263275 0.528654217720032 0.476182401180267 0.497608661651611 0.40927991271019 0.47957706451416 0.44840395450592 0.359175115823746 -0.0233281664550304 0.0145824141800404 0.282296538352966 0.436103165149689 0.534351944923401 0.426551401615143 0.464349836111069 0.449102342128754 0.390746653079987 0.452353179454803 0.250061750411987 0.353091806173325 0.396966487169266
0.15515986084938 0.188381269574165 0.259880721569061 0.234387695789337 0.197671130299568 0.24085459113121 0.243711486458778 0.348364055156708 0.387471348047256 0.25794306397438 0.383530229330063 0.446736842393875 0.509181916713715 0.670113146305084 0.506125390529633 0.578561663627625 0.543522953987122 0.557348430156708 0.484513223171234 0.595157742500305 0.516125082969666 0.532483339309692 0.475202053785324 0.535004436969757 0.629394292831421 0.273680537939072 0.490276902914047 0.409136354923248 0.584248423576355 0.46003332734108 0.241915613412857 -0.108523942530155 0.0318773835897446 0.0810101553797722 0.468994855880737 0.561771810054779 0.513216078281403 0.512048244476318 0.512440264225006 0.380444079637527 0.330210715532303 0.441560506820679 0.257732152938843 0.206456780433655
0.0983203202486038 0.145938947796822 0.179877176880836 0.239894732832909 0.25513219833374 0.204808592796326 0.241476237773895 0.246458873152733 0.263889372348785 0.366199791431427 0.540987193584442 0.495185226202011 0.539836585521698 0.53942483663559 0.567648351192474 0.632133007049561 0.42326831817627 0.521691501140594 0.515402913093567 0.450970202684402 0.465125322341919 0.535733699798584 0.42893323302269 0.551742553710938 0.557335436344147 0.452309012413025 0.494653344154358 0.560209810733795 0.470137000083923 0.436118483543396 0.213545069098473 0.10316601395607 0.0363895036280155 0.289684385061264 0.461326122283936 0.558498620986938 0.602661967277527 0.443062305450439 0.456883370876312 0.446924418210983 0.13901461660862 0.241132229566574 0.094242550432682 0.0827767625451088
0.245246887207031 0.0778904259204865 0.119328081607819 0.224913701415062 0.295128256082535 0.255528837442398 0.28771960735321 0.259147167205811 0.291427254676819 0.421039342880249 0.506909370422363 0.559903681278229 0.573921620845795 0.583411872386932 0.5719935297966 0.581952333450317 0.503354489803314 0.41036069393158 0.311635822057724 0.460373252630234 0.397424221038818 0.390813708305359 0.52551132440567 0.424139708280563 0.414758950471878 0.423795640468597 0.367203742265701 0.608039438724518 0.394435256719589 0.378256022930145 0.348072230815887 0.26908352971077 0.254416406154633 0.316980361938477 0.4200379550457 0.43891304731369 0.504362642765045 0.419845432043076 0.4098140001297 0.367145657539368 0.122944079339504 0.0422910116612911 0.128797218203545 0.20453704893589
