assets/gome_f/processed/ascii/us/gome_sif_US_20120301.asc
NCOLS 116 
NROWS 53 
XLLCORNER -125 
YLLCORNER 24.5 
CELLSIZE 0.5 
NODATA_value -3.4e+38 
[rows 19 to 37 of 53, columns 0 to 42 of 116]
-0.00128297344781458 -0.0268739387392998 0.174638137221336 0.11580204218626 0.109181493520737 0.202261164784431 0.0976855829358101 0.0491696894168854 0.00217763194814324 -0.0747798532247543 0.0872726440429688 0.0290414616465569 0.14089272916317 -0.0702274218201637 0.00657778466120362 -0.0545126609504223 -0.165563717484474 0.0443088002502918 0.0271094627678394 -0.0643929466605186 0.0184223670512438 0.00373168918304145 0.0426238551735878 0.063119538128376 0.0321808643639088 -0.0128562916070223 -0.120201259851456 0.105907201766968 0.163044691085815 0.180851027369499 -0.0109735857695341 -0.0116099026054144 0.0825894325971603 -0.0430399775505066 0.0238659959286451 0.0215966403484344 0.0627934187650681 -0.000957108684815466 -0.0809196680784225 -0.0207335203886032 -0.0423868671059608 0.0587526373565197 0.015074547380209
0.0402761064469814 0.0628233104944229 0.102620959281921 0.140249073505402 0.15895776450634 0.0920369625091553 0.156845554709435 0.137822240591049 -0.0106346374377608 -0.0536197908222675 0.01451575756073 -0.0647549405694008 0.0930768176913261 -0.0947688668966293 -0.00775718223303556 -0.061546478420496 -0.127492278814316 0.117006860673428 0.10368087887764 -0.0511160008609295 0.0135142263025045 0.032891646027565 -0.0892050266265869 -0.0987583994865417 0.164274349808693 0.112860202789307 0.0323234684765339 -0.0232535321265459 -0.0886492878198624 0.162477433681488 -0.0368941202759743 0.11269672960043 0.0674491226673126 -0.00344510306604207 -0.0398799329996109 -0.00921538658440113 0.163057208061218 0.0722740739583969 0.0339864231646061 0.00849954877048731 0.0200310442596674 0.137971788644791 -0.0414214245975018
-0.0582498796284199 0.0968748107552528 0.0963677167892456 0.0946505963802338 0.189114481210709 0.0869455188512802 0.167057231068611 0.325564831495285 0.123867869377136 -0.0569597743451595 0.109116680920124 -0.0366760976612568 -0.127356573939323 -0.0277432538568974 0.214604586362839 0.0937632322311401 0.0845745056867599 -0.100582972168922 -0.00700836395844817 0.0186024252325296 0.110311672091484 -0.0400272198021412 -0.0315192714333534 0.0286737270653248 -0.000687569379806519 0.0821795463562012 -0.0412219949066639 0.0322860181331635 0.0169143620878458 0.00678566237911582 -0.0265765804797411 -0.0158643405884504 0.021518224850297 -0.0456292517483234 0.0984289944171906 -0.00419287476688623 -0.0041529918089509 0.0500782392919064 0.0944188833236694 0.0850765183568001 0.00905848015099764 -0.011769668199122 0.0548857264220715
0.100576102733612 0.0189846158027649 0.082673467695713 0.0978056490421295 0.161846831440926 0.30106657743454 0.156076908111572 0.167790457606316 0.132940679788589 -0.073497973382473 0.0940762460231781 -0.0159003809094429 -0.0326344519853592 -0.0899913907051086 0.0882663205265999 0.0692169442772865 -0.0294274426996708 -0.00572434114292264 0.0573347359895706 0.0726562589406967 0.0842871218919754 -0.115868113934994 0.030708372592926 0.138206347823143 -0.00547623494639993 -0.0147168319672346 -0.0633756592869759 0.0847617089748383 0.106857933104038 -0.0490865483880043 0.057967521250248 0.00320821069180965 0.0335414111614227 0.0294383764266968 -0.00485297152772546 0.0443499349057674 0.0033899606205523 0.0729551166296005 0.0870431512594223 0.06910290569067 -0.0177635047584772 0.0752126723527908 -0.0059446357190609
0.0255617834627628 -0.0299984980374575 -0.0121731283143163 0.129474446177483 0.218870267271996 0.188262611627579 0.119393080472946 0.230912625789642 0.0571788549423218 0.0479725301265717 0.127476274967194 0.0539205484092236 -0.00441482802852988 -0.0298422556370497 -0.107542283833027 0.0608880296349525 -0.00877025350928307 -0.0139077426865697 0.0164737496525049 0.00772504881024361 -0.010424287058413 0.0891493558883667 -0.0140325734391809 -0.0149226803332567 0.0286042988300323 0.0873064398765564 0.0848123878240585 -0.00254963547922671 0.124562561511993 -0.0489984340965748 -0.0269649773836136 0.0655423104763031 0.0726888552308083 -0.071772925555706 -0.0664284080266953 0.0128247262910008 0.211266025900841 0.051961824297905 0.0434788651764393 0.0322449989616871 0.0863326191902161 -0.00755456229671836 0.0196549817919731
0.0890332236886024 -0.0305238142609596 0.1166075989604 -0.0162591747939587 0.172818288207054 0.165603965520859 0.281705886125565 0.24238957464695 0.161859452724457 -0.043716948479414 0.233221083879471 0.0844151824712753 -0.0843304395675659 -0.0261677987873554 -0.118845641613007 -0.0438672266900539 0.0318055115640163 -0.0198770277202129 0.0743553563952446 0.0206912253051996 0.0798453241586685 0.0353197157382965 -0.0244684740900993 -0.0161914862692356 0.0236128680408001 0.00584353692829609 0.0014661526074633 0.0460559390485287 -0.00900174304842949 0.0450617745518684 0.0219448935240507 0.090177945792675 -0.0101130772382021 0.0644788444042206 -0.109340645372868 0.0874756351113319 -0.00218706578016281 -0.00270443991757929 0.0403050892055035 0.0625850483775139 -0.00699557643383741 0.0405330993235111 0.021597808226943
-0.0400827340781689 0.112087160348892 0.0800462886691093 0.0752875581383705 0.0840734913945198 0.314853459596634 0.162032529711723 0.340826779603958 0.146417275071144 0.0369891002774239 -0.00986129511147738 0.174861058592796 0.000124222657177597 0.0120201259851456 0.0362017787992954 -0.0972893387079239 0.030132969841361 -0.034842561930418 -0.0946067050099373 0.0870105624198914 0.0531301237642765 0.0266868583858013 0.0332804135978222 0.0441883578896523 -0.181200832128525 0.0188137702643871 0.00297449831850827 0.0523282326757908 -0.0336211286485195 0.0034311746712774 -0.0841081365942955 -0.012091469950974 0.158089473843575 0.0827575325965881 0.0574413724243641 -0.0502974130213261 -0.00484687834978104 0.047443263232708 -0.0161311831325293 0.0815281271934509 0.0699580013751984 0.0782836154103279 0.0371093228459358
-0.0669744610786438 -0.0205289646983147 -0.0542515404522419 0.0332239642739296 0.0434744395315647 0.0568954236805439 0.136992990970612 0.33107915520668 0.286447167396545 0.204885199666023 0.199554920196533 0.117615774273872 0.0689827725291252 0.0710868760943413 0.071746937930584 -0.00808455888181925 -0.134898364543915 0.0378306582570076 -0.0700703263282776 0.0142849497497082 0.0535965040326118 0.0132981641218066 -0.0241761170327663 0.0326974801719189 0.067093662917614 -0.00711785489693284 0.00155802408698946 0.00786315929144621 0.00824706349521875 0.0909228473901749 0.0394943505525589 -0.0582291446626186 -0.147031381726265 -0.128678306937218 -0.189631402492523 0.0892996937036514 -0.00126744562294334 0.0619940757751465 -0.0124320406466722 -0.0765946954488754 0.0652204975485802 -0.0639162659645081 0.0915980488061905
-0.0369400382041931 0.0612388737499714 0.0350484289228916 -0.0222836174070835 0.0106182917952538 0.0354457311332226 0.112428091466427 0.121336862444878 0.103561334311962 0.335825622081757 0.261537432670593 -0.0499373637139797 -0.020397299900651 0.0153737608343363 0.014139985665679 -0.0145916575565934 -0.00381747772917151 -0.0532608926296234 0.0663478299975395 -0.00988840777426958 -0.00731206312775612 0.0633342564105988 0.0291289165616035 -0.00728424405679107 0.0555153042078018 -0.0327471308410168 0.136481702327728 -0.0119408536702394 -0.0337768159806728 0.0501856580376625 0.0282156746834517 0.123545050621033 0.190599545836449 -0.00309590110555291 0.183979496359825 0.00946941040456295 0.0231235306710005 0.116243213415146 -0.0382705479860306 -0.00251764291897416 0.0113434139639139 0.122698873281479 -0.0196494776755571
0.00982335023581982 0.112114124000072 0.0957003906369209 -0.0170666463673115 -0.0364334955811501 -0.016975911334157 0.0503545105457306 0.106839172542095 0.192933514714241 0.274813175201416 0.0836050435900688 0.139890164136887 0.0535692572593689 0.132412895560265 0.129993513226509 -0.0857914462685585 0.0325193740427494 0.0568039752542973 0.0271476488560438 -0.0180781465023756 0.161671906709671 0.102998346090317 0.00288474559783936 0.0344062782824039 -0.0511985458433628 0.107695162296295 -0.0779504552483559 0.0302148815244436 0.0139703629538417 0.0944230630993843 0.021287688985467 0.0353420712053776 0.0145071595907211 0.0887963771820068 0.0544671155512333 0.0547406263649464 -0.129449024796486 -0.0478314869105816 0.0282315146178007 0.027112502604723 -0.0440759174525738 0.0421476922929287 -0.0619414411485195
0.00487455632537603 -0.0165043510496616 0.0176441259682178 0.0573963820934296 0.0881448462605476 -0.00168638327158988 -0.0594090782105923 0.0139744225889444 0.159185066819191 0.145736038684845 0.186296120285988 0.315652459859848 0.172016486525536 0.0883449092507362 0.0732637420296669 0.0580015443265438 0.0545500703155994 0.05522271245718 0.0837138369679451 0.0620837956666946 -0.0325225293636322 0.0726251006126404 0.0963469818234444 0.13795118033886 0.0460027083754539 0.0795810371637344 0.00220221281051636 0.0195603370666504 0.0652786567807198 0.0444051921367645 -0.029758358374238 0.00317361764609814 -0.0114251067861915 0.0441394373774529 0.139493629336357 0.0301039107143879 0.0516698323190212 0.114641308784485 0.0329290144145489 0.0491759553551674 0.0131230605766177 0.0532366968691349 -0.0260134190320969
-0.0487341098487377 0.0445560291409492 0.00945189315825701 -0.0899656489491463 0.122071377933025 -0.00717202574014664 -0.0601868033409119 0.0533711798489094 0.072008416056633 0.142664507031441 0.18676184117794 0.173483416438103 0.0974616408348083 0.0494324192404747 0.124414637684822 0.0350751206278801 -0.0210349392145872 0.0480591244995594 0.0712099820375443 -0.0149978278204799 0.0657163858413696 0.115504316985607 0.0478595197200775 0.0513980574905872 0.03549450263381 0.0551666729152203 0.0848099663853645 -0.117179244756699 0.0484436452388763 -0.00494996644556522 0.0135014774277806 0.0352948606014252 0.0699514448642731 -0.0143729057163 0.0860040411353111 0.0449150092899799 0.109587743878365 0.100252144038677 0.0338580124080181 -0.00572569854557514 0.0335608646273613 -0.0719553083181381 -0.0137596819549799
-0.0785507336258888 -0.0260172951966524 5.9297450206941e-05 0.0392565317451954 -0.0266732573509216 0.0563523024320602 0.00173522357363254 0.0211856104433537 -0.0253910198807716 0.181514039635658 0.101916894316673 0.102472305297852 0.12314809858799 0.179018840193748 0.0515314862132072 -0.00293553131632507 -0.0460213012993336 -0.00325825391337276 0.0609658174216747 -0.00318284565582871 0.048983097076416 0.140496522188187 0.0194219443947077 0.0382746420800686 0.0266766138374805 0.117635570466518 0.0958492159843445 -0.0274471212178469 0.00756019679829478 0.00558382552117109 0.0353698618710041 0.113243490457535 0.0673839151859283 0.0251620579510927 0.00890170596539974 -0.00825889594852924 0.0659694075584412 0.135039463639259 0.0172089710831642 0.0845782458782196 0.114339955151081 0.00598485348746181 0.0734030157327652
-0.14102540910244 0.0298134032636881 0.0234979894012213 -0.0155387902632356 0.0289274025708437 -0.066091351211071 0.0536896288394928 0.0130218621343374 0.0589664727449417 0.310910791158676 0.113438650965691 0.13335756957531 -0.0354133285582066 0.0402709059417248 0.0585937723517418 0.00501876231282949 0.144278392195702 0.0410054102540016 -0.0949114710092545 -0.0481550060212612 -0.03025465272367 -0.0119256461039186 -0.000798369525000453 0.0638293996453285 0.0702702179551125 0.0248652528971434 0.00708344485610723 0.0387355871498585 0.068571612238884 0.114838249981403 0.000698355317581445 0.058386892080307 0.115083053708076 0.101486146450043 -0.0100228525698185 0.0651790425181389 -0.0123952766880393 0.0308776143938303 0.0920295193791389 -0.00677093164995313 0.0147680956870317 0.0250765420496464 0.154457420110703
-0.00105523213278502 0.0406398810446262 0.0629613995552063 0.0691450387239456 0.0813256576657295 0.112191796302795 0.0401961095631123 -0.0626850426197052 0.0271760001778603 0.0306334029883146 0.221523702144623 0.00245729507878423 0.246203869581223 0.107281796634197 0.095219224691391 0.145661503076553 -0.0309352315962315 -0.0459762550890446 -0.0709759369492531 0.0607010051608086 0.0902656316757202 0.125537574291229 0.156597271561623 0.0453553423285484 0.0043573435395956 0.0386953614652157 0.180413752794266 0.0597942210733891 0.0321908034384251 -0.0352306254208088 -0.0118756368756294 0.0361124612390995 0.0331957302987576 -0.00222954782657325 0.0568537823855877 0.062420591711998 0.0178637597709894 0.0848158970475197 0.140689507126808 -0.0600033290684223 0.0296845398843288 0.0610124096274376 0.104073867201805
0.0607324279844761 -0.052646704018116 0.103012688457966 0.0326663665473461 0.0605203919112682 0.052496861666441 0.0405988469719887 -0.0159636102616787 0.0213695932179689 -0.0369104593992233 -0.0768492370843887 -0.00483945943415165 -0.146074801683426 0.067355789244175 0.0860851109027863 0.214237898588181 0.12118311971426 -0.0148016149178147 0.0476622208952904 0.0481721945106983 -0.100082598626614 0.0820848271250725 0.0532821230590343 0.133211374282837 0.075483612716198 0.0695702061057091 0.176039069890976 0.140033274888992 0.114088453352451 0.27067357301712 0.150602087378502 0.0583256930112839 0.0714883357286453 -0.0270534586161375 0.0240923650562763 -0.0121499532833695 0.193474993109703 0.0860550031065941 0.0716420486569405 0.0407235659658909 -0.0161097310483456 0.0529603138566017 0.0896321460604668
0.026717122644186 0.00548481661826372 0.0989338979125023 -0.0486688949167728 0.0840319097042084 0.0422502644360065 0.0841975808143616 -0.00922395475208759 0.0724111050367355 -0.0158037953078747 -0.0144925992935896 0.0411307215690613 -0.0493761748075485 -0.0333501175045967 0.016051210463047 0.0860465466976166 0.196347132325172 0.142490044236183 0.16167901456356 0.186542943120003 0.0517785921692848 0.0595345161855221 0.0268789697438478 0.107371412217617 0.145319521427155 0.320360004901886 0.12463640421629 0.123515054583549 0.125511974096298 0.0609650127589703 0.0549513436853886 0.150930777192116 0.063078872859478 0.096695214509964 0.066475085914135 -0.00388036877848208 -0.0136933652684093 0.138236701488495 0.113167777657509 0.230620071291924 0.0698809027671814 0.0752934142947197 0.0907469913363457
0.0152001539245248 -0.0196474269032478 -0.0538796856999397 0.0343853384256363 -0.0495334938168526 0.0176401790231466 -0.103793032467365 0.000354295421857387 -0.023287009447813 0.061457060277462 0.0189933888614178 0.265299737453461 -0.00277971313335001 0.0516118928790092 0.0793711021542549 0.00512780109420419 0.32614678144455 0.0503086633980274 0.0663053691387177 0.274909734725952 0.273916631937027 0.113717667758465 0.107989460229874 0.150097548961639 -0.0138554517179728 -0.00845156144350767 0.0492650866508484 0.111295811831951 0.113119721412659 0.062222883105278 0.14097099006176 0.116273127496243 0.145340666174889 0.0810366570949554 0.00359876547008753 -0.00184347957838327 -0.0580720901489258 0.0633716434240341 0.0803504958748817 0.120437033474445 0.0692352429032326 0.0771969109773636 0.150120481848717
0.0820818692445755 -0.0381043218076229 0.0731290131807327 0.0726478323340416 -0.020624777302146 0.0673026591539383 0.0400408543646336 -0.0836458131670952 -0.0422105602920055 -0.00380543991923332 0.0843779593706131 0.0614807605743408 0.00169092731084675 -0.0183309279382229 -0.139183059334755 0.0639518871903419 0.248852998018265 0.142669662833214 0.00166340672876686 0.170712783932686 0.187570780515671 0.12340684980154 0.170956313610077 -0.0111515251919627 0.0848476141691208 0.0172955449670553 0.0220270156860352 0.105452872812748 0.0483241640031338 0.103171840310097 -0.011344050988555 0.0256457813084126 -0.0385570637881756 0.065747082233429 -0.00650109210982919 0.066217914223671 0.0786021873354912 0.00888684578239918 0.0165426563471556 0.0694063752889633 -0.041287437081337 0.184049904346466 0.0470510572195053
