assets/gome_f/processed/ascii/us/gome_sif_US_20111101.asc
NCOLS 116 
NROWS 53 
XLLCORNER -125 
YLLCORNER 24.5 
CELLSIZE 0.5 
NODATA_value -3.4e+38 
[rows 0 to 18 of 53, columns 43 to 85 of 116]
-0.0723258256912231 0.188698351383209 0.0554687269032001 0.00870015751570463 0.0257706269621849 0.0388935022056103 0.00461815297603607 -0.026358600705862 0.0764477849006653 -0.0919883623719215 0.0333904623985291 -0.0380163080990314 -0.0198713317513466 0.00152277573943138 0.0131464991718531 -0.0726215317845345 -0.0116054192185402 0.0194261036813259 0.0348051600158215 -0.0439704842865467 0.140864863991737 0.148687779903412 -0.00332965981215239 0.0502663180232048 0.0306214988231659 0.0615330450236797 0.0791196972131729 -0.0543233342468739 0.126005247235298 0.0318463332951069 0.0268547646701336 0.119694828987122 -0.009444166906178 -0.0751935616135597 0.00434163538739085 -0.0600956492125988 -0.0299579668790102 0.0574367381632328 -0.00146824715193361 -0.0114267338067293 -0.032551996409893 -0.0153779061511159 0.0757429525256157
0.0762564688920975 0.078432060778141 -0.0388374924659729 0.223952755331993 0.0542421750724316 0.128036841750145 0.115988045930862 0.0695294365286827 0.0423694774508476 0.0762926191091537 0.0635013207793236 0.00111307203769684 0.0632948726415634 -0.0255952458828688 -0.0129502890631557 -0.00983637478202581 0.00135959184262902 0.03088035620749 -0.0359393991529942 0.0357517935335636 -0.00178473570849746 -0.122873887419701 -0.0114327240735292 -0.0392004102468491 -0.0058488892391324 0.127162083983421 0.00961649604141712 0.0421322137117386 0.0177751332521439 0.029693091288209 -0.090987928211689 -0.0692793503403664 0.0462831296026707 0.100607268512249 0.0382204055786133 0.0276389867067337 3.13084055960644e-05 0.0183788035064936 0.0865542963147163 0.0638158842921257 -0.111492156982422 -0.00863421708345413 0.177064925432205
0.0176405012607574 -0.122679583728313 0.0064803003333509 0.0474082306027412 0.022441390901804 -0.0254328791052103 0.146033421158791 -0.0290228351950645 0.00257974117994308 0.0619862377643585 -0.0410616472363472 -0.0352825485169888 -0.090267650783062 0.0152077013626695 0.0751345902681351 -0.127149552106857 -0.0052644987590611 0.00588986137881875 0.0681498050689697 0.0265432093292475 -0.0164896287024021 0.0321072898805141 -0.0526874847710133 0.0577936172485352 0.0501051619648933 0.00307263131253421 0.0841421112418175 0.0826336964964867 0.0564811900258064 -0.0362369306385517 0.0415725745260715 0.103482626378536 -0.0795509517192841 0.0148250143975019 -0.180527955293655 0.0302768889814615 0.047370720654726 0.00514368433505297 0.0293666664510965 0.050923265516758 -0.0983067750930786 0.04190469160676 0.0806558728218079
0.035698551684618 0.00996473804116249 -0.057241152971983 0.0253943093121052 -0.0426275208592415 0.0638275519013405 0.115848988294601 -0.000954475544858724 -0.00205859844572842 0.0425661690533161 -0.00990787334740162 0.000526686257217079 0.0615378618240356 0.0456436946988106 0.0558616928756237 -0.00837988592684269 -0.0357802659273148 -0.0377228781580925 -0.027911365032196 -0.0310607254505157 0.0323730297386646 -0.0526137240231037 -0.0120552703738213 0.0637697577476501 0.0262190047651529 0.0137482779100537 0.0468750856816769 0.0581255257129669 0.0483410768210888 -0.0128619018942118 0.0513251386582851 0.0420846492052078 -0.0709464699029922 -0.158935308456421 0.0449467673897743 0.0967157334089279 -0.0082416720688343 0.0659712851047516 0.0279226545244455 0.00080351036740467 -0.0137393698096275 0.0284810438752174 -0.0767660290002823
0.0355272628366947 -0.011254571378231 0.0640091821551323 0.0424475558102131 0.0337375923991203 0.0818176046013832 0.155127301812172 0.0958593785762787 -0.0209317840635777 -0.0208984687924385 0.0576757416129112 0.0292825493961573 0.100625731050968 0.0319974347949028 -0.00734457978978753 0.042022742331028 0.145308792591095 0.0101455515250564 -0.0460896752774715 -0.0135180149227381 0.0276555418968201 0.0240880530327559 0.0126135591417551 0.101427838206291 0.0166848357766867 0.108898982405663 0.105554990470409 0.0373706631362438 0.128472879528999 0.0409588254988194 0.0455057136714458 -0.0556992888450623 0.0365262851119041 -0.00721155619248748 0.0575722865760326 0.135821521282196 0.0563011169433594 0.169335931539536 0.117261454463005 -0.0315496698021889 0.0897773802280426 0.0925015285611153 0.0519208796322346
-0.0348981358110905 0.0317947790026665 -0.00973630137741566 0.0749124065041542 -0.0260600168257952 0.0417636968195438 0.0134338876232505 0.0919339507818222 0.010271199978888 0.022003386169672 0.00651752203702927 0.0313247926533222 0.0280445367097855 -0.0540535673499107 0.0244033001363277 0.0941924005746841 0.0526246018707752 0.0262316986918449 0.0969905406236649 0.00842554215341806 0.0287381019443274 0.111674591898918 -0.00936984643340111 0.0580046139657497 -0.0145786581560969 0.168957248330116 0.0272694639861584 -0.0439534485340118 -0.117957025766373 0.0250897984951735 0.0448845587670803 -0.0491436496376991 0.0692661553621292 0.0309743452817202 -0.0443596541881561 -0.0351022109389305 -0.0850744917988777 0.0586653165519238 -0.0444259122014046 0.0132080912590027 0.0993459299206734 -0.0662454962730408 -0.0207824110984802
0.025422640144825 0.0595645420253277 0.0521046593785286 0.0435727052390575 0.0074415160343051 0.0228369310498238 -0.0260026920586824 0.0196827407926321 0.029770577326417 0.0633787959814072 -0.0236436501145363 0.037029106169939 0.07167998701334 -0.058963842689991 -0.0658412426710129 0.0739461183547974 0.0430996753275394 0.018630338832736 -0.0415889210999012 0.0398112162947655 -0.0500688478350639 -0.00487286970019341 0.000372220587451011 0.0696939080953598 0.000707494735252112 -0.0138867348432541 0.0313236862421036 0.0662704631686211 -0.00370650948025286 -0.0259839314967394 0.0143286697566509 -0.0519679039716721 -0.0177813358604908 0.159393116831779 -0.0351534746587276 -0.0156498663127422 -0.0580775551497936 0.229701057076454 -0.0496458858251572 -0.016172856092453 0.0112128965556622 0.0485384576022625 -0.0572602264583111
0.0414402633905411 0.0222668368369341 -0.0521445050835609 0.017480906099081 0.0981770977377892 0.0181733500212431 0.086598165333271 0.176584213972092 0.0257605835795403 0.0582774877548218 0.017695389688015 -0.0265883021056652 0.0345045812427998 0.0242948587983847 0.00876833125948906 0.0714211314916611 0.0128854177892208 0.0181947741657495 0.0205635000020266 0.0245326850563288 0.0696997418999672 -0.00966241955757141 0.0287825092673302 0.0261144954711199 0.0473604947328568 0.00768555561080575 0.0796706825494766 0.0921214371919632 0.0804598480463028 0.00582298263907433 0.0642852410674095 0.0771782770752907 -0.00489424401894212 -0.118398383259773 0.121911905705929 0.0389910936355591 -0.000584061606787145 -0.0411379784345627 0.0879616215825081 -0.0338807217776775 0.00433801859617233 -0.0269073937088251 0.0377117283642292
0.0179672166705132 0.0484077334403992 0.0220224410295486 -0.00661431718617678 0.0670138150453568 0.0628166049718857 0.0599094443023205 -0.0329193100333214 0.0679154992103577 0.0719129219651222 0.0737125650048256 0.000595568213611841 0.0371699072420597 0.00627369666472077 -0.0115498621016741 -0.0412617325782776 0.0504956357181072 0.0164811350405216 0.0104265892878175 -0.0502612628042698 0.0626046359539032 -0.0170301422476768 0.0641999691724777 0.126618772745132 -0.0426669083535671 -0.0382919497787952 0.062210850417614 0.0532335788011551 0.00594739848747849 -0.0251318868249655 0.0745780095458031 0.0866555944085121 0.0440372414886951 0.0358539707958698 -0.00878183450549841 -0.0992250889539719 0.0312878414988518 -0.0338436290621758 0.0313731990754604 -0.00672207772731781 0.0777629986405373 0.0224211048334837 -0.0157510135322809
0.0182142779231071 0.00530275702476501 0.0477332174777985 0.149537235498428 0.0191205535084009 0.0250351298600435 0.0589594505727291 0.0930768549442291 -0.0304343923926353 0.0161783639341593 0.0727614015340805 -0.0180576909333467 0.000727389939129353 -0.036428514868021 0.00726341502740979 0.015872098505497 0.0130921201780438 -0.00220007193274796 0.0372202359139919 -0.00188777968287468 -0.0149092376232147 0.0502636581659317 0.0266487561166286 0.0330748446285725 0.00862286891788244 0.0283439010381699 0.112583331763744 0.019155228510499 0.0123361805453897 -0.0283937342464924 0.022433266043663 0.0166838299483061 0.138453975319862 0.0512423813343048 0.0143179623410106 0.0551310628652573 0.0157249923795462 0.0849818214774132 0.0315136946737766 0.135595053434372 0.103917121887207 0.0453115813434124 0.0820065215229988
-0.0064979731105268 -0.00198033615015447 0.0732919275760651 0.0118105877190828 0.0244448129087687 0.0692405477166176 0.0691245645284653 0.0751276016235352 0.0557601638138294 0.0206355340778828 0.0428319200873375 -0.0139165576547384 0.0575059056282043 0.0561897270381451 0.0821826308965683 0.0144631750881672 -0.0275354236364365 0.0919099673628807 0.043022058904171 -0.0689656063914299 0.0561299659311771 0.0256438814103603 0.0686983913183212 -0.0406189635396004 0.0811224281787872 0.091049425303936 0.0809371694922447 -0.0275295935571194 0.000767265737522393 0.0168721601366997 0.0604577213525772 -0.0490897372364998 0.0310405567288399 0.0399846099317074 0.0149023039266467 0.0812590271234512 -0.0155282178893685 0.00850994978100061 0.0240823589265347 0.0253460314124823 0.0410365350544453 -0.0108310505747795 -0.0470950603485107
0.0498187653720379 -0.00213405676186085 0.0434876047074795 -0.00823441334068775 0.0457273349165916 0.0405955649912357 0.00383743131533265 -0.00457514729350805 -0.013791493140161 0.0864908695220947 -0.0153562501072884 0.00834479089826345 0.0546935088932514 0.0157757718116045 0.0003788584144786 -0.00157971715088934 0.0288322512060404 0.0840700715780258 -0.0326549671590328 0.0855053588747978 0.0579354502260685 0.123538792133331 0.00644983910024166 -0.0175556149333715 0.094051830470562 0.163106292486191 -0.0123396292328835 -0.222379878163338 -0.00219294126145542 0.0229166597127914 0.0444399006664753 0.0510249622166157 -0.0280968248844147 0.0362734422087669 0.024795763194561 -0.00102653296198696 0.0498684719204903 0.0243167988955975 0.0973008722066879 0.100167393684387 0.0274755973368883 0.00455714762210846 -0.0106362132355571
0.0554357133805752 -0.0347682982683182 0.035551093518734 0.0346477255225182 0.00431506661698222 -0.0683343634009361 0.00840988755226135 0.0304307192564011 0.0446419939398766 0.0801092684268951 0.0297168269753456 0.0275475438684225 0.0207215938717127 0.0525329597294331 0.112493008375168 0.0395229831337929 0.00781574565917253 0.0142853232100606 0.00927479565143585 0.0023118641693145 0.00174541398882866 0.0683464780449867 0.0286290906369686 0.0463083535432816 -0.010692005045712 -0.0218185801059008 0.0504747554659843 0.191334620118141 0.0865241661667824 0.0579454377293587 0.0698402300477028 0.0423901677131653 0.0606244020164013 0.0244656950235367 -0.000694957619998604 -0.0182860009372234 0.0910072177648544 -0.00414614658802748 0.0189872868359089 -0.0207742601633072 0.0724007412791252 0.00550564238801599 -0.0933179408311844
0.0770613774657249 -0.00082150218077004 0.0261948071420193 0.0113056050613523 0.023617485538125 -0.0239385962486267 -0.00592405861243606 0.0221978891640902 0.0242858193814754 0.0451492704451084 0.0500247702002525 0.0763567388057709 0.0704994723200798 -0.000789617246482521 -0.0188167989253998 0.063619077205658 0.036535955965519 -0.0114025073125958 -0.0230270065367222 0.0588816739618778 -0.0129691688343883 0.0269799511879683 0.060630664229393 0.0489296168088913 0.0650434941053391 0.0491566732525826 0.0727299228310585 0.0375555083155632 0.03648367151618 0.00358204916119576 0.0466427020728588 0.0199462659657001 0.040035929530859 0.0214461609721184 -0.00524093676358461 0.156466364860535 0.0506374724209309 0.0703686699271202 0.0419108159840107 0.0333900339901447 -0.000592871976550668 0.0309769492596388 0.0177125185728073
0.0425064191222191 0.0269294921308756 -0.0367314592003822 -0.00553537486121058 0.0614470392465591 0.0494051463901997 0.0772289782762527 -0.00380244548432529 0.064483642578125 -0.0519727803766727 0.0594091042876244 -0.0333002619445324 0.0867434293031693 0.057803075760603 0.028058473020792 0.0129803419113159 0.0402493849396706 0.0209181364625692 -0.00440910272300243 0.0176724679768085 -0.117090001702309 -0.0180624555796385 0.102979592978954 0.0270605981349945 0.0399710312485695 0.0365104116499424 0.0970956981182098 0.0392852984368801 0.0354164615273476 0.110145688056946 0.164869725704193 0.064402736723423 0.0576947517693043 0.0701027661561966 0.0274971015751362 0.089947447180748 0.0397188663482666 0.0164188910275698 0.0450309887528419 -0.000494077801704407 0.0230337865650654 -0.0172199532389641 0.0607237331569195
0.00142863637302071 0.037108838558197 0.0541693158447742 0.0542639344930649 0.0627622827887535 0.0209313873201609 0.0876496210694313 0.107082508504391 -0.015452423132956 -0.0116724949330091 -0.0132118659093976 0.0412102416157722 -0.000866703689098358 0.0212350189685822 0.0443675853312016 -0.00541841331869364 -0.0437130890786648 0.0248697381466627 -0.0059111132286489 -0.0312000680714846 0.0647979825735092 0.0748214572668076 0.0706981047987938 0.0461076386272907 0.136633113026619 0.0162022598087788 0.0331799723207951 0.0339125581085682 0.0628584772348404 0.0738974660634995 0.183948799967766 0.0924310013651848 -0.0339434742927551 -0.0473897121846676 0.0236836429685354 0.0432782471179962 0.155388414859772 0.0467396676540375 0.0806957632303238 -0.0161569509655237 0.0544156581163406 0.103647500276566 0.00483284890651703
-0.0281531903892756 0.0311866793781519 0.116999007761478 0.0123284664005041 0.112375825643539 0.0226007755845785 0.0725826099514961 0.0364787690341473 0.02368856780231 0.0628532469272614 0.103133499622345 0.0449293255805969 0.0866478756070137 0.118350550532341 0.0261585116386414 -0.0160644613206387 0.0514664351940155 0.00891135726124048 -0.0241146963089705 -0.00978684332221746 -0.0126963797956705 0.0259472336620092 -0.0301077775657177 0.0773709788918495 0.0842480659484863 0.0287674143910408 0.0549607574939728 0.101726315915585 0.0589936152100563 0.211775571107864 0.033439964056015 0.0857083350419998 0.00190193252637982 0.0637351125478745 -0.00932240393012762 0.112032845616341 0.0426746718585491 0.118084587156773 0.0806073471903801 0.0862172544002533 0.0825035497546196 0.0494044236838818 0.136661931872368
-0.0360897742211819 0.020761888474226 0.00156942487228662 0.0253115780651569 0.00499015115201473 0.03383843973279 0.0469559654593468 0.11156090348959 -0.00102564680855721 0.0299258287996054 0.0633074045181274 -0.0101338578388095 -0.0113325491547585 0.0929192677140236 0.0147083569318056 -0.0578449182212353 -0.00349423685111105 0.112162835896015 0.00125209148973227 0.0399382449686527 0.0319404378533363 0.0612394399940968 0.0301489196717739 -0.0827122256159782 0.0239108670502901 0.00414214935153723 0.0605078749358654 0.0137853026390076 0.0477704331278801 0.171240106225014 0.0590074807405472 0.0935481414198875 0.0630180388689041 0.0301015693694353 0.0534302331507206 0.0319204777479172 0.142531931400299 -0.0265184585005045 0.0583265498280525 0.00614705309271812 0.0597208924591541 0.0536070130765438 -0.0154550727456808
0.0525677651166916 0.0149657260626554 0.0189239736646414 0.136840358376503 0.000930772977881134 0.0334294736385345 0.0175263863056898 0.0514752976596355 0.00609010457992554 -0.0355584137141705 0.0598454177379608 0.0476377792656422 0.036847397685051 -0.0125385913997889 0.0366752035915852 0.0398375801742077 0.0432526580989361 -0.00708976248279214 0.0387720465660095 0.100455649197102 0.0196901112794876 0.019713282585144 0.0154149532318115 0.0503677129745483 0.0891773328185081 0.00873719807714224 0.122848309576511 0.0712988376617432 0.0530773140490055 -0.0129963234066963 -0.00319358264096081 0.125367507338524 0.0319630615413189 0.0928108170628548 0.0266244281083345 0.0554903410375118 0.100504241883755 0.0256285034120083 0.129325747489929 0.0489795915782452 0.060515321791172 0.0527155511081219 -0.0818252339959145
