assets/gome_f/processed/ascii/us/gome_sif_US_20120401.asc
NCOLS 116 
NROWS 53 
XLLCORNER -125 
YLLCORNER 24.5 
CELLSIZE 0.5 
NODATA_value -3.4e+38 
[rows 0 to 18 of 53, columns 0 to 43 of 116]
-999.000000000000000 -999 -999 -999 -999 0.375582218170166 0.133251532912254 0.182739615440369 0.0249219257384539 0.0537319853901863 0.112350359559059 0.114054307341576 -0.0775160267949104 -0.261120110750198 -999 -999 -999 0.145289838314056 0.123016215860844 -999 0.0221770890057087 0.0269263312220573 0.0737742707133293 0.00102728209458292 0.032861702144146 0.00518395425751805 -0.048525121062994 0.0191940497606993 -0.0225609242916107 -0.019647004082799 -0.0225173160433769 0.0578318648040295 0.0866917446255684 0.0308019425719976 -0.0468559116125107 0.061565063893795 -0.0158109162002802 0.0516381710767746 0.0590720474720001 0.0353973768651485 0.0556113086640835 0.154996737837791 0.0728637203574181 -0.0908341407775879
0.104091972112656 -0.345102459192276 -0.122042179107666 -999 -999 -999 -999 0.27849093079567 0.160508081316948 0.107762359082699 0.0888952538371086 0.0293833203613758 0.0531366467475891 0.107552006840706 0.154846429824829 -999 -999 -999 -0.0957454591989517 -0.114991918206215 0.0571836456656456 0.221889853477478 0.110487639904022 0.0833871513605118 0.097212165594101 0.047019898891449 0.148556500673294 0.0301362872123718 0.054110199213028 0.0205285456031561 0.0549407601356506 0.0471758581697941 0.116453252732754 0.0632952377200127 0.0165153071284294 0.0354870446026325 -0.0301136411726475 0.0389625318348408 -0.00420253956690431 0.102415345609188 0.0736236572265625 0.0194858275353909 -0.0450375825166702 0.102266632020473
0.140797823667526 -0.0298532284796238 -0.195257782936096 0.0667149648070335 -999 -999 -999 -999 0.117881946265697 -0.0140108168125153 0.0990984663367271 0.235400795936584 0.113478526473045 0.333103626966476 -0.0186365135014057 0.338261544704437 -999 -999 0.0922263935208321 -0.0609471648931503 -0.0334650799632072 -0.0525951497256756 0.0819681063294411 0.130900263786316 0.113284975290298 0.0442823469638824 -0.0376343950629234 0.0402120314538479 -0.0433338992297649 -0.104213312268257 0.125664830207825 0.118205465376377 -0.122663952410221 0.0762694180011749 -0.0241475719958544 -0.0224428530782461 0.0471837632358074 0.0815608128905296 -0.0256519373506308 0.0605605728924274 0.0369487516582012 -0.0394223816692829 0.0394097156822681 0.0105961197987199
0.0689451172947884 0.182062119245529 0.0885366871953011 0.015126446262002 -0.00833554659038782 0.172653898596764 -0.0765758901834488 0.523921251296997 0.106017850339413 0.252446681261063 0.137579292058945 0.0291318129748106 0.0790902003645897 0.0649090260267258 0.0172475259751081 0.191054999828339 0.190437749028206 -999 0.144506469368935 -0.0293925702571869 -0.139630064368248 -999 0.159248188138008 0.0812088847160339 0.0954706147313118 -0.00775053538382053 0.0539982318878174 -0.0165100488811731 0.0296143237501383 -0.0246048755943775 -0.0152076361700892 0.0488484390079975 -0.0246870834380388 0.0590483210980892 0.025371165946126 0.228219792246819 -0.0363646149635315 0.047622375190258 0.159070864319801 0.0437138080596924 -0.0286825187504292 0.0100099872797728 -0.00122296682093292 0.0679818093776703
0.0276451967656612 0.0169020537286997 0.197796806693077 0.287981361150742 -0.032424058765173 0.0486318655312061 0.297164469957352 0.23896199464798 0.153047442436218 0.0722083523869514 0.191437765955925 0.126172810792923 0.0330211706459522 0.0912520438432693 0.0809423252940178 0.308863967657089 0.0320072807371616 -0.127813935279846 0.139252826571465 0.0492797903716564 0.0111063271760941 0.0359980277717113 -0.106190957129002 0.145978599786758 0.00656657805666327 0.0950706079602242 0.0195724219083786 -0.0754293128848076 0.0246292948722839 0.0437503047287464 0.130153074860573 0.09053985029459 0.173473432660103 -0.0234896074980497 0.0440505258738995 0.0241472646594048 0.0673161819577217 -0.00408955244347453 0.0263556372374296 0.115830555558205 0.0297205876559019 0.152883216738701 -0.0171797145158052 0.0777843296527863
0.0038450681604445 0.165421470999718 0.131743401288986 0.186904668807983 0.11862275749445 0.00525943329557776 0.334940761327744 -0.0148675460368395 0.0582615882158279 0.120563104748726 0.120114207267761 0.0223799366503954 0.0179388355463743 0.195308551192284 0.117834933102131 0.138915121555328 0.220651805400848 0.0853782519698143 0.209827780723572 0.0917333364486694 0.102838963270187 0.0382815599441528 -0.0816110000014305 0.180919021368027 0.109198912978172 0.147207036614418 -0.00500834360718727 0.0234032087028027 0.0966122448444366 0.0291877649724483 0.0646504908800125 0.0453081429004669 0.183035135269165 0.168808743357658 0.131778627634048 0.0858806371688843 0.120851568877697 -0.00957201886922121 -0.00784365460276604 0.169199377298355 0.0428237356245518 0.0233284570276737 -0.0103439772501588 0.150809854269028
-0.0103770717978477 0.13693755865097 0.0217605847865343 0.161446750164032 0.319284200668335 -0.126014962792397 0.14372693002224 0.024333655834198 0.197241246700287 0.215427801012993 0.0542723163962364 0.142648905515671 0.111087627708912 0.0939678326249123 0.120521351695061 0.140532359480858 0.137370049953461 0.181563258171082 0.267642706632614 -0.0700601637363434 0.160666614770889 0.199879661202431 0.153475493192673 0.0131363123655319 0.0539373755455017 0.180993869900703 0.028581527993083 0.0980029627680779 0.214690342545509 -0.00363283324986696 0.0211813673377037 0.103324353694916 0.109419144690037 0.0994373485445976 0.0137744825333357 0.102351106703281 0.057013027369976 0.0758402347564697 -0.0172984804958105 0.189129397273064 0.01391810644418 0.150901988148689 -0.0312735326588154 0.0765942111611366
-0.123356111347675 0.0747807919979095 0.187324211001396 0.26840016245842 0.212348759174347 0.235012292861938 0.257487893104553 0.267397165298462 0.0754059106111526 0.178333505988121 0.231167003512383 0.264122903347015 0.168754577636719 0.223679721355438 0.155874118208885 0.149774894118309 0.126360848546028 0.144000887870789 0.206593662500381 0.24892070889473 0.0977918431162834 0.0645870342850685 0.209644332528114 0.199741289019585 0.108274921774864 -0.033560324460268 0.0713771060109138 0.133277669548988 0.192775875329971 0.149566784501076 0.15399332344532 0.0551240034401417 0.0824313089251518 0.0739158764481544 0.113562159240246 0.159494131803513 0.00578166032209992 0.0984016805887222 0.0116667915135622 0.0867710635066032 0.00478191766887903 0.066989041864872 0.0273441337049007 0.115015402436256
0.0905475690960884 0.0239078532904387 0.0377863347530365 0.280700087547302 0.268932849168777 0.399983406066895 0.231262654066086 0.322992205619812 0.172090604901314 0.149304091930389 0.206169456243515 0.239916607737541 0.324395537376404 0.255351603031158 0.168731302022934 0.193822532892227 0.186328858137131 0.110680505633354 0.0385759584605694 0.0842227041721344 0.123177900910378 0.177376374602318 0.178840175271034 0.0370323695242405 0.0736374631524086 0.0331617146730423 0.217102438211441 0.0224749147891998 0.0772603824734688 -0.000667480635456741 0.255336284637451 0.173765540122986 0.14477701485157 0.121555469930172 0.0704539194703102 0.0248546581715345 0.0841628313064575 0.0933360159397125 0.0713010653853416 0.136552974581718 -0.0741873010993004 0.0206732470542192 0.0627832189202309 0.107172094285488
0.00706051103770733 -0.0699283331632614 0.166321724653244 0.213582828640938 0.25289124250412 0.128781229257584 0.226851418614388 0.0778086706995964 0.185034215450287 0.226716712117195 0.0994285345077515 0.254330158233643 0.189992055296898 0.377002507448196 0.272310793399811 0.1750098913908 0.110135354101658 0.2137660831213 0.118941500782967 0.0709218084812164 0.209328129887581 0.138708516955376 0.172746539115906 0.0489896982908249 0.132747888565063 -0.0381473004817963 0.0855309888720512 0.0676470473408699 0.168614864349365 -0.136714145541191 0.0990029945969582 0.173383042216301 0.139044582843781 0.20448824763298 0.274887919425964 0.106317728757858 0.0387973561882973 0.0112503543496132 0.14364105463028 0.119845375418663 -0.00419568037614226 0.119748331606388 0.0742689222097397 0.0984686315059662
-0.0710324943065643 -0.0455969125032425 0.182272061705589 0.257715433835983 0.204401150345802 0.281657814979553 0.331029504537582 0.352206945419312 0.305535733699799 0.24675527215004 0.155748277902603 0.119713865220547 0.200139090418816 0.205016419291496 0.231056734919548 0.188374578952789 0.0702051892876625 0.176285430788994 0.171888798475266 0.140721768140793 0.157444879412651 -0.104025349020958 -0.0178060196340084 0.0313644483685493 0.0809060111641884 0.00912725925445557 0.0355993658304214 0.182193011045456 0.0830903947353363 0.0790856555104256 0.140931472182274 0.132699862122536 0.0788027942180634 0.142592966556549 0.0979706272482872 0.115308202803135 0.18991182744503 0.0379780605435371 0.116871297359467 0.112244628369808 0.0575014352798462 0.103064753115177 0.12209091335535 0.109916485846043
-0.0241047833114862 0.0520744696259499 -0.0628916174173355 0.226305916905403 0.431599527597427 0.221379771828651 0.191530495882034 0.112965680658817 0.169572487473488 0.0728919506072998 0.0935496687889099 0.129757225513458 0.191195979714394 0.222108125686646 0.142721801996231 0.308135718107224 0.166051611304283 0.229510068893433 0.210467591881752 0.162623718380928 0.0288244411349297 0.0849210694432259 0.150751948356628 0.0745466277003288 0.0510340072214603 0.0292971786111593 -0.0818172544240952 0.161722034215927 -0.0721565783023834 0.106099292635918 0.305626958608627 0.276997745037079 0.129223719239235 0.0582984462380409 0.111601211130619 0.102214433252811 0.203476995229721 0.125832065939903 0.118515372276306 0.162479907274246 0.150642976164818 0.0216070730239153 0.0333240665495396 0.0305590089410543
-0.0565541982650757 0.0751359537243843 0.128333508968353 0.286267310380936 0.467700958251953 0.211117923259735 0.234757989645004 0.0735134482383728 0.179911360144615 -0.0690739303827286 -0.0572670064866543 0.0891996622085571 0.0868183895945549 0.107119299471378 0.143103539943695 0.0485797114670277 0.167448341846466 -0.00413888460025191 -0.0716393813490868 0.323626071214676 0.23825204372406 -0.00216521066613495 0.0126474173739552 0.0535084567964077 0.0694959908723831 0.045290008187294 -0.0463238656520844 0.109876945614815 -0.224712863564491 0.0160206090658903 0.00972392410039902 0.0305210445076227 0.0026114834472537 -0.0445901863276958 0.21534451842308 0.185649141669273 0.204920619726181 0.217028230428696 0.0986557155847549 0.139459207653999 0.128375187516212 0.138516783714294 0.0192849934101105 0.0288019794970751
-0.113537602126598 0.0152214420959353 0.221158593893051 0.378216475248337 0.329682022333145 0.246229156851768 0.195087343454361 0.0998939275741577 0.0526046939194202 -0.0238579194992781 0.0260642301291227 0.223761990666389 0.185856238007545 0.155776470899582 0.0376841612160206 0.141399145126343 0.334062695503235 0.20868419110775 0.206460878252983 0.150435402989388 0.219673573970795 0.166975185275078 0.0676451548933983 0.0330103114247322 0.00277165859006345 -0.0815325826406479 0.0755018517374992 0.0124220065772533 0.158658996224403 -0.464673012495041 0.029124042019248 0.0275841485708952 0.0275486279278994 0.116252340376377 0.149132087826729 -0.0247096940875053 0.136530056595802 0.010792420245707 0.109398111701012 0.0714655369520187 0.180786147713661 0.186278194189072 0.252740323543549 0.122186474502087
0.0291437115520239 0.13116928935051 0.140129223465919 0.305547028779984 0.214678391814232 0.14894101023674 0.12089129537344 0.128187626600266 -0.0202073603868484 -0.000583559274673462 0.073887437582016 0.0714726448059082 0.0876111537218094 0.196160838007927 0.151658803224564 0.153863489627838 0.24880838394165 0.22200970351696 0.038428258150816 -0.0407719239592552 0.0924356505274773 -0.0150847239419818 -0.111817859113216 0.105764381587505 -0.00177292549051344 0.0430096462368965 -0.00214830040931702 0.0365079641342163 -0.115449607372284 -0.200408965349197 0.168786153197289 -0.0299127791076899 0.0474927797913551 0.0497705414891243 0.144010275602341 0.0803293138742447 0.14559905230999 0.0875515565276146 0.0161472372710705 0.191833361983299 -0.00780229270458221 0.0786782503128052 0.0437260679900646 0.184156268835068
-0.00611009821295738 0.144835650920868 0.282220333814621 0.292232662439346 0.157184168696404 0.241680607199669 0.109969198703766 0.134537220001221 0.115991093218327 0.156431347131729 -0.00825096387416124 0.054993212223053 0.0308539755642414 0.0455970466136932 0.0480232313275337 0.0926919728517532 0.124789893627167 0.315978974103928 0.0784943252801895 0.208353728055954 0.0432218313217163 0.0635756477713585 0.0983808860182762 0.0835832431912422 0.0862434059381485 0.0627971440553665 -0.0392298623919487 0.0616893693804741 -0.0428976342082024 0.0305498465895653 0.0879201218485832 0.259187817573547 0.0900698155164719 0.0387052185833454 0.017462121322751 0.0782146379351616 0.0106015121564269 0.0555592216551304 0.042830191552639 0.098200261592865 0.155212715268135 0.177204519510269 0.144851118326187 0.0768006145954132
-0.0768208056688309 0.185353726148605 0.206333518028259 0.357666969299316 0.174252390861511 0.107497565448284 0.137254387140274 0.0697854235768318 0.031179990619421 0.0154012925922871 -0.00930552184581757 0.076595276594162 0.0560102090239525 0.0628252103924751 0.147426426410675 0.164825722575188 0.099152147769928 0.0526886992156506 0.231258347630501 0.131568565964699 0.185202822089195 0.157459855079651 0.236591801047325 0.100988388061523 0.111679665744305 0.14210170507431 0.126379251480103 0.10919726639986 0.00510113453492522 0.0518979430198669 0.0767527222633362 -0.112923189997673 0.137213930487633 0.0604922063648701 0.0973062217235565 0.0568824522197247 0.00849536992609501 0.0615836568176746 0.151039436459541 0.152434706687927 0.118298694491386 0.15874856710434 0.0588102824985981 0.196653112769127
-0.0247006453573704 0.0516648590564728 0.283475637435913 0.260809689760208 0.228822380304337 0.166243746876717 0.00459284521639347 0.0895520150661469 0.0383137576282024 0.0252060424536467 0.0528973191976547 0.0526453293859959 0.0197383649647236 0.0257982201874256 0.196410924196243 0.0789274126291275 0.0814891830086708 0.00932548567652702 0.0997508317232132 0.210130020976067 0.13255849480629 0.0954118743538857 0.154451593756676 0.052102018147707 0.19771221280098 0.0711801499128342 0.146138191223145 0.0263145659118891 -0.0140334060415626 -0.0502139553427696 0.0301426649093628 0.0388082824647427 -0.051072221249342 0.0690731853246689 0.0805376917123795 0.0374798849225044 0.0588632710278034 0.0773986428976059 0.0926207527518272 0.110665753483772 0.00485630892217159 0.00970767904073 0.0712143927812576 0.137797847390175
0.0452434197068214 -0.0901514142751694 0.339080572128296 0.275404423475266 0.109873250126839 0.243509829044342 0.074476569890976 0.0370140671730042 0.0689403787255287 0.130130380392075 0.04298135638237 0.00229610013775527 0.0892405807971954 0.0172208771109581 0.0977937802672386 0.143375992774963 0.0178903490304947 0.0295441672205925 0.199653282761574 0.0555295571684837 0.0153226256370544 0.0881312415003777 0.131253138184547 0.075160801410675 -0.0512873642146587 0.235379993915558 0.146547138690948 0.0314599499106407 -0.0299162119626999 -0.0236338134855032 0.0693524852395058 0.0033581352327019 0.0143967224285007 0.0608109533786774 0.107535123825073 0.00942671578377485 0.230067640542984 0.182715907692909 0.0339809656143188 0.0786619633436203 0.0909486934542656 0.131861254572868 0.155116230249405 0.147857651114464
