assets/gome_f/processed/ascii/us/gome_sif_US_20120601.asc
NCOLS 116 
NROWS 53 
XLLCORNER -125 
YLLCORNER 24.5 
CELLSIZE 0.5 
NODATA_value -3.4e+38 
[rows 0 to 18 of 53, columns 44 to 87 of 116]
0.524559497833252 0.56205028295517 0.421934813261032 0.617354929447174 0.654243409633636 0.736713409423828 0.703717231750488 0.563538253307343 0.479340791702271 0.388695925474167 0.468330770730972 0.605818867683411 0.501049876213074 0.405071139335632 0.374581784009933 0.386995375156403 0.177615851163864 0.339846223592758 0.193044155836105 0.278099894523621 0.484546631574631 0.191307201981544 0.182865619659424 0.181325286626816 0.188063219189644 0.156574249267578 0.219505190849304 0.238520458340645 0.0755444690585136 0.354335486888885 0.157647281885147 0.300684928894043 0.158252775669098 0.350745618343353 0.206763550639153 0.140183240175247 0.366919934749603 0.285943955183029 0.335959374904633 0.207819104194641 0.347091287374496 0.3858962059021 0.179561018943787 0.308366477489471
0.638019680976868 0.616772532463074 0.681965589523315 0.579050362110138 0.635513544082642 0.6505988240242 0.640669763088226 0.783103227615356 0.858111560344696 0.534638583660126 0.583743035793304 0.628516912460327 0.681682229042053 0.537016808986664 0.578886091709137 0.447896867990494 0.286187350749969 0.343669712543488 0.566005170345306 0.38424015045166 0.260202527046204 0.291351765394211 0.380882352590561 0.298402309417725 0.241111278533936 0.269082486629486 0.231415912508965 0.193563938140869 0.0828693732619286 0.289651662111282 0.234272733330727 0.4013631939888 0.375544458627701 0.243868082761765 0.290264487266541 0.3283970952034 0.461701065301895 0.327271819114685 0.357525050640106 0.491704672574997 0.32211509346962 0.44472137093544 0.264087498188019 0.251355290412903
0.631256997585297 0.616273760795593 0.604492783546448 0.563588976860046 0.827361404895782 0.738031923770905 0.57460880279541 0.628491997718811 0.819583535194397 0.992458820343018 0.752070188522339 0.943885564804077 0.848560333251953 0.737198531627655 0.496510148048401 0.319345891475677 0.410812497138977 0.285147905349731 0.24812276661396 0.178796246647835 0.450936824083328 0.497292309999466 0.379820138216019 0.455462604761124 0.279747188091278 0.372157156467438 0.357668906450272 0.341328382492065 0.321888297796249 0.157653972506523 0.320918291807175 0.494332253932953 0.269406050443649 0.306082218885422 0.418527871370316 0.301017373800278 0.514538943767548 0.420765280723572 0.548656761646271 0.483832567930222 0.528461456298828 0.524508595466614 0.457149118185043 0.3962582051754
0.73744148015976 0.626623809337616 0.699497699737549 0.545195758342743 0.694072246551514 0.700935244560242 0.651689767837524 0.771527409553528 0.919100642204285 0.868756055831909 0.668138027191162 0.984893918037415 0.804137229919434 0.575962901115417 0.530548870563507 0.584674537181854 0.339710682630539 0.3350790143013 0.447447150945663 0.440464377403259 0.420545190572739 0.342751115560532 0.456754297018051 0.442878544330597 0.314134001731873 0.42260554432869 0.323863446712494 0.528223156929016 0.456850498914719 0.398787528276443 0.336219817399979 0.469739854335785 0.446982651948929 0.564435720443726 0.51947820186615 0.387392938137054 0.454186320304871 0.328396171331406 0.365908443927765 0.489047855138779 0.655508816242218 0.51340788602829 0.611841440200806 0.46719765663147
0.710494756698608 0.704277276992798 0.680389285087585 0.715972185134888 0.867105305194855 0.750559866428375 0.683124482631683 0.788284122943878 0.825031995773315 0.782833635807037 0.897232234477997 0.921095728874207 0.766595363616943 0.677425563335419 0.59489518404007 0.566513240337372 0.638915479183197 0.638544499874115 0.559165060520172 0.570673525333405 0.568223416805267 0.494027465581894 0.401399046182632 0.396371930837631 0.4759421646595 0.397041946649551 0.608644902706146 0.603458523750305 0.26338404417038 0.217726871371269 0.151796266436577 0.0447845384478569 0.193153530359268 0.221342489123344 0.308288604021072 0.405635684728622 0.443344593048096 0.444752156734467 0.416210174560547 0.455166131258011 0.523630499839783 0.564030349254608 0.688385665416718 0.572154462337494
0.412380814552307 0.665079891681671 0.686260879039764 0.690294802188873 0.647772967815399 0.610642850399017 0.635476291179657 0.529315412044525 0.44183948636055 0.560343503952026 0.711252629756927 0.663506925106049 0.684145867824554 0.754713296890259 0.730440378189087 0.612379014492035 0.498530507087708 0.505007684230804 0.725210547447205 0.819212317466736 0.774767756462097 0.705835461616516 0.475211083889008 0.53230607509613 0.57791668176651 0.564608335494995 0.429444909095764 0.457132190465927 0.177051067352295 0.139930695295334 0.0598176792263985 -0.143996253609657 -0.0408714115619659 0.0666001364588737 0.144808679819107 0.471087396144867 0.429601520299911 0.541051030158997 0.532949268817902 0.484330415725708 0.606644809246063 0.316068828105927 0.574554920196533 0.510402023792267
0.746737957000732 0.60099732875824 0.726550936698914 0.695757150650024 0.622286677360535 0.71857100725174 0.695290267467499 0.505096733570099 0.586507856845856 0.762716472148895 0.634135484695435 0.466689467430115 0.600623726844788 0.550864338874817 0.770183861255646 0.614002168178558 0.841008365154266 0.676964938640594 0.776727318763733 0.662468791007996 0.677155196666718 0.690093338489532 0.520678699016571 0.439696848392487 0.356457829475403 0.341874808073044 0.187144264578819 0.129752337932587 0.0269865226000547 0.0970602631568909 0.00033075048122555 0.05312879383564 0.0388013198971748 -0.0519394613802433 0.056606438010931 0.182305872440338 0.277457654476166 0.522218585014343 0.561467826366425 0.503935515880585 0.445227026939392 0.623501896858215 0.480329990386963 0.5833420753479
0.589152634143829 0.51335209608078 0.587955415248871 0.781829833984375 0.684444963932037 0.681024551391602 0.622198224067688 0.518273413181305 0.482355862855911 0.617520153522491 0.608924806118011 0.465997010469437 0.497653931379318 0.454324662685394 0.682309210300446 0.750225901603699 0.8663210272789 0.798412680625916 0.795474469661713 0.676612675189972 0.729282379150391 0.731854021549225 0.705431520938873 0.34776645898819 0.0835236757993698 0.0208337195217609 0.0960907936096191 0.0352709032595158 0.319221168756485 0.321237117052078 0.159842193126678 -0.056638065725565 -0.0109412968158722 0.0128973443061113 0.0235906522721052 0.0278390925377607 0.132393881678581 0.712894260883331 0.603177189826965 0.513339817523956 0.464883774518967 0.488770425319672 0.459618151187897 0.528846442699432
0.794273316860199 0.583464503288269 0.513202488422394 0.692196190357208 0.666603982448578 0.633321106433868 0.508832454681396 0.531246900558472 0.509586811065674 0.547657430171967 0.423549979925156 0.557646334171295 0.540558457374573 0.365190893411636 0.702408313751221 0.702880501747131 0.697087824344635 0.841069996356964 0.764461576938629 0.682575404644012 0.738200008869171 0.737378299236298 0.794332683086395 0.691388726234436 0.602141320705414 0.564907610416412 0.534252285957336 0.766294956207275 0.771396160125732 0.789514541625977 0.528307437896729 0.266616612672806 0.275877445936203 0.274498075246811 0.365306049585342 0.413813769817352 0.364626258611679 0.556560516357422 0.490079671144485 0.782406270503998 0.578568637371063 0.541556417942047 0.445913910865784 0.549183428287506
0.753441274166107 0.602511763572693 0.497802257537842 0.551169693470001 0.517046093940735 0.557444989681244 0.605654656887054 0.408134579658508 0.555619060993195 0.477455854415894 0.266749203205109 0.494449943304062 0.426496684551239 0.567108452320099 0.545197486877441 0.624931573867798 0.861278355121613 0.947032928466797 0.792533695697784 0.662098944187164 0.795315146446228 0.819480955600739 0.944652438163757 0.857876181602478 0.97339916229248 0.868838369846344 0.830826103687286 0.823556542396545 0.86132025718689 0.669171810150146 0.715982496738434 0.653333723545074 0.516339719295502 0.564718902111053 0.505895435810089 0.45588031411171 0.515523731708527 0.42290985584259 0.454821467399597 0.521483242511749 0.431235074996948 0.507118582725525 0.511843204498291 0.570421516895294
0.335627019405365 0.519105672836304 0.370186895132065 0.398822963237762 0.412854045629501 0.419820338487625 0.472625404596329 0.510850369930267 0.567561566829681 0.298372805118561 0.455683588981628 0.550711870193481 0.325466096401215 0.539837300777435 0.316199600696564 0.581324636936188 0.584714472293854 0.821290373802185 0.642171502113342 0.814208567142487 0.892609655857086 0.857655107975006 0.859978318214417 0.918040931224823 1.0162752866745 0.966196596622467 0.808407604694366 0.919584453105927 0.972837865352631 0.791783452033997 0.504742801189423 0.383462905883789 0.386613637208939 0.185563236474991 0.19371035695076 0.286796480417252 0.396960705518723 0.371149748563766 0.233882486820221 0.0539162196218967 0.0214617811143398 0.193188667297363 0.21818932890892 0.170124471187592
0.198533594608307 0.36932584643364 0.346077114343643 0.371700137853622 0.49226188659668 0.400208532810211 0.42813441157341 0.537005364894867 0.38020122051239 0.422515243291855 0.565875828266144 0.445474803447723 0.511673450469971 0.562421858310699 0.559831261634827 0.621215045452118 0.56450092792511 0.703103542327881 0.633675575256348 0.767965793609619 0.735714375972748 0.523984789848328 0.764734387397766 0.831080198287964 0.990377306938171 1.02835118770599 1.02673125267029 0.920914769172668 0.949457287788391 0.888237118721008 0.705530762672424 0.208312720060349 0.0199441984295845 -0.0156050082296133 0.199405983090401 0.247743874788284 0.785388112068176 0.65282815694809 0.623281121253967 0.334328323602676 0.107761070132256 -0.0158213973045349 0.0157197751104832 0.174759045243263
0.30809885263443 0.308331072330475 0.121597863733768 0.155047819018364 0.342408984899521 0.338987320661545 0.594261109828949 0.459538072347641 0.470089167356491 0.461355447769165 0.573799192905426 0.326037019491196 0.621345460414886 0.557995140552521 0.683667540550232 0.4410480260849 0.65176659822464 0.55182284116745 0.562485694885254 0.6921426653862 0.645201206207275 0.639458954334259 0.799687147140503 0.905717313289642 0.794796466827393 0.957458019256592 0.942767441272736 0.887196242809296 0.598421812057495 0.652993381023407 0.442434966564178 0.439099609851837 0.0982628092169762 0.294623821973801 0.550284028053284 0.654527068138123 0.754434049129486 0.645454585552216 0.816193044185638 0.472209930419922 0.149522334337234 0.152572974562645 -0.0707828998565674 0.311866879463196
0.187844708561897 0.305335402488708 0.28617337346077 0.23923371732235 0.323920100927353 0.433382928371429 0.534890532493591 0.468687117099762 0.545448362827301 0.574019551277161 0.597478806972504 0.562386155128479 0.585275113582611 0.535717785358429 0.533527791500092 0.574913561344147 0.460048407316208 0.362805187702179 0.636120557785034 0.651052117347717 0.665099918842316 0.704651176929474 0.780254364013672 0.896932899951935 0.76008665561676 0.877696394920349 0.735642790794373 0.76587188243866 0.820567429065704 0.518908560276031 0.485396564006805 0.282553404569626 0.248714551329613 0.295404613018036 0.691315174102783 0.745170593261719 0.789774239063263 0.692094087600708 0.766540765762329 0.323119014501572 0.17245064675808 0.047589898109436 0.233209431171417 0.53630256652832
0.338909953832626 0.296125441789627 0.425800830125809 0.432548135519028 0.417707711458206 0.529459297657013 0.45525074005127 0.487168401479721 0.534447133541107 0.544265329837799 0.45938378572464 0.572667360305786 0.587377429008484 0.507469177246094 0.537725448608398 0.463470876216888 0.440521150827408 0.741432189941406 0.644415438175201 0.726215720176697 0.474396824836731 0.732470035552979 0.88434225320816 1.00966429710388 0.851320266723633 1.00298774242401 0.8944491147995 0.73236757516861 0.536258101463318 0.614682137966156 0.554802715778351 0.213388845324516 0.163728922605515 0.41031888127327 0.791504323482513 0.883775591850281 0.694685339927673 0.745978355407715 0.647620797157288 0.294943332672119 0.495944559574127 0.0433988980948925 0.243290901184082 0.601313233375549
0.23081611096859 0.274078726768494 0.35095402598381 0.350274294614792 0.341821819543839 0.421749502420425 0.442662239074707 0.598839104175568 0.439938306808472 0.39771169424057 0.525193095207214 0.46754664182663 0.724088668823242 0.418675094842911 0.648328423500061 0.464631021022797 0.638929426670074 0.561901569366455 0.594414710998535 0.543149590492249 0.451532155275345 0.726416110992432 0.664559423923492 0.992157280445099 0.907863438129425 0.915139734745026 0.811122536659241 0.540988981723785 0.662193357944489 0.675862491130829 0.553629636764526 0.0618841387331486 -0.00732886232435703 0.338869899511337 0.717391133308411 0.681165397167206 0.749226927757263 0.64145302772522 0.626237213611603 0.65606963634491 0.685562372207642 0.461816012859344 0.488336086273193 0.684146523475647
0.250600725412369 0.240093186497688 0.223880216479301 0.319392323493958 0.224760606884956 0.235626339912415 0.336690783500671 0.482367038726807 0.623390793800354 0.540559470653534 0.577499032020569 0.494775205850601 0.570981442928314 0.528251171112061 0.558614373207092 0.499218285083771 0.721283614635468 0.553425192832947 0.768498361110687 0.585259735584259 0.599479854106903 0.687957525253296 0.650975346565247 0.76657110452652 0.861004590988159 0.928830981254578 0.799504995346069 0.67821216583252 0.564273238182068 0.585868060588837 0.429936230182648 0.0559119321405888 0.13671849668026 0.191892623901367 0.570738911628723 0.63069623708725 0.78379762172699 0.78379487991333 0.630502700805664 0.713880181312561 0.517598330974579 0.5968057513237 0.363730430603027 0.464673578739166
0.195726290345192 0.255200088024139 0.259743988513947 0.308912843465805 0.324893355369568 0.361732602119446 0.294332265853882 0.353532522916794 0.625556588172913 0.54709130525589 0.649626314640045 0.608233571052551 0.769666910171509 0.838253319263458 0.928206622600555 0.758986592292786 0.800492525100708 0.732300579547882 0.758436977863312 0.667748510837555 0.655359923839569 0.757609724998474 0.637393534183502 0.569590628147125 0.766429603099823 0.782507181167603 0.782366991043091 0.692036628723145 0.680235028266907 0.778018176555634 0.484133630990982 0.21983103454113 0.155746430158615 0.346263527870178 0.6341592669487 0.639848113059998 0.76732736825943 0.805420577526093 0.663323581218719 0.551851868629456 0.419080913066864 0.126232326030731 0.198031306266785 0.0767842754721642
0.290144383907318 0.190437495708466 0.252967566251755 0.14706839621067 0.267394363880157 0.420365691184998 0.511253476142883 0.425795197486877 0.478379428386688 0.528907656669617 0.59140145778656 0.645275115966797 0.633561313152313 0.830050826072693 0.707655370235443 0.74146968126297 0.683431148529053 0.829568982124329 0.723363041877747 0.766102135181427 0.798774242401123 0.634356200695038 0.746919989585876 0.684620678424835 0.757382154464722 0.62859445810318 0.783583223819733 0.648226261138916 0.627537369728088 0.569681584835052 0.644384562969208 0.346549898386002 0.401977598667145 0.617920160293579 0.575105309486389 0.651286482810974 0.673468291759491 0.48562878370285 0.6437748670578 0.512408435344696 0.329844355583191 0.172072619199753 0.147032484412193 0.359013110399246
