assets/gome_f/processed/ascii/us/gome_sif_US_20120201.asc
NCOLS 116 
NROWS 53 
XLLCORNER -125 
YLLCORNER 24.5 
CELLSIZE 0.5 
NODATA_value -3.4e+38 
[rows 0 to 18 of 53, columns 0 to 42 of 116]
-999.000000000000000 -999 -999 -999 -999 0.0816223323345184 0.0467400625348091 -0.0421574078500271 -0.0274521131068468 0.00435139844194055 -0.036907784640789 -0.00055701017845422 -0.0270927920937538 -0.0761670246720314 -999 -999 -999 -999 -0.0971652343869209 0.0989964604377747 0.0228282492607832 -0.0664903298020363 -0.0500406697392464 -0.0519111454486847 -0.0209305435419083 -0.0105364937335253 -0.0103081166744232 0.00108515226747841 -0.111948743462563 -0.00163620349485427 0.0111735817044973 0.0154896695166826 -0.0258289407938719 -0.0708428621292114 -0.0286696031689644 0.157329753041267 0.00326828029938042 -0.0726070180535316 0.0433367006480694 -0.0114841088652611 -999 -999 -999
0.120786719024181 -0.106650806963444 -0.0360380113124847 -999 -999 0.104641936719418 0.167342111468315 0.0299813412129879 0.0783183127641678 -0.0541304908692837 -0.0633468329906464 0.108984433114529 -0.00209803599864244 -0.0389681346714497 -999 -999 -999 -999 0.0789648368954659 -0.0800770595669746 0.194461941719055 0.0712263360619545 -0.0671827495098114 0.0172743182629347 0.0957438126206398 0.0752960368990898 0.109173268079758 0.0712945461273193 0.0251473560929298 -0.00424705538898706 -0.0108266994357109 -0.0179728027433157 0.0939942374825478 -0.0251112878322601 0.00407961523160338 -0.0454511009156704 0.0539740361273289 0.0999064967036247 0.0171133540570736 -0.00903197471052408 -0.158029139041901 -0.028336513787508 -999
0.0093367462977767 0.0627113208174706 -0.0222473815083504 -0.0561758987605572 -0.0754460990428925 0.167722821235657 0.00651547685265541 0.0867800340056419 0.113151490688324 0.0553837344050407 -0.0328120924532413 0.00106634944677353 -0.0316275805234909 0.0541841872036457 -0.00130860507488251 -0.0636536180973053 -0.286076933145523 0.0465881712734699 0.0859885066747665 0.0757756233215332 0.259962975978851 0.311059713363647 0.123846411705017 -0.0026170127093792 0.0982032716274261 0.0597765445709229 0.0777358263731003 -0.0105999009683728 -0.0599016137421131 0.0323323681950569 -0.0099805723875761 0.0466378219425678 0.0411234758794308 0.0645453110337257 -0.0106899067759514 0.0356093347072601 -0.0512087307870388 -0.00886464212089777 -0.104932434856892 0.0389563255012035 0.0869558602571487 0.0188563000410795 -0.203026905655861
0.0310254544019699 0.0624112859368324 0.0773199871182442 0.118399538099766 0.0966624096035957 0.0761759951710701 0.0508987382054329 0.0903526544570923 0.0116362245753407 -0.0323446802794933 0.0509399399161339 0.0884088575839996 -0.0616604164242744 -0.0354981161653996 0.0788813084363937 -0.0296934433281422 0.0848489329218864 0.0253892727196217 0.0346785672008991 0.00343300518579781 0.0428066700696945 0.179638758301735 0.0558837950229645 0.0690572783350945 0.0448511689901352 0.0508027262985706 0.0540676563978195 0.0471881367266178 0.124435991048813 0.00575619284063578 0.0586443841457367 0.0202013161033392 0.0209648385643959 0.0384120494127274 0.0223924983292818 -0.00108842772897333 -0.0383930988609791 -0.10103090852499 0.0438513197004795 0.0084659056738019 -0.0521702244877815 0.0579834170639515 -0.0166781712323427
0.050506342202425 0.0469983629882336 -0.00807233899831772 0.189395427703857 -0.00511486595496535 0.0845805555582047 -0.165026113390923 0.031888771802187 -0.108402788639069 0.123869031667709 0.240848660469055 -0.00113290548324585 0.0538710877299309 0.0905309692025185 0.0271823890507221 0.0928087085485458 0.0536768399178982 -0.0520711913704872 0.0539698265492916 0.0861843973398209 -0.152751594781876 -999 -999 0.187955871224403 0.140435963869095 0.0735066682100296 -0.0504970550537109 -0.000473421619972214 -0.0157693941146135 0.0385677553713322 0.0454204306006432 -0.0371774695813656 -0.0122293131425977 -0.0589542984962463 -0.00337799824774265 0.142683193087578 0.112186558544636 0.0477480217814445 0.0630794167518616 0.054102960973978 0.0904447734355927 0.0250861905515194 -0.00705937808379531
-0.00254207104444504 -0.0318963453173637 0.099164716899395 0.170920044183731 0.0764961391687393 0.0221506282687187 0.0813454240560532 -0.0557857044041157 0.155299261212349 -0.0577305629849434 0.176479026675224 -0.0522241219878197 -0.138046011328697 0.0753304064273834 -0.0529748722910881 0.0281619783490896 0.0575827024877071 -0.166066884994507 0.00251631205901504 0.150539487600327 0.00881958100944757 -999 0.158613622188568 -999 0.0661634430289268 0.0473742671310902 0.116484463214874 -0.0322375781834126 -0.0428566038608551 0.0214185733348131 0.0199026856571436 0.111439295113087 -0.0839913338422775 0.000384147046133876 0.0169778969138861 -0.0910604149103165 0.051369845867157 0.0773411765694618 -0.0132858501747251 0.0456682741641998 0.032787598669529 -0.0178864598274231 0.0441326908767223
0.106376379728317 -0.0395750217139721 0.0362485647201538 0.0455271527171135 0.113295517861843 0.0528519973158836 -0.0340318642556667 -0.0810812264680862 -0.0218741819262505 0.059096235781908 0.0553337372839451 0.0572633296251297 0.18970137834549 0.00752901006489992 -0.00696061551570892 0.0035713252145797 0.00776992738246918 -0.0144950821995735 -0.0450461842119694 0.121813245117664 0.0277824997901917 0.276507019996643 -999 0.0126403523609042 0.265342056751251 0.157115638256073 0.0229557510465384 -0.0256835594773293 0.107483953237534 0.0125621948391199 0.0603655874729156 0.040704257786274 -0.0323598571121693 0.0363510251045227 -0.000644710205961019 0.0186589807271957 0.0143310073763132 -0.0398999378085136 0.0301561988890171 -0.000401512399548665 0.0696687772870064 0.138328090310097 0.00196250691078603
-0.0881379917263985 -0.0184370335191488 0.20792418718338 0.0276737604290247 0.179775550961494 0.0534479282796383 0.110486887395382 0.0840430706739426 -0.110465034842491 0.0826610252261162 0.0223703365772963 -0.0250674374401569 -0.0171541199088097 0.0101266205310822 0.0656444951891899 0.00464863935485482 -0.142756804823875 0.0188055299222469 0.125157207250595 0.204893350601196 -0.06296406686306 -0.0214632451534271 -999 -999 0.0964917913079262 0.222213760018349 0.0233010370284319 -0.016458896920085 0.0780001282691956 -0.0626548826694489 0.0625771656632423 0.177992537617683 -0.0251716841012239 0.0317022055387497 -0.0227155461907387 0.0290512964129448 0.0990725755691528 -0.00515981297940016 0.0590458400547504 0.0309656653553247 -0.0195936020463705 0.00942519679665565 0.0603850446641445
-0.0487286075949669 -0.00452896486967802 0.164553165435791 0.000712830573320389 0.0958690717816353 0.125612631440163 0.118859000504017 0.0761692598462105 0.202311009168625 0.0231414567679167 0.0601025223731995 -0.023135881870985 0.00265967170707881 0.0645562931895256 -0.0147951366379857 0.0148432282730937 0.0127922743558884 -0.104023285210133 -999 0.00167422497179359 -0.096087671816349 0.180320128798485 0.0563083291053772 -999 -999 0.0799839645624161 0.0409816280007362 0.256046533584595 0.223062232136726 -0.0413310304284096 0.0855483785271645 -0.0260803084820509 0.0190030876547098 0.0622178316116333 0.016911655664444 0.0226342659443617 0.0676308125257492 -0.0521725490689278 0.0123088527470827 0.0635887980461121 0.0194091517478228 -0.0641339421272278 0.0576397515833378
0.0958932265639305 0.117182195186615 0.0593906939029694 0.0828258693218231 0.0781356543302536 0.143885254859924 0.106364227831364 0.0170333087444305 0.0928727090358734 0.0147999161854386 0.123820088803768 -0.00851964578032494 -0.00361655163578689 0.0404204092919827 0.0500309430062771 0.0317369699478149 0.0832505896687508 0.00487873610109091 -0.100295290350914 0.0918213352560997 -999 0.128572285175323 0.18281514942646 0.0150474458932877 -0.040347408503294 -0.0684988871216774 0.0249448269605637 -0.0399004407227039 -999 0.183226868510246 -0.152571335434914 0.0664241313934326 0.0168292615562677 -0.0250172968953848 -0.0128452777862549 0.0300990473479033 0.0630140602588654 0.0544422157108784 -0.0182192195206881 -0.0447815209627151 0.0612954460084438 0.0388830564916134 -0.00783680472522974
-0.00651524122804403 -0.134124532341957 0.204186379909515 0.138213708996773 0.169981926679611 -0.0903258994221687 -0.0309332069009542 0.0151755111292005 0.135046139359474 0.106705464422703 0.0390842743217945 0.00159969972446561 0.022953437641263 0.0696624144911766 0.0102085676044226 0.00550853461027145 0.0705576464533806 0.0275002662092447 0.00639300188049674 -0.00965003948658705 -0.0174416527152061 -0.15725202858448 -0.0497184805572033 0.14561440050602 0.0624799728393555 0.0170458573848009 -0.0558198094367981 -0.0362482033669949 -0.22716723382473 0.0364896431565285 0.23835289478302 -0.0247744359076023 -0.117775239050388 0.0845702439546585 0.0739743486046791 -0.00592816807329655 0.0156705509871244 -0.000226010291953571 0.0809808969497681 0.00318033597432077 0.0571694597601891 -0.00607838807627559 0.029599292203784
-0.128712713718414 0.0171055309474468 -0.0250337813049555 0.0705528929829597 0.161038398742676 -0.0338041074573994 0.068393774330616 0.0467441007494926 0.0815018117427826 -0.0625594481825829 -0.0330359563231468 -0.0221117623150349 0.099483422935009 0.0926230549812317 -0.00258247437886894 -0.081013135612011 0.0990610644221306 0.0653158202767372 -0.026399889960885 0.0390926413238049 0.06832554936409 -999 -0.0395277366042137 -999 0.0261629540473223 0.0939838215708733 -0.0918627381324768 -999 0.0182522684335709 -999 -999 0.315111398696899 0.0751841515302658 0.0372944995760918 0.1149982213974 0.054009523242712 0.0278241876512766 0.0676919892430305 0.140974596142769 0.0452294051647186 0.0721706748008728 -0.0153787191957235 -0.0608420707285404
0.0704276189208031 0.00417459523305297 0.0460960417985916 0.118143625557423 0.203941136598587 0.0855293646454811 0.0832963883876801 0.130067750811577 -0.00711970496922731 0.056848332285881 0.0470950752496719 0.0297700762748718 0.0749234259128571 0.0356016792356968 0.0903866067528725 -0.00247790548019111 -0.0347133837640285 0.100592128932476 -0.180682927370071 -0.0372886285185814 0.0657776072621346 -0.0449093878269196 -0.0596040785312653 -999 -999 -999 -999 -999 -999 -999 -999 -999 -0.0441504642367363 -0.0371603146195412 -0.00659925350919366 0.0016045942902565 0.167908027768135 -0.0354859158396721 0.0323538221418858 -0.00847472343593836 0.032118171453476 0.028692752122879 0.0326551869511604
-0.016986770555377 -0.0243833400309086 0.00468662707135081 0.100031167268753 0.195787519216537 0.0607670433819294 0.141675546765327 0.0172902587801218 -0.0124446405097842 0.0173156801611185 0.0798179432749748 0.0146452188491821 -0.0837928280234337 0.0183932390064001 0.0379316359758377 -0.0324410051107407 -0.0658960565924644 -0.124781936407089 0.096796028316021 0.00587642192840576 -999 -999 0.14582271873951 -0.316449105739594 -0.0554429665207863 -999 -999 -999 -999 -999 -999 -999 0.104881472885609 0.0400992333889008 0.0171304699033499 -0.0641471445560455 0.139696553349495 -0.0624391175806522 0.0607553645968437 -0.0537106916308403 0.0298795010894537 0.120766378939152 0.172921016812325
0.0412056930363178 0.0194797087460756 0.0419660992920399 0.102772146463394 0.0993276834487915 0.169402673840523 0.0212544407695532 -0.0165212955325842 -0.0141982398927212 -0.020796924829483 -0.0198732353746891 0.0315451510250568 -0.0469580478966236 0.0688300356268883 0.038971733301878 0.0521435774862766 0.116121187806129 0.0201156809926033 0.062171682715416 -999 -999 -999 -0.15795111656189 0.0684491172432899 -0.0026018675416708 -0.0628302916884422 -0.0544631816446781 -999 -999 -999 -999 -999 -999 0.0677130967378616 -0.124557696282864 -999 -0.0146353309974074 -0.0147034311667085 0.116214625537395 0.0573413446545601 -0.0542590618133545 0.00043942779302597 -0.0335974805057049
0.172868892550468 -0.00909652002155781 0.155868515372276 -0.0967451557517052 0.170784041285515 0.204646795988083 0.0798704326152802 0.128663867712021 0.0202608145773411 0.0557265318930149 0.0125480638816953 0.0774849578738213 0.078523151576519 -0.0121798859909177 0.00764417555183172 0.0728323608636856 0.0262271240353584 0.125055998563766 0.00663618976250291 -0.0360027216374874 -0.288140773773193 -999 -0.122243270277977 -0.0471494384109974 0.0221032984554768 -0.0576694048941135 -999 -999 -999 -999 -999 0.00490124383941293 0.21178138256073 -0.04470269754529 -0.0547959543764591 -999 -999 -0.453715652227402 -0.0361254289746284 0.0658463165163994 0.00190363230649382 -0.0101274754852057 -0.0128164999186993
0.0272039119154215 -0.0126385372132063 0.0823574587702751 0.107779264450073 0.111055515706539 0.0563376992940903 -0.0668172240257263 0.0478649735450745 0.0524764098227024 0.0906635746359825 -0.0867198556661606 0.0481460727751255 -0.0239368546754122 0.0683002099394798 -0.0294256806373596 -0.0679701641201973 0.0714001357555389 0.104568898677826 0.0492187067866325 0.0277561489492655 0.160335704684258 0.0402682684361935 0.00165595335420221 0.186194390058517 -0.144300326704979 -0.0937056243419647 -999 -999 -999 -999 -999 -999 -999 0.0781954526901245 -999 -999 -999 -999 0.11787810921669 0.188142120838165 0.0866045877337456 0.0910216048359871 -0.112343184649944
0.0787819474935532 -0.0542819015681744 0.0848916918039322 0.136777564883232 0.0972351059317589 0.133333966135979 0.0602312237024307 -0.041735265403986 0.0804333835840225 -0.0061726993881166 -0.0165158938616514 0.0463799126446247 0.107051327824593 0.0334485471248627 0.0167552754282951 0.0668341815471649 -0.140368163585663 0.0661657676100731 0.122378766536713 0.0333413034677505 0.0103126196190715 0.099095806479454 0.170094475150108 -0.0447155945003033 -0.142324760556221 -999 -0.000415552844060585 -999 -999 -999 0.0262836385518312 -999 -999 -999 -999 -999 -999 -999 -999 0.0128560615703464 0.119996100664139 0.0250388421118259 -0.0360878333449364
0.0831085443496704 -0.125854164361954 0.0589397177100182 0.124197259545326 0.107683271169662 0.0781626626849174 0.131129994988441 0.025534501299262 -0.0577890872955322 0.0254283230751753 0.0455263070762157 -0.0166321657598019 0.0395248867571354 -0.0271169673651457 0.0498583316802979 -0.0319227278232574 -0.0582021176815033 -0.0158803220838308 -999 0.392789244651794 0.173549354076385 -0.0158808082342148 0.0333838239312172 0.0466840751469135 -0.152797669172287 -0.108507178723812 -999 -999 -999 -999 -0.0178171396255493 -999 0.0719309970736504 -0.0849573314189911 -999 0.0846932753920555 0.0893333405256271 -999 -999 0.0546331591904163 -0.0782061219215393 -0.163707301020622 -0.118866167962551
