assets/gome_f/processed/ascii/us/gome_sif_US_20130901.asc
NCOLS 116 
NROWS 53 
XLLCORNER -125 
YLLCORNER 24.5 
CELLSIZE 0.5 
NODATA_value -3.4e+38 
[rows 19 to 37 of 53, columns 0 to 43 of 116]
-0.0101769641041756 0.0829840078949928 0.272852271795273 0.262456089258194 0.166667506098747 0.28931713104248 0.131711199879646 0.0765871107578278 0.0930983647704124 0.0942725464701653 0.0330474749207497 -0.124429166316986 0.078725554049015 -0.0613986849784851 0.0414082631468773 -0.0277464129030704 0.0812600925564766 -0.0341271497309208 0.0328007005155087 0.0322014391422272 0.00463909609243274 -0.0688872411847115 -0.0990252643823624 0.0944910198450089 0.100713975727558 -0.0153026478365064 0.177514776587486 0.134221270680428 0.131422370672226 0.0178956724703312 0.0504673980176449 0.018361309543252 0.022945661097765 -0.0200257115066051 0.0263185910880566 0.0972990989685059 0.177035361528397 0.14851787686348 0.0560023561120033 0.0962250232696533 0.166701748967171 0.0697600618004799 0.11038825660944 0.0730971470475197
-0.0352543070912361 0.07388636469841 0.284275829792023 0.287586867809296 0.222321823239326 0.196201205253601 0.217652827501297 0.116974137723446 0.134881094098091 0.00704583525657654 -0.0509467497467995 0.0115027809515595 -0.0219066813588142 0.108876250684261 -0.0332654304802418 -0.0166750755161047 -0.0494764223694801 -0.0222477689385414 0.0149051565676928 0.0696335360407829 0.0212929211556911 -0.0431859157979488 0.0218532178550959 0.0882679522037506 0.0804707556962967 0.00735234329476953 0.211374893784523 0.251306861639023 0.133530765771866 0.131864160299301 0.0822220519185066 0.0560763068497181 0.0201144758611917 0.0217282250523567 0.107040882110596 0.185086220502853 0.286080360412598 0.185246393084526 0.079079307615757 0.276446163654327 0.194027364253998 0.192916259169579 0.108805276453495 0.180283918976784
0.0160025078803301 0.146613597869873 0.250553220510483 0.163628503680229 0.150753408670425 0.118688054382801 0.0605219677090645 0.159054145216942 0.127824380993843 0.117485821247101 0.0635935887694359 -0.0571456663310528 -0.081529900431633 0.0797067433595657 -0.024893531575799 0.034808337688446 -0.0602179877460003 -0.0460322313010693 0.00168636837042868 -0.0499581024050713 0.0029349944088608 0.0195388048887253 0.000338780257152393 0.152415499091148 0.0736018940806389 0.307322323322296 0.19089163839817 0.222538009285927 0.121974356472492 0.168736129999161 0.150565043091774 0.144304513931274 0.153242260217667 0.118533082306385 0.0808262005448341 0.103732720017433 0.197719380259514 0.081301286816597 0.068252332508564 0.202087923884392 0.126208499073982 0.112854436039925 0.141380533576012 0.131016984581947
-0.0274087060242891 -0.0293494910001755 0.124727912247181 0.147836938500404 0.194852888584137 0.204214364290237 0.199968963861465 0.217899173498154 0.244313552975655 0.130101457238197 0.00744148530066013 0.0241397060453892 -0.00693328166380525 -0.0670651867985725 0.00741538498550653 0.0354750789701939 0.0191668644547462 0.0172453634440899 0.0837672054767609 0.0673310831189156 -0.00778227904811502 0.0749173685908318 0.0476920194923878 0.0117720980197191 0.0870874300599098 0.0125902751460671 0.146882370114326 0.300758928060532 0.180917620658875 0.115555129945278 0.0326091684401035 0.0589203648269176 0.129299223423004 0.0566604062914848 0.180494159460068 0.0988559350371361 0.146565139293671 0.12625315785408 0.155642181634903 0.0579680912196636 0.155064761638641 0.118851915001869 0.0275555700063705 0.17691133916378
-0.0205195900052786 0.0931791737675667 0.105940282344818 0.254703611135483 0.14305268228054 0.131878271698952 0.256817579269409 0.307753294706345 0.269825637340546 0.181046232581139 0.0039376113563776 -0.049700103700161 -0.0684679225087166 0.0963439345359802 -0.0864370688796043 0.0434344001114368 0.0280436594039202 0.00476858532056212 0.0283084716647863 0.0260480288416147 0.0945590808987617 0.0565525740385056 0.0849941521883011 0.107843294739723 0.108428470790386 0.15856160223484 0.113746628165245 0.112891212105751 -0.030023455619812 0.126445800065994 0.116318419575691 0.0812322720885277 0.131507441401482 0.114559650421143 0.289742410182953 0.270583659410477 0.226816326379776 0.18080398440361 0.129867196083069 0.149874210357666 0.187370330095291 0.0771100968122482 0.20879490673542 0.0780446603894234
0.034845869988203 -0.0518330819904804 0.00550117716193199 0.229748398065567 0.194257766008377 0.116728432476521 0.19750788807869 0.190288156270981 0.282745510339737 0.254517793655396 0.0478291884064674 0.0284352395683527 0.00979405455291271 -0.0931133404374123 0.00208654371090233 0.0268352683633566 0.0508828870952129 -0.0262014772742987 -0.0269479062408209 0.0702809318900108 0.0261443294584751 -0.0316176153719425 0.029778316617012 -0.0158477760851383 0.0489411279559135 0.0813538730144501 0.180226773023605 0.181791558861732 -0.0287656579166651 0.00112657889258116 0.00307950936257839 0.171138375997543 0.218032971024513 0.120060160756111 0.222123235464096 0.214911535382271 0.149739220738411 0.138233572244644 0.0888359323143959 0.0823051035404205 0.127927839756012 0.166586101055145 0.172971457242966 0.171025738120079
-0.123061567544937 -0.0159863792359829 -0.0132244257256389 -0.0703781694173813 0.0869304463267326 0.141819834709167 0.199900060892105 0.143274411559105 0.154919683933258 0.246814176440239 0.157133132219315 0.0867424607276917 -0.0364569649100304 -0.054133515805006 -0.00613485043868423 -0.000350393675034866 0.0358740128576756 0.0227918568998575 -0.0193559285253286 0.0542615056037903 0.013063283637166 0.0500176772475243 0.127196416258812 0.107090063393116 0.179257363080978 -0.0737450271844864 0.149675160646439 0.000156560578034259 0.0210469383746386 0.0275088101625443 0.0273480154573917 0.149734541773796 0.0391850471496582 0.234452411532402 0.227780073881149 0.110174596309662 0.161196261644363 0.0908706188201904 0.22703030705452 0.134195476770401 0.202684044837952 0.122251518070698 0.110093548893929 0.028794065117836
-0.056191697716713 0.0490850657224655 0.0348139181733131 0.0226991660892963 0.0833873897790909 0.0731969475746155 -0.0128214843571186 0.187423571944237 0.246971532702446 0.244621500372887 0.117221906781197 0.0711647048592567 -0.0640430897474289 -0.0342621691524982 0.0862753316760063 -0.0283301938325167 0.061666265130043 0.103461220860481 0.0293588358908892 0.070509098470211 0.00380620267242193 0.0132240373641253 0.0634740591049194 0.0868065878748894 0.174946188926697 0.109490185976028 0.0376511141657829 0.0474809557199478 0.080827958881855 0.0509752333164215 0.169474795460701 0.180876895785332 0.232851296663284 0.185679391026497 0.143765762448311 0.161660715937614 0.0856693610548973 0.151512503623962 0.0806610733270645 0.182319328188896 0.0695850253105164 0.0488471873104572 0.108294084668159 0.141102820634842
-0.0822308659553528 -0.0378339216113091 0.0172540210187435 -0.0141938058659434 -0.0109734255820513 0.112366229295731 0.109923146665096 0.107971042394638 0.222267001867294 0.135038107633591 0.128992632031441 0.149022907018661 0.0180953610688448 0.0673132836818695 0.0497951507568359 0.0154613787308335 -0.00940363015979528 -0.00781377032399178 0.103410944342613 0.0512162856757641 0.0517349690198898 -0.00787923205643892 0.142947316169739 0.151356115937233 0.130320861935616 0.0260496474802494 0.0687684789299965 0.119273796677589 -0.0239121410995722 0.0312796458601952 0.130661964416504 0.0183666311204433 0.127239271998405 0.211781933903694 0.284892827272415 0.163839980959892 0.234593838453293 0.146067187190056 0.111180208623409 0.123990148305893 0.193390637636185 0.0447422862052917 0.17594113945961 0.0828565433621407
-0.0154128186404705 -0.0222236625850201 0.043695542961359 -0.0083772586658597 0.00357557041570544 -0.0172244943678379 0.118333302438259 0.0995592251420021 0.0876561254262924 0.144173368811607 0.166163101792336 0.0744533911347389 0.143918305635452 0.00653837714344263 -0.0283359382301569 -0.0201334208250046 0.0170536562800407 0.0435166656970978 -0.131024911999702 0.0732668116688728 0.0737429931759834 0.0634541735053062 0.172123685479164 0.131906092166901 0.0391599535942078 0.0109766572713852 0.0267697423696518 0.153738185763359 0.117316596210003 0.0285799540579319 0.0307227671146393 0.128853097558022 0.0537400506436825 0.186055287718773 0.113245695829391 0.166875585913658 0.16180445253849 0.0875046849250793 0.131577357649803 0.113791465759277 0.175241947174072 0.19404099881649 0.223398998379707 0.144431784749031
0.0596881099045277 -0.0352270640432835 0.036993533372879 -0.00528423162177205 -0.0248823557049036 0.0363289043307304 0.0256258323788643 0.0932676494121552 0.066605918109417 0.106719635426998 0.253153741359711 0.203206762671471 0.177815705537796 0.00978218857198954 -0.00795434322208166 0.0473862029612064 0.0397591106593609 0.0106705743819475 0.0677070617675781 0.0914883613586426 -0.0315021090209484 0.0336821377277374 -0.0221657976508141 0.0504461266100407 0.124304503202438 0.0648528710007668 0.165434077382088 0.151417553424835 0.117745131254196 0.141595751047134 0.0666813179850578 0.0492899529635906 0.0821172818541527 0.106675766408443 0.0901727825403214 0.0912765562534332 0.107996247708797 0.142618298530579 -0.0214865989983082 0.182906359434128 0.147380337119102 0.241172596812248 0.104729257524014 0.0955725014209747
-0.00184769835323095 -0.0920410454273224 0.0200165212154388 0.00646885111927986 0.030920373275876 0.0869603008031845 -0.0902317240834236 0.0949643775820732 0.0793784111738205 0.0571088343858719 0.108998216688633 0.200478762388229 0.106505386531353 0.0536895878612995 -0.0596763379871845 -0.00547868106514215 -0.0181080512702465 -0.0204665437340736 0.0192860681563616 0.0586160570383072 -0.0335059948265553 0.163273081183434 0.153047442436218 0.11783317476511 0.154035955667496 0.119742460548878 0.0618772283196449 -0.111303322017193 0.111336074769497 0.104173488914967 0.142477005720139 0.130490928888321 0.0416553504765034 0.138577654957771 0.113930359482765 0.0863057971000671 0.214925840497017 0.184205487370491 0.0621709749102592 0.062360268086195 0.258985638618469 0.0791260898113251 0.125237360596657 0.174611538648605
-0.021962171420455 0.0420322455465794 -0.00520067801699042 -0.0573433227837086 -0.0128847835585475 -0.0332456044852734 -0.0389010272920132 0.0850416496396065 0.0396126732230186 0.0714010819792747 0.0512415207922459 0.171547934412956 0.10388720035553 0.0174427106976509 0.114349715411663 0.0740660950541496 0.045385267585516 -6.27065674052574e-05 0.0828246250748634 0.149664282798767 0.144300326704979 0.0918445512652397 0.103393316268921 0.112762100994587 0.0872439220547676 0.0830117240548134 0.189553201198578 0.0324966982007027 0.159584909677505 0.102003581821918 0.0987214595079422 0.0941576734185219 0.128029227256775 0.14216573536396 -0.00733983097597957 0.088990181684494 0.157941222190857 0.100407034158707 0.232952073216438 0.105617716908455 0.143450826406479 0.156450510025024 0.178966358304024 0.0923388823866844
0.0261520203202963 0.0383507497608662 -0.0200033783912659 0.0903908684849739 -0.0242955014109612 0.135100588202477 -0.0442316420376301 -0.0113599663600326 0.0393824204802513 0.091149628162384 0.132758513092995 0.108316957950592 0.10856681317091 0.0472726821899414 -0.0964747220277786 -0.0227688569575548 0.0761276632547379 0.0705785900354385 -0.00345124211162329 0.106804177165031 0.0526586920022964 0.091912642121315 0.153938889503479 0.241316005587578 0.111946038901806 0.279665559530258 0.135958880186081 0.123113922774792 0.159395277500153 0.0882022753357887 0.158391445875168 0.135581478476524 0.156341224908829 0.179773658514023 0.0163660272955894 0.0729081779718399 0.122804589569569 0.163298919796944 0.170763790607452 0.158038198947906 0.115507736802101 0.138874277472496 0.168112933635712 0.205187112092972
-0.0262954793870449 -0.0394610464572906 0.0250440444797277 -0.0335477031767368 0.0369711630046368 0.0206168591976166 0.00692485179752111 0.048227671533823 0.0602972917258739 0.141779989004135 0.0712975189089775 0.036005511879921 0.0522104911506176 0.0865320041775703 0.00273585668765008 0.0557277724146843 0.00869626365602016 0.0609465837478638 0.028423473238945 0.0146575076505542 0.158558800816536 0.0318188928067684 0.0700937137007713 0.0900758355855942 0.0756272524595261 0.290648877620697 0.193931430578232 0.110982693731785 0.19917032122612 0.163869187235832 0.135944217443466 0.139321208000183 0.158272117376328 0.0896360799670219 0.127887889742851 0.109850086271763 0.145142629742622 0.202255472540855 0.191657796502113 0.0651760175824165 0.129431456327438 0.258343517780304 0.190223529934883 0.245902389287949
-0.0408833660185337 -0.0025294239167124 -0.0162301398813725 0.0143453553318977 0.0761692076921463 -0.09998919069767 -0.00673444150015712 -0.0198356974869967 0.047866877168417 0.0911144837737083 0.0428778491914272 0.0969434753060341 -0.0481027327477932 0.0299413725733757 0.15263669192791 0.11580403894186 0.0387750156223774 0.112289935350418 0.0268464088439941 0.00243503646925092 -0.00303999870084226 0.0471676662564278 0.150709986686707 0.177542388439178 0.098721444606781 0.117119252681732 0.190053731203079 0.127077013254166 0.136782854795456 0.265167057514191 0.258786708116531 0.19361823797226 0.242805823683739 0.159254133701324 0.102273836731911 0.181255146861076 0.209806084632874 0.137481808662415 0.137067005038261 0.118903316557407 0.0495120361447334 0.172915726900101 0.150348171591759 0.157544627785683
0.0344303883612156 -0.040457796305418 0.00959379784762859 -0.0414699427783489 -0.0876122191548347 0.0681602656841278 -0.0138428322970867 0.00900296494364738 -0.0283870715647936 -0.0904623940587044 0.0274086017161608 0.0200487859547138 0.0840454325079918 -0.00994494557380676 0.047327995300293 0.0243565738201141 0.0777269676327705 0.0463312342762947 0.200616464018822 -0.010047847405076 0.102155834436417 0.0975709110498428 0.0793012753129005 -0.0064917067065835 -0.0763894021511078 0.13139770925045 0.125194564461708 -0.00651656510308385 0.135790556669235 0.129639074206352 0.175464451313019 0.244747415184975 0.243507251143456 0.196669116616249 0.153957560658455 0.0910333096981049 0.0982827618718147 0.221579253673553 0.293113678693771 0.147647053003311 0.174053803086281 0.137127056717873 0.125382408499718 0.114931099116802
0.035111341625452 -0.00241557136178017 0.00864763185381889 0.0146063258871436 0.0327323488891125 -0.0710643976926804 -0.0577083192765713 -0.0286347791552544 0.14471960067749 0.0227692704647779 -0.087529793381691 0.0403685569763184 -0.0653826519846916 -0.07288808375597 0.077912874519825 -0.0381964445114136 0.0812688022851944 0.0686541572213173 0.0806053057312965 0.0990647301077843 0.0840326100587845 0.0572351887822151 0.0344897918403149 0.116767823696136 0.0456431545317173 0.0336087085306644 0.0600038096308708 0.0787278711795807 0.196680590510368 0.104025304317474 0.125023305416107 0.108406014740467 0.320538520812988 0.256597518920898 0.182951912283897 0.148073807358742 0.189766079187393 0.108016312122345 0.237319827079773 0.20416247844696 0.118014737963676 0.175476685166359 0.159216374158859 0.0814922824501991
-0.0427204854786396 -0.00192001299001276 -0.00202321074903011 0.00571082718670368 0.02705860696733 -0.0741966590285301 -0.0208249054849148 0.0121632432565093 0.105049587786198 0.0260929670184851 0.00881272181868553 -0.0578731894493103 0.0398475304245949 -0.0146770952269435 -0.0035013675224036 0.122102506458759 0.0540694035589695 0.0768968164920807 0.0820012390613556 0.00444921152666211 0.00698308926075697 0.0480115786194801 0.090323768556118 0.0566064156591892 0.0494449399411678 0.0245639160275459 0.135103464126587 0.0860957726836205 0.0895273014903069 0.183254837989807 0.103745676577091 0.120741441845894 0.134921982884407 0.0576196387410164 0.197734624147415 0.206687554717064 0.198802918195724 0.185550734400749 0.136022791266441 0.278490215539932 0.198155656456947 0.175814434885979 0.0638713464140892 0.0549741238355637
