assets/gome_f/processed/ascii/us/gome_sif_US_20130801.asc
NCOLS 116 
NROWS 53 
XLLCORNER -125 
YLLCORNER 24.5 
CELLSIZE 0.5 
NODATA_value -3.4e+38 
[rows 0 to 18 of 53, columns 0 to 43 of 116]
0.158983871340752 0.106312088668346 0.134339570999146 0.286544233560562 0.22929759323597 0.162900045514107 0.214406669139862 0.207367390394211 0.141367197036743 0.204525306820869 0.323143303394318 0.333433002233505 0.446991205215454 0.213183015584946 0.177252277731895 0.268111348152161 0.246694549918175 0.162533015012741 0.111554265022278 0.0913843363523483 0.246646851301193 0.518163084983826 0.42840975522995 0.656724154949188 0.407825380563736 0.331335872411728 0.297098010778427 0.193136915564537 0.280666917562485 0.058237612247467 0.13335095345974 0.280191153287888 0.251930207014084 0.26066842675209 0.219280362129211 0.451312214136124 0.437103062868118 0.387383371591568 0.524662137031555 0.685366213321686 0.616757810115814 0.539951264858246 0.597409009933472 0.554252207279205
0.277151197195053 0.277420878410339 0.177967041730881 0.140059292316437 0.172632962465286 0.168840438127518 0.246389418840408 0.198879614472389 0.253422796726227 0.295564919710159 0.233472734689713 0.219570606946945 0.37927109003067 0.315964549779892 0.243612125515938 0.252697229385376 0.0900903418660164 0.170427978038788 0.180820852518082 0.138237878680229 0.233086034655571 0.372876822948456 0.566540539264679 0.408654004335403 0.330678552389145 0.320624381303787 0.327227711677551 0.142516359686852 0.126355692744255 0.0481283590197563 0.128335729241371 0.194460481405258 0.336303383111954 0.361475348472595 0.378226429224014 0.399038404226303 0.31510603427887 0.311015665531158 0.412967085838318 0.490547329187393 0.616833567619324 0.617980718612671 0.731992185115814 0.575626313686371
0.244226381182671 0.249447390437126 0.332419097423553 0.390471875667572 0.352224141359329 0.189746037125587 0.327537953853607 0.422939151525497 0.249721631407738 0.295270770788193 0.161561623215675 0.234770745038986 0.224546059966087 0.262432187795639 0.322120487689972 0.140041396021843 0.22972959280014 0.157123804092407 0.1333958953619 0.183196917176247 0.298079133033752 0.263464599847794 0.488718420267105 0.411231428384781 0.51575094461441 0.383048743009567 0.395250022411346 0.275991678237915 0.139778390526772 0.161386847496033 0.21914030611515 0.329402416944504 0.339480102062225 0.255778461694717 0.423009723424911 0.435492277145386 0.327678173780441 0.507245719432831 0.338322669267654 0.478508055210114 0.459675997495651 0.474003285169601 0.511984288692474 0.535750389099121
0.555160701274872 0.276093333959579 0.287757992744446 0.100158266723156 0.348133713006973 0.315301269292831 0.467733144760132 0.335662394762039 0.34576740860939 0.197452500462532 0.195045873522758 0.199192747473717 0.246011003851891 0.282536387443542 0.306894391775131 0.417540580034256 0.194758296012878 0.22528563439846 0.211081176996231 0.26711505651474 0.270004540681839 0.284191995859146 0.340881258249283 0.431957721710205 0.271271169185638 0.250661045312881 0.267848342657089 0.227284774184227 0.0586056895554066 0.310461670160294 0.238793730735779 0.161366671323776 0.179599598050117 0.162903547286987 0.159268081188202 0.141996741294861 0.28976035118103 0.430529028177261 0.352284520864487 0.285936683416367 0.23220269382 0.519068598747253 0.380713582038879 0.514529883861542
0.262459397315979 0.383324652910233 0.33310741186142 0.181735262274742 0.161431044340134 0.349856078624725 0.397699981927872 0.247785225510597 0.285491138696671 0.272162288427353 0.181287080049515 0.254956245422363 0.239908158779144 0.293458610773087 0.314760655164719 0.338820457458496 0.206052660942078 0.338974118232727 0.269035995006561 0.215637132525444 0.243732646107674 0.217335417866707 0.261730313301086 0.286301791667938 0.124210424721241 0.104526519775391 0.229486644268036 0.115550830960274 0.182549938559532 0.0682893395423889 0.110388852655888 0.194220200181007 0.209940329194069 0.075125627219677 0.263962864875793 0.211746826767921 0.0833651050925255 0.260274201631546 0.271871715784073 0.321781992912292 0.236219123005867 0.3143649995327 0.456316232681274 0.362861335277557
0.0973703488707542 0.324645489454269 0.217600032687187 0.0908576622605324 0.194941759109497 0.291744917631149 0.411758810281754 0.293213337659836 0.254150331020355 0.150749549269676 0.240363597869873 0.126673847436905 0.246342703700066 0.243663281202316 0.242029801011086 0.368002712726593 0.302476286888123 0.2550048828125 0.366200536489487 0.272342801094055 0.302465438842773 0.292209625244141 0.295570969581604 0.200476199388504 0.255287319421768 0.141082361340523 0.222095549106598 -0.0137631194666028 0.134377017617226 0.0161125548183918 0.267686694860458 0.194049045443535 0.185431286692619 0.209219947457314 0.126824155449867 0.0226668585091829 0.155000880360603 0.10304256528616 0.21831713616848 0.166917115449905 0.198476031422615 0.248504132032394 0.298597514629364 0.275791436433792
-0.0256298966705799 0.298746556043625 0.391313701868057 0.283233404159546 0.3011095225811 0.244992166757584 0.328987926244736 0.246877357363701 0.31271967291832 0.180645346641541 0.0954999476671219 0.015168066136539 -0.0116356499493122 0.21737939119339 0.194890260696411 0.175591036677361 0.371750086545944 0.350052744150162 0.330342710018158 0.2918481528759 0.188793301582336 0.236220315098763 0.301446288824081 0.261416494846344 0.308466553688049 0.264124155044556 0.0156391803175211 0.00726295728236437 0.139008447527885 0.262538760900497 0.150381222367287 0.257070302963257 0.127307042479515 0.171489387750626 0.213523030281067 0.100839398801327 0.168863698840141 0.158752739429474 0.220355376601219 0.158164978027344 0.148496225476265 0.241324707865715 0.317978411912918 0.380767732858658
0.0850009322166443 0.180977806448936 0.286710739135742 0.585200309753418 0.392805486917496 0.239540636539459 0.412049949169159 0.277653217315674 0.203536421060562 0.0672080218791962 0.251621156930923 0.303787469863892 0.0656445994973183 0.0524435378611088 0.126745641231537 0.136574700474739 0.250086277723312 0.278426438570023 0.25814551115036 0.256413072347641 0.291645258665085 0.281141042709351 0.32320648431778 0.182604521512985 0.226931020617485 0.122504860162735 0.0717938020825386 0.186819925904274 0.139004096388817 0.220846951007843 0.207934901118279 0.250563740730286 0.241713985800743 0.191473767161369 0.253007113933563 0.0943626835942268 0.206052348017693 0.167867973446846 0.167047336697578 0.190566897392273 0.206146165728569 0.301845222711563 0.247420772910118 0.365017175674438
-0.0229242146015167 0.0838916450738907 0.338043540716171 0.449246197938919 0.462758958339691 0.310809999704361 0.381206274032593 0.283517777919769 0.240981876850128 -0.00429040472954512 0.26578551530838 0.139770090579987 0.113645322620869 0.101408749818802 -0.0451506190001965 0.146623402833939 0.221422836184502 0.312719821929932 0.416865676641464 0.35334587097168 0.249032184481621 0.282101541757584 0.243529006838799 0.250006943941116 0.282906651496887 0.154880434274673 0.0960036590695381 0.24142524600029 0.232077121734619 0.273400247097015 0.241432085633278 0.274807095527649 0.215324491262436 0.150762602686882 0.088115893304348 0.102351203560829 0.112312093377113 0.128481686115265 0.169530406594276 0.150094464421272 0.214176177978516 0.271525263786316 0.286381125450134 0.342542886734009
-0.0143443653360009 -0.0194324348121881 0.26202267408371 0.575681447982788 0.397461593151093 0.363107979297638 0.377642184495926 0.313834369182587 0.197168469429016 0.131025984883308 0.179820612072945 0.258604228496552 0.234905123710632 0.0844167247414589 0.172246709465981 0.108500637114048 0.209628701210022 0.142020478844643 0.333846062421799 0.383136183023453 0.325685948133469 0.294505596160889 0.182663351297379 0.151307329535484 0.22559680044651 0.0771396234631538 0.178974643349648 0.16805425286293 0.273738741874695 0.24707792699337 0.187260776758194 0.143781065940857 0.110948853194714 0.0750035792589188 0.0999631509184837 0.143385797739029 0.0912438258528709 0.0746279805898666 0.166360139846802 0.186799883842468 0.321063190698624 0.294449269771576 0.260015606880188 0.318742662668228
0.00346128060482442 -0.228414610028267 0.40409591794014 0.387949883937836 0.38332810997963 0.372134983539581 0.440384179353714 0.209906905889511 0.189852118492126 0.0682396218180656 0.251483678817749 0.18324325978756 0.0238448642194271 0.266758233308792 0.186795756220818 0.204949080944061 0.129873141646385 0.255364745855331 0.210412606596947 0.29266569018364 0.223273858428001 0.14553339779377 0.155453503131866 0.140461996197701 0.172231033444405 0.0541942045092583 0.206474244594574 0.220155730843544 0.234319284558296 0.143705993890762 0.153765991330147 0.0799589157104492 0.0962246805429459 0.125897735357285 0.107738234102726 0.230573579668999 0.080759696662426 0.0983160436153412 0.124925211071968 0.223285347223282 0.184527829289436 0.30417862534523 0.251903831958771 0.300459057092667
-0.00162025913596153 0.0483154207468033 0.289067149162292 0.284643024206161 0.308862864971161 0.26239076256752 0.419314175844193 0.133746430277824 0.00559755228459835 0.0768061950802803 0.0712577402591705 0.0940411314368248 0.15458257496357 0.232869103550911 0.220146641135216 0.205358669161797 0.190183982253075 0.215713292360306 0.219620734453201 0.162373781204224 0.256815850734711 0.0336250402033329 0.16345950961113 0.277833998203278 0.0928143188357353 0.13685242831707 0.1668531447649 0.201872855424881 0.189384832978249 0.177760303020477 0.227007731795311 0.218205630779266 0.173895344138145 0.163355708122253 0.16664844751358 0.288457989692688 0.126132801175117 0.179760798811913 0.219957605004311 0.142057120800018 0.124491892755032 0.2169269323349 0.14870648086071 0.232807755470276
-0.0104909986257553 0.068886511027813 0.333321124315262 0.333439201116562 0.324520409107208 0.448286056518555 0.277035593986511 0.093759648501873 0.148499146103859 0.0060028494335711 0.0548391416668892 0.130833745002747 0.219170928001404 0.246404618024826 0.126910135149956 0.152200266718864 0.189974591135979 0.20251776278019 0.178086161613464 0.196407616138458 0.114441737532616 0.0850599780678749 0.156809404492378 0.0216191336512566 0.035663016140461 0.194306194782257 0.196177318692207 0.219550758600235 0.205901324748993 0.166759163141251 0.187541529536247 0.0983389467000961 0.157883360981941 0.160931244492531 0.197674378752708 0.161155700683594 0.204443722963333 0.152741104364395 0.133755326271057 0.108772300183773 0.283840149641037 0.237710654735565 0.195190906524658 0.209460988640785
-0.00979886390268803 0.175720870494843 0.423760145902634 0.325600326061249 0.391247004270554 0.416217178106308 0.258813083171844 0.282568603754044 0.210255488753319 0.119134619832039 0.11193859577179 0.145789176225662 0.185284316539764 0.157525464892387 0.138006255030632 0.137019217014313 0.197481498122215 0.215034991502762 0.232683926820755 0.227482676506042 0.101378262042999 0.0609664134681225 0.0759486481547356 0.101014651358128 0.0526154041290283 0.141345024108887 0.138696476817131 0.291069716215134 0.254993349313736 0.287264049053192 0.171947181224823 0.170301765203476 0.088561974465847 -0.036700714379549 0.143773719668388 0.162437692284584 0.137040644884109 0.0474616922438145 0.0262697841972113 0.138998463749886 0.148907139897346 0.307199537754059 0.298767060041428 0.231696859002113
0.0578303188085556 0.0656926482915878 0.348541170358658 0.431579202413559 0.388918399810791 0.246554374694824 0.286332637071609 0.131094083189964 0.0635239705443382 0.0322014838457108 0.0819337144494057 0.190665572881699 0.173290237784386 0.122574530541897 0.0855125114321709 0.153739601373672 0.348666727542877 0.216561421751976 0.282162666320801 0.210421919822693 0.112683936953545 0.197216212749481 -0.0049545718356967 0.00504605984315276 0.138472691178322 0.202924460172653 0.239355444908142 0.304491579532623 0.157736375927925 0.250244975090027 0.129408687353134 -0.0229034945368767 0.144976645708084 0.0756476670503616 0.0555041059851646 0.0971263349056244 0.0790703818202019 0.110587984323502 0.115099631249905 0.057133175432682 0.148240983486176 0.194488644599915 0.154565408825874 0.224992856383324
0.0516989342868328 0.287282913923264 0.457577377557755 0.320766091346741 0.402528077363968 0.234993770718575 0.232554644346237 0.128226280212402 0.112845681607723 0.144235044717789 0.0222459603101015 0.135154634714127 0.135234370827675 0.0819912999868393 0.05843460932374 0.104910515248775 0.190432533621788 0.143175214529037 0.232348397374153 0.189912065863609 0.138870924711227 0.0892661511898041 0.135822519659996 -0.0180023331195116 0.227779909968376 0.280796647071838 0.218047812581062 0.334869146347046 0.373703956604004 0.219065845012665 0.0920976474881172 0.143306136131287 0.0957203879952431 0.0537370964884758 0.0232631489634514 0.0741903409361839 0.0422226078808308 0.0592778250575066 0.114361524581909 0.0777473077178001 0.153071716427803 0.063245877623558 0.130473166704178 0.182758688926697
0.0589957386255264 0.368077903985977 0.310246020555496 0.378789275884628 0.431858837604523 0.294711410999298 0.223795861005783 0.175759434700012 0.190653070807457 0.0370354391634464 0.00726183503866196 -0.00839982833713293 0.0674410909414291 -0.000552955432794988 0.0436913259327412 0.069575197994709 0.0774971321225166 0.0952380076050758 0.0236080512404442 0.130299553275108 0.44715541601181 0.483261495828629 0.288147240877151 0.172151282429695 0.174843326210976 0.161423429846764 0.217381790280342 0.264323800802231 0.152350693941116 0.142888650298119 0.0655192285776138 0.121409744024277 0.113703578710556 0.13134853541851 -0.0489210113883018 -0.0227332543581724 0.11441932618618 0.0886593982577324 0.110538214445114 0.0658655688166618 0.164267525076866 0.0184372290968895 0.129847019910812 0.178421512246132
0.0421689189970493 0.253107517957687 0.261011838912964 0.389328718185425 0.332416594028473 0.317934691905975 0.268864810466766 0.264367014169693 0.143383264541626 0.110550694167614 0.106408923864365 -0.0467269383370876 0.054332971572876 0.0701537579298019 0.0644014328718185 -0.0275396034121513 0.0666007772088051 0.00959970522671938 0.148900881409645 0.0686151087284088 0.0871244296431541 0.227087810635567 0.187096506357193 0.182670652866364 0.188524052500725 0.169362455606461 0.234950795769691 0.122717693448067 0.141379147768021 0.0762801468372345 0.0209751091897488 0.0635613054037094 0.0314429923892021 0.0304391924291849 0.0371976681053638 0.00868844892829657 0.0546825006604195 0.00540279923006892 0.183321267366409 0.0909937098622322 0.137220203876495 0.108312182128429 0.291744858026505 0.203714638948441
0.0632336810231209 0.208816930651665 0.448168307542801 0.33432200551033 0.256220310926437 0.224651023745537 0.27936989068985 0.17149905860424 0.161846339702606 0.115003742277622 0.0933928787708282 -0.0237431991845369 0.0831894129514694 0.107174083590508 0.10295382887125 0.0446232371032238 0.15624625980854 0.143403843045235 0.154575824737549 0.130681961774826 0.0163026805967093 0.0774146988987923 0.0484401546418667 0.114477507770061 0.00797642208635807 0.181331604719162 0.319083958864212 0.202176824212074 0.0564897507429123 0.117327123880386 0.0531075075268745 0.0739706084132195 0.0438528135418892 0.0316211208701134 0.0467291474342346 0.0206781905144453 0.00255295261740685 0.118252865970135 0.160047113895416 0.190178021788597 0.12416797876358 0.290864825248718 0.275866240262985 0.281592100858688
