assets/gome_f/processed/ascii/us/gome_sif_US_20111101.asc
NCOLS 116 
NROWS 53 
XLLCORNER -125 
YLLCORNER 24.5 
CELLSIZE 0.5 
NODATA_value -3.4e+38 
[rows 0 to 18 of 53, columns 0 to 42 of 116]
-999.000000000000000 -999 -999 0.0684844627976418 -999 -0.179235830903053 0.0275717582553625 -0.0221956465393305 0.0696526914834976 -0.0840757116675377 -0.0725565627217293 -0.0138839483261108 0.00244299578480422 -999 -999 -999 -999 0.230663597583771 -0.0316382125020027 0.192866161465645 0.0836531519889832 0.0139282392337918 -0.0250929351896048 0.0894673392176628 0.0143746612593532 -0.0176670271903276 -0.0378207601606846 -0.0566082000732422 0.0590996406972408 0.0757295414805412 -0.0585603304207325 -0.0234954189509153 -0.183128446340561 0.0837709456682205 0.196998119354248 -0.185962095856667 -0.0349494516849518 0.0314876288175583 0.0328260324895382 0.0849121883511543 -0.0153300631791353 -0.08285191655159 -0.032494030892849
-0.0221645291894674 -999 -0.195182949304581 0.296397298574448 -999 -999 -0.043902549892664 0.0231454633176327 -0.00741990143433213 0.0218316186219454 -0.0424963422119617 0.00281052710488439 -0.0756837129592896 0.307044088840485 -999 -999 -999 0.0894802808761597 0.107583023607731 0.0762715935707092 0.0117343459278345 0.0260739177465439 -0.0516097843647003 0.0838861241936684 0.0177082736045122 -0.0678460374474525 -0.0434076637029648 -0.0311786476522684 0.0278601124882698 -0.0142997829243541 0.135299474000931 0.0651317089796066 0.00987168960273266 0.00427094846963882 0.00552178919315338 -0.0806253105401993 0.0438634268939495 0.0363168679177761 0.161835387349129 0.229985073208809 0.0843856409192085 0.0486097894608974 -0.0595603659749031
-0.043614000082016 0.00253098015673459 0.120726883411407 0.0268236733973026 0.0391673929989338 0.0563592836260796 -0.152055725455284 0.255774259567261 0.01217932254076 -0.0649115815758705 0.11626984924078 0.0575817599892616 -0.0109921516850591 -0.0900452733039856 -0.138141423463821 -0.115519970655441 0.306353598833084 -999 -0.00758500210940838 0.0705299451947212 0.0323922894895077 0.0185622815042734 0.0301457773894072 0.0606378130614758 0.0248905010521412 0.0986193269491196 0.0469993874430656 0.0287240948528051 -0.130774453282356 0.00766882300376892 -0.0116280317306519 0.0662489607930183 -0.0962471663951874 -0.0122604621574283 -0.0629504770040512 0.05594202876091 0.106307782232761 -0.130485981702805 -0.0257506538182497 0.116863712668419 -0.009671526029706 -0.0975422486662865 0.111284971237183
0.197856530547142 0.133190810680389 0.0829655900597572 -0.0587410554289818 0.0222790837287903 0.0450063683092594 0.135016158223152 -0.105853140354156 0.129922807216644 0.213799491524696 0.0569113865494728 0.0645467042922974 0.288050264120102 0.00603266805410385 0.091000460088253 0.169463440775871 0.058163546025753 0.0646816566586494 0.00465935422107577 0.27005809545517 -0.0380764715373516 0.167813673615456 0.0636390671133995 0.0373458042740822 0.0274508874863386 0.0664525479078293 -0.0621345341205597 -0.076443687081337 0.0877009108662605 0.0616463348269463 -0.0340948961675167 -0.0619365274906158 -0.0542868971824646 0.0269207749515772 0.00369329145178199 -0.013661677017808 0.0521770268678665 0.0884546339511871 -0.0348204784095287 0.0396880432963371 0.0121689084917307 0.0511527843773365 -0.0718370601534843
-0.0918515473604202 0.101624876260757 0.0679916515946388 -0.036660298705101 0.0127326752990484 0.0543607398867607 0.247116670012474 -0.298744350671768 0.0739304795861244 -0.0158222150057554 0.0790891796350479 0.044329721480608 0.0454353019595146 -0.0345679521560669 0.0393068939447403 0.0498320087790489 0.136265218257904 0.229174509644508 0.0509474277496338 0.104227319359779 0.129160925745964 -0.0486469566822052 -999 0.164255663752556 -0.00434979284182191 -0.0022488150279969 -0.0715468749403954 -0.047020997852087 0.0494205094873905 0.104299232363701 0.0907716304063797 -0.00636439863592386 -0.0254349615424871 0.0303199421614408 -0.0877353325486183 0.0185035355389118 0.104062885046005 0.016013516113162 0.00357667496427894 0.0488079078495502 0.151000812649727 0.0749283134937286 0.0360252596437931
-0.00489174202084541 0.0454149059951305 0.0154013559222221 6.25345855951309e-05 0.0892738848924637 0.0958149656653404 0.124207831919193 -0.0498815700411797 -0.117711283266544 -0.0931000411510468 0.0867867767810822 0.0668042898178101 0.114638134837151 0.0621137246489525 0.0551819764077663 0.129697397351265 0.0894984155893326 0.00178045989014208 0.132218331098557 0.0415535494685173 0.00703552085906267 0.0341200828552246 -0.185760378837585 -0.308316469192505 0.0740391612052917 -0.0581370554864407 -0.0152507927268744 0.0931032374501228 0.0429616868495941 0.0316707454621792 -0.051718357950449 0.00545146409422159 0.118358016014099 0.00248248339630663 0.0082396138459444 0.0272003300487995 -0.0628747418522835 -0.0354084298014641 -0.0545162558555603 0.0629649311304092 0.0162404365837574 0.0167921856045723 0.00113503518514335
-0.0276168193668127 0.196350768208504 0.00657051242887974 0.121831566095352 0.211903437972069 0.0759044587612152 -0.203671857714653 0.164533033967018 0.0068091619759798 -0.00660584215074778 -0.00587648106738925 0.0749544873833656 0.0273772682994604 0.0694054737687111 -0.00170319189783186 0.0279062129557133 0.150190621614456 0.00589100643992424 0.0361073985695839 0.0540253706276417 0.121877312660217 0.114314660429955 0.0894182994961739 -0.0675963014364243 0.0444713160395622 0.0615527965128422 -0.0290921069681644 -0.0252572800964117 0.0736109465360641 0.108382046222687 0.0502259060740471 -0.0385004878044128 0.0579087138175964 0.0290406197309494 -0.0163356773555279 0.0680193081498146 0.021282410249114 -0.0106649249792099 0.0684513822197914 0.0374783873558044 -0.0290887169539928 0.0137843266129494 -0.0540233626961708
-0.0606362335383892 -0.0369494259357452 0.0533042661845684 0.15035717189312 0.15123362839222 0.194419205188751 -0.019275588914752 0.157052010297775 -0.0379000417888165 0.100634798407555 0.049226850271225 0.0816226676106453 -0.00710316700860858 0.0729300975799561 0.0801116228103638 0.090025395154953 0.113387241959572 -0.122293941676617 0.0751931220293045 0.00745939230546355 0.113260582089424 0.143721431493759 0.0388916805386543 -0.0151321711018682 -0.00521526439115405 0.0442181453108788 -0.0471074990928173 0.0316545404493809 0.0387752950191498 0.063631497323513 0.0259208977222443 0.104505799710751 0.0893295481801033 0.0184962414205074 -0.00144465593621135 0.012808290310204 0.006888831499964 -0.0311219766736031 -0.0135972620919347 0.00875427294522524 0.072997659444809 0.0505481734871864 0.00301215006038547
0.026052201166749 -0.116597063839436 0.0700955465435982 0.126458004117012 0.037867184728384 0.0759363323450089 0.0649916753172874 0.0966275036334991 0.0364283435046673 0.0854494795203209 -0.000153614717419259 0.0146742397919297 -0.0176014266908169 0.0685799196362495 0.0314235873520374 0.0635711774230003 0.0726773887872696 0.030491640791297 0.0641085654497147 0.0111676333472133 0.0702112317085266 0.0183264911174774 0.0865378528833389 -0.0576695986092091 0.0412684828042984 0.222327128052711 0.0569866970181465 0.0692005529999733 0.0330827124416828 -0.0861484408378601 0.0659467130899429 0.0822645127773285 0.0375982411205769 0.0287603288888931 0.0486776307225227 0.0126789174973965 -0.0177884269505739 -0.043352272361517 -0.0305313896387815 0.0342650637030602 0.0225704535841942 0.0649681314826012 0.0238466113805771
-0.0694999024271965 0.0398349091410637 0.0937962979078293 0.0855783671140671 0.107820071280003 0.0758330151438713 0.108589708805084 0.0473762638866901 -0.055347666144371 0.049540851265192 0.0383498594164848 0.0951154008507729 0.052969217300415 -0.00957754161208868 0.0271181464195251 0.0725477039813995 -0.0460913591086864 0.0166039485484362 0.0186094641685486 0.0353259854018688 0.173665449023247 0.0147652626037598 0.0248080044984818 0.0382304675877094 0.0156400594860315 -0.0219425465911627 -0.0609588213264942 -0.076365627348423 -0.154988661408424 0.188605070114136 0.0570239499211311 0.00651258323341608 -0.00390056404285133 0.0260073132812977 0.0091319726780057 0.0341049246490002 0.0942523553967476 0.0128672970458865 0.0274692680686712 0.0483515113592148 0.0320636592805386 0.130823642015457 0.0345712900161743
0.130211681127548 -0.038450688123703 0.0540728271007538 -0.0268040057271719 0.324796348810196 0.166616663336754 0.108266949653625 -0.021336805075407 0.0690317153930664 0.000870167452376336 0.0907061994075775 0.0460535734891891 -0.0377334952354431 -0.0459211133420467 0.0980854332447052 0.0804862007498741 0.00970390159636736 0.0379640683531761 0.0901583805680275 0.0273303762078285 0.0257443841546774 0.135641798377037 -0.0433525331318378 0.0101113328710198 0.0219355523586273 0.0282700527459383 0.0810670107603073 0.0262673776596785 -0.0275596585124731 0.0571732930839062 0.148562118411064 0.00546224415302277 0.0914377644658089 0.0398142635822296 0.0421950481832027 -0.00640676217153668 0.0499518476426601 0.0515270195901394 -0.0782278552651405 0.0911318436264992 -0.00289240037091076 0.0268821399658918 0.0287842117249966
0.0697578638792038 0.0530626028776169 0.124455779790878 0.0845308601856232 0.00836394168436527 0.162804633378983 0.00609276350587606 0.0558847896754742 -0.0261220745742321 -0.0158530753105879 0.0185296684503555 -0.0423872247338295 0.142054319381714 0.0888990014791489 0.0245919991284609 0.119022369384766 0.021297886967659 0.162524312734604 0.00218021380715072 0.049547515809536 0.0305617693811655 0.0640648975968361 0.0160364639014006 0.0680867880582809 0.10615361481905 -0.0104669509455562 0.158118978142738 0.0935490354895592 -0.0225952956825495 -0.124550744891167 0.169623047113419 0.0846207961440086 0.0720181912183762 -0.0618724822998047 0.145012632012367 0.0818101242184639 -0.0861071720719337 0.00311670475639403 0.032413125038147 0.0136774852871895 0.0317876115441322 0.0378987602889538 0.0154329827055335
0.0391368716955185 0.0131234154105186 -0.00822996720671654 0.0878860130906105 0.132582619786263 0.0881064608693123 0.15542833507061 0.0982685089111328 0.079907514154911 0.0413197875022888 0.0289629362523556 0.0196912977844477 -0.0750048980116844 0.0899266079068184 0.0838259011507034 0.0103836096823215 0.06219282746315 0.0631280615925789 -0.100060522556305 0.091657780110836 -0.00852993037551641 -0.0720336437225342 0.0853120684623718 0.111869737505913 0.0286739803850651 0.017884211614728 -0.116997435688972 0.0387134552001953 -999 0.0754185616970062 -999 -999 -0.0111606754362583 0.0138616086915135 -0.0745238959789276 0.0927473530173302 0.0806533470749855 0.029550464823842 0.0495863668620586 0.0476623065769672 0.052537988871336 -0.103951424360275 0.0473961606621742
-0.0209348127245903 0.0593400411307812 0.115589156746864 0.273847877979279 0.0816925019025803 0.0924594551324844 0.110551424324512 0.0288434661924839 0.0198276843875647 0.0454779602587223 -0.0105124758556485 0.0536445155739784 0.028104467317462 0.128434166312218 0.0542376190423965 0.0272927209734917 0.00362370046786964 0.0118762888014317 0.00551678240299225 0.000606407003942877 -0.0509270764887333 -0.0987338572740555 0.0628691241145134 -0.07253148406744 -0.056592658162117 -0.0270489752292633 -0.0207019653171301 0.0917622298002243 0.122883699834347 0.0273774191737175 -0.182195797562599 -0.181470856070518 0.145178630948067 -0.114522740244865 -6.34690150036477e-05 0.00439902395009995 -0.0437211692333221 0.0330699495971203 0.0473138727247715 0.0902986824512482 -0.020913714542985 0.0620701126754284 0.105398945510387
-0.000299659033771604 0.128033027052879 0.222320407629013 0.166501417756081 0.218250721693039 0.219857946038246 0.0272714104503393 0.0715805366635323 0.0694561153650284 -0.000398857257096097 0.00318371248431504 -0.0302783288061619 0.0170385204255581 0.0606473870575428 -0.0465818122029305 -0.0789173617959023 0.0768383145332336 -0.00408830400556326 0.120774492621422 0.117536582052708 0.0138596491888165 0.0863256603479385 -0.0643523782491684 -0.0610695593059063 -0.000418765965150669 0.0749856680631638 0.0801744163036346 0.0308580510318279 0.133676946163177 -0.118817687034607 -0.14780031144619 0.0910526216030121 -0.0256816558539867 -0.00131887325551361 -0.132733598351479 0.0358362980186939 0.0131501145660877 0.0941147133708 -0.0611077770590782 -0.00668920064345002 -0.0361732766032219 0.0516931116580963 0.0589818246662617
-0.00170313031412661 0.131505891680717 0.104866042733192 0.0779025331139565 0.104894064366817 0.0235162209719419 0.158840745687485 0.0246179383248091 0.0125921899452806 0.0305062010884285 -0.0209728293120861 0.0297435410320759 0.0790387243032455 -0.0124730989336967 0.0426411367952824 0.0107708061113954 0.00335763487964869 0.144497022032738 0.0421440303325653 0.0442865826189518 0.043681301176548 0.0306720919907093 0.00568675016984344 0.00108677300158888 -0.0126877846196294 -0.0691960230469704 -0.0104733509942889 0.0308610033243895 0.0270631369203329 0.0862964019179344 -0.0108047500252724 0.109493255615234 0.0365651808679104 -0.0215274915099144 -0.0375929325819016 -0.0240949597209692 0.0619713366031647 0.058703038841486 0.109259016811848 0.0261439010500908 -0.00272829341702163 0.044035691767931 0.0419525615870953
0.0108662210404873 0.0622009262442589 0.155740588903427 0.223189830780029 0.113907992839813 0.0802747756242752 -0.0163976661860943 0.0225735474377871 0.0566504783928394 -0.0187261085957289 0.0514146611094475 -0.021513681858778 -0.0568066462874413 0.000552416546270251 -0.0561113953590393 0.0186759028583765 -0.0673666447401047 -0.0454474836587906 0.00610686559230089 0.0826574042439461 0.00947711616754532 0.0853119343519211 0.0303839687258005 0.0330548658967018 0.0753796398639679 -0.0414955094456673 -0.0335408486425877 0.0120070539414883 -0.0734969154000282 -0.0796560868620872 -0.0273193269968033 -0.00540153682231903 0.0832502841949463 0.0496038123965263 -0.0151039818301797 0.0358388610184193 0.0161621924489737 0.0556785315275192 0.138339847326279 0.132903948426247 -0.0255877040326595 0.0254574231803417 0.0316291190683842
0.0638832673430443 0.0475794523954391 0.253675609827042 0.0984177961945534 0.0714906826615334 0.0932567119598389 0.0121709192171693 0.120243869721889 0.0593575574457645 0.0113922208547592 0.0614974312484264 0.0213740821927786 0.0449319630861282 0.0468041449785233 0.00857090670615435 0.0436260998249054 0.0335316583514214 0.0152631783857942 0.0536664724349976 0.00888199172914028 0.0219131130725145 -0.000273335201200098 0.0139918532222509 0.0908466726541519 -0.0113229239359498 0.0550477989017963 0.0022907149977982 0.121253624558449 -0.0598847381770611 0.0751515030860901 -0.0479701086878777 0.0525846853852272 0.047294095158577 -0.0664980709552765 0.0162969380617142 0.0479735471308231 0.0371018871665001 0.205856651067734 -999 0.0309172011911869 0.00855176616460085 0.0532452985644341 0.0169044062495232
0.0471220202744007 0.00483939005061984 0.0161692574620247 0.00522890686988831 -0.0358349792659283 0.051199808716774 0.146274581551552 0.0484298914670944 -0.00677883950993419 -0.0172087252140045 0.0255776438862085 0.00154874578583986 -0.0082332044839859 -0.00173725804779679 -0.0550305843353271 0.0909712016582489 -0.0265530180186033 0.0518541187047958 0.0449805893003941 -0.0307224988937378 -0.0195017512887716 -0.00754098733887076 -0.0125040607526898 -0.000187831930816174 0.00606994749978185 0.0841715559363365 -0.0663385018706322 0.0153442770242691 0.0276875179260969 -0.00433079060167074 0.0173153709620237 -0.0353401601314545 0.0234481394290924 -0.087927520275116 -0.0662931427359581 0.0268202275037766 0.0293633360415697 0.0728627368807793 0.0355209521949291 0.0146651277318597 -0.023613752797246 0.071146585047245 -0.00421839626505971
