assets/gome_f/processed/ascii/us/gome_sif_US_20111201.asc
NCOLS 116 
NROWS 53 
XLLCORNER -125 
YLLCORNER 24.5 
CELLSIZE 0.5 
NODATA_value -3.4e+38 
[rows 19 to 37 of 53, columns 0 to 42 of 116]
-0.0334192588925362 0.00918515864759684 0.109793476760387 0.0361916087567806 0.0772940739989281 0.0664215311408043 0.0298954248428345 0.0666243880987167 -0.0132970586419106 0.0250814706087112 -0.05031518638134 -0.00827483739703894 0.0483329966664314 -0.0558132231235504 0.0482939667999744 0.0570721291005611 -0.0173479188233614 0.0470245778560638 0.0447289757430553 -0.021839365363121 0.00968106742948294 0.0367359258234501 0.0335845127701759 -0.0312742479145527 0.0236544758081436 -0.00931661017239094 -0.10165436565876 0.0350053049623966 -999 -999 -0.0281676277518272 0.00907196942716837 0.156381592154503 -999 -999 -999 -999 0.00953896995633841 -999 -999 -0.000286683440208435 0.0241401270031929 0.0597606375813484
0.0483467318117619 0.0424688793718815 0.0124165406450629 0.175387308001518 0.0936352983117104 0.0736688524484634 0.093624159693718 0.0608815364539623 0.0521642938256264 -0.0144718708470464 0.00542491069063544 -0.00627052364870906 -0.0168535895645618 -0.0557193756103516 0.00651920260861516 -0.00639431830495596 0.0209216140210629 -0.0432068333029747 0.0140627520158887 -0.0164745412766933 0.0105563132092357 -0.00931027438491583 0.00212584529072046 -0.0183011200278997 0.0798749402165413 0.0181192476302385 -0.059788566082716 0.0708432719111443 -0.004547453019768 -0.0968645289540291 0.0372689813375473 0.0766793861985207 0.0827361568808556 -999 -999 -999 -999 -999 0.00457277009263635 -0.0695048272609711 0.0835583433508873 0.0625213980674744 -0.0242478456348181
0.044139675796032 0.0535254888236523 0.0400825776159763 0.0758615210652351 0.0416624993085861 0.078343503177166 0.112614288926125 0.0780102089047432 0.0295607224106789 0.0368974022567272 -0.0207924302667379 -0.0118464110419154 -0.00381049397401512 -0.0036036497913301 0.0184029936790466 0.00526838796213269 -0.0187387112528086 -0.0648430436849594 -0.00976810604333878 0.0358212999999523 0.0723071843385696 0.0176897142082453 -0.0168229751288891 0.0547988228499889 -0.00659115985035896 -0.0197065304964781 -0.0293023120611906 -0.138605743646622 -0.00806546211242676 0.109840705990791 -0.0847716182470322 -0.299078196287155 -0.107848733663559 0.0392706133425236 0.031913299113512 0.00106252427212894 0.00879679061472416 0.23646180331707 0.030269268900156 0.0586222261190414 -0.0432271435856819 0.16652637720108 0.0886581838130951
0.0115956673398614 -0.0276938918977976 0.101900823414326 0.0577839352190495 0.0963592603802681 0.0606006309390068 0.0272451303899288 0.0523364171385765 0.0615759417414665 0.0310902819037437 0.0616394132375717 -0.0831391289830208 0.033689696341753 -0.0262068603187799 -0.0342263951897621 -0.00435785390436649 0.0316182076931 -0.0105420751497149 0.0593765750527382 -0.0277085099369287 0.0834227725863457 0.0549226626753807 0.0304493959993124 -0.0573481991887093 0.0295680966228247 -0.00395640404894948 -0.0114461239427328 0.0312261804938316 -0.0294842552393675 -0.0701967626810074 -0.00369052099995315 0.00249934196472168 0.0680751502513885 -0.000724418903701007 -0.0611608363687992 -0.147666603326797 0.061433233320713 -0.0589095540344715 -0.140383332967758 -0.122116290032864 -0.00590909505262971 0.0520471222698689 0.0131728565320373
0.00714197754859924 0.0202606823295355 0.0710518583655357 0.0866061821579933 0.0651796534657478 0.0443756431341171 0.0342642366886139 0.107310689985752 0.0475766509771347 0.0816335827112198 0.0339093394577503 0.00418420322239399 -0.0582986883819103 -0.00454492168501019 -0.000759688846301287 0.00442324252799153 0.0519709028303623 -0.0535879768431187 0.0661753043532372 -0.00398786086589098 0.122738234698772 0.0396878011524677 0.0761778131127357 0.0147509267553687 -0.0165424272418022 0.07321397960186 0.0359887443482876 0.0513528026640415 0.0916835889220238 0.020053131505847 -0.0360471233725548 -0.0530233718454838 0.0158930625766516 0.00896806083619595 0.0426273606717587 0.00241446681320667 0.0422200188040733 -0.0220208652317524 -0.043109767138958 0.112867258489132 0.0196977071464062 -0.137962609529495 -0.00204906309954822
-0.0634293556213379 -0.0336587056517601 0.0215015467256308 0.0280206240713596 0.0737133249640465 0.0703181177377701 0.0340884663164616 0.089310921728611 0.0766414105892181 0.0364308916032314 0.0757883116602898 0.0258806459605694 -0.00486426427960396 -0.0368310697376728 0.0370982512831688 -0.012687299400568 0.0334867984056473 -0.0799691155552864 0.0178561415523291 0.0119550097733736 -0.0299051348119974 0.0358531959354877 -0.00819332432001829 -0.0078814122825861 0.110260583460331 0.00643311301246285 -0.0280041396617889 -0.0306237600743771 -0.0378522388637066 -0.0033568546641618 -0.0277805607765913 0.0402059070765972 0.0490742214024067 0.00581423938274384 -0.171562388539314 0.0775532945990562 -0.0648876503109932 -0.00441219424828887 -0.08318842202425 0.00686560710892081 0.0206681005656719 -0.0185476075857878 0.0424155704677105
-0.0641543045639992 -0.0284472536295652 0.109959602355957 0.00580136477947235 0.0535586588084698 0.0915248617529869 0.000725729390978813 0.048237930983305 0.00443502422422171 0.124798819422722 0.0705398395657539 -0.0131860943511128 0.0205092113465071 0.00404750043526292 -0.0338514000177383 -0.0255044251680374 -0.00284811109304428 0.0368374735116959 0.0115053160116076 -0.000398361473344266 -0.0081700524315238 -0.0287518166005611 0.00693098269402981 -0.0830889046192169 0.0486707165837288 0.0530261620879173 -0.00708111887797713 0.0287931393831968 0.104303814470768 0.00311521720141172 0.0129282372072339 -0.0663806349039078 0.0328387543559074 0.0755217596888542 -0.125352218747139 0.136678904294968 0.0580937191843987 0.0660233572125435 0.0883670374751091 -0.012050012126565 0.267698109149933 0.0511979572474957 0.104118473827839
-0.00050775334239006 -0.0358535833656788 0.0180485397577286 -0.0143999364227057 0.00146028969902545 0.118281692266464 0.00917540863156319 -0.010155932046473 0.115124903619289 0.0972251370549202 0.0552872233092785 -0.0393112935125828 0.0338011831045151 -0.0296203382313251 -0.0698168650269508 -0.00674524111673236 0.00776250008493662 -0.0384722128510475 -0.00662329839542508 -0.00513745937496424 0.0206575393676758 -0.0230596121400595 0.0424182005226612 -0.0380841642618179 0.0118954256176949 0.0324744172394276 -0.0776733905076981 -0.000696659088134766 0.0699039548635483 -0.00273621920496225 -0.0349128097295761 0.0103084724396467 -0.125720635056496 -0.0585094504058361 -0.159648835659027 -999 -0.0337400063872337 -0.356704086065292 0.0675923377275467 -999 -0.039429072290659 0.0146578140556812 0.0968533381819725
-0.00132571579888463 0.00978058483451605 0.0300440285354853 -0.00423946045339108 0.0143253644928336 0.0571968629956245 0.0576239749789238 0.0281279664486647 0.0480654202401638 0.0852653980255127 0.084632620215416 0.0221667811274529 0.0277800858020782 0.0349535718560219 0.0288743078708649 -0.038853794336319 -0.0185578167438507 -0.0223844218999147 -0.0803700610995293 0.0188069064170122 -0.00989679805934429 0.0191969256848097 -0.00209962902590632 0.0469157136976719 0.00405363738536835 -0.023891344666481 0.0518141873180866 -0.00106969813350588 -0.0347306877374649 0.0184818003326654 0.0320416539907455 0.0501306168735027 0.0155134024098516 0.0346062146127224 0.0358096808195114 -0.0493293628096581 -0.174429833889008 0.187548577785492 0.112431846559048 0.012338925153017 -0.00120776297990233 0.0309759173542261 -0.0876815989613533
-0.0441282205283642 -0.0547358393669128 -0.0384359396994114 0.0073378337547183 -0.0170358438044786 -0.0321731679141521 -0.00850866362452507 0.0198969505727291 0.00372509588487446 0.00488381367176771 0.040418516844511 0.0401248298585415 0.0793871134519577 0.0303853172808886 0.0506937205791473 -0.0514870770275593 0.0757969692349434 0.0939970910549164 -0.0472334735095501 0.0321354605257511 0.0244127046316862 0.0991708040237427 0.150234624743462 -0.0459477789700031 0.0281822755932808 -0.00264283479191363 0.0186632536351681 0.0768218487501144 0.114208348095417 0.0231110621243715 0.0958317592740059 0.0059739863499999 0.0759344398975372 0.0493774600327015 0.071549616754055 0.00211640982888639 -0.0308783352375031 0.131419882178307 -0.025645112618804 0.15386563539505 0.058437142521143 -0.0780995413661003 0.17801322042942
0.0011141566792503 0.0312812067568302 0.0597838088870049 0.00262935063801706 -0.039567593485117 -0.00609670579433441 -0.0167940054088831 0.0571746192872524 0.103909209370613 0.0620351396501064 0.115263625979424 0.111795008182526 0.0777435749769211 0.00927902851253748 0.0152214094996452 0.0544440560042858 -0.0147138517349958 -0.0330242067575455 0.130751758813858 0.0275850165635347 0.00684118317440152 -0.0586527064442635 0.0103499619290233 -0.014331684447825 0.0291409064084291 0.019000044092536 -0.00845341011881828 0.00267710466869175 -0.0760683715343475 0.00414919340983033 0.000903582025784999 -0.00378310913220048 0.00853586755692959 0.0503703095018864 0.218550369143486 -0.0395295508205891 0.00393756711855531 0.0197186879813671 0.0308964215219021 -0.0923943370580673 0.0564299412071705 0.0253995358943939 -0.0331120491027832
0.00808899756520987 -0.0338665172457695 -0.0188669711351395 0.0122344009578228 -0.0353311151266098 0.026604326441884 -0.0260868538171053 0.0732909888029099 0.0175282880663872 0.0309373587369919 0.0601031817495823 0.109890498220921 0.0424371808767319 0.0546254254877567 -0.0321184098720551 0.00248988927341998 0.0333033539354801 -0.042570348829031 -0.0559528954327106 0.0129628302529454 0.0436805114150047 0.038232184946537 0.0139795877039433 -0.00952516123652458 0.0205490179359913 0.0476969927549362 0.0305868554860353 -0.0537097044289112 0.00372129818424582 -0.0385439731180668 0.0663644075393677 0.0123393321409822 -0.0506749376654625 0.00407076207920909 0.0456113740801811 -0.0887894928455353 0.0707325637340546 -0.0353585854172707 -0.0370734333992004 -0.0480035282671452 0.102656461298466 0.0201098378747702 -0.123739585280418
-0.00324925780296326 -0.0393531918525696 -0.0435307286679745 0.0289669744670391 -0.0346408262848854 0.0102579472586513 0.0126712778583169 -0.000436896632891148 0.0363806150853634 0.0129943713545799 0.0313039124011993 0.0833714976906776 0.0278080105781555 0.0594172291457653 -0.0377452187240124 -0.0255666337907314 0.0372975654900074 0.00756492931395769 0.0458391755819321 0.0355782397091389 0.0525301694869995 0.0191217269748449 -0.0257457699626684 0.0441891700029373 0.0363087058067322 -0.0173642411828041 -0.112293384969234 0.0286130905151367 -0.0304557625204325 -0.0127244871109724 0.0178556591272354 0.0342135205864906 0.132357627153397 0.00014347062096931 0.0420489199459553 0.156206026673317 -0.0195926427841187 -0.0430515147745609 0.140179172158241 0.0579536855220795 0.0575295798480511 -0.00180248485412449 0.125887677073479
0.0893960520625114 -0.0211783703416586 0.00584855582565069 0.0697615295648575 -0.00084396154852584 -0.020370265468955 0.0615701042115688 -0.046367023140192 0.0459078662097454 0.0789461061358452 0.052023857831955 0.0896581932902336 0.0442938469350338 0.00356619758531451 -0.045075036585331 -0.0459228307008743 0.114528477191925 -0.0421005710959435 -0.0437555573880672 0.0219230204820633 -0.0347390547394753 0.0394456312060356 0.0611830689013004 0.0385763868689537 0.0210899394005537 -0.0205959063023329 -0.0783990994095802 -0.0503780171275139 0.1436827480793 0.0137863755226135 -0.0573363751173019 -0.024417607113719 -0.0284044537693262 -0.0241271071135998 0.0845442861318588 -0.107443012297153 0.029943997040391 -999 0.0711912214756012 0.176891446113586 0.0180477742105722 -0.0109571320936084 0.0146140782162547
-0.0347906909883022 0.0131872110068798 -0.0155917340889573 -0.0798330679535866 0.117490492761135 0.00266852974891663 -0.0234584920108318 -0.00875908136367798 0.0380045361816883 0.00100452394690365 -0.0499435476958752 -0.0366976521909237 0.0857587605714798 0.054853118956089 0.107279784977436 0.067987747490406 0.0368090122938156 0.0288537796586752 0.0225430764257908 0.042548380792141 0.0702459067106247 0.0855449363589287 0.00326519599184394 0.0888527408242226 0.0326969176530838 0.0418846905231476 -0.192686900496483 -0.0589772835373878 -0.0427178926765919 -0.0340100005269051 -0.0217574723064899 0.141050145030022 -0.000913554977159947 -0.206715986132622 -0.0156180923804641 0.0391139835119247 0.132928192615509 -0.130500987172127 0.198240384459496 0.126790419220924 0.00906096119433641 0.0475949198007584 0.0281378328800201
-0.012324457988143 0.0701476708054543 0.0751258283853531 -0.0387728847563267 0.0610950142145157 0.0249306689947844 -0.0327816903591156 0.0402876771986485 0.00915202125906944 0.0423890054225922 0.0220669191330671 -0.00839831307530403 -0.0726004466414452 0.0348493717610836 0.140416145324707 -0.0078287348151207 0.0336037389934063 0.0494472794234753 -0.0185506138950586 0.0445603020489216 -0.0179129019379616 0.0170970298349857 0.0463024042546749 0.0167679265141487 0.0642796605825424 -0.029758358374238 0.0276893395930529 0.0502291768789291 0.012984954752028 0.072905607521534 0.0780910179018974 0.145918294787407 -0.0128997731953859 0.11053328961134 0.0118342526257038 0.0881300792098045 -0.002881322754547 0.0454410649836063 -999 -0.0267553143203259 0.00108198123052716 0.0288261231034994 -0.0152223715558648
-0.0515283681452274 -0.00107944512274116 -0.0137350056320429 0.0227207727730274 -0.0256938058882952 -0.0198929440230131 0.0455357134342194 0.102309755980968 0.0515578500926495 -0.0418042354285717 -0.0154815437272191 -0.00847589783370495 0.0382001399993896 -0.0501466393470764 -0.045455064624548 -0.0516809672117233 0.174022704362869 0.0571851953864098 0.0428760536015034 0.0615036003291607 0.106956332921982 -0.00115058501251042 -0.0539529286324978 -0.0235005039721727 -0.0400527156889439 0.0974967032670975 0.120630472898483 0.018724987283349 0.0446679592132568 0.0183312557637691 0.0881256610155106 -0.00910473987460136 0.0385741256177425 0.0611735880374908 -0.069742813706398 0.0151206338778138 0.0459891445934772 0.043235044926405 0.004080296959728 0.0615810304880142 -0.0417230017483234 0.0908462032675743 0.0900544747710228
0.0466136001050472 0.044770635664463 -0.074400283396244 0.0623761862516403 0.0552348382771015 -0.00991894584149122 0.0130771631374955 0.01652842015028 -0.00161483883857727 0.00662147207185626 0.0505766272544861 0.0236190408468246 0.0499382019042969 0.0417989678680897 -0.0320330895483494 0.076563723385334 0.1181730479002 0.017883874475956 -0.0683442950248718 0.0685287714004517 0.0323652029037476 0.0369365252554417 -0.0199211314320564 0.00111756823025644 0.0330653302371502 -0.151522874832153 0.0264179520308971 0.00537813035771251 0.0383005253970623 0.0146148297935724 -0.00488729448989034 0.00478484807536006 -0.00569264031946659 -0.0202959310263395 0.0254465006291866 0.0671936497092247 -0.0306263957172632 0.0892552360892296 0.00606015091761947 0.0449731312692165 0.0721668004989624 0.0483980849385262 0.0964392721652985
0.0346039831638336 0.00722619658336043 -0.0233194343745708 0.0448558144271374 0.103946201503277 -0.00667928112670779 0.0688960701227188 0.0237552914768457 0.0319782383739948 -0.0293047931045294 0.0123579613864422 0.0184910986572504 0.00903058238327503 0.00753291137516499 -0.104019463062286 -0.0342397131025791 -0.13309882581234 0.0259339176118374 0.0592015646398067 0.0774961039423943 -0.00629503652453423 0.0112527245655656 0.0777078196406364 0.0268197041004896 0.0387293063104153 0.0649555251002312 0.0500453002750874 0.00426001101732254 0.01322116330266 0.108065560460091 0.12367294728756 0.0501080527901649 -0.0671389102935791 -0.0612519942224026 -0.0192045345902443 0.0511643998324871 -0.0153070390224457 0.0494403317570686 0.0764680206775665 -0.0119827836751938 0.0298815127462149 -0.036324467509985 -0.0278720483183861
