assets/gome_f/processed/ascii/us/gome_sif_US_20111001.asc
NCOLS 116 
NROWS 53 
XLLCORNER -125 
YLLCORNER 24.5 
CELLSIZE 0.5 
NODATA_value -3.4e+38 
[rows 0 to 18 of 53, columns 43 to 85 of 116]
0.111887216567993 0.0824984014034271 0.0564758032560349 0.109988838434219 0.0885552540421486 0.0637222602963448 0.0610907785594463 0.0907763838768005 0.122167281806469 0.0474474504590034 -0.0411390587687492 0.0351327583193779 -0.0230704881250858 0.0224102661013603 -0.0138784423470497 0.0303427409380674 0.0428413413465023 0.0415363907814026 0.118899449706078 0.0464454479515553 -0.00892072357237339 0.0838141739368439 0.178385987877846 0.0394357517361641 0.0688382610678673 0.0589694529771805 0.00263202516362071 0.0162471067160368 0.078217975795269 0.0660513788461685 0.160212472081184 0.132784783840179 0.100323393940926 0.0522001087665558 0.0493816956877708 0.139457359910011 0.19948136806488 0.0850619003176689 0.076710119843483 0.130799472332001 0.120697446167469 0.0804904922842979 0.150450125336647
0.0782761201262474 0.0768472328782082 0.112883023917675 0.0675801262259483 0.0314744636416435 0.0536975637078285 0.0677137225866318 0.073106661438942 0.12057787925005 0.0112612778320909 -0.0331933386623859 0.0452047511935234 0.12083362787962 0.0738832280039787 -0.0267938710749149 0.020052457228303 0.0282001458108425 0.0414715334773064 0.0862952247262001 0.0827471166849136 0.0668743401765823 0.0277951527386904 0.0448684729635715 -0.0215220805257559 0.0897495597600937 0.132604837417603 0.0984578430652618 0.0634417310357094 0.0849445387721062 0.12001708894968 0.0744406208395958 0.0448322184383869 0.0367279388010502 0.0547251999378204 0.145485326647758 0.126801505684853 0.0713544860482216 0.143831372261047 0.126038044691086 0.0875822082161903 0.109060227870941 0.160519868135452 0.159240111708641
0.142303913831711 0.0958095416426659 0.065119706094265 0.0347822830080986 0.0653584226965904 0.0840399563312531 -0.0233838874846697 0.0911693647503853 0.00959105975925922 0.0696761235594749 0.113779157400131 0.0885745659470558 0.00366297480650246 0.020236412063241 0.0671096295118332 0.0100615434348583 0.0144142927601933 0.0761139690876007 -0.0219958666712046 -0.000778510642703623 0.0467499792575836 0.102371416985989 0.0557943060994148 0.134119853377342 0.0701671913266182 -0.015955850481987 0.0830846056342125 0.0388336442410946 0.114871591329575 -0.0258797500282526 0.00602413015440106 0.0952549502253532 0.0594547018408775 0.153774440288544 0.093423143029213 0.0564043596386909 0.265401363372803 0.156252160668373 0.113724254071712 0.0788710415363312 0.143479883670807 0.0472179166972637 0.117790222167969
0.0974221229553223 0.0982853919267654 0.172894030809402 0.125663802027702 0.0501862689852715 0.0872542262077332 0.0582353435456753 0.0312725380063057 0.0593586266040802 0.0381611809134483 -0.0247201509773731 0.12315072119236 0.0181702729314566 0.1024424508214 0.0541684255003929 0.057245809584856 0.11060356348753 -0.031357005238533 0.0251501183956861 0.116168759763241 0.0239233151078224 0.0877122655510902 0.0508396849036217 0.0613319166004658 0.0705783516168594 0.112453624606133 0.073841392993927 0.0711131170392036 0.0781321078538895 -0.025036970153451 0.0672093108296394 0.0368275120854378 0.101335905492306 0.0729629546403885 0.104942344129086 0.16846938431263 0.122104279696941 0.123219147324562 0.146944984793663 0.0682818815112114 0.126542657613754 0.240146517753601 0.257023900747299
0.0500387735664845 0.0300865415483713 0.191132232546806 0.0959051251411438 0.031858254224062 0.0925866216421127 0.121585227549076 0.0997952297329903 0.0117277139797807 0.0231739953160286 0.0421610102057457 0.0306588411331177 0.113679744303226 0.0275441594421864 -0.00228887959383428 0.097348265349865 0.131987258791924 0.0702466666698456 0.169548541307449 0.158185601234436 0.0814689323306084 -0.0253429748117924 0.10475530475378 0.183868125081062 0.0919458344578743 0.158693730831146 0.171408876776695 0.096037745475769 0.18142481148243 0.101219199597836 0.0250200685113668 -0.00268126442097127 0.00879142712801695 -0.0498963221907616 0.0162075143307447 0.13870070874691 0.141256242990494 0.141035065054893 0.0640253275632858 0.246972396969795 0.166635602712631 0.137739881873131 0.0167701989412308
0.0981917157769203 0.0847202762961388 0.143719777464867 0.0568105801939964 0.0724461674690247 0.0912034809589386 0.101584069430828 0.120370157063007 -0.0013055152958259 0.0759636908769608 0.0816327482461929 0.0944755151867867 -0.0174505971372128 0.0774162113666534 0.134626224637032 0.0865084528923035 0.143489152193069 0.081892654299736 0.0790455117821693 0.0706176683306694 0.113538675010204 -0.0110642071813345 0.0798171386122704 0.160375013947487 0.0360589250922203 0.126840934157372 0.213156491518021 0.0792732909321785 0.0565128177404404 0.00694757793098688 0.0579909533262253 0.0574195645749569 -0.000756284745875746 0.0583956874907017 -0.0375538356602192 0.0866569131612778 0.0721903666853905 0.206034243106842 0.109519354999065 0.202018678188324 0.182652354240417 0.0728307366371155 0.0740490034222603
0.0592053793370724 0.0925408378243446 0.124000377953053 0.115068219602108 0.131386905908585 0.149810060858727 0.0816274657845497 0.107898652553558 0.0917837396264076 0.0892318338155746 0.0989983230829239 0.0866182819008827 0.0340347476303577 0.146205320954323 0.10414931923151 0.0966684594750404 0.104303106665611 0.0699946135282516 0.02580769918859 0.117400616407394 0.0926901027560234 0.0362899899482727 0.0575834028422832 0.0551531910896301 0.0453270450234413 0.072232149541378 0.0761914625763893 0.0290431901812553 -0.0528439059853554 -0.0197484698146582 0.00503191072493792 0.0389855690300465 -0.0423587933182716 0.0976775214076042 -0.0666336044669151 0.00309161399491131 0.0291914939880371 0.025337390601635 0.157792657613754 0.0806301087141037 -0.00617012055590749 0.102660089731216 0.0955046266317368
0.0920771732926369 0.116085387766361 0.100280828773975 0.161805987358093 0.129712834954262 0.0669245421886444 0.164852946996689 0.117376647889614 0.103047206997871 0.0378975868225098 -0.0213295072317123 0.0488615371286869 0.0241477992385626 0.034092303365469 0.147714883089066 0.0495589934289455 0.0605936795473099 0.0659364759922028 0.0765784531831741 0.113209508359432 0.0839481800794601 0.0459084361791611 0.0331648625433445 0.0695262998342514 0.0385158620774746 -0.0041320682503283 -0.0492231585085392 0.034471221268177 0.022760821506381 0.032261349260807 0.0283851828426123 0.0498214550316334 0.0421210117638111 -0.033020406961441 0.00381671078503132 -0.055579524487257 0.0565377660095692 0.0434002280235291 0.0653520524501801 0.0617010593414307 0.121792294085026 0.156299576163292 0.223339438438416
0.0754952058196068 0.0585063323378563 0.147483497858047 0.11795262992382 0.0826754197478294 0.107797831296921 0.136470302939415 0.132567256689072 0.119818508625031 0.0789699107408524 0.0713733211159706 0.0549672469496727 -0.00852078199386597 0.0711203366518021 0.0155994892120361 0.0559498965740204 0.090144120156765 0.121274925768375 0.0857783704996109 0.108044683933258 0.0845218449831009 0.13325534760952 0.0282524228096008 0.137975201010704 0.066862516105175 0.0756955966353416 0.0638788640499115 0.0396836511790752 0.163651466369629 0.0294614005833864 0.0732535868883133 0.115783959627151 0.106677606701851 -0.0356997177004814 0.144424706697464 -0.032934196293354 0.0539443120360374 0.0926764979958534 0.0728264898061752 0.0612354055047035 0.147864758968353 0.0945437178015709 0.13297101855278
0.0960944518446922 0.097989559173584 0.125207290053368 0.0672905519604683 0.039238978177309 0.187845274806023 0.103917993605137 0.11034045368433 0.0753931403160095 0.0431962795555592 0.145243108272552 0.0144546944648027 0.053692277520895 0.0432299859821796 0.0830921232700348 0.0456407926976681 0.0731534957885742 0.178748533129692 0.0942858532071114 0.10067243129015 0.0290603823959827 0.125087156891823 0.0671109780669212 0.0912447795271873 0.0444512292742729 0.0505309216678143 0.109546780586243 0.0410773567855358 0.112308084964752 0.116389401257038 0.028068458661437 0.0696149617433548 0.188113868236542 0.0525152496993542 0.184551060199738 0.0785514712333679 0.0790101736783981 0.0682780593633652 0.0965914577245712 0.124305300414562 -0.0157452691346407 0.0891101807355881 0.0948910713195801
0.100332051515579 0.0500531084835529 0.0681297555565834 0.0491234809160233 0.0457738749682903 0.0332829169929028 0.0350203290581703 0.166489586234093 0.0839696303009987 0.1206229403615 0.0945617258548737 0.0715096294879913 0.11028078943491 0.0551450476050377 0.0636400580406189 0.0452006198465824 0.161563262343407 0.141146883368492 0.165815368294716 0.162246495485306 0.154404625296593 0.0766351372003555 0.193570181727409 0.0678467899560928 0.0915129855275154 0.177651539444923 0.136051341891289 0.154579564929008 0.163928508758545 0.106764376163483 0.246221661567688 0.15446375310421 0.184412449598312 0.0591960437595844 0.060241237282753 0.0660936385393143 0.126111850142479 0.0672077909111977 0.11192761361599 0.109553910791874 -0.0176183022558689 -0.00831771362572908 -0.0238720551133156
-0.000882112653926015 0.0543143823742867 -0.0221800860017538 0.0782849416136742 0.0727362260222435 0.0837451964616776 0.0275932550430298 0.109344579279423 0.0382581017911434 0.0617896020412445 0.173500567674637 0.0877951756119728 0.106378354132175 0.151804968714714 0.166516363620758 0.0734492763876915 0.0796694383025169 0.132470279932022 0.0954302474856377 0.136092752218246 0.193013668060303 0.0645419806241989 0.19296570122242 0.117675118148327 0.226098746061325 0.079899936914444 0.0939970836043358 0.121704816818237 0.132881626486778 0.140695795416832 0.15612430870533 0.103011764585972 0.0303717143833637 0.0407400652766228 0.03138367831707 0.0996699780225754 0.0776042193174362 0.142208203673363 0.109859436750412 0.151032254099846 0.104611128568649 -0.0755034759640694 0.0514205433428288
0.0380115918815136 0.0569259524345398 0.0254374258220196 -0.0422957800328732 0.027363583445549 0.0294285137206316 0.0243180003017187 0.104907177388668 0.063265860080719 0.13167878985405 0.0732899904251099 0.152318209409714 0.0530094653367996 0.0476538464426994 0.112919948995113 0.0625516846776009 0.060821320861578 0.0656002908945084 0.0847873836755753 0.0731965228915215 0.143989950418472 0.168005034327507 0.170316994190216 0.145724564790726 0.25942462682724 0.107134401798248 0.158865854144096 0.116250537335873 0.239729583263397 0.0751781463623047 0.191743716597557 0.214964538812637 0.185945227742195 0.123572438955307 0.107597127556801 -0.0424622744321823 0.121300861239433 0.240286380052567 0.265054196119308 0.156484857201576 0.0277129299938679 0.0104327779263258 -0.0336093530058861
0.0250481870025396 0.0744787901639938 0.0405147224664688 0.0191083718091249 0.0391504988074303 0.0754636228084564 0.0716380476951599 0.0745313838124275 0.131105273962021 0.118678845465183 0.0739261358976364 0.0269630178809166 0.140809044241905 0.0915950089693069 0.103332579135895 0.0228212140500546 0.091400608420372 0.189807936549187 0.00858065951615572 0.0840570256114006 0.136777684092522 0.172584384679794 0.151372879743576 0.185208484530449 0.15019591152668 0.164307355880737 0.135100975632668 0.223629459738731 0.144116252660751 0.053909782320261 0.193876042962074 0.174250960350037 0.0894363522529602 0.114645764231682 0.0736619681119919 0.172916531562805 0.15040323138237 0.206294625997543 0.162655234336853 -0.0117051051929593 0.0711766630411148 -0.0291575435549021 -0.0174740180373192
0.0756634399294853 0.110939420759678 0.0342976190149784 0.0973047837615013 0.059692669659853 0.0313466899096966 0.0181744247674942 0.0537886284291744 0.0867108628153801 0.0682997778058052 0.0881175398826599 0.176998913288116 0.0336563102900982 0.133950337767601 0.0605299025774002 -0.0338731557130814 0.12227850407362 0.00249551772139966 0.058279026299715 0.0851143151521683 0.0937172174453735 0.108746342360973 0.107869535684586 0.159977033734322 0.200548157095909 0.183548808097839 0.139009416103363 0.252107977867126 0.166064038872719 0.232545450329781 0.125172168016434 0.0894612967967987 0.0849112346768379 -0.0150702279061079 0.0995959416031837 0.213869735598564 0.214621543884277 0.219344839453697 0.204127624630928 0.116034038364887 0.106093317270279 0.16886705160141 -0.0340692736208439
0.0429610311985016 -0.114305481314659 0.0987306237220764 0.136763006448746 -0.00713385129347444 0.158322066068649 0.109765097498894 0.192798867821693 0.060167733579874 0.0566994957625866 0.0623731203377247 0.0553292594850063 0.0792657881975174 0.13916489481926 0.105980895459652 -0.0155504634603858 0.0983251705765724 0.0222555585205555 0.133364722132683 0.075266145169735 0.081733763217926 0.0231888052076101 0.10073259472847 0.135134011507034 0.214179039001465 0.208315119147301 0.207101494073868 0.168115824460983 0.164659008383751 0.152314826846123 0.214191570878029 -0.00799798127263784 0.0201280433684587 -0.00987500790506601 0.114302195608616 0.293894082307816 0.194392442703247 0.204787582159042 0.153365582227707 0.114761926233768 0.211162626743317 0.0872183740139008 0.188139975070953
0.0979974418878555 0.0219008550047874 0.101865984499454 0.00316411512903869 0.153265774250031 0.10375764220953 0.126233115792274 0.177321717143059 0.168654948472977 0.144322156906128 0.0810176804661751 0.0634642019867897 0.102650806307793 0.0223636720329523 0.0244772881269455 0.0560097247362137 0.0821402668952942 0.0230362825095654 0.0673387795686722 0.10363906621933 0.0405446104705334 0.152297154068947 0.0969543531537056 0.103465691208839 0.12584912776947 0.205384835600853 0.176029920578003 0.258838623762131 0.151421248912811 0.138767540454865 0.147488743066788 0.0881001800298691 0.0385871306061745 0.00918401405215263 0.0740484297275543 0.186442330479622 0.248680204153061 0.338177800178528 0.189536839723587 0.150978669524193 0.395110100507736 0.160754695534706 0.0948929488658905
0.109544076025486 0.120074652135372 0.108619436621666 0.08510372787714 0.143573433160782 0.0545104965567589 0.122445151209831 0.0726675465703011 0.0773596167564392 0.11425494402647 0.110080473124981 0.0674182549118996 0.096000462770462 0.118242293596268 0.0913294777274132 0.064756728708744 -0.0520083196461201 0.0700620487332344 0.11876106262207 0.0689485892653465 -0.0219325926154852 0.153236389160156 0.0351515412330627 0.0970742478966713 0.121773198246956 0.258100986480713 0.211770161986351 0.18349651992321 0.211703658103943 0.12963280081749 0.195203199982643 0.126766607165337 0.102427087724209 -0.0446227639913559 0.164294451475143 0.124534152448177 0.177812501788139 0.0901591256260872 0.220055356621742 0.16683691740036 0.18779431283474 0.103812754154205 0.151752308011055
0.033382635563612 0.129808738827705 -0.0529070198535919 0.084539882838726 0.0243968795984983 0.000625796965323389 0.0753054320812225 0.0763129219412804 0.181703865528107 0.126597821712494 0.146836265921593 0.0287398342043161 0.0835059359669685 0.183338269591331 0.173497900366783 0.0789397433400154 0.144721448421478 0.0918079391121864 0.197751000523567 0.21114394068718 0.14383627474308 0.140314444899559 0.0938059315085411 0.0707623139023781 0.199455350637436 0.06794673204422 0.140125513076782 0.145527273416519 0.0902557149529457 0.0859282836318016 0.12402256578207 0.124463953077793 0.119497776031494 0.0354927442967892 0.185955911874771 0.10823455452919 0.252895534038544 0.126937597990036 0.142238661646843 0.257940351963043 0.215115502476692 0.121865287423134 -0.0380402952432632
