assets/gome_f/processed/ascii/us/gome_sif_US_20121101.asc
NCOLS 116 
NROWS 53 
XLLCORNER -125 
YLLCORNER 24.5 
CELLSIZE 0.5 
NODATA_value -3.4e+38 
[rows 19 to 37 of 53, columns 0 to 42 of 116]
-0.0815489366650581 0.0318629220128059 0.0778528153896332 0.0534143149852753 0.204136446118355 0.0331289283931255 0.0498166009783745 -0.00865831598639488 -0.062446478754282 0.0107860984280705 0.083625502884388 0.0531666688621044 -0.0401369258761406 -0.00869983248412609 0.00424436572939157 -0.0485627055168152 -0.0152687849476933 -0.0321228690445423 -0.0048766303807497 0.0014496233779937 0.0287232119590044 0.0472881123423576 -0.0273343976587057 0.0872169137001038 0.0758263021707535 -0.0597100742161274 0.00944620184600353 0.00437179813161492 -0.0129744373261929 0.00489375647157431 0.0404207482933998 -0.000222005444811657 -0.0420645214617252 0.0809961259365082 0.0270493999123573 -0.0654802471399307 -0.0548994094133377 0.0793536826968193 -0.0896706730127335 -0.0180685557425022 -0.0267830584198236 0.00502822827547789 -0.00162294076289982
0.0127610275521874 0.123345360159874 0.140681311488152 0.102189913392067 0.111192107200623 0.12702576816082 0.107572674751282 0.0221361089497805 0.119723729789257 0.0306493062525988 0.000915899348910898 -0.000610161980148405 0.0276832059025764 -0.0404212884604931 0.0580418407917023 -0.0230054017156363 -0.0271224770694971 0.0475299693644047 0.000248000025749207 -0.0676443502306938 0.00882178172469139 -0.0281656477600336 0.0153315858915448 0.07762610912323 0.164233818650246 0.0439445041120052 0.0684435218572617 0.0880051180720329 0.0443731844425201 0.0278200283646584 0.0101544065400958 0.0204429365694523 -0.0339424014091492 -0.0761186555027962 -0.0825303047895432 -0.0284016355872154 0.0223819706588984 0.0148150296881795 9.62809863267466e-05 -0.0347353145480156 0.0377952754497528 0.032116673886776 0.028890285640955
0.0543361082673073 0.00856365542858839 0.0987321510910988 0.0272076968103647 0.0991072654724121 0.122052542865276 0.0586918406188488 0.0310662649571896 0.0404432602226734 0.00236666202545166 0.0200749337673187 -0.0299067031592131 0.0756940841674805 -0.00831845216453075 -0.000457191956229508 -0.0104352487251163 0.0551673099398613 -0.032709714025259 -0.0246461927890778 -0.0441564470529556 0.0645738542079926 0.0341549441218376 0.0119014782831073 0.0188356228172779 -0.0493220612406731 0.0508150234818459 0.00220131711103022 0.00173195847310126 0.0471805110573769 0.00271260249428451 0.039984792470932 0.0276858545839787 -0.0451491102576256 -0.000869828218128532 0.0225297063589096 0.0353921949863434 -0.0170801673084497 0.00957972183823586 0.036459892988205 0.0346741937100887 0.0173479001969099 0.0342062599956989 -0.0354879051446915
0.0551227815449238 -0.0589700825512409 0.0852888897061348 0.145414754748344 -0.00758637161925435 0.144644305109978 0.224386394023895 0.0719109922647476 -0.0611001774668694 0.0141671616584063 0.110828779637814 -0.0156157752498984 -0.00907629355788231 0.0269895270466805 -0.0709301307797432 0.00561143876984715 -0.00293443468399346 0.033449474722147 -0.0333651192486286 0.0533515959978104 -0.0583441480994225 0.066871240735054 0.00677405158057809 0.00873704999685287 -0.0198344737291336 0.0834996849298477 0.0836403965950012 -0.0582104809582233 -0.0369304306805134 -0.017997557297349 0.024911142885685 0.0497928187251091 0.0211519654840231 0.0256724487990141 -0.0196353141218424 -0.0638158023357391 -0.00287139462307096 -0.0440402068197727 0.0329236276447773 -0.0189220439642668 0.0218024514615536 -0.0317120030522346 0.0664707273244858
0.0369923785328865 -0.0474871657788754 0.0767204090952873 0.116872176527977 0.101173043251038 0.0860441923141479 0.0200695358216763 0.137869149446487 0.11109284311533 0.0843318626284599 0.0718811824917793 -0.00672582862898707 -0.00810148287564516 0.0107110785320401 -0.0304276589304209 0.0267320927232504 0.0209649838507175 0.0224166791886091 -0.0242480337619781 0.0141171403229237 0.00579870911315084 0.0333700850605965 0.00271031679585576 0.0677007883787155 0.0137641178444028 0.0212974045425653 0.0462735705077648 -4.15270988014527e-05 -0.0331949405372143 0.0454648844897747 0.062354352325201 -0.0340946801006794 0.0505087487399578 0.100616164505482 -0.0302470363676548 0.0158085040748119 0.0722738578915596 0.0273707509040833 0.0184030644595623 -0.00507906032726169 -0.0383229851722717 -0.00202172668650746 0.0137371197342873
-0.047122772783041 0.0267689116299152 0.0339537896215916 0.00404831767082214 0.118894562125206 0.0467868968844414 0.0952325463294983 0.0331750400364399 0.0760564878582954 0.0786110386252403 0.0409185141324997 0.0654488280415535 -0.0220464859157801 -0.00937175843864679 0.0370299741625786 -0.00753012578934431 0.0250783488154411 -0.0134169133380055 -0.00483667990192771 0.0642515867948532 -0.0265916399657726 0.00749477557837963 -0.0416768230497837 -0.0338298343122005 0.0162957832217216 0.0360345020890236 0.0152448713779449 0.0521176271140575 -0.0429823771119118 0.00189483410213143 0.0513135455548763 0.0283649042248726 0.028658727183938 -0.0658253580331802 0.0046592247672379 0.0124528845772147 -0.0176195818930864 0.0562845952808857 -0.031677383929491 0.0280762631446123 -0.0217405203729868 -0.00252183107659221 0.0159441586583853
0.0303302742540836 -0.00315101235173643 0.0336993597447872 0.0309311747550964 0.11943082511425 0.0508829578757286 0.0838087126612663 0.0979544147849083 0.114933133125305 0.0875283181667328 0.0818344056606293 0.0842023640871048 0.0153567865490913 0.0369186736643314 0.0137141095474362 -0.0306262131780386 0.035733088850975 0.0248326156288385 -0.0657463148236275 -0.00082072737859562 0.0186782199889421 0.0143622262403369 0.00357395526953042 0.0473555326461792 0.019871337339282 -0.00151435297448188 -0.019645418971777 0.0452200025320053 -0.00121518527157605 0.0141451079398394 -0.0225103311240673 0.00275466172024608 0.0634034499526024 0.0221899673342705 -0.10680440813303 0.024711960926652 -0.00568996649235487 -0.0134314522147179 0.00724485423415899 0.041854877024889 -0.00312086776830256 -0.0514578893780708 0.00867357291281223
0.0113532086834311 -0.0035324536729604 0.0239421725273132 0.0623717159032822 0.0174174066632986 0.0232878364622593 0.0941628664731979 0.0667698979377747 0.0688764974474907 0.157164454460144 0.0904138907790184 0.00858413148671389 0.0532383024692535 -0.0452405214309692 -0.0409287139773369 -0.058978445827961 0.0512422956526279 -0.0239853747189045 -0.0198969226330519 0.00825957953929901 0.00689006457105279 0.0778563320636749 -0.00811227411031723 0.0866151675581932 0.0905998051166534 0.0538528077304363 -0.0167960375547409 -0.0322724357247353 0.0843184441328049 0.119081646203995 0.0419862829148769 0.0205964911729097 -0.0241383779793978 -0.00138229271396995 -0.0179019868373871 -0.0457761064171791 -0.0420159697532654 -0.00683157006278634 -0.0535845831036568 0.0268459916114807 -0.0094231590628624 -0.0708010345697403 0.0264646764844656
-0.00546162761747837 0.0251778345555067 -0.0457722023129463 -0.0821074917912483 0.00990144908428192 -0.0290355924516916 0.0814623162150383 0.0206281412392855 0.0615135282278061 0.0273655261844397 0.119119547307491 0.0247924756258726 0.069269172847271 0.0307741034775972 -0.0374402925372124 -0.0462225452065468 0.0231581311672926 0.0641630738973618 -0.0209889821708202 0.00950030796229839 0.00077597564086318 0.0360315777361393 0.0711811482906342 0.108958318829536 0.0335637591779232 0.0241889487951994 0.0607696361839771 0.0634767860174179 -0.0198125801980495 0.0396182760596275 0.118350394070148 0.0473810471594334 -0.00407645385712385 0.0181296188384295 0.0277675073593855 0.0903608724474907 0.0263517051935196 0.00506338477134705 0.00962499529123306 0.0357818081974983 0.0591533221304417 -0.074776865541935 -0.0400965362787247
0.128554657101631 -0.055241297930479 -0.0278805363923311 0.0177745688706636 -0.000426794402301311 -0.0224683806300163 0.00624535698443651 0.0452828258275986 0.0146110104396939 0.097410649061203 0.087437205016613 0.0175149831920862 0.0542904771864414 0.0508761405944824 0.0065177921205759 0.0647917538881302 0.0716661289334297 -0.0323432236909866 -0.0675421059131622 0.0133117279037833 0.0789996311068535 0.0222123544663191 0.057966697961092 0.0993794873356819 0.0782763808965683 0.0126261841505766 -0.0107308961451054 -0.00404942920431495 0.11163792014122 -0.0511361956596375 -0.00271535501815379 -0.00490155536681414 0.033509761095047 0.0610786527395248 0.0700216516852379 0.0340961515903473 0.0291142128407955 -0.0181563813239336 -0.0225963871926069 0.00573171675205231 -0.0134239559993148 0.0505096204578876 -0.00188359839376062
0.0608330145478249 -0.0345122702419758 -0.077556885778904 0.0616286918520927 -0.0378474816679955 -0.0583344623446465 0.0463758371770382 0.0867246836423874 0.0327735207974911 0.0481818467378616 0.0566115863621235 0.0867994353175163 0.0900381729006767 0.0735627934336662 0.00499522592872381 0.0056616379879415 -0.0295158270746469 0.0445175841450691 0.0295347347855568 0.0379316322505474 0.00526133179664612 0.0522623620927334 0.0410324558615685 0.0336930230259895 0.0590448491275311 -0.0271427296102047 -0.0270757116377354 -0.0106173502281308 0.0508976802229881 0.0255618561059237 0.0149038629606366 0.0748756304383278 -0.0217976421117783 0.0448064021766186 0.125773906707764 0.0227622706443071 0.0484733618795872 0.0339026115834713 0.0313278660178185 0.00652542524039745 0.0811992213129997 0.0617799051105976 -0.0345543622970581
0.0754046812653542 0.0403458066284657 0.0314841195940971 0.00788966100662947 0.0441426448523998 -0.0777580067515373 -0.0328709632158279 -0.0800565183162689 0.0227399785071611 0.0870169997215271 0.0623750574886799 0.078844778239727 0.121500894427299 0.0624812431633472 0.0738702937960625 0.000454400986200199 0.0598260909318924 0.00357770244590938 0.0602572895586491 0.0611468441784382 0.0852373093366623 -0.0110272523015738 0.0555947199463844 -0.0361368954181671 -0.0307206101715565 0.108628496527672 -0.00568903749808669 -0.0586354322731495 0.0358718074858189 -0.0370816178619862 -0.000167232705280185 0.0297574587166309 0.0303565785288811 0.014277963899076 -0.000921708066016436 0.139212042093277 0.084884911775589 0.0414168573915958 0.0610668547451496 -0.0200494900345802 -0.00181483034975827 0.046894695609808 -0.0527065843343735
-0.0816747471690178 0.0282176062464714 0.105637818574905 0.0312752537429333 0.0066962712444365 0.0805368199944496 -0.0674312338232994 0.015266003087163 0.0257248822599649 -0.0284720379859209 -0.011470322497189 0.0565962456166744 0.0179285816848278 0.0448501445353031 0.0221851989626884 0.0304919965565205 0.00970987416803837 -0.00946762226521969 0.0549322031438351 0.0773303657770157 0.0634795278310776 0.0364328101277351 -0.0336316786706448 0.0465386174619198 -0.00825675204396248 0.0789806470274925 0.0532154887914658 0.014422295615077 -0.0523441210389137 -0.0328627862036228 0.0183978788554668 0.0128899216651917 0.0936218127608299 0.0403828248381615 0.0602498687803745 -0.0138855772092938 0.0408124327659607 0.102874986827374 0.0535287708044052 -0.00450080027803779 -0.0356316864490509 0.0690159052610397 0.0283370576798916
0.0918804183602333 0.0215699374675751 -0.0214421600103378 -0.0632377341389656 -0.01043685618788 0.0955167859792709 -0.0207705684006214 -0.0693923979997635 0.0199058130383492 0.0842183753848076 0.0559983924031258 0.0462289750576019 -0.0484870113432407 -0.0163274668157101 0.0963298976421356 0.0714703798294067 0.0317626111209393 -0.00466769142076373 -0.0546566732227802 0.0477208234369755 0.0260765962302685 0.0022189998999238 0.107967264950275 -0.0508436784148216 0.0316568464040756 0.0753897055983543 0.0728882476687431 0.0412474870681763 -0.131640687584877 -0.0209240764379501 0.0248203221708536 0.0170973930507898 0.0504031479358673 -0.0106370504945517 0.0164501629769802 -0.0308939162641764 0.026201793923974 -0.0302787851542234 -0.0422985516488552 0.0805417597293854 0.0057811364531517 0.0425232648849487 -0.0270098336040974
0.0821448639035225 -0.102410040795803 -0.00633401842787862 0.111818239092827 0.0337544791400433 0.0707729235291481 -0.0293885488063097 -0.00908518116921186 -0.00422808714210987 -0.0431784987449646 -0.0118682496249676 0.0410716533660889 0.120247282087803 0.0701683610677719 0.068280965089798 0.0384530313313007 0.0828518122434616 0.0380579605698586 0.00890540145337582 0.0284475684165955 0.0494804568588734 -0.0113050807267427 0.0297480542212725 0.0978959128260612 0.161576315760612 0.0294320918619633 0.11108710616827 0.0659712329506874 0.0132267223671079 0.0842017382383347 0.0430071875452995 0.0033630384132266 -0.0156779028475285 -0.109292902052402 -0.0312385223805904 -0.000267167954007164 0.100884504616261 -0.0210048984736204 0.00847627408802509 -0.0284802224487066 -0.0805059149861336 0.00208584661595523 0.0265486929565668
0.0521729476749897 -0.0403586477041245 -0.00508154649287462 0.132631063461304 -0.0595945157110691 0.0962382033467293 0.0338791608810425 -0.00772920716553926 0.0613660551607609 0.0219035129994154 0.207786843180656 0.00563649879768491 -0.0653429925441742 0.0218741092830896 0.0575494803488255 -0.0163730103522539 0.0767422616481781 0.0637816339731216 0.0590251311659813 -0.0103063089773059 0.0337357558310032 0.015168372541666 0.0427817739546299 0.0408745557069778 0.099042072892189 0.0627698749303818 0.0703553408384323 0.0967158004641533 0.0730232074856758 0.0604559108614922 -0.0152989737689495 -0.045639019459486 0.0402782931923866 0.00648609409108758 0.0920902714133263 0.0237201023846865 -0.0761741772294044 0.0329436548054218 0.174404010176659 -0.0191466696560383 -0.00165425124578178 -0.0113601582124829 0.0791505724191666
-0.0257355216890574 -0.0824432894587517 -0.0231843497604132 0.00702844373881817 0.11167673766613 -0.0127409696578979 -0.0159042850136757 -0.0303248111158609 0.0747670829296112 -0.0279198326170444 0.0232537537813187 0.0639839470386505 -0.0209547337144613 0.0313975773751736 0.0581446848809719 -0.0236285775899887 0.0222203005105257 0.000697983778081834 0.127528369426727 0.00858715828508139 0.0818520337343216 0.0160128027200699 0.0786434784531593 0.0540695190429688 0.00813582539558411 0.0438268668949604 0.0798702463507652 0.100983157753944 0.0234234742820263 -0.0591300874948502 0.0544748529791832 0.0803454667329788 0.0887172222137451 0.0763288289308548 0.0567442066967487 -0.0161760784685612 -0.0497820489108562 0.027615875005722 0.0429128631949425 0.0785939618945122 0.0271452534943819 0.0621933043003082 0.0723819956183434
0.0545840598642826 0.00905128475278616 -0.0577352531254292 0.00506598316133022 0.17566305398941 0.0101674403995275 0.0653405115008354 0.00149454479105771 -0.0346353426575661 0.0766480714082718 0.0492037311196327 0.0124713676050305 -0.021759569644928 0.0237569566816092 0.0576249472796917 0.0203108433634043 0.0287140775471926 -0.0629626289010048 0.0510384030640125 0.10466693341732 0.0310593023896217 0.0768972411751747 0.00528708379715681 0.00799789652228355 0.0108100641518831 0.0433280058205128 0.030461797490716 -0.012639494612813 0.0865110531449318 0.00504809152334929 -0.0781707838177681 0.045918345451355 0.0517744347453117 0.0347851850092411 -0.0224869903177023 -0.0112002873793244 -0.0451901741325855 -0.0714754015207291 0.133920028805733 0.0636590272188187 0.0199987776577473 -0.0470876432955265 0.0565911382436752
0.0446205958724022 -0.020446227863431 0.0721312537789345 0.0158737786114216 -0.0267445892095566 -0.0388017855584621 -0.0387969873845577 0.0531490631401539 0.00726076494902372 0.0490493327379227 0.00203706021420658 -0.0121408402919769 -0.00520502403378487 0.00624029757454991 -0.0493423826992512 -0.0464112535119057 -0.0633710622787476 0.0438186451792717 0.0313657261431217 0.00510307494550943 0.0453704595565796 0.00875656958669424 0.0512919463217258 0.0718351975083351 0.0488027483224869 0.0708055645227432 0.0842299461364746 0.0371341481804848 0.110790871083736 0.0177560020238161 -0.0810143649578094 0.0171731282025576 -0.0309189613908529 -0.0362213365733624 0.00177630269899964 0.100911118090153 0.00984638277441263 0.047682773321867 0.0537557788193226 0.0092213423922658 0.068121500313282 0.0788914784789085 0.0482762455940247
