assets/gome_f/processed/ascii/us/gome_sif_US_20110201.asc
NCOLS 116 
NROWS 53 
XLLCORNER -125 
YLLCORNER 24.5 
CELLSIZE 0.5 
NODATA_value -3.4e+38 
[rows 19 to 37 of 53, columns 43 to 85 of 116]
0.0301034413278103 0.0103903962299228 0.0154167329892516 0.125341147184372 -0.0146901262924075 0.0681546628475189 0.046625554561615 0.0515403747558594 0.0286936350166798 0.0691775009036064 0.0408759564161301 -0.00255703553557396 -0.0400373265147209 0.20635499060154 0.027454910799861 0.157175689935684 -0.156492173671722 -0.175513058900833 0.031554639339447 0.515069007873535 0.256332397460938 -999 -999 -999 -999 -999 0.0692158564925194 -999 0.0529844723641872 -0.0696031376719475 -0.00938354805111885 -999 0.0368385091423988 0.259502410888672 -0.2906733751297 0.421141713857651 -999 0.205009341239929 0.000443778932094574 -0.0303715113550425 -999 0.00488384068012238 0.0506229735910892
-0.109650783240795 -0.0842154249548912 0.0467761754989624 0.0663572624325752 -0.0507494434714317 -0.0555525571107864 0.00701717380434275 0.000382256519515067 -0.105756595730782 0.0351150445640087 0.0321444384753704 -0.0668711438775063 0.0138050438836217 -0.0617723315954208 0.0446041971445084 0.0499561503529549 0.0314886644482613 0.0147882979363203 0.132254630327225 -999 0.182023763656616 -999 0.164170101284981 -999 0.0492861829698086 -0.682330787181854 0.141952648758888 0.153346285223961 -999 0.161155477166176 -0.163687437772751 -0.0916453748941422 -0.123140335083008 0.253304094076157 -999 -0.0616106390953064 -999 -0.126207888126373 -0.13133317232132 -0.0855570062994957 -999 -0.105967372655869 -999
0.00157631631009281 0.0263930074870586 0.137041985988617 0.0767677426338196 0.0223438311368227 0.111432775855064 0.0393222793936729 -0.0680190548300743 -0.0263119339942932 0.0108205508440733 0.015945153310895 0.151623144745827 0.0618961341679096 -0.00249065947718918 0.00612189946696162 -0.0418848134577274 0.12155706435442 -0.0644045472145081 0.145240887999535 0.0941684395074844 -999 0.345207720994949 0.223471418023109 -999 0.0120474398136139 -999 -0.0625176429748535 -0.0615265294909477 -999 -0.025060037150979 -0.00159324984997511 -0.110002897679806 0.230512693524361 -0.0872042998671532 -999 0.00895330123603344 -999 -0.01141507178545 -0.0910287871956825 0.121159397065639 -0.187026485800743 0.15243299305439 0.14315228164196
-0.071226142346859 -0.108872748911381 0.0779901221394539 0.107372798025608 0.00076878402614966 0.0149066327139735 0.00513808894902468 0.0792794078588486 0.0309100039303303 0.0758817493915558 0.165791690349579 0.0195547286421061 0.00175771117210388 0.103673011064529 0.0752318501472473 -0.0257511604577303 -0.0491705536842346 0.0467783845961094 0.206474810838699 -0.0724548920989037 -999 -0.111183851957321 -0.0974199026823044 -0.137238830327988 -0.206683486700058 -999 -999 0.281052649021149 0.0919793546199799 0.045795913785696 0.0153489764779806 0.00478315958753228 0.00781761296093464 0.400743991136551 0.190624639391899 0.107731305062771 -0.202052786946297 0.116069748997688 0.0204327236860991 -0.152411356568336 -0.168088734149933 0.315667539834976 0.1056989133358
-0.0702118054032326 -0.00488191656768322 0.0279258452355862 -0.0324412398040295 -0.0456538647413254 0.128576412796974 -0.0127211604267359 0.0710155814886093 0.0775635242462158 0.091177724301815 0.0687075182795525 0.0286576766520739 0.0412940196692944 0.029548903927207 0.00561575824394822 0.0609336122870445 -0.0880529060959816 -0.0897712782025337 -0.0979677364230156 0.0206337459385395 -0.00112911418545991 0.0619208253920078 0.0506344027817249 -0.277990251779556 -999 0.044183537364006 -0.00353208417072892 0.040678795427084 -0.118345141410828 0.00770501978695393 0.118079259991646 -0.0495737418532372 0.03608663007617 -0.0827980041503906 -0.0114939557388425 0.175597131252289 0.303839772939682 -0.112828753888607 -0.0705850869417191 -0.0427857860922813 -0.0199866145849228 -0.03248181194067 0.165711656212807
-0.0462071970105171 0.0401102863252163 -0.00446470873430371 0.0586340390145779 0.0386648066341877 0.083616815507412 -0.0387273095548153 -0.00137606903444976 0.10837634652853 0.0842070728540421 0.0631098747253418 -0.00546649843454361 0.0166645441204309 0.0291053801774979 -0.112305268645287 0.0710798725485802 0.0281556993722916 0.167959809303284 0.188557654619217 -0.0115515291690826 -0.07269586622715 -0.0633451864123344 -0.146584033966064 -0.0851675644516945 -0.00915248692035675 -999 0.0288477763533592 -999 0.0900656208395958 0.00231745350174606 0.0283653382211924 0.0297029539942741 0.0951169058680534 -0.149676129221916 -0.0508698038756847 0.0648708790540695 -0.0576232597231865 0.111647017300129 -0.0575327984988689 0.112243719398975 -0.0404319167137146 0.0634782537817955 -0.00862396415323019
-0.0253398716449738 0.0228158328682184 0.0369442850351334 -0.100823640823364 0.0476183034479618 0.0410081297159195 0.0404277183115482 0.0229646768420935 0.105448111891747 0.115799427032471 0.117403879761696 0.0594303794205189 0.157615900039673 0.00147030502557755 -0.0674684792757034 0.101895518600941 0.00967144221067429 0.0594615675508976 -0.06355269998312 0.397318750619888 -999 0.0279406663030386 -0.0186872649937868 -0.0586899779736996 0.0706478878855705 0.0447316281497478 0.0671189203858376 0.145895302295685 0.056710135191679 0.0657515153288841 0.053709726780653 0.0522392429411411 0.0454555153846741 0.0167259033769369 0.0332558676600456 0.106388427317142 -0.0885849371552467 0.0534306094050407 -0.0222647041082382 0.0290608685463667 -0.0392695665359497 0.117132000625134 0.0478208549320698
0.0207145866006613 -0.0967279523611069 -0.0150972045958042 0.0177523884922266 0.0446300804615021 0.0526166968047619 0.0980035439133644 0.0259955208748579 -0.00837178248912096 -0.0273385513573885 0.105824492871761 0.0801693201065063 0.0694275349378586 0.128386422991753 0.0533801801502705 0.0993592292070389 0.084079310297966 0.191845670342445 0.237290039658546 -0.113106317818165 0.088182657957077 0.069423571228981 0.0812528282403946 0.0894398167729378 -0.0383031219244003 0.0120248002931476 -0.0930819809436798 0.0790174677968025 0.123960815370083 -0.0947749316692352 0.0587278753519058 0.0773482173681259 0.197209596633911 0.0338315553963184 -0.000195322558283806 0.0294054038822651 -0.00239263894036412 0.0308429896831512 0.167363956570625 0.159419342875481 0.0933578237891197 -0.0607073344290257 -0.0764508098363876
-0.0816686674952507 0.0276068113744259 -0.0668867975473404 0.0587336197495461 0.0217621754854918 0.0364428572356701 0.0470374040305614 -0.0557267405092716 0.114066191017628 0.0844072476029396 0.00749373575672507 0.227761581540108 -0.0664317235350609 0.207537531852722 -0.0459010787308216 0.0655199959874153 0.0362069644033909 -0.0762936845421791 -999 0.173299431800842 -999 0.185455411672592 -0.00351535528898239 0.0443061403930187 0.0731266662478447 0.0828507021069527 -0.0156794898211956 0.0507883429527283 0.0591133646667004 0.0904016047716141 0.157016023993492 0.215332090854645 0.0743950307369232 -0.00496868789196014 0.051408302038908 0.0451325215399265 0.0791724920272827 0.137295544147491 0.0884382277727127 0.00296229496598244 0.0696498826146126 0.010614300146699 -0.0275896210223436
-0.107193775475025 0.0611383430659771 0.131342679262161 -0.136837169528008 0.024219824001193 0.140117660164833 -0.0492134615778923 0.127384662628174 -0.0160595141351223 0.22257125377655 0.110193118453026 0.175204336643219 -0.0735279023647308 -0.0168339442461729 -0.00246576964855194 0.0698348134756088 0.0324529856443405 0.0561713203787804 -999 0.120430931448936 0.219322383403778 -0.0275414288043976 -0.0327323526144028 0.00732077658176422 0.0516424439847469 -0.0311162173748016 0.0674118548631668 0.0983941256999969 0.00961197353899479 -0.0659791827201843 0.0813959985971451 -0.0252482071518898 0.177086934447289 0.266045540571213 -0.0559789538383484 0.0734545439481735 0.136528506875038 0.149148762226105 -0.0132836485281587 0.0477622747421265 -0.078882522881031 -0.0466234050691128 0.0543870963156223
0.113935314118862 -0.061131227761507 0.0421822555363178 0.0702488943934441 -0.00209285947494209 0.0192846618592739 0.0114963222295046 0.0010053210426122 0.00675092125311494 0.127840355038643 0.129302263259888 0.197571262717247 0.00414584577083588 0.144321069121361 0.188896387815475 -0.0401191003620625 0.0752227380871773 0.11338697373867 0.200015142560005 -0.0598760545253754 0.167518720030785 0.247464016079903 0.0538087822496891 0.115132935345173 0.136917755007744 0.0553809069097042 0.0304139461368322 -0.0108735412359238 0.0659504532814026 0.0723340585827827 -0.0278263967484236 0.181891247630119 -0.0826225131750107 -0.121435418725014 0.0030496611725539 0.161872327327728 0.111805386841297 -0.0331901162862778 0.0598366521298885 0.033057440072298 0.0803426951169968 0.0613340698182583 0.00148076436016709
0.0121445069089532 -0.0306223388761282 0.12626239657402 0.0183865819126368 0.0513073429465294 0.00737629178911448 0.0494047850370407 0.0413275435566902 0.0756862089037895 0.141887784004211 0.154817253351212 0.196203604340553 -0.0073484294116497 0.1730837225914 -0.129212275147438 0.195967495441437 0.0673204511404037 0.044814869761467 -0.023320535197854 0.0886801481246948 -0.0114186955615878 0.00994298607110977 -0.0143921859562397 0.203704863786697 -0.00209078937768936 0.0118700843304396 -0.00589630426838994 0.176010563969612 0.268102467060089 0.041637871414423 0.115332014858723 0.272635608911514 0.124686315655708 0.111627027392387 0.223685428500175 0.133666649460793 -0.147021904587746 0.0706709697842598 0.164806559681892 0.0387774258852005 0.113780446350574 0.128192231059074 0.0179052371531725
0.0443978272378445 0.038459986448288 0.00916161667555571 0.0373346395790577 0.113056860864162 0.0727377384901047 -0.0346608981490135 0.024374483153224 0.063923642039299 0.0754656791687012 0.0660066604614258 0.121773555874825 -0.052688829600811 -0.212885245680809 -0.00314940023235977 -0.0181544292718172 0.116819322109222 0.144213959574699 -0.0799362659454346 0.0747713223099709 0.0837528929114342 0.180940240621567 0.0973950922489166 0.150297299027443 0.292004346847534 0.0583850964903831 0.019483158364892 0.108667083084583 0.170210361480713 0.076554000377655 0.176507607102394 0.136972859501839 0.027676785364747 0.0859695002436638 0.151546522974968 0.0370065867900848 0.0115776574239135 0.103000827133656 0.132768556475639 -0.0552882663905621 0.0473949909210205 0.126408770680428 0.0948942303657532
-0.0320841670036316 0.017405916005373 -0.0339099988341331 0.00131086679175496 0.169983968138695 0.0393575951457024 0.0713717713952065 0.0649674534797668 0.127453491091728 0.0313891917467117 0.120736569166183 0.145905017852783 -0.0139098325744271 -0.0684391856193542 -0.0174696911126375 0.0635006353259087 0.0684755071997643 0.089236743748188 -0.0271103549748659 0.101661331951618 0.217937931418419 0.21914629638195 -0.0132582290098071 0.0295938588678837 0.00599985709413886 0.0335504822432995 -0.0433249659836292 0.0222166385501623 0.118433304131031 0.242217555642128 0.189955368638039 0.00496888300403953 0.092890702188015 0.0655947029590607 0.0265885517001152 0.0527717657387257 0.0263853520154953 0.0489160530269146 0.113890707492828 0.0891440808773041 0.126908257603645 0.177834704518318 0.0252624750137329
0.0206064842641354 0.0275536049157381 -0.00325099728070199 0.0657187551259995 0.0568170510232449 0.055333998054266 0.04379628226161 0.0240791961550713 0.146631732583046 0.0880278423428535 0.070639468729496 -0.03623066842556 0.00377129763364792 0.0494073145091534 0.0282137524336576 0.108492955565453 0.108782634139061 0.0998407378792763 0.145921990275383 0.126609668135643 0.0622405931353569 0.0286581162363291 0.0715784579515457 0.115645609796047 0.139927521348 0.137320935726166 0.0107627203688025 0.141622319817543 -0.0340670421719551 0.0522149913012981 0.139161378145218 0.0436349026858807 -0.0435993112623692 0.0937293842434883 0.0773663446307182 0.0885252431035042 0.0762039870023727 0.0110407015308738 0.0566530972719193 0.13323175907135 0.0960406512022018 0.101945839822292 0.146014481782913
0.0608966872096062 0.0448764972388744 -0.0345743149518967 -0.019497461616993 0.0815334692597389 -0.0335694067180157 0.0225325245410204 -0.0411561690270901 0.0424068756401539 0.0342317558825016 0.0914517045021057 0.0063617411069572 0.111760079860687 0.0897242650389671 -0.0704215615987778 0.0211009290069342 -0.0215876325964928 0.249302476644516 0.215872943401337 0.161388099193573 0.129179283976555 -0.0483310893177986 0.11570006608963 0.108930587768555 0.0939691439270973 0.206538826227188 0.00998032744973898 0.0943312868475914 0.0369169339537621 0.174933403730392 0.218459263443947 0.114872582256794 0.124862745404243 0.0469612814486027 0.203660756349564 0.0706860199570656 0.0930880233645439 0.0860630050301552 -0.0297881904989481 0.177734181284904 0.18588949739933 0.106328368186951 0.148018032312393
0.0390697121620178 0.0496484450995922 0.00216711359098554 0.0697365775704384 0.0877102166414261 0.0695496425032616 0.0774133428931236 0.0244717765599489 0.00567534565925598 0.0646803230047226 0.210738241672516 0.0424824915826321 -999 0.0792549476027489 0.194982841610909 0.123204745352268 -0.0409098789095879 0.170246005058289 0.188418567180634 0.0440243072807789 0.168436527252197 0.118641912937164 0.170803174376488 -0.0124995680525899 -0.0418486073613167 0.0726320892572403 -0.0526284202933311 0.163993030786514 0.060225497931242 0.132127553224564 0.195611178874969 0.127973183989525 0.119268655776978 0.341217458248138 0.182552769780159 0.0403422079980373 0.108386054635048 0.11489687114954 -0.118407309055328 0.14619405567646 0.129517674446106 0.117800533771515 0.122598424553871
0.00479207467287779 0.226459473371506 0.0622407980263233 -0.0506649576127529 -0.0237914081662893 0.00943685229867697 0.0555553399026394 0.133705794811249 0.226199820637703 0.0316392965614796 0.00683903694152832 0.0465111024677753 0.0969592034816742 0.0388094745576382 0.11069667339325 0.0276960395276546 0.188387081027031 0.214951381087303 0.0707934573292732 0.0760219246149063 0.160478457808495 0.19048298895359 0.0266016740351915 0.12920144200325 0.0923099294304848 0.115867190063 0.120943054556847 0.00272411899641156 0.134375914931297 0.120404317975044 0.0665290057659149 0.198806211352348 0.113331019878387 0.233513295650482 0.121129468083382 0.165052443742752 0.241800785064697 0.0539064817130566 -0.00837627984583378 0.22971422970295 0.0770740807056427 0.117928512394428 0.0937428250908852
0.00345843727700412 0.0405186451971531 0.0646969825029373 0.0267412550747395 -0.0204058904200792 0.0393727496266365 0.0279119275510311 0.0281714480370283 0.105783924460411 0.0015466520562768 0.0787537768483162 -0.0122740222141147 0.0976078659296036 0.0712527334690094 0.0797811672091484 0.00553791876882315 0.166155397891998 0.149996638298035 0.123543873429298 0.0764892920851707 0.175937905907631 0.19877964258194 -0.0598667450249195 0.144915446639061 -0.0109617887064815 0.123045563697815 0.0156093742698431 0.19056861102581 0.177612990140915 -0.0349198393523693 0.1075404509902 0.00709716742858291 0.08621496707201 0.17392486333847 0.0894380956888199 0.108381345868111 0.0551117435097694 0.0944819226861 0.0872533023357391 0.109933279454708 0.15895988047123 0.0837210863828659 0.182333111763
