assets/gome_f/processed/ascii/us/gome_sif_US_20110301.asc
NCOLS 116 
NROWS 53 
XLLCORNER -125 
YLLCORNER 24.5 
CELLSIZE 0.5 
NODATA_value -3.4e+38 
[rows 19 to 37 of 53, columns 43 to 85 of 116]
-0.0141475470736623 0.0230053849518299 0.0375939011573792 0.0172339994460344 0.0593657307326794 -0.0127769550308585 -0.108071282505989 0.208467870950699 0.1488316655159 0.0944153890013695 0.0181705877184868 0.0928061157464981 -0.00769989565014839 0.0810745805501938 -0.00205524801276624 0.14042030274868 0.000719279050827026 -0.0736777484416962 0.0110057694837451 0.190883845090866 0.136363461613655 0.0572149381041527 0.0661898627877235 0.0381579697132111 0.0993607640266418 0.122135736048222 0.0856353491544724 -0.00768796307966113 0.00696161529049277 0.056105550378561 7.68216923461296e-05 0.0687480568885803 0.0160652920603752 0.0500817187130451 0.231353223323822 0.0626174286007881 0.079728864133358 0.109761200845242 0.0893942192196846 0.0123203173279762 0.158676713705063 0.0522654838860035 0.180476412177086
0.030389416962862 0.0383096002042294 0.0320116728544235 0.149569347500801 0.157923832535744 0.0962390452623367 -0.00121590844355524 -0.00094900414114818 -0.0332194268703461 0.0854095593094826 0.147003754973412 0.0404330715537071 0.0699939578771591 -0.06592807918787 0.0927499234676361 0.114769227802753 0.0280013736337423 0.027720857411623 0.114890858530998 0.0829298123717308 0.167322009801865 0.200787350535393 0.108021780848503 0.13618478178978 -0.0620148479938507 0.132268488407135 0.153295636177063 0.0144311627373099 0.0543468557298183 -0.113956518471241 0.121344640851021 0.0493048243224621 0.0964524075388908 0.0391488969326019 -0.0397188998758793 0.181998550891876 0.1122662499547 0.143834307789803 0.0724681988358498 -0.0936656445264816 0.0662099346518517 0.017063831910491 0.191261500120163
-0.148027971386909 0.0924016758799553 0.0469957031309605 -0.01567367836833 0.0793125331401825 0.0500763654708862 0.0276504661887884 0.0278317090123892 0.11738833039999 0.0553517714142799 -0.0713163241744041 0.0754715353250504 0.0520697124302387 0.15065835416317 0.0539088360965252 0.0439812839031219 0.0520164035260677 -0.0124880895018578 0.145117208361626 0.148699402809143 0.0327611975371838 0.0713393241167068 0.0443629920482635 0.119084052741528 0.196714282035828 0.0805596187710762 0.112434215843678 0.15619845688343 0.0696625486016273 -0.102020055055618 0.140430107712746 0.0589666627347469 0.067076601088047 0.10997811704874 0.0383287258446217 0.0326962023973465 0.044731717556715 0.0362225435674191 0.015015821903944 0.113580122590065 0.0686939880251884 0.0370429567992687 0.193657949566841
-0.00709408521652222 0.021625068038702 0.0635067969560623 0.14551118016243 0.00451020803302526 -0.0225646756589413 -0.00575195299461484 0.0665777996182442 0.0935552343726158 0.124567963182926 0.0249786004424095 -0.0626164749264717 0.132603868842125 0.00687473313882947 0.104671932756901 0.00642922427505255 0.134097054600716 0.175205186009407 -0.0701422095298767 0.00213594525121152 -0.0957115814089775 0.111250817775726 0.0746359378099442 0.149779573082924 0.0241660214960575 0.0377021804451942 0.0690787732601166 -0.0245929788798094 0.0580652393400669 -0.0695640295743942 0.0552250035107136 0.0557952225208282 0.0449816174805164 0.0224141534417868 0.119020015001297 0.10697478801012 0.0607758872210979 0.0304112732410431 0.139026984572411 0.0966796800494194 0.066944882273674 0.0820237249135971 0.0726636722683907
0.020784392952919 0.0269244555383921 0.0968849137425423 0.128655418753624 0.0339771583676338 0.10163077712059 0.0760946869850159 0.172257885336876 0.0400298051536083 0.0735048055648804 0.110675595700741 0.0744016245007515 0.101917557418346 -0.0269966423511505 0.10427887737751 0.0424045845866203 0.0419463105499744 -0.047015342861414 0.142512515187263 0.144795790314674 -0.167563289403915 0.014680840075016 0.262697547674179 0.116857722401619 0.0955551564693451 0.00437523610889912 0.11927642673254 0.14829994738102 0.0441736802458763 0.0566046647727489 0.00227500637993217 0.0919852629303932 0.151586204767227 0.0173834767192602 0.166871577501297 0.00646250555291772 0.225178480148315 0.169672384858131 0.0596729703247547 -0.0315613262355328 0.174351558089256 -0.0180872958153486 0.0107789421454072
-0.0130826085805893 0.0176689755171537 0.0528430417180061 0.0840926617383957 0.0316323600709438 0.03091986104846 0.118875630199909 0.0641603916883469 0.034797690808773 0.0824888870120049 0.0107890516519547 0.151179939508438 0.20611073076725 0.163346379995346 0.0572851486504078 -0.0409590043127537 0.0793389081954956 0.108735494315624 0.12033973634243 0.128342479467392 0.0671474412083626 0.110146559774876 0.208321765065193 0.0795854032039642 0.0467694699764252 0.104312777519226 0.138102382421494 0.328910619020462 0.0912579372525215 0.115837812423706 0.0748045742511749 0.151801615953445 0.262761652469635 0.059705376625061 0.109409548342228 0.0787017419934273 0.0871360152959824 0.176001846790314 0.062816396355629 0.0597374550998211 0.140793204307556 -0.0314332991838455 0.0352024659514427
-0.00585930095985532 -0.0166802946478128 0.111270174384117 0.100347504019737 0.129017218947411 0.10465145111084 0.106569245457649 0.00614642770960927 0.0528126694262028 0.11911690980196 0.141764685511589 0.158523708581924 0.194983124732971 0.08341134339571 0.0911428108811378 0.00367255508899689 0.0491826198995113 0.133861005306244 0.129463955760002 0.0683081671595573 0.147717967629433 0.148871898651123 0.123303472995758 0.198322042822838 0.0706043317914009 0.15653184056282 0.127692341804504 0.202922433614731 0.104708075523376 0.164931148290634 0.0334374979138374 0.107353135943413 0.0740078538656235 0.186429545283318 0.164011374115944 0.112362079322338 0.226667061448097 0.126550331711769 0.182813167572021 0.241023659706116 0.0880209282040596 0.0138523941859603 -0.0569350235164165
0.00257948832586408 -0.101088188588619 0.0532044358551502 0.136452525854111 0.128013536334038 0.163645952939987 0.142288625240326 0.013671007938683 0.175192013382912 0.130163758993149 0.210763171315193 0.189198940992355 0.209890946745872 0.152378752827644 0.19282303750515 0.0906005725264549 0.036189142614603 0.146319046616554 0.0532824471592903 0.0631797611713409 0.208511963486671 0.178335830569267 -0.0511972568929195 0.150205239653587 0.0717647150158882 0.111481621861458 0.0932074338197708 0.231218084692955 0.100532747805119 0.233692735433578 -0.0280468352138996 0.147152870893478 7.44485296308994e-05 0.23861762881279 0.185496002435684 0.318122118711472 0.243899688124657 0.217285722494125 0.154895156621933 0.254205465316772 0.189293175935745 0.0924264192581177 0.0247371327131987
0.0356302410364151 -0.00418395968154073 0.136872142553329 0.105719096958637 0.104045882821083 0.06757802516222 0.128150016069412 0.0409047715365887 0.12004578858614 0.186286047101021 0.226468786597252 0.505399227142334 0.0338995419442654 0.243722021579742 -0.0315062440931797 0.10957808047533 0.128355666995049 0.0700654834508896 0.283398449420929 0.324371993541718 0.31774565577507 0.114697150886059 0.193604052066803 0.0676870793104172 0.0785149410367012 0.138013690710068 0.0840877294540405 0.00660930760204792 0.138877779245377 0.223027780652046 0.139754578471184 0.0547611825168133 0.111720897257328 0.0617906674742699 0.128475874662399 0.235368132591248 0.263088703155518 0.24621444940567 0.0379190258681774 0.0797522887587547 0.0412872470915318 0.120962396264076 -0.0760384574532509
0.0594184622168541 0.0645392313599586 0.0337452851235867 -0.0229287371039391 0.0535544045269489 0.13565830886364 0.159669816493988 0.0385577194392681 0.0804434791207314 0.209182009100914 0.311422884464264 0.467404246330261 0.157502874732018 0.241472095251083 0.155489593744278 0.110505774617195 0.101260729134083 0.214907810091972 0.0462173856794834 0.184832185506821 0.203018441796303 0.104790382087231 0.113342449069023 0.0153655568137765 0.184247449040413 0.0938343107700348 0.0875250846147537 0.0810644179582596 0.153540447354317 0.223005458712578 0.179379820823669 0.187764927744865 0.247753545641899 0.313731402158737 0.244045570492744 0.0742704495787621 0.0669973343610764 0.184983551502228 0.0971745103597641 -0.00194770295638591 0.0954093113541603 0.161315739154816 0.243531301617622
0.0955823212862015 0.0477265827357769 0.0493129678070545 0.0441318973898888 0.0951953157782555 0.0671960711479187 0.0630794391036034 0.0968457534909248 0.150159195065498 0.235408380627632 0.288653165102005 0.308692634105682 0.307822853326797 0.204022690653801 0.0894512608647346 0.241951927542686 0.097131684422493 0.179473578929901 0.181818172335625 0.170618638396263 0.307126730680466 0.183049559593201 0.10118418186903 0.133361607789993 0.0811507701873779 0.113583080470562 0.0853553712368011 0.00936900265514851 0.165754988789558 0.370018035173416 0.161519676446915 0.20567524433136 0.225570619106293 0.285032123327255 0.158888325095177 0.13979934155941 0.228690192103386 0.145702466368675 0.129063040018082 0.120325893163681 0.204773560166359 0.152564525604248 0.137487977743149
0.0743633806705475 0.0613188743591309 0.0697174444794655 0.129038602113724 0.0508738942444324 0.0904024019837379 0.06777174025774 0.104107275605202 0.109051145613194 0.282072424888611 0.354220181703568 0.245021149516106 0.15589714050293 0.0980491787195206 0.166445314884186 0.1832115650177 0.0635295435786247 -0.00163520930800587 0.18568816781044 0.152077049016953 0.252072900533676 0.158352479338646 0.123175457119942 0.140768647193909 0.0774127766489983 0.116067811846733 0.0970943123102188 0.249959841370583 0.149848818778992 0.263034224510193 0.16805961728096 0.126433134078979 0.163799539208412 0.140836894512177 0.0486046746373177 0.183542370796204 -0.0938430652022362 0.101254835724831 0.168364629149437 0.223685577511787 0.0901157185435295 0.203955739736557 -0.0091056190431118
0.0338063128292561 0.0724390223622322 0.0507946908473969 0.118008680641651 0.12707793712616 0.0852591544389725 0.0841083228588104 0.0543792359530926 0.154907494783401 0.230667591094971 0.203729346394539 0.177682265639305 0.226368635892868 0.23608872294426 0.171805694699287 0.0521107241511345 0.189493119716644 0.0325963236391544 0.118183299899101 0.156657040119171 0.14609269797802 0.134145960211754 0.0508520565927029 0.172272711992264 0.137775927782059 0.207840323448181 0.0523418374359608 0.132535368204117 0.222227856516838 0.253858864307404 0.186992928385735 0.166492909193039 0.0911648720502853 0.347375720739365 0.422188133001328 0.174231395125389 0.227012753486633 0.188704282045364 0.107293777167797 0.210886061191559 0.160578265786171 0.191715687513351 0.138046115636826
0.0784796550869942 0.0403560809791088 0.108026705682278 0.0767045766115189 0.0166284833103418 0.0407220348715782 0.0741487219929695 0.0823484808206558 0.184039324522018 0.218217924237251 0.175526484847069 0.0728799626231194 0.0832221731543541 0.142807379364967 0.117416478693485 0.186574041843414 0.21479743719101 0.136474043130875 0.247612074017525 0.167703866958618 0.18559655547142 0.19064998626709 0.048847384750843 0.187481895089149 0.185619562864304 0.144972607493401 0.139010682702065 0.107239097356796 0.261112213134766 0.211832374334335 0.172092884778976 0.12730148434639 0.299092143774033 0.298040330410004 0.500574171543121 0.125773325562477 0.114002771675587 0.226636707782745 0.153593152761459 0.209391564130783 0.133326962590218 0.037629920989275 0.0875074416399002
0.124690748751163 0.10038935393095 0.0897160843014717 0.0918750017881393 0.0872954055666924 0.0556725151836872 0.0690620392560959 0.0675672963261604 0.112650386989117 0.160808220505714 0.176659226417542 0.199087038636208 0.0594267249107361 0.200747415423393 0.163596823811531 0.183734536170959 -0.00965046882629395 0.255631804466248 0.146679475903511 0.0919323340058327 0.239196613430977 0.161502912640572 0.242414832115173 0.182822361588478 0.109603464603424 -0.0265949890017509 0.11459219455719 0.165387958288193 0.238001644611359 0.216329514980316 0.208608373999596 0.0866265594959259 -0.20210736989975 0.295364230871201 0.238903880119324 0.244395330548286 0.171098306775093 0.158040955662727 0.109315223991871 0.147280722856522 0.183563753962517 0.211438298225403 0.253207057714462
0.0244034957140684 0.0383427254855633 0.0169949512928724 0.0468825288116932 -5.71438831684645e-05 0.0204356778413057 0.163655757904053 0.155672341585159 0.188267454504967 0.32713058590889 0.162447050213814 0.2000582665205 0.245978683233261 0.185497164726257 0.238206997513771 0.211807727813721 0.293728679418564 0.26255214214325 0.272583603858948 0.338934540748596 0.126935824751854 -0.00112856598570943 0.225044727325439 0.289657771587372 0.12945057451725 0.189469814300537 0.135496973991394 0.078277662396431 0.0253946296870708 0.250539898872375 0.205246135592461 0.168774008750916 0.227900981903076 0.0746215358376503 0.194090485572815 0.343794912099838 0.211755245923996 0.0961454510688782 0.140094131231308 0.17676055431366 0.272792905569077 0.220323383808136 0.250793606042862
0.0352213643491268 0.0445490293204784 0.0105172488838434 0.0677545070648193 0.079086035490036 0.0997893437743187 0.00199800031259656 0.161426872014999 0.0633906945586205 0.115424923598766 0.301800429821014 0.0970778316259384 0.219428807497025 0.264206975698471 0.250059545040131 0.275606662034988 0.224908858537674 0.246144533157349 0.14710196852684 0.676725447177887 0.284398347139359 -999 0.218742281198502 0.17322750389576 0.147790253162384 0.0824972912669182 0.035242885351181 0.27526643872261 0.170008316636086 0.217406928539276 0.328514277935028 0.152669757604599 0.180086567997932 0.182525783777237 0.117068745195866 0.304427564144135 0.0902726575732231 0.251505851745605 0.240218639373779 0.251813441514969 0.109739691019058 0.210707992315292 0.253488391637802
0.075944758951664 0.0564871616661549 0.0926374867558479 0.0127295404672623 0.0575174614787102 0.134392440319061 0.0426317453384399 0.100619457662106 0.114330299198627 0.136765941977501 0.272163927555084 0.216182634234428 0.133680760860443 0.237548917531967 0.256546586751938 0.141165196895599 0.272024363279343 0.250961422920227 0.205550462007523 0.0356275290250778 0.253667593002319 0.163228005170822 0.34191420674324 0.190466955304146 0.249688386917114 0.168522134423256 -0.00905731320381165 0.205592468380928 0.317525714635849 0.264586061239243 0.219600290060043 0.29015576839447 0.273689359426498 0.164216890931129 0.238712757825851 0.148014336824417 0.222981795668602 0.170405611395836 0.272062569856644 0.24992647767067 0.188579797744751 0.226463183760643 0.218611568212509
0.0368684306740761 -0.0413503088057041 0.00674413284286857 -0.0661051943898201 0.0624680742621422 0.0523490607738495 -0.0126463361084461 0.127993926405907 0.0967512652277946 0.134582802653313 0.264348924160004 0.136712640523911 0.109009221196175 0.126255929470062 0.269082218408585 0.392655670642853 0.174909636378288 0.132968738675117 0.340946078300476 0.236270979046822 0.16042272746563 0.294876545667648 0.399886518716812 0.259801805019379 0.0834980607032776 0.236626163125038 0.223674744367599 0.183177039027214 0.189123809337616 0.169587448239326 0.263928771018982 0.0773180350661278 0.243369817733765 0.285432785749435 0.224136874079704 0.187215253710747 0.195099011063576 0.148544386029243 0.224378123879433 0.266316682100296 0.261954635381699 0.447300523519516 0.157530531287193
