assets/gome_f/processed/ascii/us/gome_sif_US_20130401.asc
NCOLS 116 
NROWS 53 
XLLCORNER -125 
YLLCORNER 24.5 
CELLSIZE 0.5 
NODATA_value -3.4e+38 
[rows 0 to 18 of 53, columns 0 to 43 of 116]
-0.020324742421508 -999 -999 0.0702207460999489 -999 0.470444947481155 -0.148348733782768 -0.0344997346401215 0.167833894491196 0.0943606123328209 0.109238117933273 0.0853634253144264 -0.0518868789076805 -0.159909203648567 -999 -999 -999 -999 0.113896586000919 -999 -0.0737437680363655 0.118880555033684 0.0794202908873558 0.173825159668922 0.0292442347854376 -0.0693401843309402 -0.00837205536663532 -0.0512921623885632 -0.0701300948858261 0.0531641915440559 0.17391300201416 0.00689127715304494 -0.128547891974449 -0.0637796446681023 0.369294285774231 0.446070551872253 0.0548812784254551 -0.179133474826813 -999 -999 -999 -999 -999 -999
0.0586289502680302 0.123364329338074 -0.0663716495037079 -999 -999 -999 0.420100688934326 0.289351731538773 0.101270854473114 0.134273111820221 0.0564836859703064 0.265667617321014 0.331211358308792 0.128734678030014 0.195341229438782 -999 -999 -0.0243968404829502 -0.0568855293095112 0.00644579529762268 -999 0.105948127806187 -0.00731912301853299 0.0428486131131649 0.0595429353415966 0.0481581091880798 0.00530666811391711 0.098221592605114 0.129049465060234 0.140579953789711 0.0707801952958107 0.016197320073843 -0.0814607813954353 -0.240329623222351 0.00373117881827056 -0.326569676399231 -999 -0.26204925775528 -999 -0.282577961683273 -999 -999 -999 -999
0.22535814344883 0.146415546536446 0.112670585513115 -0.0571902096271515 0.170527458190918 0.265216588973999 0.0990423411130905 0.171611860394478 -0.00847720354795456 0.168839871883392 -0.0790391191840172 0.0910996869206429 0.108029179275036 -0.0648513585329056 0.342647194862366 0.211971178650856 -0.0257163494825363 -0.0436868444085121 -0.040456760674715 0.000956726551521569 0.2276761084795 0.144286870956421 0.281747549772263 -0.0855755731463432 0.0311632100492716 0.0200339611619711 -0.0192825943231583 -0.0540636442601681 0.19923560321331 0.0187989454716444 0.0828661397099495 -0.000891543924808502 0.0385373309254646 -0.181111574172974 -0.106454119086266 0.274723440408707 -999 -0.251462459564209 -999 0.245857283473015 -999 -0.141586810350418 -999 -999
0.300569862127304 0.178492903709412 0.096487432718277 -0.00365176377817988 0.172328472137451 0.0666017532348633 0.408979386091232 0.0432998389005661 0.0396062284708023 0.108392260968685 0.19665265083313 0.173977300524712 0.0452322214841843 0.114626169204712 0.140253663063049 0.0892342180013657 0.0223792213946581 0.165990352630615 0.0734788104891777 0.0622079558670521 0.0779915302991867 -0.0421904027462006 0.193393975496292 0.2222570925951 0.0769956931471825 -0.0535227097570896 0.0417763814330101 0.0644095242023468 0.145326122641563 0.0537344068288803 -0.127876281738281 -0.0762149393558502 -0.0579585246741772 -0.179976522922516 -0.154332175850868 -0.0501059368252754 -0.253582686185837 -0.567303538322449 -0.0312169417738914 -0.359800487756729 -999 0.193722426891327 -999 -0.00781649816781282
-0.0525854118168354 0.125551283359528 0.256196886301041 0.239150911569595 0.127771377563477 0.41185674071312 0.149024218320847 0.194348514080048 0.0243934877216816 0.180237621068954 0.156965106725693 0.0654951333999634 0.0699407458305359 0.266980439424515 -0.0458142980933189 0.23428475856781 0.0225124359130859 0.144033312797546 0.098240040242672 -0.0308385733515024 0.0350774750113487 0.26335346698761 -999 0.246548280119896 0.148006081581116 -0.00880782399326563 0.0230259969830513 0.14685894548893 0.118278734385967 -0.106407150626183 0.0676249042153358 0.022107707336545 0.0898449718952179 0.0266224909573793 0.114914491772652 -0.0512236244976521 -0.242909371852875 -0.0657639354467392 -0.458707422018051 -0.243817493319511 -0.183110430836678 -0.0219880510121584 -0.31287032365799 -999
0.034842524677515 0.224394872784615 0.371926158666611 0.181757181882858 0.250655829906464 0.0329420380294323 0.167994648218155 0.0168942138552666 0.174988001585007 0.159119591116905 0.112592801451683 0.0384674742817879 0.20804537832737 0.0526164472103119 0.20793741941452 0.149843454360962 0.0941270887851715 -0.00394951412454247 0.0749666690826416 0.03773233294487 0.107105478644371 0.0292554292827845 -0.126817181706429 0.251378089189529 0.129618391394615 -0.0329027324914932 0.0301560405641794 0.129473760724068 0.023417579010129 0.129253804683685 0.085406593978405 -0.143395155668259 0.0803444385528564 0.0366078168153763 -0.0718117579817772 -0.132037252187729 -0.0201139003038406 0.032044343650341 -0.0753638818860054 -0.24243438243866 -0.260054856538773 0.0160048268735409 -0.00713328411802649 -0.201652899384499
0.0623852834105492 -0.0551438145339489 0.075809620320797 0.254874110221863 0.228651270270348 0.239117234945297 0.0661336034536362 0.117070905864239 0.149026364088058 0.147998318076134 0.137957394123077 0.12076810747385 0.125441327691078 0.123193390667439 0.180027544498444 0.212094977498055 0.312050729990005 0.113612085580826 0.16250516474247 0.112083487212658 0.23779009282589 0.0259642582386732 -0.0119176805019379 0.139482021331787 0.0237404108047485 0.0204458590596914 0.169540300965309 0.179736137390137 -0.00897837802767754 0.169386446475983 -0.0789711996912956 -0.044300701469183 0.151622697710991 0.0777325034141541 0.132916390895844 0.154990524053574 0.00151036493480206 -0.0324885137379169 -0.127512663602829 0.162509903311729 0.0258474759757519 -0.102769285440445 -0.109586752951145 -0.0290972590446472
0.0153821064159274 0.0922916680574417 0.185457676649094 0.254064530134201 0.185245305299759 0.167126834392548 0.31343799829483 0.231687217950821 0.25297287106514 0.30938521027565 0.287020325660706 0.242891952395439 0.367085784673691 0.267742782831192 0.278320819139481 0.17470408976078 0.185181140899658 0.0785790383815765 0.238078206777573 -0.0810445696115494 0.0976204499602318 -0.0268698986619711 -0.0961927697062492 -0.0467443838715553 -0.153822630643845 -0.00474947970360518 0.11555141210556 0.183346480131149 0.147410109639168 0.0304475296288729 -0.0680139660835266 0.21350859105587 0.253761738538742 0.153465390205383 0.0324319675564766 0.028581602498889 -0.0377365723252296 -0.0545076578855515 0.106939792633057 -0.0237066633999348 0.129566639661789 0.0893963500857353 -0.0324295274913311 0.000691716384608299
-0.00898370333015919 0.0472063608467579 0.104904197156429 0.425481706857681 0.294999212026596 0.143847495317459 0.122942999005318 0.195475786924362 0.269504815340042 0.131375581026077 0.332445681095123 0.282637894153595 0.36870488524437 0.312592297792435 0.347235113382339 0.243922978639603 0.265337079763412 0.0885521396994591 0.202501803636551 0.157901600003242 0.100294046103954 0.0836851596832275 0.263449847698212 0.151523172855377 0.0383918918669224 0.0679938271641731 -0.00669765891507268 -0.0251590665429831 0.050664771348238 0.100190371274948 -0.130021184682846 -0.0598553419113159 0.087678387761116 -0.0239939857274294 -0.0345024839043617 0.102723956108093 0.054994560778141 0.0238975267857313 0.0888935923576355 0.027425954118371 -0.0368268005549908 0.0723096877336502 0.12824584543705 0.0451312065124512
-0.0720256567001343 0.00747895846143365 0.0659841895103455 0.272528678178787 0.296009510755539 0.226887300610542 0.242970317602158 0.296692162752151 0.275827318429947 0.138914719223976 0.306562781333923 0.284005522727966 0.349900811910629 0.28039476275444 0.437676340341568 0.249657541513443 0.289368629455566 0.225429981946945 0.1766666918993 0.121369145810604 0.115287892520428 -0.215316772460938 0.203367307782173 0.197345390915871 0.0801856964826584 0.116614557802677 -0.13925164937973 0.0689029917120934 -0.012327840551734 0.0563153401017189 -0.0921637713909149 0.135438576340675 0.0296161081641912 0.0628867745399475 0.0562717095017433 0.144881784915924 0.140188783407211 -0.000952167669311166 0.128210455179214 0.0903141647577286 -0.0468619763851166 0.152038648724556 -0.0145934540778399 0.0444988757371902
0.0137312738224864 0.0707375928759575 0.222021892666817 0.329850405454636 0.249291643500328 0.411560028791428 0.244773611426353 0.227730542421341 0.312939941883087 0.175116881728172 0.29295751452446 0.299348175525665 0.360353648662567 0.207998692989349 0.282930850982666 0.22339004278183 0.184828698635101 0.0295027792453766 0.0793019011616707 -0.103759720921516 0.147074446082115 0.31746181845665 0.0663504600524902 -0.136672735214233 -0.00419406360015273 0.0746404454112053 -0.156322300434113 -0.0411956124007702 -0.11887339502573 -0.290956109762192 0.154696509242058 0.0434877797961235 -0.00122813880443573 0.0162661466747522 0.0263827256858349 0.0413129478693008 0.0636403560638428 0.235730528831482 -0.0510578006505966 0.106882862746716 0.0423608832061291 0.0597517229616642 0.247883915901184 0.0708578005433083
0.104982681572437 0.124317929148674 0.356778830289841 0.450249373912811 0.41877669095993 0.436187565326691 0.214856535196304 0.29486158490181 0.206180915236473 0.181175798177719 0.156438991427422 0.111310802400112 0.198826089501381 0.178401857614517 0.0505447685718536 0.183785021305084 0.401772052049637 0.154836371541023 0.304167956113815 0.012734386138618 0.0298909936100245 0.071358896791935 -0.0433228388428688 0.0697052925825119 -0.0151002109050751 0.0962422862648964 0.107683338224888 -0.12618350982666 0.0790551602840424 0.0563156567513943 0.297743707895279 0.228004708886147 0.307629823684692 0.0817956477403641 0.229054883122444 0.189377754926682 -0.0589471235871315 0.0897337421774864 0.275776296854019 -0.114064283668995 0.0887513384222984 0.00587790086865425 0.105820029973984 0.0539879351854324
-0.0409963168203831 -0.0887025445699692 0.298657596111298 0.303246706724167 0.639271378517151 0.304934620857239 0.252931624650955 0.0469251200556755 0.189870074391365 0.0271268989890814 0.115676082670689 0.137775123119354 0.243070513010025 0.207745894789696 0.182214617729187 0.0537335723638535 0.0734259933233261 0.108258731663227 0.0115280635654926 0.147777363657951 0.20018595457077 -0.130928203463554 0.0672760158777237 0.0730291679501534 -0.032080989331007 -0.295721590518951 0.0347882881760597 0.0388151220977306 -999 -999 0.0979494675993919 -0.395596832036972 -0.0605026893317699 0.00919537059962749 0.21390974521637 0.131036192178726 -0.169453218579292 0.033307246863842 0.100488059222698 0.103952750563622 -0.0722945556044579 0.0371827036142349 0.0980562791228294 0.0961063504219055
0.0256888326257467 0.179182320833206 0.106765247881413 0.365822613239288 0.379414021968842 0.295412361621857 0.212345942854881 0.118690334260464 0.115084446966648 0.034635528922081 0.125863760709763 0.178039982914925 0.0237993039190769 0.147210702300072 0.109262727200985 0.194278344511986 0.207597479224205 0.0222646594047546 0.143859460949898 -0.128877356648445 0.0357885584235191 0.129341021180153 0.0843454226851463 0.0966121032834053 -0.0667579099535942 -0.0953063070774078 0.231809392571449 -0.282108873128891 -999 -999 -999 -0.301915496587753 0.0893220081925392 0.160108014941216 -0.012247372418642 -0.182309105992317 -0.118295684456825 0.0745726153254509 -0.0711771249771118 0.154031693935394 0.0835885629057884 -0.0515350624918938 -0.00323856365866959 0.0516386553645134
0.0282505787909031 0.00734580401331186 0.175629422068596 0.390953123569489 0.26339390873909 0.231963649392128 0.201407805085182 0.217660874128342 0.196331813931465 0.116810284554958 0.130216881632805 0.0948535427451134 0.0517824627459049 0.0965094417333603 0.115081273019314 0.115544050931931 0.169511124491692 0.209124967455864 0.277658343315125 -0.0305985901504755 -0.160321801900864 0.10525207221508 0.0326625667512417 0.0461303927004337 -0.0381330214440823 -0.011035387404263 0.0552707314491272 0.0112718231976032 -0.575477957725525 -999 -999 -0.0063749267719686 -0.00804518163204193 0.10908979177475 -0.0309457089751959 0.0697324648499489 -0.00957315135747194 -0.0480547696352005 -0.0816299840807915 0.0780129879713058 0.0458835698664188 -0.0963775962591171 0.162844091653824 0.00299305352382362
0.0906778946518898 0.265415281057358 0.291836768388748 0.333492130041122 0.29058176279068 0.228765338659286 0.0815243273973465 0.107213497161865 0.0172825735062361 0.0666040927171707 -0.0748029723763466 0.0916604474186897 0.0170403365045786 0.0848524421453476 0.260059416294098 0.130147472023964 0.109223701059818 0.11143197119236 0.153711169958115 0.198153376579285 0.052156787365675 0.135052472352982 0.0576967932283878 -0.0398536622524261 0.0552073046565056 0.0299390014261007 0.170480117201805 -0.0642054229974747 0.291892349720001 0.257672607898712 -999 0.0698643326759338 0.233864948153496 -0.0620306730270386 -0.242835834622383 0.156171038746834 0.100105188786983 -0.177191987633705 0.0321576483547688 -0.0528469048440456 0.222536489367485 -0.0840079784393311 0.0612644106149673 0.24823197722435
0.0905055701732635 0.225676849484444 0.262253016233444 0.31834688782692 0.304197818040848 0.351826041936874 0.15803799033165 0.207410097122192 0.0970069989562035 0.157439365983009 0.0440761893987656 0.11036691069603 0.0343560539186001 0.038230162113905 0.0791473463177681 0.039143405854702 0.0795373097062111 0.00720326323062181 0.0840700939297676 0.206587284803391 0.156505525112152 0.319896906614304 0.227895885705948 0.200767815113068 0.0684996098279953 0.189144030213356 0.0993499681353569 -0.094982735812664 0.0777021571993828 -0.0285715907812119 -0.0442281663417816 -0.0800299942493439 0.166310757398605 -0.122644640505314 -0.0591263212263584 -0.158365562558174 0.191093638539314 0.0126634472981095 -0.245970889925957 0.133198007941246 0.0219811741262674 0.0125671103596687 0.0573987178504467 0.00279399543069303
-0.00750107271596789 0.243999570608139 0.265136897563934 0.294382363557816 0.38684406876564 0.288936138153076 0.183334067463875 0.23849692940712 0.17867611348629 0.161947324872017 0.129343748092651 0.0564076229929924 -0.0220944117754698 -0.0176826678216457 0.0433710739016533 0.160519972443581 0.118576742708683 0.0309584122151136 0.0325017012655735 0.160880327224731 0.197985619306564 0.357139378786087 0.0983185842633247 0.182575330138206 0.0869566947221756 0.0343943983316422 0.0622904859483242 -0.00400101253762841 0.0754392966628075 0.0730327069759369 0.0863479152321815 0.0344860963523388 -0.0629309713840485 -0.0235085971653461 0.0685654133558273 0.0515375845134258 0.117517605423927 -0.0423365868628025 0.0450922548770905 0.0712527334690094 0.107615619897842 -0.124244436621666 0.0070912828668952 0.125552669167519
0.0135638453066349 0.0248660147190094 0.23199999332428 0.240431636571884 0.195544928312302 0.17262901365757 0.167527422308922 0.172781705856323 0.190191805362701 0.0961281955242157 0.086171567440033 0.0451667010784149 0.0547926127910614 0.099452018737793 0.139371410012245 0.0854472219944 0.0810314193367958 0.0875341445207596 0.0894798189401627 -0.00801286287605762 -0.0593141317367554 0.133701547980309 0.102983564138412 -0.0255351010710001 -0.0270000547170639 0.0243642497807741 -0.0028667573351413 0.0585708022117615 0.109684400260448 0.0118060288950801 0.042360857129097 0.0853859707713127 -0.00338300224393606 -0.105726458132267 0.0257449354976416 -0.0598275922238827 0.0614330172538757 0.499413430690765 -0.180244877934456 -0.0911865383386612 0.0241307765245438 0.0522240847349167 0.0104092033579946 0.149191066622734
