assets/gome_f/processed/ascii/us/gome_sif_US_20120601.asc
NCOLS 116 
NROWS 53 
XLLCORNER -125 
YLLCORNER 24.5 
CELLSIZE 0.5 
NODATA_value -3.4e+38 
[rows 19 to 37 of 53, columns 44 to 87 of 116]
0.162450551986694 0.245735794305801 0.279312640428543 0.345547735691071 0.354727655649185 0.427801668643951 0.537753641605377 0.543927848339081 0.631547629833221 0.61865246295929 0.819768965244293 0.863977611064911 0.73910665512085 0.788282215595245 0.746201157569885 0.700680077075958 0.658242106437683 0.690771579742432 0.696848273277283 0.744303703308105 0.934085130691528 0.747466027736664 0.880706965923309 0.765227019786835 0.966261148452759 0.776472866535187 0.729823291301727 0.479530185461044 0.574512541294098 0.697022318840027 0.612460196018219 0.768213212490082 0.544749557971954 0.628835439682007 0.544589757919312 0.550999224185944 0.468788385391235 0.475916773080826 0.545951366424561 0.59805691242218 0.564652681350708 0.599100530147552 0.644132554531097 0.752499878406525
0.176639512181282 0.339506715536118 0.364069253206253 0.341417729854584 0.416317045688629 0.394602745771408 0.671843945980072 0.487819820642471 0.536990344524384 0.680868089199066 0.844034075737 0.568270981311798 0.669172465801239 0.672687351703644 0.560423076152802 0.686017274856567 0.749706149101257 0.721612393856049 0.648573756217957 0.857755064964294 0.72538822889328 0.863560020923615 0.929241180419922 0.821436941623688 0.91751229763031 0.837244749069214 0.838563024997711 0.761618196964264 0.637269079685211 0.721540868282318 0.633608639240265 0.840056300163269 0.777270376682281 0.802524983882904 0.66499274969101 0.71858537197113 0.44107386469841 0.428416162729263 0.597614169120789 0.516033232212067 0.716199457645416 0.830648005008698 0.705152094364166 0.804354608058929
0.204440146684647 0.313288033008575 0.246752664446831 0.332551389932632 0.219532489776611 0.317843109369278 0.372604340314865 0.626362323760986 0.529598712921143 0.579664587974548 0.569361686706543 0.714328944683075 0.589431881904602 0.720965564250946 0.636057257652283 0.699208199977875 0.581332623958588 0.659127175807953 0.752572655677795 0.63793408870697 0.657462954521179 0.819105505943298 0.947715699672699 0.85088312625885 0.922069072723389 0.806670546531677 0.736728549003601 0.820633232593536 0.738166809082031 0.82403689622879 0.824457287788391 0.717731773853302 0.773805618286133 0.810693323612213 0.698608696460724 0.686964213848114 0.5755455493927 0.765962362289429 0.780657887458801 0.671261429786682 0.719550490379333 0.878009736537933 1.01984417438507 0.891248643398285
0.105873920023441 0.212855577468872 0.225897014141083 0.14802373945713 0.271735221147537 0.308956474065781 0.277143985033035 0.312275677919388 0.335722029209137 0.443951815366745 0.458866894245148 0.591723084449768 0.499593079090118 0.629689514636993 0.725540578365326 0.726126372814178 0.732164561748505 0.677377641201019 0.816539645195007 0.716501772403717 0.817852318286896 0.867748975753784 0.747926354408264 0.835449397563934 0.9397012591362 0.842656314373016 0.984499931335449 0.984442830085754 0.852887988090515 0.780985116958618 0.87456613779068 0.857094585895538 0.778723895549774 0.558865129947662 0.693996250629425 0.668507695198059 0.782350063323975 0.676855981349945 0.626361131668091 0.696820080280304 0.913074970245361 0.855573892593384 0.869213104248047 1.0676703453064
0.111379638314247 0.235016748309135 0.168975383043289 0.222130864858627 0.0935982167720795 0.343517422676086 0.124985054135323 0.197462320327759 0.192147955298424 0.310238599777222 0.301328361034393 0.560618758201599 0.53793877363205 0.611752510070801 0.675524353981018 0.580968797206879 0.748355329036713 0.636180937290192 0.768386006355286 0.820638597011566 0.743080914020538 0.746953904628754 0.678931891918182 0.684921026229858 0.864454567432404 0.786682188510895 0.757697701454163 0.935816884040833 0.934416532516479 0.843763768672943 0.86997377872467 0.957289457321167 0.888597786426544 0.881514847278595 0.807427287101746 0.660670638084412 0.748957276344299 0.886136710643768 0.776059806346893 0.823884427547455 0.850707590579987 0.934110581874847 0.957135319709778 1.05447232723236
0.0305102560669184 0.148085713386536 0.204391106963158 0.0754350572824478 0.127045720815659 0.119450114667416 0.149940833449364 0.273069769144058 0.252966105937958 0.305061817169189 0.412814736366272 0.415288954973221 0.497020691633224 0.516431450843811 0.689374566078186 0.62624329328537 0.686046719551086 0.674607038497925 0.58059287071228 0.828133165836334 0.809515595436096 0.638859570026398 0.633281409740448 0.827141165733337 0.555647969245911 0.816283464431763 0.633882403373718 0.701501071453094 0.766933023929596 0.89071923494339 0.787702858448029 0.673642694950104 0.75246000289917 0.824417233467102 0.718076884746552 0.911510586738586 0.991680502891541 0.910622954368591 0.898262202739716 0.894626021385193 0.896569609642029 0.965788841247559 0.925603568553925 0.937383949756622
0.150151133537292 0.0714824870228767 0.09274011105299 0.197852343320847 0.204128712415695 0.111936934292316 0.223641127347946 0.194739073514938 0.217076942324638 0.322813719511032 0.446904838085175 0.413276821374893 0.616145014762878 0.411863684654236 0.599132359027863 0.600370764732361 0.759814083576202 0.631190717220306 0.661451280117035 0.861761868000031 0.778551518917084 0.804009020328522 0.694845616817474 0.906898558139801 0.793224334716797 0.661730945110321 0.61191588640213 0.736821115016937 0.736773014068604 0.691512763500214 0.768355071544647 0.777163147926331 0.803229749202728 0.920779705047607 0.73440021276474 0.891809642314911 0.843442916870117 0.840907156467438 0.858023583889008 0.944807708263397 0.873404026031494 0.946365296840668 1.02585196495056 0.933460652828217
0.146443009376526 0.134363293647766 0.201357498764992 0.237458884716034 0.255075067281723 0.276039034128189 0.107672572135925 0.283887475728989 0.19914598762989 0.36036542057991 0.378155797719955 0.443359076976776 0.527363300323486 0.693105697631836 0.766607284545898 0.616327404975891 0.682173073291779 0.749699831008911 0.704455137252808 0.829877555370331 0.719405114650726 0.860563039779663 0.818657755851746 0.842649579048157 0.891255974769592 0.647077441215515 0.708510220050812 0.562997817993164 0.807115316390991 0.795236766338348 0.818634688854218 0.988355159759521 0.849300622940063 0.906100690364838 0.892282485961914 0.808132171630859 0.918498635292053 0.905386388301849 0.827102184295654 0.808316826820374 0.999010801315308 0.635208129882812 1.04107666015625 0.959674179553986
0.20886754989624 0.237841591238976 0.16100350022316 0.26928386092186 0.221351116895676 0.29895007610321 0.185642525553703 0.168033719062805 0.299993991851807 0.326173692941666 0.286352097988129 0.335958421230316 0.473217010498047 0.528027355670929 0.638885021209717 0.66469794511795 0.594203233718872 0.801204264163971 0.808330476284027 0.757956027984619 0.657376170158386 0.724986851215363 0.866041719913483 0.827065527439117 1.01164436340332 0.771429479122162 0.819352090358734 0.670148909091949 0.819241940975189 0.776013314723969 0.774299502372742 0.912388205528259 0.720720291137695 0.924655854701996 0.806425452232361 0.849134266376495 0.900938212871552 1.04668962955475 1.04495108127594 0.849002480506897 1.01967668533325 0.93984454870224 1.00455808639526 1.08357512950897
0.205278798937798 0.224422782659531 0.258115589618683 0.164558619260788 0.0913953185081482 0.235168904066086 0.216637179255486 0.23291078209877 0.360275417566299 0.411665588617325 0.405509144067764 0.282636076211929 0.49420028924942 0.58217442035675 0.565783679485321 0.674474775791168 0.689741969108582 0.79221111536026 0.553740561008453 0.704092860221863 0.611347734928131 0.69218522310257 0.684456765651703 0.58005303144455 0.79657644033432 0.554541885852814 0.62026458978653 0.672815203666687 0.626218378543854 0.753350377082825 0.703819155693054 0.864760160446167 0.653254508972168 0.875094652175903 0.913156092166901 0.891901910305023 1.008216381073 0.740519225597382 0.89814293384552 0.828282415866852 1.09023976325989 0.894490122795105 0.996631979942322 1.0140517950058
0.207744166254997 0.215571761131287 0.25913792848587 0.137417614459991 0.0834132358431816 0.21770878136158 0.24830661714077 0.229561507701874 0.373246639966965 0.3026222884655 0.362450420856476 0.463120758533478 0.469118118286133 0.707990109920502 0.649779677391052 0.769878745079041 0.599357545375824 0.700317561626434 0.672551393508911 0.687892198562622 0.701334536075592 0.67957216501236 0.588827967643738 0.68766587972641 0.675012588500977 0.650122344493866 0.511851489543915 0.695916414260864 0.790026128292084 0.920904755592346 0.75805538892746 0.931751728057861 0.721005320549011 0.729317486286163 0.771137237548828 0.622926473617554 1.05716276168823 0.743092656135559 0.810348391532898 0.824943661689758 0.77269184589386 0.943038940429688 0.697319507598877 0.968282639980316
0.175463229417801 0.250857472419739 0.328072428703308 0.262058854103088 0.259131282567978 0.200163781642914 0.236027583479881 0.209646001458168 0.273427873849869 0.319575577974319 0.445839881896973 0.408092796802521 0.546435952186584 0.536177933216095 0.613927960395813 0.686512231826782 0.643061518669128 0.628718435764313 0.731463134288788 0.777860879898071 0.728221595287323 0.593357384204865 0.661632299423218 0.689982712268829 0.6410271525383 0.649605810642242 0.567671477794647 0.775453627109528 0.739050149917603 0.870331823825836 1.02494382858276 0.867472052574158 0.865261912345886 0.634113073348999 0.84085738658905 0.73549211025238 0.972823441028595 0.714576184749603 0.690862774848938 0.981935620307922 0.564961135387421 0.914649546146393 0.709039688110352 0.805430769920349
0.312524646520615 0.222546711564064 0.199777781963348 0.165834471583366 0.158237785100937 0.241605162620544 0.286068260669708 0.268744081258774 0.30412819981575 0.325204163789749 0.413708835840225 0.552495062351227 0.577616810798645 0.508046567440033 0.74036031961441 0.538021981716156 0.56836462020874 0.539152145385742 0.548791825771332 0.503557205200195 0.54228663444519 0.556593596935272 0.579351246356964 0.960886538028717 0.747195065021515 0.775078415870667 0.769040763378143 0.834010183811188 0.975133061408997 0.700715184211731 0.91888839006424 0.734678089618683 0.742284178733826 0.741268694400787 0.863251507282257 0.793198049068451 0.718323767185211 0.789484679698944 0.607622742652893 0.946753084659576 0.814988672733307 0.76598584651947 0.671431183815002 0.62406051158905
0.278094738721848 0.237200975418091 0.32434406876564 0.272199541330338 0.199596464633942 0.223410367965698 0.2286307066679 0.252198874950409 0.351059764623642 0.436198800802231 0.273628890514374 0.520920515060425 0.695363581180573 0.528952777385712 0.509735286235809 0.630696594715118 0.587575674057007 0.56671530008316 0.660224556922913 0.82662171125412 0.628254950046539 0.633485555648804 0.639118254184723 0.864466845989227 0.668671131134033 0.86182975769043 0.830184638500214 0.879679024219513 0.750419437885284 0.725889265537262 0.836473286151886 0.941917181015015 0.83115553855896 0.789569497108459 0.793681085109711 0.760643482208252 0.650940597057343 0.882174670696259 0.733091831207275 0.760011255741119 0.819072008132935 0.679915189743042 0.730920612812042 0.643743455410004
0.211808517575264 0.10137277841568 0.21677577495575 0.16243302822113 0.168332666158676 0.134117871522903 0.123800024390221 0.178824305534363 0.138812333345413 0.2372145652771 0.40006297826767 0.49730920791626 0.50909024477005 0.512763917446136 0.526754677295685 0.49588680267334 0.455946922302246 0.589780032634735 0.676327466964722 0.620848834514618 0.616688430309296 0.677468955516815 0.506080985069275 0.760379791259766 0.825113236904144 0.758685767650604 0.71605396270752 0.690767586231232 0.805980324745178 0.66209864616394 0.752935528755188 0.656667709350586 0.73593944311142 0.808710753917694 0.768812537193298 0.718946814537048 0.497292041778564 0.68677282333374 0.629412412643433 0.683306157588959 0.616273760795593 0.600469052791595 0.709754347801208 0.690483391284943
0.100889258086681 0.032533772289753 0.226981893181801 0.130284309387207 0.116344578564167 0.102089129388332 0.248936623334885 0.214892283082008 0.227969855070114 0.287529110908508 0.456457018852234 0.383594065904617 0.469607532024384 0.321500360965729 0.517310619354248 0.57663369178772 0.54255998134613 0.525129020214081 0.566960394382477 0.684911847114563 0.609613001346588 0.559317052364349 0.711585581302643 0.633881092071533 0.781827330589294 0.760948061943054 0.765893518924713 0.692475497722626 0.797822952270508 0.702211618423462 0.819123864173889 0.658034026622772 0.710037410259247 0.659471094608307 0.780247688293457 0.744786143302917 0.71493923664093 0.581620156764984 0.732121586799622 0.481282979249954 0.657844364643097 0.474081754684448 0.665089249610901 0.540647625923157
0.1248494759202 0.139291226863861 0.103025987744331 0.20665317773819 0.185781672596931 0.168331503868103 0.0916208550333977 0.186176523566246 0.329506754875183 0.390539705753326 0.347750574350357 0.558452129364014 0.450135499238968 0.432420283555984 0.484354883432388 0.522895991802216 0.610836803913116 0.53413850069046 0.505506277084351 0.68678891658783 0.660368025302887 0.79078596830368 0.693166613578796 0.554781079292297 0.905317962169647 0.833687782287598 0.913120627403259 0.695318400859833 0.613680303096771 0.732668220996857 0.713675141334534 0.587841928005219 0.715761244297028 0.605864584445953 0.822562336921692 0.498784810304642 0.648715674877167 0.781893491744995 0.692060947418213 0.645175576210022 0.563069701194763 0.542124092578888 0.565540492534637 0.619073927402496
0.147658094763756 0.0884465277194977 0.187885418534279 0.16513529419899 0.144290626049042 0.241363987326622 0.241336196660995 0.286352336406708 0.346591860055923 0.290171593427658 0.412716865539551 0.270855724811554 0.513005971908569 0.418589740991592 0.425328075885773 0.633333206176758 0.406415939331055 0.583705067634583 0.528129577636719 0.627163827419281 0.552365362644196 0.760760486125946 0.691978573799133 0.534640192985535 0.819843947887421 0.663084983825684 0.798517346382141 0.799200236797333 0.740025758743286 0.699491262435913 0.713738620281219 0.747716844081879 0.623224258422852 0.696846306324005 0.799739360809326 0.698931455612183 0.61465972661972 0.490892440080643 0.668016850948334 0.505782127380371 0.615113735198975 0.633134603500366 0.613383650779724 0.531248033046722
0.303737282752991 0.078439012169838 0.0655429065227509 0.196955814957619 0.289699196815491 0.367663592100143 0.254307121038437 0.268752038478851 0.451054096221924 0.333437919616699 0.443023234605789 0.311303704977036 0.495451748371124 0.562464475631714 0.56296569108963 0.496586441993713 0.501427054405212 0.646247804164886 0.521346509456635 0.554823637008667 0.594211637973785 0.551870584487915 0.829771101474762 0.700377762317657 0.802577435970306 0.694756686687469 0.901190638542175 0.725475788116455 0.697373807430267 0.752403795719147 0.658978462219238 0.738021194934845 0.659350037574768 0.719049513339996 0.6478191614151 0.776577353477478 0.704639911651611 0.644316375255585 0.642218232154846 0.645393848419189 0.65266078710556 0.495688408613205 0.439628541469574 0.486832588911057
