assets/gome_f/processed/ascii/us/gome_sif_US_20120401.asc
NCOLS 116 
NROWS 53 
XLLCORNER -125 
YLLCORNER 24.5 
CELLSIZE 0.5 
NODATA_value -3.4e+38 
[rows 19 to 37 of 53, columns 0 to 43 of 116]
-0.037104856222868 -0.0376822911202908 0.171193093061447 0.308451592922211 0.271530985832214 0.212124660611153 0.133718982338905 0.0318467877805233 0.00859113316982985 0.0359739884734154 -0.00430912431329489 -0.0310826394706964 -0.0321339815855026 0.143695503473282 0.173910513520241 0.108710177242756 0.141452267765999 0.102071784436703 0.057788509875536 0.148774996399879 0.00295059033669531 0.0893707945942879 0.0704227760434151 0.136884227395058 -0.0174258034676313 -0.00507976999506354 0.0615829527378082 0.14665175974369 0.105674393475056 0.00811124499887228 0.0579183399677277 0.101244159042835 0.125379860401154 0.0732295587658882 0.0674129948019981 0.0489427410066128 0.0317037813365459 0.0122843915596604 0.118089474737644 0.0588718391954899 0.084202453494072 0.134903162717819 0.10017816722393 0.132192328572273
-0.144451707601547 0.0444578900933266 0.156482085585594 0.230415195226669 0.236963927745819 0.209399476647377 0.1528280377388 0.169050350785255 0.11645794659853 0.117130659520626 -0.00430641556158662 -0.0376804247498512 -0.0353242680430412 0.00758129172027111 0.0158842243254185 0.115272872149944 0.169215932488441 0.197108045220375 0.0780119448900223 0.0720809400081635 0.0425753481686115 -0.0229969900101423 0.0510750226676464 0.0111877704039216 0.189016103744507 0.0403507761657238 0.0187006946653128 0.150397777557373 0.0910791829228401 -0.0726756602525711 0.158543467521667 0.0504240021109581 0.0635911375284195 0.0709390640258789 0.0814428254961967 0.115882754325867 0.0477874912321568 0.0732086002826691 0.105265833437443 -0.00112571695353836 0.106050297617912 0.129308819770813 0.0704084485769272 0.164091125130653
0.026270030066371 0.207119226455688 0.142450004816055 0.241046085953712 0.312809646129608 0.331590324640274 0.22279080748558 0.198743000626564 0.243948742747307 0.191974058747292 -0.087782233953476 -0.049961481243372 0.117967151105404 0.036099024116993 0.189507752656937 0.0480987466871738 0.061284389346838 0.0708497166633606 -0.00339632877148688 0.0726675167679787 0.163538813591003 -0.0764885023236275 0.0318021029233932 0.0829224810004234 0.198435246944427 0.135728612542152 0.0793496072292328 0.0987560078501701 0.0148004526272416 0.106043562293053 0.0931067243218422 -0.00356012675911188 0.148891165852547 0.162086665630341 0.0546967126429081 0.221142321825027 0.107759684324265 0.032924197614193 0.116132624447346 0.114672213792801 0.211069002747536 0.127806052565575 -0.0185729153454304 0.125391528010368
-0.0578171387314796 -0.0420112572610378 0.0100858779624104 0.25420007109642 0.187838762998581 0.342787563800812 0.355899155139923 0.129665940999985 0.252349317073822 0.257662981748581 0.0476212538778782 0.0804474800825119 0.0112328724935651 0.0582439564168453 0.0539568178355694 0.106268316507339 0.0580111220479012 0.0331439822912216 0.168050199747086 0.156258389353752 -0.0369761139154434 0.0680418908596039 0.0389445908367634 -0.032559510320425 0.0580636560916901 0.0914293825626373 0.0479589253664017 0.148377954959869 0.117773532867432 0.0622197762131691 0.0466584339737892 -0.0143649093806744 0.0691713839769363 0.0345062352716923 0.0352709740400314 0.0480217188596725 0.141396075487137 0.101999141275883 0.171318218111992 0.228891402482986 0.160876497626305 0.30428671836853 0.147024691104889 0.18478137254715
-0.0928704440593719 0.0157277528196573 0.163844600319862 0.280649363994598 0.126286372542381 0.222078934311867 0.201239913702011 0.257162153720856 0.271938174962997 0.237584352493286 0.0982814356684685 -0.0156852938234806 0.0019836644642055 0.183299079537392 -0.0160432681441307 0.0512584187090397 0.113589771091938 0.0770255997776985 0.0367779433727264 0.0301091354340315 0.119720719754696 0.106266163289547 -0.043654840439558 0.118280619382858 0.15909144282341 0.191669166088104 0.182230070233345 0.101864509284496 0.0927508324384689 0.0963827669620514 0.0465185344219208 0.0811602547764778 -0.0248509142547846 0.184727638959885 0.0975226536393166 0.179713323712349 0.119789935648441 0.100071482360363 0.0306701976805925 0.132868528366089 0.147870242595673 0.227774292230606 -0.0257794018834829 0.118047714233398
-0.0577304325997829 0.173150926828384 0.160237267613411 0.139272630214691 0.407716989517212 0.263244837522507 0.388183563947678 0.280317664146423 0.356966882944107 0.304210543632507 0.171742960810661 0.162050887942314 0.00288252788595855 0.0335792526602745 -0.00346739357337356 0.0462423227727413 0.0516795367002487 0.0623584911227226 0.090003564953804 0.159507393836975 0.077550932765007 0.208578869700432 0.0321296900510788 0.126272410154343 0.153407379984856 0.186847105622292 0.0229231808334589 -0.00577726168558002 0.00141071900725365 0.0216740351170301 -0.0471578240394592 0.058563232421875 0.0543993338942528 0.041799433529377 0.151567012071609 -0.00248414254747331 -0.0374565161764622 0.0446931906044483 0.0304508432745934 0.0874078199267387 0.0633516609668732 0.173660352826118 0.12992337346077 0.110872633755207
-0.0630443021655083 0.0138904694467783 0.0611871480941772 0.175470858812332 0.236302465200424 0.455626219511032 0.496700078248978 0.474129557609558 0.426126480102539 0.283420532941818 0.18194168806076 0.120826058089733 0.00525188632309437 0.0511671863496304 0.0252768937498331 0.00813569128513336 0.078056626021862 0.0786302834749222 0.0381891839206219 0.0842263922095299 0.155424028635025 0.135766938328743 0.0451196543872356 -0.0111494828015566 0.13326370716095 0.102949291467667 0.170825839042664 0.0363125428557396 0.126161128282547 -0.0270076189190149 0.0922831818461418 0.105805419385433 0.100129567086697 0.159395635128021 0.128319621086121 0.256675094366074 0.108295537531376 0.115708708763123 0.0137826474383473 0.0851856023073196 0.0870178788900375 0.0469414852559566 0.0217747334390879 0.0623003244400024
0.0903217867016792 0.14941081404686 -0.0154049955308437 -0.0161304734647274 0.0194559115916491 0.16476072371006 0.379936933517456 0.424335688352585 0.579853177070618 0.541793525218964 -0.0744848027825356 0.0847806930541992 0.157883986830711 0.0660041719675064 0.0794760882854462 -0.0195096116513014 0.0739997401833534 0.0177138671278954 0.0522797666490078 0.0771409124135971 0.0517952218651772 0.115567475557327 0.0393099263310432 0.0802894756197929 0.132865905761719 0.129092693328857 0.0291620045900345 0.0143983066082001 0.0298816487193108 0.151130214333534 0.00933667086064816 0.137964114546776 0.0434551388025284 0.0811329185962677 -0.10193532705307 0.131341949105263 0.16075573861599 0.0308132115751505 -0.000299090432235971 0.10094727575779 0.113290451467037 0.132446676492691 0.0561336018145084 0.117445006966591
0.0581188388168812 -0.0588826648890972 -2.10724338103319e-05 0.0387878157198429 0.0459065921604633 0.0673142373561859 0.241995215415955 0.37016960978508 0.455678999423981 0.461910247802734 0.31014010310173 0.177141055464745 0.125019609928131 0.0743379220366478 0.0967235714197159 -0.0286342389881611 -0.0213019363582134 0.0613210089504719 0.112314566969872 0.0650136694312096 0.0229265354573727 0.0666282400488853 0.178733587265015 0.130382388830185 0.148776710033417 0.116627417504787 0.0662111267447472 0.0957154780626297 0.0288984756916761 0.0360625497996807 0.111049152910709 0.17709669470787 0.196321621537209 0.113595567643642 0.0046513807028532 0.0807823687791824 0.145105004310608 0.128814771771431 0.116969257593155 0.063223198056221 0.0965523794293404 0.125246778130531 0.147592291235924 0.155952736735344
0.00394741306081414 -0.0225422810763121 0.00430199597030878 -0.0293380599468946 0.0965885668992996 0.0163316372781992 0.127396449446678 0.301189988851547 0.273536443710327 0.227947279810905 0.317267864942551 0.29651728272438 0.254960864782333 0.154425606131554 0.111252158880234 -0.0660533532500267 -0.0408768206834793 0.0750826299190521 0.0812216624617577 0.05028435587883 -0.00727326096966863 0.141701579093933 0.109854966402054 0.0938627347350121 0.158973172307014 -0.0395139791071415 0.026812931522727 0.102100469172001 0.153204515576363 0.0832110866904259 -0.0187095776200294 -0.0124582974240184 0.0714200288057327 0.156012684106827 0.169167622923851 0.0289725959300995 0.0849068239331245 0.132621616125107 0.0630553811788559 0.0479296445846558 0.150903895497322 0.015133909881115 0.0688000842928886 0.153217554092407
0.038124356418848 -0.0252023618668318 -0.00488021830096841 0.00592281669378281 -0.0122747709974647 0.0860989019274712 0.00390533730387688 0.133027851581573 0.304657518863678 0.254715502262115 0.419965147972107 0.475396186113358 0.377839088439941 0.0728642046451569 0.0466669760644436 0.0526001639664173 0.0878830030560493 0.0715684816241264 0.110636323690414 0.120856314897537 0.161707907915115 0.0262565035372972 0.151961535215378 0.0380760356783867 0.107081942260265 0.00418799370527267 0.0557035990059376 0.179654434323311 0.116590261459351 0.105077840387821 0.111047737300396 0.0583984106779099 -0.0386902056634426 0.119082070887089 0.0873352959752083 0.0940543562173843 0.163932129740715 0.136486351490021 0.110809937119484 0.0587551593780518 0.0968979299068451 0.0863260179758072 0.147624462842941 0.185131773352623
0.00367376999929547 -0.0762820914387703 -0.0804877877235413 0.0672484785318375 0.0125864446163177 -0.0364777334034443 0.0353291817009449 0.130714401602745 0.326568573713303 0.196944072842598 0.190833181142807 0.369107514619827 0.384421795606613 0.105648778378963 0.076300248503685 0.0686523541808128 0.13991604745388 0.00809949450194836 0.0992065742611885 0.121453553438187 0.125664591789246 -0.0138236349448562 0.181060031056404 0.158170148730278 0.0976649597287178 -0.0275517608970404 0.0450811460614204 -0.162959337234497 -0.0477346777915955 0.0465351976454258 0.0650897845625877 0.0974738523364067 0.0384119153022766 0.0648674666881561 0.0737833827733994 0.14958244562149 0.112104400992393 0.16177898645401 0.0728961005806923 0.0815930441021919 0.00589826796203852 0.1256502866745 0.171574637293816 0.0409510545432568
0.162331640720367 -0.00786383356899023 0.04439302906394 0.0816070362925529 0.109056405723095 -0.0144629385322332 0.0436558201909065 0.0408579707145691 0.0591492839157581 0.353118985891342 0.200250029563904 0.095088355243206 0.273393362760544 0.130434185266495 0.0748195871710777 0.123654395341873 0.0134617248550057 0.00298166088759899 0.0119315413758159 0.0786088854074478 0.109299652278423 0.0934162884950638 0.140566632151604 0.0864276215434074 0.0998338982462883 0.256934523582458 0.113273426890373 0.0884363204240799 -0.0602634735405445 -0.0107468441128731 0.0460544265806675 0.109200648963451 0.0365754924714565 0.0611794479191303 -0.00348537298850715 0.00951025914400816 0.117088533937931 0.099733479321003 0.107104927301407 0.126891791820526 0.0882022455334663 0.123252838850021 0.103357665240765 0.065914586186409
-0.284571617841721 0.0146375084295869 -0.0113725764676929 0.0308761037886143 -0.0454284735023975 0.00953175034373999 -0.0410515926778316 0.0293292142450809 -0.0648361891508102 0.305325150489807 0.227694809436798 0.260637760162354 0.259526968002319 0.198382124304771 0.161592647433281 0.00489797070622444 0.0713636949658394 0.046118326485157 0.0738585293292999 0.126092806458473 0.109045572578907 0.101179979741573 0.0432707294821739 0.154220476746559 0.144317448139191 0.157014265656471 0.135670140385628 0.133289411664009 -0.0288474820554256 -0.0956087112426758 0.0749179571866989 0.101876176893711 0.0963393002748489 0.110660560429096 -0.0224522575736046 -0.0535109303891659 0.0986013561487198 0.109488926827908 0.13050289452076 0.0900576114654541 -0.10851988941431 0.139655143022537 0.221719324588776 0.0647303462028503
0.0373965390026569 0.0884556695818901 0.091512642800808 0.0104923183098435 -0.0724704936146736 0.122246026992798 0.0542805343866348 0.0434757694602013 -0.0743020698428154 0.108123481273651 0.104908250272274 0.0681817680597305 0.173150807619095 0.296546697616577 0.199730932712555 0.217868223786354 0.0816533491015434 -0.0465098731219769 0.0770412161946297 0.0526118576526642 0.0682130604982376 0.170014604926109 0.112141095101833 0.0704641342163086 0.173473909497261 0.201958954334259 0.083586111664772 0.137971058487892 0.124787047505379 0.0109459646046162 0.0501654893159866 0.00911279022693634 -0.0194402430206537 -0.0141624128445983 0.0521481037139893 0.069644533097744 -0.0464317575097084 0.115835420787334 -0.00492207100614905 0.0365881100296974 0.204071760177612 0.0229705572128296 0.0819503962993622 0.0307667814195156
0.00615618890151381 0.0216173101216555 0.0319346077740192 -0.0547741465270519 0.0158003624528646 0.0767311453819275 0.0833599641919136 0.00530810561031103 0.00131951610092074 0.102804005146027 0.150155454874039 0.00891386158764362 0.0543983541429043 0.0837723165750504 0.145401105284691 0.277873516082764 0.187159463763237 0.150600373744965 0.116016559302807 -0.0645694583654404 0.133628934621811 0.207527622580528 0.0470095314085484 0.0681608617305756 -0.0129875782877207 0.0790976956486702 0.134759366512299 0.292526990175247 0.154819816350937 0.144774287939072 0.170685201883316 0.221212431788445 0.0408572293817997 0.0853224620223045 -0.0943947806954384 -0.0194750763475895 -0.027973759919405 0.0770386084914207 0.037801805883646 0.0483432002365589 0.0750652924180031 0.0463362261652946 0.112262971699238 0.132855921983719
0.0273511540144682 -0.0759255960583687 0.0581822842359543 -0.0543746277689934 0.0706397444009781 -0.0310059618204832 -0.00438294047489762 -0.0121870348230004 0.0120769692584872 0.0272727012634277 0.0536499507725239 0.0290994998067617 -0.0229615159332752 -0.0282596778124571 0.00871068798005581 0.172834843397141 0.369954854249954 0.185367435216904 0.148777559399605 0.130071267485619 0.174732476472855 0.0160892009735107 0.0232914667576551 0.089434452354908 0.142159730195999 0.140433728694916 0.16732482612133 0.2307448387146 0.106239624321461 0.232913970947266 0.189212918281555 0.123186103999615 0.20782245695591 0.143367886543274 0.00605024723336101 0.0273271519690752 0.103307694196701 0.175150200724602 0.106453001499176 0.0966527462005615 0.0330456644296646 0.0106377648189664 0.0433427207171917 0.039639338850975
-0.0142817180603743 0.0373761355876923 0.077450655400753 0.0314914286136627 -0.0640516951680183 0.0540217161178589 0.0518574342131615 -0.0125138256698847 0.00781077332794666 -0.204481706023216 0.113236784934998 0.0310252029448748 -0.00767135480418801 0.0125308809801936 -0.0849170312285423 0.0922241061925888 0.216247946023941 0.0800438672304153 0.256676226854324 0.311867564916611 0.186006769537926 0.197508841753006 0.144433945417404 0.0964913591742516 0.0371968559920788 0.100378833711147 0.0322872065007687 0.196881383657455 0.181050196290016 0.0163790546357632 0.076778806746006 0.104025565087795 0.173898354172707 0.16937592625618 0.0829672813415527 -0.0573922954499722 -0.0727970525622368 0.0315975248813629 0.116812616586685 0.110398136079311 0.0700564756989479 0.100292839109898 0.0650091767311096 0.0463873371481895
0.0253629069775343 -0.0114234257489443 0.0281145870685577 0.0217731595039368 -0.0203989129513502 -0.0400859266519547 0.029025649651885 0.139372289180756 -0.0206713881343603 0.103069469332695 0.00594129040837288 0.0417375788092613 0.0509968772530556 0.0309380479156971 0.0369381420314312 0.0176979769021273 0.26055371761322 0.244437411427498 -0.0190793536603451 0.133766829967499 0.165291160345078 0.0281762760132551 0.0951158404350281 0.134093970060349 0.10081072896719 0.0680590569972992 0.0844009146094322 0.0675355866551399 0.129830196499825 0.0642123073339462 0.182944625616074 0.0820595994591713 0.170733720064163 0.224886640906334 0.147894605994225 0.120829328894615 0.135643228888512 0.0890064015984535 0.07269386947155 0.173533216118813 0.0764078125357628 0.10016768425703 0.274041354656219 0.113282978534698
