assets/gome_f/processed/ascii/us/gome_sif_US_20110501.asc
NCOLS 116 
NROWS 53 
XLLCORNER -125 
YLLCORNER 24.5 
CELLSIZE 0.5 
NODATA_value -3.4e+38 
[rows 19 to 37 of 53, columns 0 to 43 of 116]
0.0431973114609718 0.0155625892803073 0.210033372044563 0.289638757705688 0.194341078400612 0.180849239230156 0.25829541683197 0.0719279050827026 0.121982589364052 0.038514569401741 0.160668984055519 -0.0725155994296074 0.187297791242599 0.178873509168625 0.186725169420242 0.26165497303009 0.253194779157639 0.258236318826675 0.0969932749867439 0.139640718698502 0.209646850824356 0.074550673365593 0.0373534224927425 0.151253268122673 0.15643784403801 0.0241351444274187 0.0933365523815155 0.217954322695732 0.225032940506935 0.176812693476677 0.330790311098099 0.0922859311103821 0.0113199185580015 0.124854929745197 -0.156666502356529 0.150334492325783 0.128474071621895 0.214702665805817 0.157779335975647 0.199890553951263 0.177121475338936 0.211878761649132 0.0866638943552971 0.225986868143082
-0.0016685277223587 0.355783939361572 0.314598262310028 0.33574703335762 0.266077160835266 0.266010761260986 0.385629147291183 0.213418900966644 0.253906160593033 0.149377316236496 -0.00136732356622815 0.0803826749324799 0.133617118000984 0.170540675520897 0.103814661502838 0.161727756261826 0.0169532559812069 0.192264825105667 0.213187515735626 0.0815887600183487 0.103887446224689 0.0605298429727554 0.0849708914756775 0.108485922217369 0.226629734039307 0.127226874232292 0.10015444457531 -0.101392410695553 0.165517061948776 0.0862834677100182 0.0254315845668316 0.305258691310883 0.0842827707529068 0.075613908469677 0.052461139857769 -0.0240301806479692 -0.206623300909996 0.197782322764397 0.273521035909653 0.151868462562561 -0.011212320998311 0.227419644594193 0.160387188196182 0.223942488431931
0.100668020546436 0.140167534351349 0.269673585891724 0.339650988578796 0.334408074617386 0.410045862197876 0.289597183465958 0.170940384268761 0.234398856759071 0.126988857984543 0.104143977165222 0.0236935950815678 0.159134238958359 0.229231461882591 0.0968910977244377 0.169862702488899 -0.0122507028281689 0.0891671478748322 0.0801883414387703 0.0746532157063484 0.0609634630382061 0.108488284051418 0.122139029204845 0.131803259253502 0.271333873271942 0.209129959344864 0.244616240262985 0.0715295597910881 0.151085019111633 0.0899980366230011 0.12507475912571 0.183209985494614 0.222510188817978 0.13792884349823 0.269296854734421 0.27846896648407 0.118087731301785 0.145671084523201 0.0534987077116966 0.212789699435234 0.132299736142159 0.237010732293129 0.0653330981731415 0.180923447012901
-0.00403638649731874 0.0955476984381676 0.156601339578629 0.382039725780487 0.317990571260452 0.446557551622391 0.443979829549789 0.230962842702866 0.253995180130005 0.282240390777588 0.223298639059067 0.0551148690283298 0.0605533868074417 0.0499980226159096 0.182445749640465 0.210784584283829 0.0739599168300629 0.0769710764288902 0.0478498563170433 0.151753023266792 0.205543324351311 -0.116131462156773 0.107112526893616 0.103112876415253 0.202355116605759 0.327006340026855 0.10465981811285 0.189262256026268 0.178828582167625 0.067078024148941 0.0962530523538589 0.185197621583939 0.146529883146286 -0.0374571196734905 0.146447092294693 -0.175412565469742 0.166726633906364 0.0526386648416519 0.0425880029797554 0.0928788036108017 0.178108081221581 0.153242781758308 0.247120305895805 0.181361630558968
0.0570379421114922 0.0148516353219748 0.216925740242004 0.339202880859375 0.331276953220367 0.335250377655029 0.334853321313858 0.282770544290543 0.242613598704338 0.012959798797965 0.2584567964077 0.175110399723053 0.0958343297243118 0.0697981491684914 0.0150870382785797 0.113251119852066 0.085341714322567 -0.0796350613236427 0.0371010452508926 0.0920411199331284 -0.107156664133072 0.139909580349922 0.112179547548294 0.0861308723688126 0.123895190656185 0.308042079210281 0.125822275876999 0.102053374052048 0.0836494565010071 0.0995329469442368 0.0402097143232822 0.237039282917976 0.325477868318558 0.0910355448722839 0.202558770775795 0.133180737495422 -0.0534445233643055 0.0214093215763569 0.225322768092155 0.048304557800293 2.67268296738621e-05 0.171900928020477 0.184090092778206 0.106074526906013
0.0983954071998596 0.008256028406322 0.0621320120990276 0.262785017490387 0.419953346252441 0.28854775428772 0.447657078504562 0.332636743783951 0.492558538913727 0.154455989599228 0.140485540032387 0.0919049680233002 0.132252171635628 0.109228283166885 -0.0112699782475829 0.0215620845556259 0.0526222214102745 0.0676189586520195 0.0190063752233982 0.225569173693657 0.199854627251625 0.0861369073390961 0.145656406879425 0.117052040994167 0.238311216235161 0.230962827801704 0.228593379259109 0.0191970951855183 0.155982479453087 0.0949501693248749 0.0886848047375679 0.130029141902924 0.142174020409584 0.0442630089819431 0.103323638439178 0.170526191592216 0.139686748385429 0.165836423635483 0.010649467818439 0.139353886246681 0.129309311509132 0.173517510294914 0.18420222401619 0.0801268666982651
0.0106813069432974 0.0792369768023491 0.086022786796093 0.144773989915848 0.351290971040726 0.367157459259033 0.34205088019371 0.485830008983612 0.442037433385849 0.144755095243454 0.0113462107256055 0.149139583110809 0.169554725289345 0.100500345230103 0.102912455797195 0.0738273113965988 0.152975022792816 -0.00944106560200453 0.0289298892021179 0.0437083877623081 0.14770644903183 0.103341452777386 0.120944626629353 0.276789993047714 0.165642410516739 0.166110426187515 -0.0445792227983475 0.0581894889473915 0.082522839307785 0.0463044419884682 0.181493163108826 0.195636436343193 0.251149863004684 0.200684368610382 0.304164081811905 0.165790736675262 0.156229242682457 0.096252016723156 0.125284522771835 0.130447134375572 0.0961271449923515 0.135383814573288 0.0610202960669994 0.0230712331831455
0.0314686149358749 -0.00496919453144073 0.0364915616810322 0.0713567286729813 0.0894640907645226 0.287748157978058 0.248419642448425 0.351475745439529 0.28577384352684 0.300781905651093 0.00821320619434118 0.350265979766846 0.0601528733968735 0.156179904937744 0.0266415271908045 -0.0638277530670166 -0.0129115274176002 0.0574513413012028 -0.0162025969475508 0.0943027660250664 0.160507515072823 0.200306430459023 0.232438072562218 0.179435670375824 0.224232837557793 0.135266661643982 0.0536535270512104 0.0883018746972084 0.211879566311836 0.0591816194355488 0.163540989160538 0.186753749847412 0.215222418308258 0.0770783722400665 -0.136515095829964 0.324692130088806 0.0796187222003937 0.136045798659325 0.15080252289772 0.0851542502641678 0.0844505205750465 0.0550268515944481 -0.018883254379034 0.159593284130096
-0.0203443299978971 0.0268096774816513 -0.0393888615071774 0.0317577049136162 0.00571693200618029 0.184606939554214 0.326948761940002 0.34368708729744 0.245745271444321 0.372687309980392 0.313165694475174 0.351388037204742 0.232874929904938 0.0776307284832001 0.0190064553171396 0.0546185821294785 0.124686516821384 0.0745177194476128 0.151679158210754 0.0825079455971718 0.134633287787437 0.165180429816246 0.156529381871223 0.199463084340096 0.154887363314629 0.123197302222252 0.0444477722048759 0.143629372119904 0.122226767241955 0.0390479601919651 0.157007589936256 0.174110546708107 0.282540410757065 0.247204571962357 0.10958494246006 0.193258538842201 0.0145453698933125 0.181463584303856 0.11323943734169 0.115953020751476 0.101016998291016 0.00612163636833429 0.073004387319088 0.116124361753464
0.134051695466042 0.0780602544546127 -0.0211087614297867 0.0788555219769478 0.124064579606056 0.00369922118261456 0.211228266358376 0.304889142513275 0.249626263976097 0.319882422685623 0.392141342163086 0.29516738653183 0.168484583497047 0.0829396992921829 0.209698691964149 0.0888837203383446 0.0903456509113312 0.0645650923252106 -0.0516229383647442 0.152743697166443 0.0699559301137924 0.145379841327667 0.160926520824432 0.1032375395298 0.275374680757523 0.167643204331398 0.0106200100854039 0.00987627636641264 0.140138387680054 0.00557924434542656 0.110601499676704 0.105756387114525 0.0815121829509735 0.156657084822655 0.183605760335922 0.0739812478423119 0.257526755332947 0.092737227678299 0.163867846131325 0.115566328167915 0.0394286513328552 0.105047293007374 0.129879683256149 0.013108728453517
0.0499176979064941 0.0752120837569237 0.128948137164116 -0.0195549596101046 -0.0249713752418756 -0.0566149167716503 0.192242309451103 0.296858251094818 0.385695606470108 0.373991221189499 0.38470584154129 0.289390355348587 0.318980425596237 0.134082183241844 0.0262699630111456 0.104231402277946 0.00818770471960306 0.126747041940689 0.0826113596558571 0.1705432087183 0.0832303613424301 0.0864796936511993 0.280115514993668 0.16802491247654 0.178159564733505 -6.57298051010002e-06 0.198569968342781 -0.0082273306325078 0.1032420322299 0.136834740638733 0.0821999236941338 0.142107918858528 0.130824238061905 0.135139852762222 0.171876162290573 0.133156508207321 0.164586439728737 0.126567646861076 0.142641678452492 0.0814604163169861 0.096704438328743 0.13065080344677 0.147055640816689 0.0591028518974781
0.0378833673894405 -0.0202258247882128 -0.0364759527146816 0.0728202760219574 0.164722099900246 -0.00700394157320261 0.0568351447582245 0.229490786790848 0.313412666320801 0.211044147610664 0.20632566511631 0.276750504970551 0.393844455480576 0.284479171037674 0.190514087677002 0.0529359243810177 0.0561173669993877 0.0644196420907974 0.11009493470192 0.121997967362404 0.143197387456894 0.073822982609272 0.191637799143791 0.185535684227943 0.160223841667175 0.0497455112636089 0.145478263497353 0.011107474565506 0.113169267773628 0.146081417798996 0.146664455533028 0.118030108511448 0.00125546136405319 0.0423207581043243 -0.0206930749118328 0.0529215894639492 0.274083882570267 0.133931964635849 0.207327023148537 0.120978936553001 0.0721480995416641 0.100725069642067 0.0504605956375599 0.106356039643288
-0.011555403470993 0.0857485830783844 0.0194590389728546 0.0130532700568438 0.00154179998207837 0.0176418405026197 -0.0662417486310005 0.0598097667098045 0.199061304330826 0.285527914762497 0.247626140713692 0.271339267492294 0.320739269256592 0.182733580470085 0.248586118221283 0.0845614299178123 0.0529888607561588 0.00140469567850232 0.100354515016079 0.123347409069538 0.0809016898274422 0.0972394198179245 0.175289779901505 0.0589593388140202 0.0670353844761848 0.175695434212685 0.174405306577682 0.0657777562737465 0.040041372179985 0.204523637890816 0.0396446995437145 0.173393443226814 0.108338482677937 0.00741969468072057 0.0603021793067455 0.0506577081978321 0.168423861265182 -0.0350456908345222 0.114884071052074 0.0753644406795502 0.0888672396540642 0.0704093426465988 0.0502677708864212 0.0687582939863205
-0.0374392941594124 -0.045187920331955 -0.0311256013810635 0.0126624926924706 0.00303309108130634 0.0348889566957951 0.0450723916292191 -0.0240639876574278 0.067612461745739 0.336577087640762 0.290622025728226 0.210442543029785 0.236600905656815 0.160431653261185 0.0098199462518096 0.142059206962585 0.0593766681849957 0.0515219233930111 0.0393653735518456 0.186717420816422 0.075504407286644 0.0802124217152596 0.0989695563912392 0.171439707279205 0.120211713016033 0.103887356817722 0.125568091869354 0.212294667959213 0.0848131775856018 0.0939245596528053 0.0520532242953777 0.0341188050806522 0.0503614023327827 0.0308077614754438 0.123097203671932 0.00209902506321669 0.0539198741316795 0.0943127647042274 0.0431167297065258 0.0487702749669552 -0.0401484705507755 0.0595506466925144 0.0474059581756592 0.04657331854105
0.0337710939347744 0.0467366091907024 0.0505344569683075 0.0172441639006138 0.0977165251970291 0.0713173821568489 0.067512646317482 0.009129598736763 -0.0388001836836338 -0.00899047311395407 0.23438236117363 0.111763395369053 0.450848609209061 0.211057916283607 0.268770784139633 0.308408141136169 0.326109617948532 0.0299167782068253 0.0330947749316692 -0.0492938421666622 0.133022680878639 0.174167945981026 0.192378297448158 0.0741143822669983 0.346934348344803 0.182369485497475 0.252480089664459 0.177955433726311 0.24608813226223 0.145292669534683 0.0998729914426804 0.0752813890576363 0.0488553382456303 0.0597759485244751 0.0172180999070406 0.0584011748433113 0.0631223917007446 0.0820633843541145 0.14377173781395 0.0272962674498558 0.0183142982423306 0.146521151065826 0.0994580984115601 0.100114904344082
0.0916450247168541 0.00991644710302353 0.0241232812404633 -0.022081408649683 0.0587494820356369 0.0169666036963463 -0.028159299865365 0.0942363366484642 -0.11313384026289 0.00762823317199945 -0.0715506300330162 0.0915157496929169 0.0016428423114121 0.0601042695343494 0.293672114610672 0.250958263874054 0.248889192938805 0.151248618960381 0.116413980722427 0.0915311872959137 0.195970892906189 0.0695702135562897 0.118949122726917 0.175722643733025 0.0806467533111572 0.148359179496765 0.237561017274857 0.197734132409096 0.185004606842995 0.313573002815247 0.206739887595177 0.215688794851303 0.136015489697456 0.0908019319176674 0.105282597243786 0.0395598262548447 0.0895542725920677 0.111408479511738 0.0321123227477074 0.120407655835152 0.0890724360942841 0.0128536457195878 0.10737407207489 0.035903338342905
0.00374361197464168 -0.0644255131483078 0.0461382754147053 0.0203157924115658 0.154783248901367 -0.0277970060706139 -0.0467393472790718 -0.064808763563633 0.00304427370429039 0.0803437232971191 0.0740825161337852 -0.152491629123688 0.0237922538071871 0.0599989183247089 -0.0413237288594246 0.255315631628036 0.285360991954803 0.159584298729897 0.206776052713394 0.17741471529007 0.0538942031562328 0.0771164074540138 0.0709235966205597 0.0672836452722549 0.109101340174675 0.205121636390686 0.209753036499023 0.0275964662432671 0.192478433251381 0.10727172344923 0.150794684886932 0.0593998283147812 0.11714730411768 0.140866875648499 -0.0228148978203535 0.0117120556533337 0.0519869439303875 0.0977997332811356 0.188032075762749 0.0443847663700581 0.0897310227155685 0.192062199115753 0.135755062103271 0.200676336884499
0.00202219630591571 -0.0422777198255062 -0.0784920230507851 -0.0155566949397326 0.0704002901911736 0.0432698652148247 0.0209518913179636 -0.0506040267646313 0.0563398450613022 0.108333826065063 0.0910078436136246 0.0922836065292358 0.0284946728497744 -0.0426901392638683 -0.00379189383238554 0.267383486032486 0.330363124608994 0.112049087882042 0.1886345744133 0.313677251338959 0.124737121164799 0.110126338899136 0.149759620428085 0.0588716268539429 0.0787954404950142 0.112260773777962 0.042296577244997 0.139286011457443 0.0449036248028278 0.126193106174469 0.0823976099491119 0.134744927287102 0.222400352358818 0.190295770764351 0.107635580003262 0.003138069761917 -0.0206703208386898 0.0945051833987236 0.13735631108284 0.146311059594154 0.0537573806941509 0.137692078948021 0.162605240941048 0.117203250527382
0.100159965455532 0.0710002928972244 -0.156496658921242 -0.032720971852541 0.110143914818764 0.0122401351109147 0.0196979679167271 0.120545096695423 0.0506198927760124 -0.112954244017601 0.0657227709889412 -0.045612346380949 -0.0575023554265499 -0.0158709045499563 -0.0198816787451506 0.00736929150298238 0.0938972160220146 0.179296106100082 0.0397583767771721 0.21714460849762 0.0805153846740723 0.0552615560591221 0.14792463183403 0.029988607391715 0.0805567055940628 0.07444928586483 0.146460488438606 0.0310738906264305 0.208076044917107 0.0496669448912144 0.055097620934248 0.0609295852482319 0.107262261211872 0.104301236569881 0.083924874663353 0.150582730770111 0.068679042160511 0.1196678429842 0.133411765098572 0.10613226890564 0.117336735129356 0.0838894546031952 0.225315436720848 0.0101655954495072
