assets/gome_f/processed/ascii/us/gome_sif_US_20110301.asc
NCOLS 116 
NROWS 53 
XLLCORNER -125 
YLLCORNER 24.5 
CELLSIZE 0.5 
NODATA_value -3.4e+38 
[rows 0 to 18 of 53, columns 0 to 42 of 116]
-999.000000000000000 -999 -999 -999 -999 -999 0.0534133613109589 -0.0752566531300545 -0.0170327480882406 -0.156853511929512 0.109212704002857 0.126369684934616 0.0026325061917305 -999 -999 -999 -999 -999 -999 -999 -999 -999 -999 -999 -999 -999 -999 -999 -999 -999 -999 -999 -999 -999 -999 -999 -999 -999 -999 -999 -999 -999 -999
0.0254532489925623 0.0454848296940327 -0.0464650839567184 -999 -999 -999 -999 -0.162181884050369 -0.0992296859622002 -0.102324046194553 0.131857618689537 -0.0255085173994303 0.104454703629017 -999 -999 -999 -999 -999 -999 -999 -999 -0.0215323269367218 -0.039381317794323 0.0325231365859509 -0.079093225300312 -0.145233809947968 -999 -999 -999 -999 -999 -999 -999 -999 -999 -999 -999 -999 -999 -999 -999 -999 -999
0.0643260329961777 0.137878313660622 0.00684818020090461 0.0531503893435001 -999 -999 -999 -999 -0.332609176635742 -0.425631731748581 -0.0234456285834312 -999 -999 -999 -999 -999 -999 -999 -999 -999 -999 -999 0.137904077768326 -0.0398745834827423 -0.0334103107452393 -0.0442189089953899 0.198292225599289 -999 -999 0.406736761331558 -999 -999 -999 -999 -999 -999 -999 -999 -999 -999 -999 -999 -999
0.127819404006004 0.203281283378601 -0.0574273318052292 -0.0898851528763771 0.0162963960319757 0.134957209229469 -0.0780789479613304 0.0420001223683357 0.203261151909828 -999 0.329712510108948 -999 0.0160844922065735 -999 -999 -999 -999 -999 -0.0316391848027706 -0.323727965354919 -0.251085698604584 -999 0.310653746128082 0.0368567295372486 -0.0923222675919533 -0.00326960091479123 0.315343976020813 -0.106795206665993 -999 -999 -999 -999 -999 -999 -999 -999 -999 -999 -999 -999 -999 -999 -999
0.0475804060697556 0.0777266100049019 0.182123735547066 -0.0113415420055389 0.136410281062126 0.258012861013412 0.502462565898895 -999 -999 -999 -999 0.229692652821541 -0.0745982304215431 -0.103817351162434 -0.0316057726740837 -999 0.234657242894173 -999 0.0513513684272766 0.0172088444232941 -999 -999 -999 0.169874310493469 0.135603576898575 -0.00697709247469902 -0.0764326974749565 -0.116488724946976 -0.279080003499985 -0.0252719447016716 -999 -999 -999 -999 -999 -999 -999 -999 -999 -999 -999 -999 -999
0.0756315290927887 0.179576799273491 0.0283011794090271 0.0948142632842064 -0.0234567131847143 0.122276030480862 0.189654886722565 -999 -999 -999 -0.0946694016456604 0.0399531982839108 0.00918995123356581 0.241386592388153 0.0842828452587128 0.105263844132423 -0.0433616563677788 0.0646534189581871 -0.092835359275341 -0.0299111157655716 0.0253843422979116 0.00458522886037827 -999 -0.013540618121624 0.0945192202925682 0.0390244536101818 0.0493936762213707 -0.0463555492460728 -0.0782200545072556 -0.250762552022934 -0.10474494099617 -0.00448783254250884 -0.0980735793709755 -999 -999 -999 -999 -999 -999 -999 -999 -999 -999
-0.0791864618659019 0.251461297273636 0.414204299449921 0.0104996114969254 -0.0189094617962837 3.80650162696838e-05 0.158548131585121 0.298045635223389 -999 0.303182244300842 0.0979500785470009 -0.0424046516418457 -0.0293277371674776 0.107173882424831 0.0527133829891682 -0.00914599373936653 0.0721881315112114 0.0136449011042714 0.0755340754985809 0.21696563065052 -0.0599392950534821 -0.0610110498964787 0.0429854616522789 -0.22828896343708 0.0915850177407265 0.0539932548999786 -0.0959595292806625 -0.0692726224660873 -0.0883933827280998 0.000690064276568592 -0.0476831384003162 -0.00963600911200047 0.0891925096511841 0.0768123418092728 -0.0588388033211231 0.148600876331329 -999 -999 -999 -999 -999 -999 -999
0.015695596113801 0.063118189573288 0.097198598086834 -0.00237178057432175 0.106055557727814 0.17823651432991 0.249670803546906 0.201467111706734 -0.0520122274756432 0.116542048752308 0.0956007987260818 0.0938372239470482 -0.079331137239933 0.0344582125544548 -0.0510356985032558 0.0660508349537849 0.0413551405072212 0.0355691760778427 0.00668975384905934 0.0748956426978111 0.0617810115218163 -0.0383895821869373 0.126153141260147 -999 -999 0.0987405702471733 0.0248026736080647 0.0731852203607559 0.125095263123512 -0.123300194740295 -0.00454590795561671 0.0959253013134003 0.0522551499307156 -0.0703431665897369 -0.213473975658417 -0.113426014780998 0.014541856944561 -0.0170588809996843 0.271727710962296 -0.127080291509628 -999 -0.324600636959076 -999
0.0709391012787819 -0.145675256848335 0.0836733728647232 0.189950942993164 0.118744291365147 -0.000954343471676111 0.188494771718979 0.4008928835392 0.272039115428925 0.138787791132927 0.0984897688031197 0.167741075158119 -0.0437855832278728 0.036268275231123 0.0616656355559826 0.0372387617826462 0.139301329851151 0.220277070999146 0.317046314477921 -0.0325608849525452 0.17005455493927 0.0534180775284767 -0.0337998867034912 0.13487508893013 -999 0.689471185207367 0.00715358788147569 -0.159969717264175 0.237626850605011 0.196660593152046 -0.117947116494179 0.121181048452854 0.102226011455059 -0.00224382244050503 -0.100609175860882 -0.0476332157850266 -0.231239557266235 -999 -0.140553593635559 -0.208121165633202 -0.175663098692894 0.036625437438488 -999
-0.0284702833741903 -0.0176986660808325 0.00562331080436707 0.0354692935943604 0.324028939008713 0.129909962415695 0.621934115886688 -999 0.162038043141365 0.137958258390427 0.0284743998199701 0.0850583761930466 0.144891351461411 0.0076813567429781 0.0589541606605053 0.202691525220871 0.110499657690525 -0.0992230176925659 -0.098631739616394 0.0463254153728485 -0.217661052942276 -0.115183755755424 -0.014136235229671 -999 -0.0652583763003349 0.0410445779561996 -0.0432039946317673 -0.12340372055769 -999 -0.351117014884949 0.0529411323368549 -0.000658580218441784 -0.0712416917085648 0.0631548017263412 0.00545068411156535 -0.0147050516679883 0.0330900810658932 0.0025882781483233 0.0477204583585262 0.16494032740593 0.0675530433654785 -0.237848043441772 0.0773129761219025
-0.0332114920020103 0.00605229660868645 -0.100766025483608 0.0473955199122429 0.00535659864544868 0.239944890141487 -0.0608364380896091 0.27949470281601 -0.0112449256703258 0.0674683526158333 0.090686559677124 0.165815308690071 0.0312401186674833 0.0907361581921577 0.126771226525307 0.160613641142845 0.166456505656242 -0.0340240560472012 0.0771261900663376 -0.0318824239075184 0.25174817442894 -0.00190816074609756 0.168987259268761 -999 -999 -0.0608654506504536 0.174876987934113 -0.0549629628658295 0.147532001137733 -0.186995446681976 0.0531861074268818 0.081774890422821 0.0327670201659203 0.0776492357254028 -0.0103379907086492 0.0959387421607971 0.0769658461213112 0.137522950768471 -0.0394868105649948 -0.0318519435822964 0.00854567158967257 -0.106274783611298 -0.00577159970998764
-0.00896941591054201 -0.116193741559982 0.0077133527956903 0.123053953051567 0.288406044244766 0.0529041923582554 0.180648773908615 0.184471651911736 0.139554306864738 -0.000874469231348485 0.0199181474745274 0.155748829245567 0.0267758574336767 -999 0.117043159902096 -999 -999 0.261606931686401 0.17481803894043 -0.1066809669137 -0.126837179064751 0.299691379070282 -0.00256695225834846 -999 0.0221460927277803 0.206568747758865 -999 -0.184489786624908 -999 -999 0.188975542783737 0.259076863527298 0.0105737019330263 -0.12353990226984 0.15291540324688 0.0244329776614904 0.109020389616489 -0.117085829377174 -0.0487716719508171 -0.0897839441895485 -0.0944062545895576 -0.330661475658417 -0.0632829517126083
-0.057144932448864 -0.218533679842949 0.0500674173235893 0.143506556749344 0.0486219972372055 0.411750465631485 -999 0.0442360788583755 0.0261800531297922 0.14581860601902 0.0411456301808357 0.0626435130834579 0.0311771724373102 -999 -0.0464094020426273 -0.121753260493279 -999 -999 -999 -999 -0.326144248247147 -0.442950487136841 -0.179663375020027 -999 -999 -999 -999 -999 -999 -999 -0.0542402602732182 -999 0.0100310454145074 -0.0381722562015057 0.241200193762779 0.23151683807373 -0.0130460523068905 -0.0520686693489552 0.0653406381607056 -0.101032137870789 -0.0527430549263954 -0.0447146371006966 -0.0194096826016903
0.0540213659405708 0.0785183981060982 0.045309741050005 0.108915403485298 0.155051916837692 -0.0418172627687454 0.216766968369484 0.122483536601067 -0.0160903502255678 -0.181539550423622 -0.0402228832244873 0.0394602715969086 -0.0392205603420734 -0.109045438468456 0.18197301030159 0.149256363511086 0.0987736061215401 0.0982158780097961 0.0052730543538928 -999 -999 -999 -999 -999 -999 -999 -999 -999 -999 -999 -999 -999 0.0514972433447838 -0.0187485218048096 -0.183537870645523 -999 0.143300622701645 0.00481029320508242 -0.122816056013107 -0.191220760345459 -0.0580118224024773 -0.0717991963028908 0.0890942439436913
0.10047634691 0.146799996495247 0.506781101226807 0.264788091182709 0.0222832504659891 0.235297292470932 -0.0152120552957058 0.240676581859589 0.0855631902813911 0.0113807125017047 -0.186247155070305 -0.117259785532951 0.133249282836914 -0.1345524340868 -0.048818726092577 0.076759472489357 0.0333495251834393 0.084632933139801 -999 -999 -999 -999 -999 -999 -999 0.448117345571518 -999 -999 -999 -999 0.207686945796013 -999 0.0266579408198595 0.0744910016655922 0.051259022206068 -0.0491785146296024 -0.097326971590519 0.0976765155792236 -0.0182993561029434 -0.000914245028980076 -0.122868433594704 -0.00343720824457705 0.0149674788117409
-0.0778314024209976 0.0521095283329487 0.324355512857437 0.235126227140427 -0.0338145270943642 0.0137632461264729 0.080170527100563 -0.000159482166054659 -0.0282977130264044 0.254910111427307 -0.111914858222008 0.0356210246682167 0.010851870290935 0.190036162734032 -0.0599357299506664 -0.069279782474041 0.0723355859518051 0.158973947167397 -0.0497126430273056 0.124650880694389 -999 -999 -0.103704333305359 0.492575347423553 0.119030877947807 -0.135420799255371 -999 -999 -999 -999 -999 0.0522949993610382 0.0412094928324223 0.0664758831262589 0.0648546144366264 -0.14596863090992 0.0483686476945877 0.0432777851819992 -0.0463147088885307 0.0490928404033184 -0.00748600345104933 -0.0506599321961403 0.117039531469345
-0.103560917079449 0.17983466386795 0.421107202768326 0.100202858448029 0.334673047065735 -0.0792254135012627 0.0846001505851746 -0.127821043133736 0.178096294403076 -0.0826181173324585 0.180758506059647 0.150270953774452 0.126143753528595 -0.254499733448029 0.0121683469042182 0.3482666015625 -0.248582690954208 -0.0229510981589556 0.133343130350113 0.135859057307243 0.149606734514236 0.183780774474144 0.127297446131706 0.108881510794163 -0.0695964172482491 0.0421333499252796 -999 -999 -999 -999 -999 0.55940842628479 0.03323844820261 0.181239068508148 -0.182432010769844 -0.0735232084989548 0.00638932129368186 0.00960599351674318 0.162984758615494 0.127772867679596 -0.0489179752767086 0.0394536219537258 0.124571092426777
-0.0214245095849037 -0.0878340527415276 0.183298990130424 0.178815066814423 0.323855668306351 0.268863528966904 0.230264827609062 -0.204583927989006 0.0716286301612854 -999 0.165799379348755 0.0304466281086206 0.0712509751319885 -0.014434227719903 0.121972106397152 0.163958132266998 0.160622000694275 0.182125315070152 0.225076496601105 0.124962195754051 0.147778585553169 -0.0341878496110439 0.444713234901428 0.0234211459755898 0.101013071835041 -999 -999 -999 -999 -999 -999 -999 -999 -999 0.0923132672905922 0.161779418587685 0.015811076387763 -0.0446218177676201 -0.589838266372681 0.31068029999733 0.0687927976250648 0.0407352969050407 0.053679134696722
-0.00612327037379146 -0.000303922948660329 0.207483530044556 0.0663913935422897 0.0832889452576637 0.161067456007004 0.218418195843697 0.00243815616704524 -0.0867809802293777 0.249027937650681 0.273815512657166 -0.0224767215549946 -0.238268300890923 -0.143776640295982 -0.133363023400307 -0.0724345967173576 0.0641130208969116 -0.0880539119243622 -999 -999 -0.080057680606842 0.00551585666835308 0.0553655363619328 0.0626212880015373 -0.0504777505993843 -0.161417990922928 -999 -999 -999 -999 0.0317909978330135 -0.168038129806519 0.297636389732361 -0.253342688083649 -0.125639945268631 0.108345434069633 -0.137095525860786 0.0610746815800667 -0.0501012094318867 -0.0863959193229675 0.0788184255361557 0.0708670243620872 0.108976408839226
