assets/gome_f/processed/ascii/us/gome_sif_US_20121201.asc
NCOLS 116 
NROWS 53 
XLLCORNER -125 
YLLCORNER 24.5 
CELLSIZE 0.5 
NODATA_value -3.4e+38 
[rows 19 to 37 of 53, columns 0 to 42 of 116]
0.0227156039327383 -0.0863020569086075 0.0109852300956845 0.133866488933563 0.100950539112091 0.0132383853197098 -0.0159237235784531 -0.0384763181209564 -0.0233412776142359 -0.205119594931602 -0.0443857796490192 -0.0677319467067719 0.0255986098200083 0.0156205920502543 -0.0127632804214954 -0.171499341726303 -0.0555213280022144 -0.0733622163534164 -0.0546949133276939 0.0248950812965631 -0.00814089644700289 0.114701561629772 -0.0268917940557003 0.107813984155655 -0.0325792618095875 -0.0686115249991417 0.0367907136678696 -0.191070422530174 -0.0424600727856159 -0.0782900452613831 -0.0654663145542145 -999 0.0247734077274799 -0.172398015856743 -0.0459191128611565 -0.0077933706343174 -0.00271294848062098 -0.299094825983047 0.0213046763092279 0.0183149203658104 0.0583140999078751 -0.0140329040586948 0.0121476287022233
0.0337922312319279 -0.0672566965222359 0.122113257646561 0.0559344440698624 -0.00361746177077293 0.0984241813421249 0.068058080971241 0.0392158254981041 -0.0827284827828407 0.12040913105011 -0.0724906101822853 -0.00391956092789769 0.0155551927164197 -0.0576510801911354 -0.030454883351922 -0.0384567975997925 -0.0107008954510093 0.00754071772098541 -0.0257814209908247 0.00504296272993088 0.00744690746068954 0.0235938690602779 0.0381595678627491 0.0306012984365225 0.0561606697738171 -0.0717993006110191 -0.0601214729249477 -0.130788564682007 0.0504324659705162 -0.100501343607903 -0.0625273063778877 -0.0120298834517598 0.00531020760536194 -0.0682762637734413 0.0805700570344925 0.0756375566124916 -0.24944743514061 -999 -0.00631551211699843 -0.000755396496970206 -0.0612468533217907 -0.0166685972362757 0.0247769895941019
0.0852775797247887 -0.0273106414824724 0.0799165591597557 0.189404845237732 0.107107512652874 0.0363789573311806 0.146565169095993 -0.012866698205471 0.0624806880950928 -0.00391354411840439 -0.0617084689438343 0.0380569733679295 0.0545263066887856 0.0683537274599075 -0.0388996973633766 0.0538328438997269 -0.121093481779099 0.05762093141675 0.0445526130497456 -0.0402730666100979 0.0706245452165604 0.0423853397369385 0.0437907204031944 -0.00594565691426396 -0.0558360926806927 -0.0472851507365704 -0.0584169961512089 0.100418895483017 0.138716995716095 -0.0414950922131538 0.0153587507084012 0.0124035580083728 0.0577095560729504 0.000252716243267059 -0.0512910112738609 -999 -0.117152489721775 -999 -0.166234448552132 0.084147647023201 0.105723030865192 0.0564048327505589 0.0186313334852457
-0.0613587647676468 -0.0564328730106354 0.0980409383773804 0.0947725176811218 0.0164534002542496 -0.042846541851759 0.064931258559227 0.056054811924696 -0.0335929319262505 0.0664512738585472 0.0847669839859009 0.0817873626947403 -0.0158004984259605 0.0163845513015985 -0.0325109586119652 0.0721698328852654 0.0689926967024803 -0.00470696948468685 -0.106261216104031 0.00203399802558124 0.0402562692761421 0.0726495981216431 0.0786401405930519 -0.0893353596329689 -0.0276135206222534 -0.058263435959816 -0.0579241588711739 -0.119364805519581 -0.0446301884949207 -0.0266478899866343 0.0661711394786835 0.0448104664683342 -0.000501786649692804 0.0457536764442921 -0.0727006122469902 -0.00895598065108061 -0.0016115577891469 0.260454565286636 0.0199840310961008 -0.0790739059448242 0.0618247352540493 -0.0265703983604908 -0.0121791809797287
-0.0140392212197185 -0.0786227658390999 0.026246527209878 0.0869747772812843 0.0614123530685902 0.0604814440011978 0.0729733780026436 -0.00166553433518857 0.0514360293745995 -0.0308717265725136 0.0824256539344788 0.0079256035387516 -0.0270844008773565 0.0381384082138538 -0.0190928559750319 0.0503037460148335 0.017247099429369 -0.0455871932208538 -0.0238181315362453 -0.0097470348700881 0.0678863972425461 -0.104033671319485 -0.00927249155938625 -0.0524158589541912 0.0252007152885199 -0.0523591190576553 0.10533532500267 -0.0646828338503838 0.0637417659163475 0.0700451955199242 -0.00464891130104661 0.0956422314047813 -0.0484465658664703 -0.0267217271029949 0.037350982427597 0.0338395163416862 0.155804112553596 0.173554345965385 0.117047250270844 0.038712453097105 -0.0849120020866394 0.0586104393005371 0.00786227639764547
0.0482546053826809 -0.0103097399696708 0.0782253295183182 0.0930738970637321 0.145738869905472 0.0870186015963554 0.101897947490215 0.108545191586018 0.0860648527741432 -0.0359556041657925 0.159583330154419 0.0282828696072102 0.104918457567692 0.017761604860425 -0.00368665577843785 0.0638605281710625 0.0584947541356087 -0.0149325849488378 0.0425408557057381 0.04360631108284 -0.0196208078414202 -0.0228527821600437 0.0381545796990395 -0.0763043984770775 0.0359663441777229 0.00778013980016112 -0.02834327891469 0.117176949977875 -0.0127634005621076 0.0780821293592453 0.00348784169182181 0.0364024192094803 0.0422970913350582 -0.0384294800460339 0.0444204322993755 -0.164447367191315 -0.0906352773308754 0.0516477525234222 0.129014357924461 0.00167934491764754 -0.0489669889211655 0.0470198504626751 -0.017957853153348
0.040173452347517 -0.0230823922902346 -0.102904461324215 -0.0413368865847588 0.0937346220016479 0.103046894073486 0.14444699883461 0.0567631125450134 0.121447525918484 0.0624302625656128 -0.0666741728782654 0.0856195241212845 0.0710494220256805 -0.0856090411543846 -0.0175138525664806 -0.0781690776348114 0.0157363880425692 -0.00274073728360236 -0.0854733064770699 0.0974884480237961 0.026121724396944 0.0595266558229923 0.0938922762870789 0.00479258270934224 0.00773000717163086 0.147536560893059 -0.0239774510264397 -0.0809599086642265 -0.0828115940093994 0.0602830462157726 0.0762316659092903 0.0306727308779955 -0.130424872040749 0.0985722318291664 -0.0600589662790298 0.0783327594399452 0.13036185503006 0.0492619760334492 0.0186531897634268 0.0951419398188591 -0.0110727353021502 -0.0120553141459823 0.0128723978996277
0.0500394627451897 0.0529512912034988 0.140731602907181 0.0593629702925682 -0.0120143061503768 0.0256145149469376 0.0307689905166626 0.0616128258407116 0.0478097908198833 0.0936760082840919 -0.115982234477997 -0.129955664277077 0.0878134518861771 -0.0170459505170584 0.00371093256399035 -0.0445885360240936 -0.0313912779092789 0.00403826311230659 -0.0425069779157639 -0.0398308746516705 0.0668750330805779 -0.0351127795875072 0.0255950335413218 0.0678149312734604 -0.00367679819464684 -0.00439411401748657 0.0271240808069706 0.0222312528640032 -0.0719676986336708 -0.00907046440988779 0.119861163198948 0.0286088734865189 -0.0161623004823923 -0.0265111289918423 -0.0181251708418131 -0.0932295843958855 -0.0309976860880852 -0.0314302556216717 -0.0444158017635345 0.0248147360980511 0.018716286867857 -0.0322960391640663 0.011925932019949
0.0343168154358864 0.0162751562893391 0.0549414902925491 -0.0130651677027345 -0.0143530070781708 0.0933249518275261 0.0968862399458885 0.0815719589591026 0.0635038763284683 0.103428788483143 0.134731739759445 0.0103715602308512 -0.00905375368893147 0.0567077845335007 -0.0150939915329218 0.0307046845555305 0.0267916787415743 0.0367332249879837 0.0078336400911212 -0.021288063377142 -0.0217117946594954 0.0243957992643118 0.0600652582943439 -0.00852943584322929 -0.0541163273155689 -0.0643147155642509 0.00681443186476827 0.0277213733643293 -0.0509173274040222 -0.109320715069771 0.052833616733551 0.0387002639472485 0.0310306288301945 0.00599333504214883 -0.0220292750746012 0.0767283216118813 -0.0949187204241753 0.0641969814896584 0.0343097373843193 0.0460930615663528 0.0578160956501961 0.0708059147000313 0.0493200160562992
0.0616939514875412 0.0450774841010571 -0.0330441184341908 0.0479639656841755 0.0601265393197536 -0.00383729115128517 0.0398485921323299 0.064866691827774 0.0155838234350085 -0.0102060418576002 0.0363447070121765 0.067970983684063 0.0996332839131355 0.0576536767184734 0.0729558020830154 -0.00857951026409864 -0.0149104818701744 0.038162600249052 0.0302787777036428 0.139919191598892 0.0590442530810833 0.0506499968469143 -0.0149889010936022 0.0522961616516113 -0.0219363179057837 0.0728818848729134 0.050115991383791 0.0484721586108208 0.0608769468963146 0.0583089292049408 0.0276228580623865 -0.0221854653209448 0.0896856635808945 0.044367428869009 0.0134349716827273 -0.00344249047338963 -0.0598237961530685 0.057923249900341 0.00843315757811069 -0.00257709249854088 0.0267199315130711 0.0186329800635576 -0.0182576142251492
-0.02152344211936 -0.0200616959482431 -0.0125931110233068 -0.0526726618409157 0.141711324453354 0.0458904653787613 0.0166379790753126 0.0101265637204051 0.065274640917778 0.037007849663496 0.0198799334466457 -0.0107135009020567 0.137597292661667 0.0695061460137367 -0.00156492774840444 0.0719148591160774 -0.0246098320931196 -0.0127297509461641 0.0546566992998123 0.0464542284607887 0.0896598249673843 -0.0399059876799583 -0.0117038646712899 0.0731332749128342 -0.0575073547661304 0.0632159039378166 -0.0541731752455235 -0.0265861228108406 0.00979509297758341 -0.049655769020319 0.0794958472251892 0.0547318495810032 -0.0454729869961739 -0.016938790678978 0.0951338112354279 0.00975246075540781 -0.0182254407554865 0.00970541499555111 0.0599243640899658 0.0158601067960262 0.0202223379164934 0.0254131574183702 -0.022192906588316
0.059397142380476 -0.00704136816784739 0.0689462572336197 0.0742806196212769 0.0542586520314217 0.0406608581542969 -0.0656026601791382 -0.0171411912888288 -0.0162303652614355 0.117401354014874 0.0942940190434456 0.0441703945398331 0.0986933186650276 -0.0119534768164158 0.0364488363265991 -0.032613143324852 0.0409807376563549 -0.0157867074012756 -0.0390176363289356 0.0433967858552933 0.0129714561626315 0.00380734167993069 0.0374105684459209 -0.00685159116983414 0.00273184548132122 0.0342018343508244 0.0090263644233346 -0.0880168527364731 -0.0128529192879796 -0.0412768051028252 -0.0310622528195381 0.0629009902477264 -0.0585303045809269 -0.0568933971226215 -0.00290975370444357 0.0760927200317383 -0.015909219160676 0.0534207373857498 -0.0158888325095177 0.0303016435354948 0.064346008002758 -0.0685607492923737 -0.0343703739345074
0.00443368777632713 0.0320749059319496 0.0250895079225302 0.0522972829639912 0.0197064708918333 -0.0139195155352354 0.0704213306307793 -0.00463648466393352 0.0136912371963263 -0.0242385398596525 0.0494198463857174 0.0122390827164054 0.00402919482439756 0.052243385463953 0.00384392729029059 0.0370030254125595 0.0626042187213898 0.0200703367590904 0.0606727562844753 -0.0221697706729174 0.0836864933371544 0.0144093427807093 0.012321263551712 0.0874583944678307 0.0272956527769566 -0.0493255890905857 0.0330983363091946 -0.0447969138622284 0.0658633634448051 0.0361449010670185 0.151835143566132 0.028350867331028 0.0246141832321882 0.00625522714108229 0.0111134834587574 -0.0162554159760475 0.0331543125212193 -0.0257971175014973 0.0444938093423843 0.063468873500824 -0.0172572452574968 0.0267331562936306 -0.0551867038011551
-0.205609202384949 0.0626209601759911 0.029918160289526 0.0173957962542772 0.00631118332967162 0.0807612091302872 0.000507055199705064 0.00377308297902346 0.00408760784193873 0.109387598931789 -0.033122755587101 -0.0374544560909271 -0.0742519497871399 -0.0844711437821388 -0.0487797968089581 -0.00977438595145941 0.0427070967853069 -0.000153365894220769 -0.00439327256754041 -0.087515726685524 -0.0313381813466549 0.0436507165431976 0.0581311024725437 0.0300081912428141 0.0138455713167787 0.00496923597529531 0.0693182870745659 0.0335680209100246 -0.0328317284584045 0.0997091680765152 -0.0440694056451321 -0.0590123310685158 0.105090223252773 0.10472396761179 0.0356304086744785 0.0653835386037827 -0.0293265264481306 -0.000957061245571822 -0.0376573987305164 -0.000756415247451514 0.0788310915231705 -0.0322780124843121 -0.0585747286677361
-0.0160220991820097 -0.141970068216324 0.0185181368142366 -0.0694340616464615 0.0351682417094707 -0.102340541779995 -0.0638007000088692 0.0230711400508881 0.0913514420390129 -0.0259925462305546 -0.0193187445402145 0.00348337739706039 0.0965477153658867 0.0887771919369698 0.109383881092072 0.0968423709273338 -0.0210900213569403 0.0482727438211441 0.013541460968554 0.0508149266242981 0.0248702690005302 0.0366985499858856 0.0285612158477306 0.052545852959156 0.130334064364433 0.0330856777727604 -0.0157606042921543 0.0432171225547791 0.0112220151349902 -0.000994211412034929 0.0115840071812272 -0.0357420481741428 0.0224668551236391 0.0853705778717995 0.0259029772132635 -0.0123942140489817 -0.0441060662269592 -0.0510793663561344 -0.0248018279671669 0.0198603514581919 -0.0222866386175156 0.0211746599525213 0.0256124716252089
0.0245375074446201 0.14339117705822 0.0217919461429119 0.0663006529211998 -0.00503443367779255 0.0510789938271046 0.0564604178071022 -0.0163775011897087 -0.0351836904883385 -0.04722511023283 0.0631637126207352 -0.0132963201031089 -0.0401162058115005 -0.0257394053041935 0.0531723015010357 0.0505165122449398 0.0309562049806118 0.0551324747502804 0.0293125715106726 -0.0447920523583889 -0.0132450656965375 0.0015661776997149 0.0646138563752174 -0.00336483214050531 0.000704597681760788 0.0751379281282425 0.0846396908164024 0.102368772029877 0.0345064885914326 0.13978499174118 0.0354737155139446 -0.0439340211451054 -0.0166796687990427 -0.00175432080868632 0.0401210375130177 -0.0290039107203484 0.00771941337734461 -0.0182671695947647 0.0558884516358376 0.0681908056139946 0.00280450354330242 -0.085097461938858 0.050610788166523
-0.0457830205559731 0.0630585327744484 0.0480185858905315 0.0303523913025856 -0.068945623934269 0.0415850915014744 0.0214045401662588 0.0472799018025398 -0.0189463552087545 -0.0198931973427534 0.032141026109457 0.0249703228473663 -0.00322527741082013 -0.015707328915596 -0.0606864392757416 0.026602691039443 0.0895019993185997 0.0535025000572205 0.119843035936356 0.00137329904828221 -0.0308383498340845 0.0315195433795452 0.0710197985172272 0.0527608245611191 0.0228074658662081 0.115653768181801 0.136941388249397 0.0524005554616451 -0.0192302763462067 0.0470337681472301 -0.029546681791544 0.0350484102964401 0.0636874213814735 0.000766330282203853 -0.0790837034583092 -0.0334749780595303 0.0765745490789413 0.0287388730794191 0.0474713295698166 0.0229332502931356 0.0683707892894745 0.0463922806084156 0.0310871135443449
0.0658520087599754 -0.0137484949082136 0.0356010459363461 0.0837615951895714 -0.127961292862892 0.0356891974806786 0.00105155468918383 -0.0155831081792712 0.0278856623917818 0.0928517207503319 -0.0228634104132652 -0.188527017831802 -0.015965374186635 -0.0225615054368973 -0.00769537128508091 0.000304590386804193 0.0548425018787384 0.0405530966818333 0.170656576752663 0.099776603281498 0.070310615003109 0.0406577810645103 0.000625479442533106 -0.024531913921237 0.10582772642374 0.0413220226764679 0.0381447002291679 0.0517246536910534 0.06668621301651 0.0131243132054806 0.0517609976232052 0.0473437868058681 -0.0324518792331219 0.0125114656984806 0.0085513461381197 0.00578715838491917 -0.100359417498112 -0.0372382961213589 0.0416717790067196 0.0500860102474689 -0.00390413100831211 0.00837391335517168 0.0507474690675735
-0.109305121004581 -0.0247090812772512 -0.00727177783846855 0.0118049960583448 0.0330418981611729 -0.0221494194120169 -0.0464838482439518 -0.0275710914283991 -0.0193884577602148 -0.0116562889888883 -0.0220937803387642 0.0355835258960724 0.0163015834987164 0.019655816257 0.0464723892509937 -0.0740801095962524 -0.0082720210775733 0.038345530629158 0.0274239983409643 0.0234879367053509 -0.0627850443124771 0.102239526808262 0.0442558936774731 0.0748173072934151 0.0302437748759985 0.081082709133625 0.050513494759798 0.0287299249321222 0.0518750958144665 0.00954631250351667 0.0683275610208511 0.018642470240593 -0.0345513559877872 0.0515896901488304 -0.00030619851895608 -0.0375066921114922 -0.00689283246174455 -0.0269205346703529 0.108705393970013 -0.0204012971371412 -0.00974115449935198 -0.00567520037293434 0.152502164244652
