assets/gome_f/processed/ascii/us/gome_sif_US_20111001.asc
NCOLS 116 
NROWS 53 
XLLCORNER -125 
YLLCORNER 24.5 
CELLSIZE 0.5 
NODATA_value -3.4e+38 
[rows 19 to 37 of 53, columns 0 to 42 of 116]
0.032035805284977 0.0457172691822052 0.117731615900993 0.24878391623497 0.188839003443718 0.210665702819824 0.18753357231617 0.0674023032188416 0.0669595822691917 0.0976121053099632 0.0253648292273283 -0.0388298369944096 0.0329298488795757 0.0152034545317292 0.00730274431407452 0.0314504876732826 -0.018323665484786 0.0167581867426634 -0.0578388907015324 0.036591861397028 0.0671934187412262 -0.0348116271197796 0.0391422547399998 0.00267727649770677 -0.0039600096642971 0.0493759661912918 0.0503242425620556 -0.0251104142516851 0.0833659842610359 0.0457657650113106 0.0385442636907101 0.0645125657320023 0.0774944424629211 -0.0591813027858734 -0.019345561042428 0.00747984601184726 -0.0360483229160309 0.0053982762619853 0.0395321473479271 0.0638649761676788 -0.0139462566003203 0.127794951200485 0.0726130679249763
-0.0112373167648911 0.0221048593521118 0.0864705145359039 0.154304757714272 0.250030636787415 0.171903148293495 0.142221987247467 0.121551036834717 0.0965205878019333 0.00941210798919201 0.0444925278425217 -0.0439046919345856 0.0332725010812283 -0.0366484820842743 0.0136273736134171 -0.000442021788330749 0.00593120791018009 0.0181494746357203 -0.00796389579772949 0.0674612745642662 0.0211111698299646 0.0640102997422218 0.0644595623016357 0.102967776358128 0.037896066904068 0.120155081152916 0.119536235928535 0.0669792965054512 -0.016595808789134 0.0580855645239353 0.0692239701747894 0.100058026611805 0.00611319951713085 0.0112134320661426 0.10278008133173 0.0418510138988495 0.101076848804951 -0.0184624847024679 0.114725992083549 0.0469966568052769 0.0148298535495996 0.0182287804782391 0.0293704885989428
0.0460209026932716 0.0713668465614319 0.149283930659294 0.196768417954445 0.161535277962685 0.115022160112858 0.216008573770523 0.194751843810081 0.0567295029759407 0.0589178577065468 0.0227827448397875 0.000617057085037231 0.00975229404866695 -0.0595738217234612 -0.0227631088346243 0.0157797485589981 0.0110381487756968 0.079759806394577 0.018762955442071 -0.0579213500022888 -0.00514176581054926 -0.064273290336132 0.00465837866067886 -0.00148953089956194 0.0799588859081268 0.00442365184426308 0.102611780166626 0.185702621936798 0.0371942855417728 0.079597108066082 0.100947260856628 0.00873174797743559 0.0888570249080658 0.0445592887699604 0.0339678972959518 0.0379404686391354 0.131228283047676 0.0421956069767475 0.123208940029144 0.0464374758303165 0.0960016772150993 0.0865808799862862 0.0640266835689545
-0.0121754696592689 0.1161914691329 0.0650946199893951 0.225737184286118 0.184328883886337 0.139590755105019 0.166674166917801 0.212371021509171 0.093805305659771 0.0849320068955421 0.0696172043681145 0.00489205401390791 0.0163001548498869 -0.00780835747718811 -7.99009576439857e-05 0.0170601084828377 -0.0653413683176041 0.0509480535984039 0.0462983399629593 0.0525013618171215 0.0538466088473797 -0.00657359510660172 0.035112876445055 0.130187883973122 0.0825348570942879 0.104173317551613 0.0751517415046692 0.0834905877709389 0.098590262234211 0.0608010552823544 0.0387414321303368 -0.00656911125406623 0.031931359320879 0.0291051808744669 0.0578166022896767 0.0802713111042976 0.0721444264054298 0.00139001803472638 0.0697285532951355 0.0494301319122314 0.0438544228672981 0.0262369066476822 -0.0427875109016895
0.0173774715512991 0.00403499882668257 0.0509748980402946 0.202246844768524 0.17534764111042 0.182711109519005 0.0956632345914841 0.232249245047569 0.191742837429047 0.0803464576601982 0.0642203018069267 0.0775392949581146 0.101157560944557 0.00213844259269536 -0.00208090408705175 0.0246589165180922 0.0562801957130432 0.0168481469154358 0.164066657423973 0.0203856341540813 0.0310398899018764 0.1238918825984 0.0507447980344296 0.078285351395607 0.082222007215023 0.108962863683701 0.065657451748848 0.0258702393621206 -0.0305533688515425 0.125831946730614 -0.0045446902513504 0.0455781780183315 0.0708443820476532 0.0723073035478592 0.0228040982037783 0.0546843484044075 0.0792455300688744 -0.0293048787862062 0.0962327495217323 0.0693159326910973 0.107104860246181 0.0689470916986465 -0.000485530035803095
-0.00883767195045948 -0.0106387855485082 0.0211127214133739 0.189543068408966 0.238059088587761 0.132668778300285 0.156506597995758 0.163938581943512 0.225211545825005 0.135648667812347 0.167566135525703 0.0587575063109398 -0.0348089933395386 0.0261833947151899 0.0804546549916267 0.0355259962379932 0.0232638195157051 -0.0335982218384743 0.0723124444484711 0.0914672091603279 0.0625157281756401 0.0246196687221527 0.0527543015778065 -0.00895117316395044 -0.0248994436115026 0.0658337101340294 -0.0320020690560341 0.0105187287554145 -0.026199197396636 0.00781952030956745 0.0717842504382133 0.00740093644708395 0.123914197087288 0.0185728240758181 0.141921728849411 0.0548875145614147 0.0974101647734642 0.0494043007493019 -0.0327435694634914 0.00584739353507757 0.0453845411539078 0.0616206265985966 0.0312002059072256
0.0406336970627308 -0.0383250825107098 0.0430008918046951 -0.0482120290398598 0.154702603816986 0.0803321748971939 0.146692618727684 0.161503180861473 0.215273901820183 0.197365999221802 0.115023553371429 0.0546306930482388 0.0260220188647509 0.0469087697565556 -0.0159959178417921 0.0761920064687729 0.0300076995044947 0.0127534540370107 0.0130030922591686 0.0610580779612064 0.0285664983093739 0.0618053302168846 0.00239292182959616 -0.0301316361874342 0.0739253535866737 0.106121815741062 0.0429661385715008 0.0210991371423006 0.0686977729201317 0.00304325576871634 0.0691372975707054 0.0162404328584671 0.0720881596207619 0.0213408470153809 0.0457838624715805 0.170804187655449 0.134580731391907 0.133783593773842 0.0506555326282978 0.0290419962257147 0.0255541857331991 0.0155878104269505 0.0287309307605028
0.0250736121088266 0.0144986473023891 0.0249377861618996 0.0325693748891354 0.0271960608661175 0.0668326616287231 0.125769004225731 0.145410194993019 0.165528684854507 0.159403786063194 0.0544934757053852 0.0740282312035561 0.0711758956313133 -0.0466302931308746 0.0412971489131451 0.0127364350482821 0.0158881414681673 0.0734716430306435 -0.00225331145338714 0.065557137131691 0.0202066637575626 0.0541785433888435 0.0400434397161007 0.0787165239453316 -0.00283690681681037 0.0462192595005035 0.0565536543726921 0.000761497765779495 0.0278898943215609 0.0696992352604866 0.0800959467887878 0.0166074875742197 0.115645825862885 0.0804820954799652 -0.07974474132061 0.0134694464504719 0.0475164912641048 0.0811447948217392 0.0241519138216972 -0.0286860484629869 0.0771464854478836 0.0688619986176491 0.0763893872499466
-0.00207160413265228 -0.00964304339140654 0.0452788844704628 0.0954481214284897 -0.00407177861779928 0.071535587310791 0.0993280708789825 0.141696438193321 0.150757253170013 0.169389277696609 0.128873452544212 0.160895526409149 0.108939774334431 0.00396829238161445 -0.00260231806896627 -0.00608370639383793 -0.000640643993392587 -0.0220041833817959 -0.0421152003109455 0.0439400635659695 0.0969785004854202 0.0754066631197929 0.0754104852676392 0.0651038661599159 0.128747895359993 0.0807252153754234 0.0628874897956848 0.00599030684679747 -0.0639907941222191 0.000619158381596208 0.042821079492569 0.0704062581062317 0.028930215165019 0.114543236792088 0.0452225767076015 0.0513057559728622 -0.0130915427580476 0.11604431271553 0.106624826788902 0.0755739733576775 0.084202915430069 0.0197287891060114 0.0652718544006348
0.0027289951685816 -0.0594660304486752 -0.000106663486803882 -0.0161866415292025 0.0385453961789608 0.109063401818275 0.13168229162693 0.0894475281238556 0.051170602440834 0.165438875555992 0.172649815678596 0.147174403071404 0.053816594183445 0.00409102067351341 0.0916663557291031 -0.051410797983408 0.0235864166170359 0.0528036430478096 0.0718972608447075 0.00256337434984744 0.00112498924136162 -0.0158209688961506 0.0518540516495705 0.030269792303443 0.0722138211131096 0.0411559119820595 -0.00945567432790995 0.0123724341392517 0.122723147273064 -0.0346554331481457 -0.00863646436482668 0.0707642212510109 -0.0282063838094473 0.0825396999716759 0.0963264256715775 0.0652495697140694 0.166703522205353 -0.0360662490129471 0.0806791484355927 0.115130566060543 0.141964495182037 0.0409818515181541 0.114181019365788
-0.0259647499769926 -0.0468527935445309 0.0358032770454884 -0.00283737201243639 0.0944363549351692 0.0208697728812695 0.0593171194195747 0.0684537291526794 0.174553096294403 0.0934135392308235 0.107815392315388 0.150451928377151 0.133943572640419 0.0495389364659786 0.0181603971868753 -3.22914638672955e-05 -0.0191412623971701 0.0590424388647079 0.0946830436587334 0.0413555726408958 0.103906981647015 0.0635559037327766 -0.0038407223764807 0.15110719203949 -0.0111013269051909 0.103169642388821 0.0474799014627934 -0.036151148378849 0.0710427314043045 0.0373553149402142 0.101749554276466 0.0430638268589973 0.00774138979613781 0.0586055852472782 0.100619181990623 -0.012507252395153 0.0256093591451645 0.0548556484282017 0.111784271895885 0.0443001873791218 0.0372104905545712 0.00712350010871887 0.0573651641607285
0.0162466857582331 0.0508501753211021 0.0933196023106575 0.0104288905858994 -0.0295580569654703 -0.0167793501168489 0.0822212174534798 0.0161919705569744 0.04978371784091 0.0487569272518158 0.0988613367080688 0.105810426175594 0.152244284749031 0.119854740798473 0.0283121857792139 -0.0276552587747574 0.0496578142046928 0.041214507073164 0.0880917608737946 -0.0365601517260075 0.0546321757137775 -0.0258371643722057 0.0742728188633919 0.206300660967827 0.0917472392320633 -0.00345108774490654 -0.0277585126459599 -0.00783504173159599 0.0392219163477421 0.0790240317583084 0.0249460265040398 0.0886743068695068 0.0406740345060825 -0.0815405920147896 0.116739451885223 0.0462714545428753 0.0993202328681946 -0.0262842290103436 0.114659391343594 0.0277226343750954 0.0598799325525761 0.0411683283746243 0.0297661665827036
-0.05125767365098 0.117767669260502 -0.134101361036301 0.0747518539428711 -0.0589364692568779 -0.00718901120126247 0.0338241271674633 0.0569154359400272 -0.0044775465503335 -0.0139118209481239 0.0552004091441631 0.10825452953577 0.198970347642899 0.0148882148787379 -0.0220233090221882 0.0886656045913696 0.059594102203846 0.0718665942549706 -0.059792548418045 0.0288822297006845 0.013927910476923 0.0622590407729149 0.124774359166622 0.0793326869606972 0.0940144285559654 0.084117479622364 0.0220894049853086 0.0391567833721638 0.0108091486617923 0.043118804693222 0.0969041883945465 0.126241132616997 0.00561888702213764 0.0586329288780689 0.0297481920570135 0.0433367229998112 0.0192858707159758 0.0430085584521294 0.0561572797596455 0.0813361406326294 0.0416885949671268 0.133128643035889 0.0778058171272278
0.0170679036527872 0.0169567950069904 -0.0721056014299393 -0.0183677840977907 -0.107510760426521 0.1218381524086 -0.0202635303139687 0.0400278717279434 0.164111688733101 0.141946390271187 0.0602035857737064 0.0787162110209465 0.110680192708969 0.0985591858625412 0.0172242391854525 -0.0238405019044876 -0.000353704090230167 0.0353525951504707 0.0308839790523052 0.0696970745921135 0.00516477227210999 0.0574742965400219 0.0356021113693714 0.0660346522927284 0.0152444606646895 0.0815500989556313 0.0806418508291245 0.00191134517081082 0.105469405651093 0.0359584912657738 0.0105648310855031 0.0528559572994709 0.0580792501568794 0.123985134065151 0.0381211154162884 -0.00420258846133947 0.0580709278583527 0.0229834727942944 0.010446460917592 0.0218518227338791 0.0341829024255276 0.0126214055344462 0.104220025241375
0.0316307358443737 0.0330167748034 0.00364808575250208 -0.189814731478691 -0.0109463576227427 0.0859598591923714 0.0719109773635864 -0.0269475299865007 0.0246189832687378 0.100594066083431 0.0361617021262646 0.106283433735371 0.0464487187564373 0.156754851341248 0.103974483907223 0.0748805329203606 0.057885754853487 -0.0606742650270462 0.0900971964001656 0.0879773870110512 0.051589872688055 0.00960755720734596 0.0858076140284538 0.0991474986076355 0.152342483401299 0.136675029993057 0.0647759884595871 0.119415380060673 0.0481971241533756 0.0378993414342403 0.125112101435661 0.146891325712204 0.0852378308773041 0.0124848922714591 0.0164858140051365 -0.0211489014327526 -0.00401723477989435 0.129123657941818 -0.00519635016098619 0.0818353071808815 0.0877320840954781 0.0681290552020073 0.0388060286641121
-0.0206775721162558 -0.0550871677696705 0.0249079577624798 0.0551852397620678 -0.102253660559654 0.0728646442294121 -0.0358636826276779 0.0914963260293007 0.00482755852863193 0.0667848214507103 -0.142527610063553 0.0306723117828369 0.0296454001218081 0.119999721646309 0.170207276940346 0.0174616705626249 0.100063636898994 0.0709141567349434 0.0344529449939728 -0.0342305414378643 0.00176276220008731 0.0563196502625942 0.092302180826664 0.0551768243312836 0.0607371628284454 0.0471432767808437 0.0912622958421707 0.0717216208577156 0.0597436130046844 0.0710415467619896 0.0940949618816376 -0.00507618673145771 0.0673569217324257 0.0033448573667556 0.0430527776479721 0.0495967678725719 0.00927181541919708 0.0130876405164599 0.0127748362720013 0.0453582890331745 -0.0108849657699466 0.0948721095919609 0.10324988514185
-0.0480302982032299 -0.0848114416003227 -0.0242634061723948 0.02570416405797 -0.0714576169848442 0.0148354945704341 -0.0413297787308693 0.030242383480072 0.051074743270874 -0.0789719298481941 -0.0543989017605782 0.0707687363028526 0.0175191890448332 -0.0768038555979729 -0.0241827331483364 0.122424826025963 0.153157383203506 -0.00440577231347561 0.1220763027668 0.0481603071093559 0.11655780673027 0.0229186993092299 0.00863968208432198 -0.0374592132866383 0.05864367634058 0.0393055006861687 0.11604205518961 0.021118301898241 0.0268174093216658 0.0795084908604622 0.0674324035644531 0.122499816119671 0.186891987919807 0.147330611944199 0.121509343385696 -0.00409217504784465 0.0562965869903564 0.0197056196630001 0.0677463337779045 0.0656249970197678 0.0186419896781445 -0.112380839884281 0.0361533127725124
0.03594820946455 0.0173589251935482 -0.0321000553667545 0.0310974158346653 -0.0758088156580925 0.0275404267013073 0.0237025897949934 -0.0546204969286919 -0.0361912846565247 -0.122132137417793 0.00246711680665612 0.090702086687088 0.0366464667022228 -0.0265657361596823 0.0242438390851021 0.0563439577817917 0.00330482888966799 0.030520411208272 0.00072367099346593 0.0148707395419478 0.175738349556923 0.0793413147330284 0.11244297772646 0.020087756216526 -0.0605683922767639 0.0217132810503244 0.0289254803210497 0.0330761559307575 0.0628405287861824 0.0667121559381485 0.062016487121582 0.164429634809494 0.195287689566612 0.0488076955080032 0.0204116497188807 0.0331298969686031 0.0264394246041775 0.126815304160118 0.192031845450401 0.0901606157422066 0.0663508549332619 -0.0155536495149136 0.176982969045639
-0.0442769415676594 -0.0473107509315014 0.0455972440540791 0.016079680994153 0.1799536049366 -0.0325380563735962 -0.00161205977201462 -0.0873892903327942 -0.0305952299386263 -0.105564378201962 0.00957135483622551 -0.00217810948379338 -0.0524660013616085 0.0200289767235518 -0.0115381712093949 -0.0179855357855558 0.0205425433814526 0.0613937526941299 0.0162052903324366 0.0964706018567085 -0.0201608072966337 0.0284970756620169 0.00401468109339476 0.0925670936703682 0.00900620315223932 -0.0339769087731838 0.000408911058912054 0.0833413675427437 0.151916459202766 0.0649559497833252 -0.00186073780059814 0.0514321476221085 0.0342906266450882 0.0165660083293915 0.0310251712799072 0.133541598916054 0.0884453132748604 0.0994347631931305 0.0667774006724358 -0.0574827343225479 0.145153746008873 0.0355866476893425 0.13681361079216
