assets/gome_f/processed/ascii/us/gome_sif_US_20110601.asc
NCOLS 116 
NROWS 53 
XLLCORNER -125 
YLLCORNER 24.5 
CELLSIZE 0.5 
NODATA_value -3.4e+38 
[rows 0 to 18 of 53, columns 0 to 43 of 116]
-0.252109944820404 -999 -999 -0.079052709043026 0.192462399601936 0.277018249034882 0.163337767124176 0.187038064002991 0.256563305854797 0.161583676934242 0.128343105316162 0.406180381774902 0.180012345314026 0.155065387487411 0.212596386671066 -999 -0.0211422089487314 0.391714513301849 0.0939495712518692 0.207678988575935 0.291663110256195 0.372132956981659 0.588165879249573 0.474233031272888 0.51078599691391 0.56728321313858 0.546483814716339 0.542469084262848 0.39584144949913 0.309920370578766 0.282689452171326 0.382539719343185 0.372328162193298 0.383755505084991 0.357166618108749 0.149338290095329 0.373645335435867 0.464118510484695 0.498084783554077 0.254079759120941 0.504242777824402 0.384795278310776 0.46070408821106 0.319094210863113
0.207306072115898 -0.184280887246132 0.0784726589918137 0.288218349218369 -999 0.486484289169312 0.0985994935035706 0.305661052465439 0.352203518152237 0.134690523147583 0.152620583772659 0.392088085412979 0.173877626657486 0.139100283384323 -0.0164334382861853 0.110010720789433 -0.096619501709938 -0.00447192694991827 0.154520437121391 0.352603405714035 0.231353089213371 0.375157505273819 0.444416970014572 0.509010791778564 0.313611000776291 0.542532980442047 0.394588828086853 0.470656096935272 0.496132463216782 0.363981276750565 0.312708139419556 0.453903317451477 0.439579218626022 0.566487431526184 0.500413954257965 0.283038347959518 0.383415937423706 0.526423573493958 0.475643455982208 0.415132403373718 0.452746480703354 0.22334711253643 0.327457100152969 0.393152415752411
0.245921149849892 0.087135873734951 0.178114131093025 0.319468438625336 0.22915443778038 0.103687942028046 0.15194283425808 0.179286286234856 0.256667822599411 0.20504230260849 0.1369658857584 0.150786012411118 0.247884035110474 0.201788529753685 0.134492471814156 -0.0516389310359955 -0.0462265014648438 0.30297264456749 0.183584004640579 0.271084696054459 0.294333755970001 0.409057408571243 0.383935391902924 0.427365660667419 0.403599202632904 0.585561275482178 0.372888296842575 0.576546669006348 0.447456777095795 0.355820447206497 0.543659389019012 0.525611460208893 0.559987366199493 0.417062610387802 0.425164043903351 0.368185728788376 0.269059360027313 0.452129364013672 0.32309427857399 0.433917373418808 0.373680502176285 0.453220635652542 0.3720962703228 0.336651504039764
0.441471725702286 0.187369078397751 0.221965149044991 0.0482893846929073 0.38474115729332 0.465157091617584 0.2580746114254 0.333899408578873 0.162189573049545 0.271977245807648 0.264436572790146 0.371340662240982 0.110732279717922 0.275170236825943 0.235896706581116 0.193041786551476 0.224206119775772 -0.00765755493193865 0.172307521104813 0.319194734096527 0.255025237798691 0.306304603815079 0.341527730226517 0.31766876578331 0.554195165634155 0.192959785461426 0.392464071512222 0.360344111919403 0.361725956201553 0.381623953580856 0.308336138725281 0.315844655036926 0.461363583803177 0.316411137580872 0.480882823467255 0.391346246004105 0.381969273090363 0.529769778251648 0.397334486246109 0.351992607116699 0.28342217206955 0.495160728693008 0.285856783390045 0.363025516271591
0.215516641736031 0.415920406579971 0.355594217777252 0.198413759469986 0.245052710175514 0.385267317295074 0.280925840139389 0.271302312612534 0.29312601685524 0.0129116075113416 0.234062418341637 0.35883229970932 0.158133149147034 0.334945231676102 0.285344123840332 0.313455134630203 0.396132111549377 0.172669619321823 0.197426244616508 0.325912475585938 0.319724082946777 -0.053775530308485 0.348975867033005 0.28992372751236 0.308821588754654 0.363820999860764 0.315601289272308 0.310922771692276 0.362158805131912 0.344523072242737 0.394489526748657 0.451159685850143 0.431292533874512 0.400234937667847 0.414148092269897 0.273737251758575 0.481774300336838 0.36032822728157 0.509758353233337 0.420463144779205 0.511791884899139 0.509361803531647 0.412055850028992 0.524656355381012
0.0949940010905266 0.360644280910492 0.33602449297905 -0.0111549962311983 0.388019442558289 0.316361784934998 0.314700752496719 0.278060436248779 0.184037238359451 0.155954599380493 0.345896363258362 0.38346141576767 0.21138234436512 0.425930470228195 0.316956639289856 0.427452564239502 0.395470917224884 0.209111377596855 0.328094184398651 0.422301203012466 0.241542890667915 0.408639907836914 0.269817262887955 0.313038617372513 0.424085050821304 0.256171077489853 0.475421160459518 0.453293919563293 0.465823858976364 0.43720081448555 0.437937408685684 0.509705901145935 0.398849070072174 0.446016639471054 0.431671798229218 0.384952247142792 0.356054365634918 0.364835917949677 0.468343138694763 0.40187406539917 0.45384281873703 0.481207758188248 0.423342555761337 0.490444600582123
0.0168817173689604 0.469031482934952 0.249643757939339 0.256186932325363 0.482978582382202 0.347055971622467 0.311031103134155 0.261785298585892 0.260635197162628 0.435705423355103 0.35678032040596 0.405599117279053 0.365298271179199 0.452078282833099 0.539759933948517 0.522581040859222 0.367132872343063 0.209241420030594 0.497258394956589 0.311384379863739 0.252132475376129 0.45498463511467 0.333647966384888 0.268716216087341 0.346504062414169 0.553745448589325 0.438896954059601 0.546149253845215 0.562602341175079 0.474315851926804 0.522243857383728 0.361153692007065 0.404412895441055 0.442332625389099 0.582120716571808 0.249984800815582 0.313770830631256 0.336282551288605 0.451999932527542 0.428832024335861 0.501857697963715 0.427118301391602 0.627462446689606 0.535391628742218
0.0274955909699202 0.343684792518616 0.446004331111908 0.61878502368927 0.48871773481369 0.437332719564438 0.389039427042007 0.30369645357132 0.348553895950317 0.479098826646805 0.441232770681381 0.242358222603798 0.464286804199219 0.513479113578796 0.601470530033112 0.542954444885254 0.60909777879715 0.472921192646027 0.325529605150223 0.436820834875107 0.297855198383331 0.470339089632034 0.242644920945168 0.247077837586403 0.141402810811996 0.241050630807877 0.387052625417709 0.5383340716362 0.523468554019928 0.617570996284485 0.569511294364929 0.510814011096954 0.446486949920654 0.468105733394623 0.312766253948212 0.455748319625854 0.442787051200867 0.359892606735229 0.323096662759781 0.427789837121964 0.494497299194336 0.45183476805687 0.54502946138382 0.531290650367737
-0.102640047669411 0.0168738234788179 0.0673357099294662 0.461692184209824 0.519265592098236 0.532062292098999 0.457244485616684 0.293097674846649 0.243017137050629 0.393261909484863 0.285726338624954 0.310253798961639 0.515888035297394 0.451882660388947 0.54580682516098 0.845042884349823 0.632242798805237 0.439546644687653 0.437997668981552 0.366015136241913 0.238902732729912 0.29680997133255 0.1598120033741 0.468788862228394 0.503405272960663 0.157769829034805 0.405807495117188 0.253482758998871 0.282586216926575 0.460439115762711 0.555839657783508 0.502524793148041 0.48221218585968 0.47994938492775 0.373029559850693 0.280806481838226 0.436355650424957 0.273606389760971 0.378100097179413 0.430506885051727 0.477508664131165 0.43777459859848 0.513324081897736 0.431758493185043
-0.0587214045226574 -0.0275670103728771 0.156721815466881 0.599907279014587 0.577206075191498 0.377084881067276 0.164763882756233 0.215031132102013 0.323385119438171 0.33643564581871 0.453538596630096 0.427187770605087 0.578887641429901 0.497907012701035 0.59886360168457 0.468516767024994 0.501981019973755 0.578742444515228 0.34523332118988 0.271667927503586 0.37724557518959 0.324286103248596 0.236710414290428 0.236227944493294 0.128846257925034 0.222669154405594 0.43639948964119 0.316723197698593 0.275779545307159 0.630600810050964 0.367517948150635 0.463454246520996 0.365359038114548 0.519241392612457 0.323817938566208 0.464785158634186 0.380095332860947 0.521001756191254 0.443666785955429 0.43500155210495 0.48869451880455 0.515828609466553 0.47985914349556 0.534455358982086
0.238876774907112 0.165769055485725 0.120917856693268 0.563548624515533 0.560834467411041 0.816729187965393 0.23915733397007 0.565794408321381 0.37813013792038 0.239997118711472 0.292889684438705 0.447508126497269 0.606794714927673 0.408321559429169 0.450844615697861 0.417529731988907 0.395272552967072 0.441658765077591 0.358654856681824 0.231794983148575 0.296381145715714 0.328787982463837 0.370568096637726 0.252761423587799 0.124517641961575 -0.237194806337357 0.384142935276031 0.35256439447403 0.467369705438614 0.442109137773514 0.409273892641068 0.557237207889557 0.321207255125046 0.430863410234451 0.494662374258041 0.589055597782135 0.523397743701935 0.3820421397686 0.346140056848526 0.460890769958496 0.563007652759552 0.418311655521393 0.569530069828033 0.612069189548492
0.0641212463378906 -0.0293673612177372 0.613749921321869 0.552904546260834 0.758210420608521 0.328235238790512 0.585141658782959 0.332516193389893 0.262784987688065 0.224511116743088 0.364830911159515 0.364127665758133 0.253298699855804 0.361574858427048 0.329690337181091 0.349096655845642 0.450409680604935 0.207567065954208 0.184977725148201 0.136904522776604 0.247938945889473 0.205307006835938 0.278902262449265 0.203986003994942 0.43426039814949 0.216393008828163 0.284320175647736 0.218075603246689 0.0559260174632072 0.214707016944885 0.369681864976883 0.447021394968033 0.308351129293442 0.539808750152588 0.414622396230698 0.534410059452057 0.412350296974182 0.545254409313202 0.474236786365509 0.427832871675491 0.429757565259933 0.460922122001648 0.522662758827209 0.59629213809967
0.037099476903677 0.209605187177658 0.523989677429199 0.470032244920731 0.79124927520752 0.397329092025757 0.20743727684021 0.269871205091476 0.295676171779633 0.226233810186386 0.2336106300354 0.323981672525406 0.161966070532799 0.304091513156891 0.28252711892128 0.382883101701736 0.335886985063553 0.3742995262146 0.202617689967155 0.152067929506302 0.127404227852821 0.295666813850403 0.174656242132187 0.203260347247124 0.27032858133316 0.149647548794746 0.077147051692009 0.060855932533741 0.200712591409683 0.168699651956558 0.0948216170072556 0.0640963986515999 0.234872609376907 0.273587882518768 0.343679249286652 0.311532020568848 0.404040485620499 0.571634352207184 0.325599014759064 0.396241784095764 0.478329241275787 0.52682763338089 0.452132880687714 0.612072288990021
0.147140711545944 0.0618130154907703 0.374799758195877 0.523238778114319 0.715541422367096 0.207069247961044 0.350010812282562 0.131455972790718 0.35112065076828 0.2268186211586 0.306444704532623 0.271959573030472 0.313194900751114 0.308901697397232 0.270457983016968 0.324802070856094 0.328718960285187 0.270223408937454 0.233710289001465 0.220086634159088 0.148497626185417 0.162244647741318 0.081559382379055 0.246486157178879 0.251018822193146 0.366979360580444 0.258408755064011 0.357326328754425 -0.0590122565627098 0.227982684969902 0.0439104251563549 0.0958342924714088 0.244873657822609 0.206924915313721 0.303322583436966 0.120346412062645 0.272830128669739 0.368594706058502 0.361078292131424 0.355111807584763 0.456257224082947 0.51093053817749 0.453390598297119 0.609434962272644
-0.0143397757783532 0.0798885971307755 0.305796235799789 0.664957046508789 0.503726899623871 0.203368157148361 0.229191765189171 0.161371245980263 0.23930262029171 0.147174313664436 0.309363484382629 0.246753469109535 0.35321369767189 0.278779864311218 0.273355394601822 0.331363320350647 0.428756713867188 0.417160749435425 0.394057333469391 0.267831742763519 0.132590621709824 0.222824662923813 0.197173252701759 0.275054126977921 0.257739514112473 0.503132700920105 0.47288903594017 0.648732364177704 0.123471029102802 -0.06401676684618 0.0025685322470963 -0.105581715703011 0.253334999084473 0.274359196424484 0.321704894304276 0.291671991348267 0.269132733345032 0.396643072366714 0.30143529176712 0.310000091791153 0.266365826129913 0.336621642112732 0.383400470018387 0.444643020629883
0.131386175751686 0.223199054598808 0.571445405483246 0.605853855609894 0.541279494762421 0.345910310745239 0.20006562769413 0.192717969417572 0.230594500899315 0.244192123413086 0.149808317422867 0.196891307830811 0.329696774482727 0.309371173381805 0.347065508365631 0.320478886365891 0.243110626935959 0.345431685447693 0.336864113807678 0.30314302444458 0.384021431207657 0.318232148885727 0.356377094984055 0.0214953999966383 0.193845018744469 0.46120885014534 0.60838657617569 0.176655486226082 0.178671225905418 0.281418442726135 0.13049703836441 0.112547151744366 0.19928640127182 0.104094408452511 0.267135560512543 0.285853445529938 0.278644442558289 0.261358201503754 0.263904571533203 0.317590206861496 0.34752145409584 0.448149383068085 0.405967324972153 0.40909618139267
0.0409115925431252 0.174294874072075 0.588756501674652 0.477075159549713 0.43901652097702 0.345353305339813 0.300606608390808 0.22990471124649 0.217317774891853 0.232769295573235 0.139862418174744 0.200647965073586 0.181431666016579 0.118676483631134 0.193572804331779 0.264015734195709 0.248707741498947 0.261820584535599 0.245324090123177 0.385530292987823 0.391548842191696 0.468731611967087 0.61651074886322 0.283673822879791 0.36541211605072 0.449629634618759 0.441010683774948 0.283934503793716 0.173939988017082 0.204322472214699 0.274674385786057 0.126880049705505 0.159782320261002 0.185253083705902 0.0844376534223557 0.145310789346695 0.21880230307579 0.333323627710342 0.303385466337204 0.404688507318497 0.307337313890457 0.508607089519501 0.374770551919937 0.415221184492111
0.0556707307696342 0.383575767278671 0.468409448862076 0.333838373422623 0.504602015018463 0.56406182050705 0.378048419952393 0.372560173273087 0.431458681821823 0.351337015628815 0.22019949555397 0.282468795776367 0.267790406942368 0.226198077201843 0.364440768957138 0.242798328399658 0.184644013643265 0.287173897027969 0.299682110548019 0.216121166944504 0.335352838039398 0.449115812778473 0.108070939779282 0.56692773103714 0.590822696685791 0.626396059989929 0.70855724811554 0.39447870850563 0.392115265130997 0.220009505748749 0.207231894135475 0.190223023295403 0.0529914125800133 0.211937412619591 0.182834342122078 0.151756659150124 0.164820283651352 0.272852867841721 0.198579296469688 0.385245084762573 0.384535521268845 0.373762220144272 0.41786715388298 0.508999645709991
0.0507612153887749 0.127056837081909 0.470801711082458 0.429223477840424 0.36441633105278 0.301634162664413 0.2946797311306 0.320691823959351 0.204146757721901 0.322123765945435 0.229757010936737 0.252438634634018 0.282228499650955 0.298406779766083 0.335878014564514 0.319673776626587 0.223912268877029 0.277299463748932 0.325631469488144 0.227885246276855 0.273096024990082 0.2065619379282 0.282123029232025 0.180787369608879 0.277214258909225 0.54977023601532 0.49222457408905 0.296510398387909 0.234061047434807 0.237638503313065 0.135965660214424 0.216557011008263 0.180324301123619 0.126521676778793 0.16730996966362 0.248244985938072 0.215368956327438 0.21650505065918 0.197579011321068 0.237457692623138 0.400882482528687 0.40242001414299 0.474956780672073 0.430776596069336
