assets/gome_f/processed/ascii/us/gome_sif_US_20110901.asc
NCOLS 116 
NROWS 53 
XLLCORNER -125 
YLLCORNER 24.5 
CELLSIZE 0.5 
NODATA_value -3.4e+38 
[rows 0 to 18 of 53, columns 0 to 43 of 116]
-0.003814625553787 0.118021748960018 0.0977697595953941 0.166602954268456 0.0940776914358139 0.138250976800919 0.117483086884022 0.0679787248373032 0.232521757483482 0.0745302364230156 0.243506327271461 0.115029461681843 0.246677801012993 0.236371546983719 0.256031036376953 0.217298537492752 0.248439759016037 0.161872744560242 0.121784679591656 0.126640409231186 0.130996510386467 0.233298778533936 0.372059106826782 0.251334190368652 0.153895035386086 0.125900357961655 0.192550703883171 0.179601728916168 0.0867817774415016 0.0761502236127853 0.0901980921626091 0.0794367492198944 0.0983079895377159 0.0943086892366409 0.0363107658922672 0.108711436390877 0.0910828858613968 0.158520594239235 0.0947754383087158 0.13132618367672 0.126784145832062 0.186688780784607 0.137950405478477 0.164601027965546
0.317234486341476 0.102811060845852 -0.0385637991130352 0.153390377759933 0.158467397093773 0.140077203512192 0.0682366862893105 0.215464115142822 0.111271649599075 0.203265830874443 0.197624310851097 0.207567811012268 0.298709064722061 0.218357622623444 0.188521474599838 0.233194440603256 0.175436347723007 0.105949841439724 0.0914827063679695 0.167195096611977 0.274430364370346 0.230887308716774 0.220713496208191 0.205519318580627 0.162267848849297 0.0925518274307251 0.199351608753204 0.20215867459774 0.0619890540838242 0.152949124574661 0.0956614762544632 0.0534892417490482 0.0975421741604805 0.0833853855729103 0.114033125340939 0.120974875986576 0.20678685605526 0.168759375810623 0.149325653910637 0.195488676428795 0.128963336348534 0.0982061326503754 0.0776956602931023 0.278146415948868
0.137630850076675 0.106781825423241 0.132736891508102 0.0988560393452644 0.13072457909584 0.194679081439972 0.226257801055908 0.227566093206406 0.193176582455635 0.164581328630447 0.218167930841446 0.176591113209724 0.232279941439629 0.282906651496887 0.218333959579468 0.147396102547646 0.102098450064659 0.105293557047844 0.288857817649841 0.181225836277008 0.179284974932671 0.146109640598297 0.124019987881184 0.130333736538887 0.124795615673065 0.228757932782173 0.25835245847702 0.198483467102051 0.0839572474360466 0.14778545498848 0.222699746489525 0.172182619571686 0.0627559050917625 0.152382403612137 0.0371394827961922 0.123669296503067 0.172926962375641 0.200839474797249 0.124539040029049 0.0975297838449478 0.147505789995193 0.114736460149288 0.256611555814743 0.22483566403389
0.249593779444695 0.13243505358696 0.182122230529785 0.121294923126698 0.181074559688568 0.233529344201088 0.305140227079391 0.262991487979889 0.255683064460754 0.125840529799461 0.143275007605553 0.258985757827759 0.102806597948074 0.189466461539268 0.263642281293869 0.189003348350525 0.143185123801231 0.25022679567337 0.245567157864571 0.345581918954849 0.227858364582062 0.231830164790154 0.148285940289497 0.115609191358089 0.108054272830486 0.133997425436974 0.114227443933487 0.0956063866615295 0.0958633124828339 0.0907864049077034 0.157803803682327 0.0793889760971069 0.112788319587708 0.0186777617782354 0.185786589980125 0.126866713166237 0.15882121026516 0.160228922963142 0.261302292346954 0.145876839756966 0.12379901856184 0.126388683915138 0.175737485289574 0.154900223016739
0.129984006285667 0.25615593791008 0.34307187795639 0.220275387167931 0.163586989045143 0.238625526428223 0.283359318971634 0.230204731225967 0.130364015698433 0.108523592352867 0.21834260225296 0.078112468123436 0.184784829616547 0.190420344471931 0.230571940541267 0.116385139524937 0.267196178436279 0.204142436385155 0.287350684404373 0.242793336510658 0.218535229563713 0.163923516869545 0.193133100867271 0.126602321863174 0.110518462955952 0.036349032074213 0.077136293053627 0.0960844904184341 0.178461700677872 0.105373159050941 0.160516008734703 0.140075922012329 0.130796059966087 0.124357983469963 0.0308334231376648 0.10327123850584 0.162287682294846 0.0630723387002945 0.160194411873817 0.148918107151985 0.120625294744968 0.208091631531715 0.207883387804031 0.198493301868439
0.125295415520668 0.299369156360626 0.221513256430626 0.109753467142582 0.121841602027416 0.28423610329628 0.235900372266769 0.281510531902313 0.231774643063545 0.258639693260193 0.132285133004189 0.0997549220919609 0.234785050153732 0.229734644293785 0.209253996610641 0.273061811923981 0.312241464853287 0.149801805615425 0.352465331554413 0.157019406557083 0.278153538703918 0.143606811761856 0.219546899199486 0.0637669190764427 0.100446395576 0.0681983157992363 0.0902141705155373 0.0395850241184235 0.0443006940186024 0.160673201084137 0.124747008085251 0.0954487100243568 0.0880586504936218 0.108895093202591 0.142768546938896 -0.00785813387483358 0.0656294822692871 0.14142233133316 0.0584193058311939 0.16618923842907 0.0875467658042908 0.144489958882332 0.15299366414547 0.108292937278748
-0.0585850663483143 0.143716618418694 0.280602514743805 0.236870512366295 0.336736381053925 0.229828119277954 0.331691443920135 0.350457638502121 0.155481040477753 0.147127032279968 0.0952127650380135 0.192376852035522 0.11699452996254 0.147369652986526 0.244863599538803 0.219886124134064 0.306591242551804 0.206319391727448 0.301950603723526 0.174470186233521 0.230054914951324 0.137463301420212 0.19347183406353 0.164809763431549 0.186531186103821 0.0489857122302055 0.0779374465346336 0.118972562253475 0.0921529084444046 0.087635301053524 0.0855681970715523 0.149621725082397 0.0209396556019783 0.0781710296869278 -0.00171135144773871 0.13093613088131 0.0305253118276596 0.0597118996083736 0.101554423570633 0.136318847537041 0.0900374874472618 0.127566084265709 0.129573032259941 0.15317790210247
0.0272404365241528 0.070308692753315 0.278214573860168 0.251429617404938 0.214522182941437 0.266083359718323 0.286733359098434 0.276816517114639 0.192285135388374 0.116017624735832 0.246045902371407 0.164426192641258 0.0198958124965429 0.0857657492160797 0.162373557686806 0.10199898481369 0.323604375123978 0.359500557184219 0.24881400167942 0.13658319413662 0.227867349982262 0.231065779924393 0.198892310261726 0.21159790456295 0.0893750488758087 0.0875907838344574 0.126290544867516 0.120098158717155 0.111827172338963 0.227074801921844 0.177406638860703 0.174620851874352 0.103227257728577 0.101345583796501 0.0324937105178833 0.0640958696603775 -0.0281538013368845 0.140213534235954 0.150981590151787 0.0951803177595139 0.116333656013012 0.134943917393684 0.136349380016327 0.200294002890587
-0.0278007239103317 0.0530550815165043 0.176397562026978 0.421236008405685 0.303478240966797 0.404126018285751 0.4472676217556 0.26666733622551 0.162581816315651 0.240314096212387 0.194960400462151 0.143476888537407 0.0748603567481041 0.0362557247281075 0.160106182098389 0.239623203873634 0.208450764417648 0.299916505813599 0.324141085147858 0.225811421871185 0.206184074282646 0.161983400583267 0.168145760893822 0.134125337004662 0.230869442224503 0.0357728339731693 0.088443398475647 0.137393534183502 0.218997076153755 0.104839615523815 0.113682456314564 0.186503410339355 0.166730269789696 0.106230899691582 0.0956422761082649 0.076658122241497 0.0753135830163956 0.128270357847214 0.185821324586868 0.123163484036922 0.0611827597022057 0.158317506313324 0.111262321472168 0.149688929319382
0.0702263563871384 0.0271060224622488 0.212569788098335 0.380922704935074 0.410373210906982 0.392503172159195 0.285376012325287 0.248615905642509 0.0427282936871052 0.218139380216599 0.0619771853089333 0.157639488577843 0.107302077114582 0.139425903558731 0.142065688967705 0.121014021337032 0.0983912572264671 0.158398672938347 0.219398647546768 0.219970226287842 0.209599986672401 0.168041959404945 0.144310101866722 0.149875640869141 0.245177328586578 0.0695796981453896 0.0123828900977969 0.104494363069534 0.12628610432148 0.146691471338272 0.126604750752449 0.106266975402832 0.106753706932068 0.156051024794579 0.21529795229435 0.0729794725775719 0.0897724628448486 0.168861195445061 0.0979745388031006 0.13477236032486 0.0799724534153938 0.0873900055885315 0.11223703622818 0.187143966555595
-0.0033954530954361 0.0418338291347027 0.170461803674698 0.339332610368729 0.289270371198654 0.347016543149948 0.416684210300446 0.162011548876762 0.0606380589306355 0.161235928535461 0.0556156821548939 0.110127106308937 0.213488429784775 0.267204940319061 0.228001818060875 0.201149925589561 0.0833462104201317 0.141236901283264 0.108069583773613 0.206581398844719 0.156670928001404 0.161153689026833 0.128378868103027 0.111027605831623 0.14084330201149 0.142149388790131 0.0169822238385677 0.0875540152192116 0.189022317528725 0.105813518166542 0.00210099061951041 0.124117523431778 0.118694223463535 0.103877663612366 0.0470379143953323 0.163168266415596 0.181663304567337 0.109303504228592 0.128730177879333 0.0961602330207825 0.108008727431297 0.0709014013409615 0.134778901934624 0.151611372828484
-0.0688120275735855 0.0649561658501625 0.321169465780258 0.312457293272018 0.246873065829277 0.281702280044556 0.229214504361153 0.0936639010906219 0.0983899757266045 0.0678032860159874 0.065754808485508 0.0832149162888527 0.132401317358017 0.198050454258919 0.102154061198235 0.213813543319702 0.138068228960037 0.173793718218803 0.122484765946865 0.169938296079636 0.117310732603073 0.109604962170124 0.0981465503573418 0.069863423705101 0.213241368532181 0.185332283377647 0.185828924179077 0.169446751475334 0.0565564408898354 0.155598446726799 0.144414246082306 0.103905692696571 0.0941662266850471 0.0779928714036942 0.120187275111675 0.121197894215584 0.139590710401535 0.14779269695282 0.104146659374237 0.127500057220459 0.126303121447563 0.127257481217384 0.252656042575836 0.156289100646973
0.00692989397794008 0.0757428556680679 0.115787863731384 0.265284955501556 0.435219258069992 0.313271701335907 0.219930648803711 0.0798937156796455 0.131762370467186 0.142469048500061 0.0224731657654047 0.079029880464077 0.132233962416649 0.229439690709114 0.114002801477909 0.149189278483391 0.191936269402504 0.125767782330513 0.226445540785789 0.106527134776115 0.0973451882600784 0.0375728830695152 0.0845084488391876 0.09638761729002 0.104795783758163 0.072708286345005 0.0632757171988487 0.179529935121536 0.131179094314575 0.137279376387596 0.0267501510679722 0.052111953496933 0.13612088561058 0.0818176195025444 0.12412029504776 0.184820055961609 0.209382578730583 0.17897954583168 0.0498515851795673 0.18501241505146 0.144904583692551 0.203945904970169 0.10482394695282 0.204490959644318
0.0179253816604614 -0.00735218683257699 0.226293087005615 0.388531446456909 0.412787288427353 0.297269016504288 0.16098615527153 0.159173861145973 0.104068338871002 0.155750334262848 0.160523310303688 0.126651972532272 0.139528527855873 0.119994729757309 0.163216486573219 0.0281124357134104 0.21266907453537 0.137826547026634 0.211434006690979 0.139310985803604 0.13974042236805 0.0991357266902924 0.0877784341573715 0.0727850645780563 0.100982077419758 0.108837924897671 0.202543154358864 0.142248719930649 0.149251788854599 0.102730676531792 0.0357988066971302 0.103489510715008 0.0680011734366417 -0.0113407773897052 0.103704489767551 0.071688637137413 0.0784735232591629 0.0737940669059753 -0.0200490523129702 0.0674835368990898 0.111072644591331 0.284055203199387 0.194608762860298 0.135986164212227
-0.0227599609643221 0.049287486821413 0.22741311788559 0.293227732181549 0.280861526727676 0.25999727845192 0.207971572875977 0.135475724935532 0.0850111842155457 0.0962608233094215 0.107617199420929 0.0512047968804836 0.14029985666275 0.0750027373433113 0.0150787541642785 0.150306791067123 0.279900580644608 0.229549273848534 0.183084353804588 0.231149584054947 0.0827548876404762 0.110361158847809 0.0480447635054588 0.0871986225247383 0.0818121805787086 0.162526249885559 0.180332452058792 0.264037549495697 0.246600955724716 0.172151073813438 0.113710410892963 0.0513778552412987 0.0140783591195941 0.13829992711544 0.0394575260579586 0.0589711777865887 -0.0371605679392815 0.157850086688995 0.0259605497121811 0.0130754299461842 0.0962496399879456 0.110824137926102 0.105981349945068 0.162290439009666
0.00853272154927254 0.160852894186974 0.344834983348846 0.306171089410782 0.303054213523865 0.224524766206741 0.184225708246231 0.143599525094032 0.0543745160102844 0.0505356006324291 0.0650693699717522 0.0748926550149918 0.076990932226181 -0.000755350920371711 0.112315826117992 0.0988308042287827 0.0581432431936264 0.152424484491348 0.113189041614532 0.142299398779869 0.185147106647491 0.0745891109108925 0.125031709671021 -0.00205873674713075 0.129653796553612 0.226034358143806 0.260955989360809 0.287259042263031 0.192032232880592 0.201601639389992 0.0511149801313877 0.0713803097605705 0.102872841060162 0.0961302071809769 0.130448147654533 0.0481206104159355 0.0739684998989105 -0.0184618793427944 0.0354328714311123 0.0417713671922684 0.0381463840603828 0.0421349890530109 0.0698369294404984 0.169184893369675
-0.00179152493365109 0.287975370883942 0.302096247673035 0.3310546875 0.324032783508301 0.181890919804573 0.204281955957413 0.168759405612946 0.145519405603409 0.0709556117653847 0.0360446311533451 0.0298251938074827 0.0685463473200798 0.0691240429878235 0.0443967320024967 -0.0285219363868237 0.196553468704224 0.00256604398600757 0.110368318855762 0.166250362992287 0.304550021886826 0.252343356609344 0.260246574878693 0.126616850495338 0.214277788996696 0.243623614311218 0.224476471543312 0.193091675639153 0.175786972045898 0.0877331495285034 0.17093925178051 0.0980163067579269 0.104580879211426 0.0357271619141102 0.0907202810049057 0.0435279831290245 -0.00285499962046742 0.0705873668193817 0.0723632425069809 0.148000776767731 0.0714774131774902 0.134929016232491 0.146205544471741 0.146513625979424
0.0501843206584454 0.148714229464531 0.295007437467575 0.227341830730438 0.322507232427597 0.262520432472229 0.261958003044128 0.222191214561462 0.160261705517769 0.0464696139097214 0.0806214660406113 -0.0273934248834848 0.068561963737011 0.07809067517519 0.104388900101185 -0.00178828637581319 0.0446614995598793 0.162268906831741 0.0357082970440388 0.0571497641503811 0.0448848605155945 0.152614340186119 0.171882569789886 0.219087541103363 0.181937426328659 0.200944155454636 0.215798124670982 0.157502248883247 0.11261884868145 0.0930343195796013 -0.0168919656425714 0.0315418280661106 -0.0920382663607597 -0.0224412437528372 0.0614577196538448 0.108834244310856 0.0782772526144981 0.0682765319943428 0.110045649111271 0.178697228431702 0.106737464666367 0.155239567160606 0.183392032980919 0.13217294216156
0.046651303768158 0.129716843366623 0.296993017196655 0.274847865104675 0.237908542156219 0.263609200716019 0.102065861225128 0.159754410386086 0.0181328374892473 0.094045951962471 0.107432506978512 0.0862738490104675 0.0488764829933643 0.0237733870744705 0.129871502518654 0.0365653149783611 0.000439737108536065 0.108962744474411 -0.00783418118953705 0.105249263346195 0.0647056996822357 0.0679546445608139 0.0863546207547188 0.0651462227106094 -0.00439610099419951 0.290516793727875 0.267668008804321 0.089664600789547 0.0541949458420277 0.0453160516917706 0.0153344050049782 0.0440221726894379 0.0843964144587517 -0.00160885055083781 0.124385833740234 0.10359388589859 0.0561011955142021 0.078762948513031 0.0978130251169205 0.0942444056272507 0.169374942779541 0.109344758093357 0.290379226207733 0.253863990306854
