assets/gome_f/processed/ascii/us/gome_sif_US_20111201.asc
NCOLS 116 
NROWS 53 
XLLCORNER -125 
YLLCORNER 24.5 
CELLSIZE 0.5 
NODATA_value -3.4e+38 
[rows 0 to 18 of 53, columns 43 to 85 of 116]
-999 -999 -999 -999 -999 -999 -999 -0.124303326010704 -999 -999 -999 -999 -999 0.257006764411926 -999 -0.131019905209541 0.0304403025656939 -0.000454845401691273 -999 -999 -999 -999 -0.00384195148944855 -999 -999 -999 -999 -999 -999 -999 -999 -999 0.1900694668293 -0.0192612130194902 -0.0409995280206203 -999 -0.0618941262364388 -999 -999 -999 -999 -999 -999
-999 -999 0.048642236739397 -999 -999 -999 -999 -999 -999 -999 -999 -999 -999 -999 -0.0216760970652103 0.0210315678268671 -0.063456803560257 0.0274425335228443 -0.0493486113846302 -0.203559905290604 -999 -999 -999 -999 -999 -999 0.112461470067501 -999 0.260714113712311 0.0276711769402027 -0.0648510530591011 0.0135489227250218 0.0325519032776356 -0.00430415757000446 0.024829750880599 -0.0187105312943459 -0.125230818986893 -0.0945495963096619 0.00203573517501354 0.0986645072698593 0.092163123190403 -999 0.112633302807808
-0.295517414808273 0.0116441361606121 -999 -999 -999 0.0199762880802155 -999 0.0312056448310614 0.0487267822027206 -999 0.121876433491707 -999 0.113088883459568 -999 -0.0442697741091251 -0.0851765125989914 0.0936929881572723 0.0343275479972363 -999 -0.0474581606686115 -999 -999 -999 -999 -0.0229264851659536 -0.0617859810590744 0.0937959253787994 -999 -0.0285265799611807 0.233150154352188 0.0473297908902168 0.0754629746079445 -0.0529938638210297 0.0921597257256508 -999 0.0418774746358395 -0.0735627561807632 -0.0782890841364861 0.135771080851555 0.0421210713684559 0.123724929988384 0.0693119093775749 0.180486604571342
0.0779116302728653 -0.0361141115427017 -999 0.0451592393219471 0.0702219009399414 -999 -0.134485855698586 0.0136071993038058 0.0497614294290543 -0.0512811355292797 -999 -0.0729092657566071 -0.0492685027420521 0.0212836787104607 -0.0841756835579872 0.0504031479358673 0.0920635536313057 0.0797130391001701 -0.00104496174026281 0.125088170170784 0.0855637192726135 -0.02685128711164 -999 0.101876735687256 0.111730873584747 0.0835727676749229 0.130128875374794 -0.13051937520504 -999 -999 0.0286586284637451 0.162969246506691 0.0397883914411068 0.0846429094672203 0.0276818070560694 0.0552714578807354 0.0468528307974339 -0.10605825483799 0.0854326486587524 -0.0199833903461695 0.00249832263216376 0.0342057123780251 0.016118198633194
-0.0696120038628578 -0.10373616963625 -999 0.108982712030411 -0.163655698299408 0.117937654256821 0.0541165955364704 0.0555492825806141 -0.115724168717861 0.136958703398705 0.00204927590675652 -0.0432656109333038 0.00512445531785488 0.100353620946407 0.037173580378294 0.0753366276621819 -0.0435982532799244 0.00528114242479205 0.0381763279438019 -0.030172199010849 -0.0261061284691095 -0.118299625813961 -0.0614012256264687 0.206439509987831 0.0357898585498333 0.00954958144575357 0.0172181744128466 0.0392078943550587 -999 0.107930392026901 -999 -0.0148425279185176 -0.0539335794746876 -0.346763074398041 0.094316840171814 0.0683587789535522 0.0355558581650257 -0.120735205709934 0.0906905308365822 0.0342085920274258 -0.0489053539931774 0.157786175608635 0.0680510625243187
0.107940174639225 0.0150331137701869 0.109409958124161 0.0865796655416489 -0.00413012178614736 0.195626065135002 -0.0892373397946358 0.162059262394905 0.0375156588852406 -0.00588421011343598 0.146441653370857 -0.020880538970232 -0.0663608387112617 0.0178476944565773 0.0176737830042839 0.118783712387085 0.0133253373205662 0.0296883024275303 -0.0344777032732964 -0.0131336897611618 0.0212910939007998 0.0328740552067757 0.0563957802951336 -0.0309421773999929 0.0434979014098644 -0.0341523997485638 0.0684826597571373 -0.0420424155890942 0.0486857742071152 0.0879238471388817 0.0470173209905624 0.141540020704269 -0.127518653869629 -0.12924088537693 -999 0.00028696283698082 0.0819474905729294 0.153700068593025 0.0389419905841351 0.203371822834015 -0.128048211336136 0.106019765138626 0.0674103796482086
-999 -0.177351772785187 0.0799095258116722 0.0195232480764389 -999 -0.0687246397137642 0.00443946942687035 -0.169373378157616 0.0455980896949768 0.048149935901165 0.0369552858173847 0.064375251531601 -0.0574572272598743 0.0253688842058182 -0.0116721633821726 0.0140320686623454 0.0121871866285801 0.00044889934360981 0.0376257412135601 0.0328607894480228 -0.116382993757725 -0.0394847951829433 -0.0868509411811829 -0.040932934731245 0.0491035282611847 0.0577300004661083 0.0431846901774406 -999 0.019675225019455 -0.0583523847162724 -0.0385959446430206 -999 0.236480385065079 -999 0.0235271845012903 0.00863511767238379 -0.14292611181736 -0.0725179314613342 0.0602319091558456 0.154084503650665 0.00665619457140565 0.0961915031075478 0.0143910869956017
-0.0680423155426979 0.0154757080599666 -0.211048737168312 -0.0903758704662323 -999 0.00624957215040922 -0.0048376708291471 0.0578642711043358 -7.27735459804535e-05 -0.0146410334855318 0.0347856879234314 0.0188271757215261 0.0611374638974667 0.0749391689896584 -0.0197322443127632 -0.0348599664866924 0.0701744854450226 0.00662424555048347 -0.0884858667850494 -0.0254129413515329 0.0063968300819397 -0.133731663227081 0.160001039505005 0.0380649976432323 0.0474638305604458 0.0252160485833883 0.0603997856378555 -999 -0.00556685496121645 -999 -999 -0.0943096801638603 -999 -999 -0.130156025290489 0.194299176335335 0.15795910358429 0.109648004174232 0.0360126085579395 0.0406563580036163 0.0736190602183342 -0.0571027919650078 0.040341567248106
-0.00947641953825951 0.195671498775482 0.187897324562073 -0.108953185379505 -0.0303691606968641 0.0847901180386543 -0.372957736253738 -0.0400035679340363 0.0249996110796928 0.0041787177324295 0.0196695420891047 0.00676073273643851 -0.000690756074618548 0.00783514231443405 -0.0520208664238453 0.0174376163631678 0.0446269325911999 0.00503876712173223 0.0695754513144493 -0.0493460483849049 0.0192370619624853 0.100307509303093 0.0451246462762356 -0.0113416314125061 0.0641246810555458 0.0454998910427094 0.0987556502223015 0.102810345590115 0.0982833430171013 -999 -0.147142484784126 0.161397367715836 0.000708765524905175 0.0100043350830674 -999 -0.0987418815493584 -999 0.00782958045601845 -0.0122254434973001 0.135472059249878 0.120220519602299 -0.0380380377173424 0.00898739416152239
-0.0310318972915411 0.144405856728554 -0.046748660504818 -0.0463627502322197 0.0787285789847374 0.124175891280174 -0.0119329411536455 0.0485346615314484 0.0528163053095341 0.0940934866666794 0.052688255906105 0.0218621864914894 0.0263780262321234 -0.0079425061121583 0.0565315149724483 -0.0692450180649757 -0.0418495498597622 -0.0416745319962502 0.0614629052579403 0.0718365013599396 0.0287820938974619 0.0371341221034527 -0.0463099144399166 0.0107029424980283 -0.0566486567258835 0.171058908104897 -0.00220567174255848 -0.104245521128178 0.0481518879532814 -0.0775043517351151 0.0568587742745876 0.0501674339175224 0.0572372265160084 0.125068157911301 0.0268036630004644 -0.0279606580734253 -999 0.0965413823723793 0.103137224912643 0.107172809541225 0.0652960911393166 0.0503201670944691 0.0366892255842686
0.0789216607809067 0.0151060922071338 0.107813514769077 0.0495727211236954 -0.0155191719532013 0.0392666161060333 -0.0155825773254037 0.00155392789747566 0.00752095691859722 -0.00356363342143595 0.0499017350375652 0.0550331771373749 0.0268809776753187 0.0952321439981461 -0.026357451453805 0.0569770485162735 -0.0148245422169566 -0.0580960512161255 0.0500976108014584 0.101282186806202 0.0459261313080788 -0.0751343443989754 -0.0862478241324425 -0.0606228411197662 0.0669825375080109 -0.051591407507658 -0.0366187542676926 0.0225632023066282 0.179265365004539 0.0787053480744362 0.00279553094878793 0.114419706165791 -0.0553603693842888 0.0370728485286236 0.0227060914039612 -0.0151770384982228 -999 -0.0952192172408104 0.0711530297994614 -0.0451432093977928 0.0504370145499706 0.0813452154397964 0.0383830368518829
-0.0602023713290691 -0.0321001969277859 -0.00302797253243625 0.0326746515929699 -0.017561562359333 0.101079121232033 -0.0200335942208767 0.0141890114173293 0.111289903521538 0.0787590593099594 0.0540705434978008 -0.0201715398579836 0.0352332219481468 0.0771223679184914 0.0302413050085306 -0.0302051305770874 0.0266101192682981 0.0521552041172981 0.0559635274112225 0.0309694539755583 0.0212136059999466 0.0232268869876862 0.0474999658763409 -0.0156478155404329 0.183776900172234 -999 -999 -0.139407873153687 -0.0901560038328171 0.0124468747526407 -0.022018488496542 0.0440500415861607 0.107803389430046 0.0493842773139477 -0.0104448981583118 0.064676009118557 -0.202249422669411 0.0528995729982853 0.105558425188065 -0.0095996055752039 -0.201342210173607 0.164532601833344 0.0336679890751839
0.0910336002707481 -0.0388603769242764 0.0657996460795403 0.0968096479773521 -0.0273697078227997 0.00450989697128534 0.0421948917210102 -0.0709336176514626 0.0498987920582294 0.0483544394373894 0.0161479189991951 0.0103381806984544 0.049403440207243 -0.00225703860633075 -0.0321927815675735 0.0196909867227077 -0.0769788324832916 -0.0230820644646883 -0.00885013770312071 -0.000424847705289721 -0.0502890050411224 0.0488314069807529 0.0670043900609016 -999 -0.0401743240654469 -0.252536803483963 0.183538883924484 -999 0.0752282962203026 0.0524547472596169 0.0902019143104553 0.0776245146989822 -0.0652701109647751 0.09981869161129 -0.0698466822504997 -0.0541166551411152 0.0184651520103216 0.0502885393798351 -0.016330623999238 -0.11072251200676 -0.0882643982768059 -0.0198781192302704 0.0962670594453812
0.0567259788513184 -0.0052494490519166 0.0467290356755257 0.0467274338006973 0.023957010358572 0.0074382540769875 -0.00523899169638753 0.0494599640369415 0.0571219846606255 -0.0195461753755808 -0.0709057003259659 -0.0287274979054928 0.0478374697268009 -0.0229124147444963 0.0884362161159515 -0.0715255662798882 -0.0482631884515285 0.0548203364014626 0.0571580044925213 -0.00786199513822794 -0.0330778285861015 -0.0898908525705338 0.0104799931868911 0.00224901735782623 0.103939980268478 0.152602434158325 0.0347104631364346 0.0497411973774433 0.0242847837507725 0.0956622883677483 0.100833937525749 0.0343106389045715 -0.0592240430414677 -0.0566305704414845 0.0727814584970474 -0.00027376165962778 -0.0506080500781536 -0.0549460053443909 0.035778634250164 0.0182114150375128 -0.0506229735910892 0.0696598887443542 -0.093025304377079
0.025657881051302 -0.0108655970543623 -0.0809107571840286 -0.0279675126075745 -0.00179322203621268 0.04950887337327 0.0415782071650028 0.0562675222754478 0.0364693477749825 0.0685526430606842 -0.0456315726041794 0.0597327724099159 0.0233056601136923 0.0193983409553766 -0.0569945797324181 -0.0130981570109725 0.0533421821892262 -0.0418242923915386 0.0186104141175747 -0.0551824942231178 -0.0790145248174667 0.0997414216399193 -0.016677463427186 -0.0523331202566624 -0.052697516977787 -0.0322705022990704 0.0699647665023804 0.0646223351359367 0.00800973735749722 -0.0361578352749348 0.0908733010292053 -0.0101475808769464 0.0470464639365673 -0.0614110417664051 0.015988577157259 0.00539600476622581 0.0463033318519592 0.0864475443959236 0.135884344577789 -0.0335702151060104 0.0499432533979416 -0.0314551629126072 -0.018419798463583
0.0253584161400795 0.0273142457008362 -0.0241692941635847 0.0317958034574986 -0.000854366575367749 -0.0107796778902411 0.0275100339204073 0.0222339015454054 0.06144705042243 0.0775001496076584 0.031666599214077 0.018476689234376 0.0377770438790321 -0.0214218683540821 0.0135613549500704 -0.0608410611748695 0.0216743685305119 0.0856171250343323 -0.0467647723853588 -0.0176751837134361 0.042489193379879 0.0671932250261307 -0.0122357159852982 -0.0377427078783512 0.0366954244673252 0.01447834353894 0.0712186321616173 0.034912932664156 0.0380819253623486 -0.00575302541255951 0.123662389814854 0.00131146283820271 0.014514634385705 -0.0169927403330803 -0.0917400792241096 -0.00358644570223987 0.0318022258579731 0.00680040568113327 0.0198592841625214 0.0886472016572952 -0.073752149939537 0.0354723334312439 -0.00274279084987938
0.0241103395819664 0.0402695909142494 0.072494350373745 0.0162213053554296 -0.00767687940970063 0.0481718927621841 0.0773223713040352 0.127124726772308 0.00725953187793493 0.151765152812004 -0.0126142306253314 0.0454723723232746 -0.0553881898522377 -0.0322917103767395 0.00669091800227761 0.0522564463317394 0.0459939241409302 -0.0427927821874619 0.0732423588633537 0.0693418607115746 0.0766909569501877 0.121496111154556 0.103553026914597 0.000982889556325972 -0.0539173297584057 -0.0143123641610146 0.0589361228048801 0.0997708216309547 0.100499428808689 0.109432533383369 0.00650468654930592 0.0773007273674011 -0.0136126419529319 0.0306285545229912 -0.0235160142183304 0.0479166321456432 -0.0343975201249123 0.0537061132490635 0.066594086587429 -0.0285685081034899 0.0602159686386585 0.0202264040708542 0.0574245788156986
0.0516028739511967 0.06999821215868 0.0236317273229361 0.0162453725934029 0.0261093005537987 -0.0130448313429952 -0.0541405044496059 0.0933074131608009 -0.0252940449863672 0.00790485925972462 0.113269411027431 0.105497568845749 0.00620880024507642 0.0111306356266141 0.029709717258811 0.00136514194309711 -0.0246807765215635 0.0116984732449055 -0.00830729305744171 -0.0342471487820148 0.0542349182069302 -0.0233192779123783 -0.00859139394015074 -0.0273505449295044 0.0690887868404388 -0.0087730698287487 -0.0173871163278818 0.0705950111150742 0.0029567286837846 0.0275581292808056 -0.0226440895348787 0.0859530940651894 0.00553476018831134 -0.110957577824593 -0.0259544458240271 0.0464285090565681 0.191554501652718 0.068104200065136 -0.0136746140196919 -0.0527003407478333 0.0589822828769684 -0.0103595545515418 0.124542832374573
0.0935738831758499 0.0961964651942253 0.00985570903867483 0.0166859701275826 0.0624605230987072 0.00286041526123881 0.0538754165172577 -0.040361937135458 0.100097164511681 0.0127141876146197 0.0175787732005119 -0.00257212994620204 0.0208361465483904 0.00878630112856627 0.0260595995932817 -0.018533555790782 0.0919562131166458 0.0842862278223038 0.173656210303307 -0.0432870872318745 -0.0542236268520355 0.0325054600834846 0.0486397780478001 0.133645683526993 0.035890631377697 0.107772715389729 0.0443823039531708 0.00918610766530037 0.00818713381886482 -0.124544635415077 0.101615503430367 0.0959536358714104 0.068530447781086 0.0177957788109779 0.0269303489476442 0.0280407927930355 0.0434991344809532 0.123445071280003 0.0240773800760508 -0.00522763654589653 0.0252153277397156 0.0701418370008469 -0.0662547573447227
