assets/gome_f/processed/ascii/us/gome_sif_US_20131101.asc
NCOLS 116 
NROWS 53 
XLLCORNER -125 
YLLCORNER 24.5 
CELLSIZE 0.5 
NODATA_value -3.4e+38 
[rows 0 to 18 of 53, columns 0 to 42 of 116]
-0.133085831999779 -999 -999 -999 -999 0.11469466984272 0.038931593298912 -0.0810296535491943 0.164402320981026 0.121826350688934 0.0677500888705254 -0.0690799206495285 -0.0885110720992088 -999 -999 -999 -999 -0.0352359190583229 -0.032895140349865 -999 0.0529903955757618 0.173648908734322 0.104549497365952 -0.149809166789055 -0.0518112666904926 0.0131693733856082 0.197743058204651 0.179905161261559 0.0228785835206509 0.0632131397724152 0.0368054807186127 0.0424506850540638 0.0131103107705712 0.0196619741618633 0.0481362752616405 -0.0393026545643806 0.0815343037247658 0.0143612176179886 0.0197770409286022 0.145677670836449 0.0631623715162277 0.00481214607134461 0.0225932542234659
-0.0360898897051811 -0.108138598501682 -0.0426015853881836 0.176297843456268 -999 -999 -999 -0.00794209539890289 -999 -999 0.108463063836098 0.0799213573336601 0.0371695719659328 -0.0334006510674953 0.052077442407608 -999 -999 0.102740578353405 -0.0191667955368757 0.166937366127968 -999 -0.0358350612223148 0.0817925184965134 0.0209270063787699 0.0526718683540821 0.0335285551846027 -0.0176588669419289 0.0875598192214966 -0.0415014959871769 -0.0131401047110558 0.0514092221856117 0.0302767585963011 0.0726258009672165 0.0300892889499664 0.0759668499231339 -0.00158368551637977 -0.0257389415055513 -0.00765234604477882 0.092699222266674 -0.0553583092987537 0.0282648745924234 0.0700203403830528 0.0376762934029102
0.048187792301178 0.0441776961088181 0.0497292727231979 0.0322476550936699 0.117812275886536 -0.0954055190086365 -0.177269205451012 -0.258431136608124 0.112879581749439 0.0396206900477409 0.0933231860399246 -0.0599204860627651 0.0568473190069199 0.0960588008165359 -0.110371857881546 -0.129620999097824 -999 0.249111756682396 0.0273771435022354 -0.309361189603806 0.0318906307220459 0.0684319138526917 -0.0801778361201286 0.0627894103527069 0.053749855607748 0.0681699067354202 0.0267967581748962 0.0824808180332184 -0.0541522800922394 0.0653523802757263 0.0154475951567292 0.168254762887955 0.0614227242767811 0.0814767926931381 0.0151793770492077 -0.00413891393691301 0.0414198227226734 0.0670460239052773 0.0349278412759304 0.053691778331995 0.0526626631617546 0.0387792028486729 0.00205205660313368
0.109814718365669 0.035868413746357 0.0261773336678743 0.112957336008549 0.0227371919900179 0.12046617269516 0.0271475706249475 0.0998785570263863 0.0469310507178307 0.0175181720405817 0.0979740545153618 0.0499970689415932 0.077653631567955 0.0346065536141396 0.1641556173563 0.0857671275734901 0.0786464288830757 -0.0605657584965229 -0.0441767424345016 0.0853212177753448 0.165767103433609 -0.103823490440845 0.0640680864453316 -0.0326187275350094 -0.0264951549470425 0.017885709181428 -0.0175952687859535 -0.00198676087893546 0.00268429727293551 0.0380134619772434 0.0765096470713615 0.0489675253629684 0.0128990709781647 0.0266922898590565 0.0918884575366974 0.0742300674319267 0.0324499644339085 -0.0349627062678337 0.031229792162776 0.0110254967585206 0.0363273099064827 -0.0241265762597322 0.000755228917114437
0.00136189977638423 0.0821957215666771 0.1344113945961 0.0103825656697154 0.0792859569191933 0.0992361009120941 0.0456915833055973 0.0211334507912397 -0.0275650769472122 -0.0215101856738329 0.0480020269751549 0.0197158269584179 0.0225218404084444 0.0172002706676722 0.0741641595959663 0.0657827258110046 -0.0587546415627003 0.112863108515739 -0.0229965094476938 -0.019291240721941 0.150440350174904 0.0417718589305878 -999 0.0455464161932468 0.0974287092685699 0.0624689869582653 0.0139224259182811 -0.0672863498330116 0.0167460069060326 -0.00675703259184957 0.133030921220779 0.0502934604883194 -0.00666438275948167 -0.000221591981244273 -0.0366885587573051 0.1056157797575 0.0783242732286453 0.0072476826608181 0.00713679194450378 0.0672578513622284 0.0173578206449747 0.00881457608193159 0.033731497824192
-0.0724949389696121 0.0669267848134041 0.02535330504179 0.064439982175827 0.0231375899165869 0.0685628205537796 0.0437886267900467 0.0708140656352043 0.0508718229830265 0.0212332084774971 0.0394559353590012 0.0433737561106682 0.0236455257982016 -0.00406787870451808 0.00427162647247314 -0.0349143333733082 -0.0181813593953848 0.038360919803381 -0.0244792178273201 0.0329246334731579 0.0580863431096077 0.0377515889704227 -0.0128909917548299 0.0546480007469654 0.135560378432274 0.0226008035242558 0.0296714100986719 -0.00866699498146772 -0.00099250057246536 0.0315514616668224 0.00257875025272369 0.00617266958579421 0.0780332535505295 0.0720473006367683 -0.0417795516550541 0.0368950106203556 -0.0187890790402889 0.0628204718232155 -0.00300835468806326 2.34290073422017e-05 -0.0190556645393372 0.020787987858057 -0.00225906493142247
-0.0411735586822033 0.0781657323241234 0.0561522357165813 0.0140845291316509 0.0215404741466045 0.125974789261818 0.0321975089609623 0.0680310949683189 0.0657590925693512 0.00205032457597554 0.0348704978823662 0.0189868807792664 0.0913892313838005 0.04359395429492 0.0666455551981926 0.0531978756189346 0.0850687548518181 0.0567827932536602 0.0727143511176109 0.0503926053643227 -0.0156354196369648 0.032812025398016 0.0484461858868599 0.00100103719159961 0.233991265296936 0.0538260005414486 0.00950258690863848 0.0260715335607529 0.0339029021561146 0.0173236597329378 0.0440063215792179 -0.0402033030986786 -0.0347220338881016 0.0215373188257217 -0.0592812225222588 0.040345374494791 0.0937012210488319 0.0032198540866375 0.0274366848170757 0.080423079431057 0.033911969512701 0.0754709616303444 0.0307675302028656
0.0244701616466045 0.00959645863622427 0.0815823450684547 0.105225823819637 0.12653274834156 0.0557161085307598 0.0348507910966873 0.00482948077842593 -0.0510979704558849 0.123075909912586 0.04574990645051 0.0525432452559471 -0.00527777848765254 0.0216706432402134 0.0183003153651953 0.0207139775156975 0.0886383056640625 0.0321962423622608 0.00345046911388636 0.135202094912529 0.0423265919089317 0.0412394404411316 -0.0186346992850304 -0.0928452536463737 -0.0724331140518188 0.156058311462402 0.0371228195726871 -0.00554441474378109 -0.0177232380956411 0.0620831772685051 0.066753201186657 0.0433602333068848 0.0901780873537064 -0.0247175861150026 -0.0278144348412752 0.0628716349601746 0.0342849642038345 -0.0154023822396994 0.119192756712437 0.0544622950255871 -0.011603725142777 0.109375357627869 -0.043674673885107
0.0201454497873783 -0.0173689778894186 0.0473551750183105 0.0754827335476875 0.153001859784126 0.0493273884057999 0.0410622730851173 0.0587928853929043 0.0919256433844566 0.00258887279778719 0.00280208420008421 0.088008739054203 0.025657756254077 0.0589088313281536 0.0711072832345963 0.0306352879852057 0.0941389203071594 0.00130077986977994 0.0150923393666744 -0.00303418445400894 0.101578466594219 0.010796245187521 -0.0135394781827927 0.0232389848679304 -0.00261439103633165 0.0259962864220142 -0.0270773582160473 -0.00560783455148339 -0.00302577344700694 0.0352475941181183 0.0127358501777053 0.0660134255886078 -0.0611874684691429 0.0177738592028618 0.0372950807213783 0.0237679332494736 0.103507831692696 -0.00589156663045287 0.0999454483389854 -0.0370813198387623 0.0964983180165291 0.0121399508789182 0.0210968255996704
0.0143829202279449 0.0309220291674137 0.0182901304215193 0.224326312541962 0.065306656062603 0.102309420704842 0.0622717961668968 0.0758368149399757 0.020141402259469 0.0238401889801025 0.0372173972427845 0.0572893545031548 0.00847251992672682 0.0262034088373184 0.0925499871373177 -0.103660151362419 0.0245804283767939 0.0196679569780827 0.0111416690051556 0.122451066970825 -0.0632743015885353 0.134259477257729 0.0518163330852985 0.0426363386213779 0.0607702471315861 0.149189338088036 -0.0646174401044846 0.0194957237690687 0.0174525212496519 -0.043158732354641 0.0799757689237595 -0.00866996124386787 0.0608808547258377 0.148165583610535 0.00636912556365132 -0.0092169800773263 0.0193579196929932 0.044255867600441 -0.00625112792477012 0.0349148884415627 0.0578988529741764 0.0411357469856739 0.00879542157053947
0.0113827064633369 -0.030099630355835 0.0581652261316776 0.0844539105892181 0.132783517241478 0.048152782022953 0.030247263610363 0.022007217630744 0.0420870669186115 0.0187542177736759 0.0398100838065147 0.0152100631967187 0.0582147836685181 0.0593472719192505 0.075400784611702 0.0562548562884331 0.0459577068686485 0.0241877548396587 0.0199545845389366 -0.0196618176996708 0.11098238825798 0.00935914553701878 0.0433935038745403 0.0949300453066826 0.0501086302101612 -0.0262811202555895 0.0489659830927849 -0.0764628425240517 0.128442689776421 0.00986986700445414 0.0420811213552952 0.12106104195118 0.0349087864160538 0.040241114795208 -0.0110615864396095 0.0264456868171692 0.0373253487050533 0.0126087116077542 -0.0191856063902378 0.0235109589993954 0.00145738874562085 0.0485334396362305 -0.0371713899075985
0.0348491035401821 0.0156439077109098 0.0222252774983644 0.0987455248832703 0.0490770637989044 0.0472667291760445 0.0221790634095669 -0.022151242941618 0.0653921216726303 -0.0200853608548641 0.0678957775235176 0.020937068387866 0.0428786762058735 0.0452354289591312 0.0549680814146996 0.0931537449359894 0.014526923187077 0.0434925481677055 0.134233340620995 0.0543749779462814 0.0108363451436162 0.00971848797053099 -0.0299215000122786 -0.0331117771565914 0.0288825966417789 0.0864040106534958 0.0336680226027966 0.0389419682323933 0.0501705631613731 0.238423883914948 -0.0871878266334534 0.028731856495142 0.0659904927015305 0.0453390404582024 0.0725511908531189 0.0411686301231384 0.0392878539860249 0.0657806694507599 -0.0285146608948708 -0.00397420395165682 0.0940285474061966 0.00223954441025853 -0.0481162630021572
0.103432536125183 -0.0055516348220408 0.0991034507751465 0.129218906164169 0.0724760442972183 0.121886909008026 0.0922791138291359 0.0431249514222145 0.0776627734303474 0.0798762589693069 0.066929467022419 -0.0206930171698332 0.0886908024549484 0.00164221320301294 0.0728825852274895 0.0261075012385845 0.100489042699337 0.0320056565105915 0.0851394087076187 0.105535551905632 0.0253105983138084 -0.00474318256601691 -0.00159819878172129 0.193609938025475 -0.0199351441115141 -0.0339763425290585 -999 0.138844296336174 0.050264336168766 -999 -999 0.0301545225083828 0.0767332464456558 -0.0294857658445835 0.00119883450679481 0.106877110898495 0.132993057370186 0.0568402484059334 -0.00462317327037454 0.0958125963807106 0.0573958605527878 0.027740802615881 -0.0404498912394047
0.0267955902963877 -0.0129259005188942 0.108645424246788 0.221236512064934 0.135629415512085 0.0111682992428541 0.0178026687353849 -0.00545534817501903 0.0242006313055754 0.105838485062122 0.0419761575758457 0.0686074569821358 0.0577349662780762 0.0950242206454277 0.0188605580478907 0.027098847553134 0.0603765621781349 0.0540742427110672 -0.0401744358241558 -0.0909880474209785 0.11966660618782 0.0564401857554913 -0.0495170652866364 0.00476377783343196 0.0221921280026436 -0.0362269282341003 0.119859121739864 0.10342700779438 -0.141179740428925 -0.0187647808343172 -0.0336906462907791 0.0324853621423244 -0.0233867727220058 -0.000246438838075846 -0.00861264951527119 0.0652715489268303 0.113081932067871 0.0432056076824665 0.0505716986954212 0.0360859595239162 -0.0532600320875645 0.0136751420795918 0.0838552787899971
0.0524623654782772 0.0506936125457287 0.0434334129095078 0.060895562171936 0.110863193869591 0.117290042340755 0.113331273198128 -0.0309223439544439 0.0103354370221496 -0.0164569057524204 -0.0397333353757858 0.0552440322935581 0.0117862541228533 0.0512536503374577 0.0229612626135349 0.0440625324845314 0.0482893660664558 0.090195894241333 0.0427733175456524 0.00674805836752057 0.0270302277058363 -0.0469937510788441 -0.0897117853164673 0.0122558902949095 -0.0361379459500313 0.056328509002924 -0.0189276318997145 0.0101842312142253 0.0617979094386101 0.0367023833096027 0.0610891878604889 0.0279237814247608 0.0433344207704067 -0.0319429598748684 0.0574006028473377 0.0383225716650486 0.0456509590148926 0.0146325910463929 -0.0295485407114029 -0.0280783902853727 0.0401180721819401 -0.0337214730679989 0.0923928841948509
0.036646019667387 0.109801203012466 0.0918897166848183 0.0967336818575859 0.0879326537251472 0.0832394510507584 0.0362536497414112 0.0584404766559601 0.0266358945518732 -0.00257187779061496 0.0379786901175976 0.0742830261588097 0.0572387427091599 -0.0168204829096794 0.0865938439965248 0.0375484153628349 0.0761754810810089 0.0364542752504349 0.0783015117049217 0.0249273087829351 -0.00625583436340094 0.0447112396359444 0.0276274010539055 0.0712620466947556 0.00214007962495089 -0.0187630131840706 0.054247822612524 0.0347054861485958 0.0123165035620332 0.287377536296844 -0.0867153480648994 0.105819337069988 0.00545712001621723 -0.028450621291995 0.0198915656656027 0.0151257747784257 0.0329737477004528 0.00405267579481006 0.0475465208292007 0.0157052837312222 0.0169836077839136 0.00954042840749025 0.0508073382079601
0.0452954024076462 0.0482467450201511 0.112203642725945 0.0798813998699188 0.130805090069771 0.0906580984592438 0.0338201746344566 0.0634289309382439 0.0541100092232227 -0.00944608636200428 0.0525941550731659 -0.0168621502816677 -0.00433920882642269 0.0365275740623474 0.0562993809580803 0.0132683459669352 0.0721213817596436 0.0850360617041588 0.0896175280213356 0.0100756948813796 0.0560082793235779 0.0957663282752037 -0.00977064855396748 0.0582456402480602 -0.0330298617482185 0.0361093617975712 -0.0091386940330267 -0.0281940642744303 0.0334036834537983 0.150882720947266 -0.0192972682416439 -0.0445792227983475 0.0575752779841423 -0.000205031072255224 0.00801417510956526 0.0653327107429504 -0.0203876476734877 -0.00788461416959763 -0.0506401211023331 0.0701032876968384 -0.0129873417317867 -0.0266437958925962 0.0397245809435844
-0.0269939638674259 0.0558088086545467 0.0992163792252541 0.0997357666492462 0.0685744136571884 0.0598516836762428 0.0058036744594574 0.0866971760988235 0.0682278275489807 -0.0525159649550915 0.0926583930850029 0.0126601299270988 0.0210259631276131 0.0414041727781296 0.0155076757073402 -0.0327660031616688 0.010118012316525 0.0673359557986259 0.0173141751438379 0.0575990341603756 0.0552835687994957 0.0547087267041206 0.0398146435618401 0.000985422520898283 0.0558502152562141 0.0564255565404892 0.061841357499361 0.0275727510452271 -0.0371111743152142 0.0280688721686602 0.00796428881585598 0.00989919900894165 0.00631085783243179 -0.0243777465075254 0.0236147679388523 -0.0565011389553547 0.0353824906051159 0.0104552395641804 0.0842058733105659 -0.0149859068915248 0.0310365371406078 0.0385862402617931 0.0439496487379074
0.00871684774756432 0.0604331791400909 0.132301464676857 0.104689486324787 0.044100996106863 0.111283585429192 0.0634191706776619 0.0622376874089241 0.0768628865480423 0.0103307859972119 0.023233151063323 0.059898167848587 0.0413268059492111 0.0979692786931992 0.0164797063916922 -0.0124788535758853 0.0339757651090622 -0.0284570138901472 0.0434623137116432 0.0143009312450886 0.0371271520853043 0.0227486826479435 -0.021247860044241 0.03065450116992 -0.00499061495065689 0.0571568049490452 0.0751297250390053 0.0206065606325865 0.0698497891426086 0.0907717049121857 0.0417828969657421 0.0259393826127052 -0.103454142808914 0.107079833745956 0.0449407137930393 0.000820896704681218 0.010810281150043 0.0260144006460905 -0.0420368649065495 0.0711318105459213 0.00641782442107797 -0.0142257018014789 0.0255666673183441
