assets/gome_f/processed/ascii/us/gome_sif_US_20110801.asc
NCOLS 116 
NROWS 53 
XLLCORNER -125 
YLLCORNER 24.5 
CELLSIZE 0.5 
NODATA_value -3.4e+38 
[rows 0 to 18 of 53, columns 0 to 43 of 116]
0.080545827746391 -0.00744371814653277 -0.039304081350565 0.182663753628731 0.264803528785706 0.108035519719124 0.127329766750336 0.151203736662865 0.241375535726547 0.215461924672127 0.250036329030991 0.385906726121902 0.298489630222321 0.297861725091934 0.260773330926895 0.265103459358215 0.236487492918968 0.325665831565857 0.237291619181633 0.178001552820206 0.278670370578766 0.4243443608284 0.632073223590851 0.605163037776947 0.394378930330276 0.332492053508759 0.376196831464767 0.285030990839005 0.279422610998154 0.0629188790917397 0.16271960735321 0.207943812012672 0.132981464266777 0.24593722820282 0.318203270435333 0.237561464309692 0.248740822076797 0.312821418046951 0.301144629716873 0.435826122760773 0.329976260662079 0.407885551452637 0.475448995828629 0.462999254465103
0.147986516356468 0.053445965051651 0.0488269329071045 0.188648849725723 0.224805161356926 0.208860859274864 0.193174660205841 0.225406140089035 0.224512755870819 0.268770813941956 0.273734360933304 0.204346045851707 0.295933991670609 0.262678682804108 0.278463035821915 0.292838841676712 0.258106201887131 0.242421627044678 0.219700574874878 0.272340536117554 0.199616715312004 0.346669882535934 0.504896283149719 0.590560078620911 0.391811937093735 0.506908774375916 0.344478487968445 0.357144087553024 0.194423153996468 0.0658778995275497 0.180591270327568 0.22182859480381 0.276155948638916 0.281539887189865 0.499852478504181 0.457263588905334 0.384729981422424 0.283499479293823 0.378772646188736 0.355470269918442 0.34322065114975 0.3654805123806 0.408736139535904 0.535666048526764
0.217134714126587 0.117199636995792 0.19256429374218 0.238430798053741 0.130561903119087 0.235584571957588 0.251426160335541 0.267567425966263 0.328454226255417 0.276095658540726 0.2786925137043 0.20095556974411 0.292110770940781 0.275289982557297 0.290470242500305 0.317049562931061 0.237089857459068 0.281222015619278 0.204275339841843 0.324245870113373 0.249934360384941 0.393463015556335 0.384548187255859 0.533175647258759 0.527870059013367 0.524156272411346 0.3535116314888 0.491196125745773 0.175307393074036 0.285009354352951 0.257045179605484 0.305678725242615 0.340434044599533 0.351003557443619 0.287719249725342 0.25834521651268 0.334722131490707 0.442119210958481 0.359586596488953 0.350410670042038 0.309187799692154 0.131911903619766 0.283495366573334 0.326078623533249
0.432639688253403 0.363666236400604 0.204656451940536 0.175012364983559 0.249133184552193 0.399251520633698 0.323700934648514 0.277846783399582 0.302775681018829 0.243528410792351 0.242361083626747 0.249183014035225 0.269111752510071 0.354744225740433 0.329940050840378 0.339117765426636 0.345575839281082 0.345869451761246 0.323700547218323 0.343758910894394 0.37314561009407 0.34233620762825 0.373091697692871 0.458266466856003 0.417813926935196 0.459658056497574 0.347525209188461 0.290998131036758 0.113270930945873 0.224983692169189 0.107487119734287 0.263775289058685 0.161283031105995 0.311121165752411 0.239473551511765 0.391183704137802 0.40030911564827 0.310602575540543 0.3557970225811 0.259205043315887 0.252956360578537 0.256242096424103 0.258548706769943 0.214865267276764
0.198230788111687 0.39493066072464 0.386851191520691 0.289903074502945 0.30811470746994 0.436744034290314 0.353262037038803 0.218085706233978 0.244323626160622 0.290194690227509 0.218705132603645 0.211548492312431 0.241856753826141 0.346445083618164 0.305203557014465 0.381621599197388 0.363810956478119 0.359931111335754 0.367514431476593 0.269404411315918 0.224545866250992 0.351513057947159 0.284616649150848 0.248912408947945 0.30253079533577 0.304959982633591 0.17154960334301 0.175106316804886 0.0698255226016045 0.214365571737289 0.184895053505898 0.283150553703308 0.222298830747604 0.192521095275879 0.147946178913116 0.288855016231537 0.256744265556335 0.31986078619957 0.31324166059494 0.293900996446609 0.37895867228508 0.265371233224869 0.315655261278152 0.355541348457336
0.125293031334877 0.186996653676033 0.207554399967194 0.103348068892956 0.139959752559662 0.319816619157791 0.523167967796326 0.25902909040451 0.290740996599197 0.294073939323425 0.202024772763252 0.153180360794067 0.165703386068344 0.349699020385742 0.428916603326797 0.390918374061584 0.378519684076309 0.358803242444992 0.384813815355301 0.302589923143387 0.332894384860992 0.235408022999763 0.356297254562378 0.203701496124268 0.261653631925583 0.186258345842361 0.0901233181357384 0.0509056709706783 0.117544762790203 0.0336142741143703 0.146586135029793 0.316671997308731 0.279523193836212 0.142556056380272 0.139989927411079 0.196904167532921 0.230511844158173 0.193091168999672 0.251004278659821 0.239986658096313 0.276211470365524 0.318057060241699 0.255125313997269 0.332196474075317
0.115440480411053 0.248091951012611 0.376001864671707 0.226696193218231 0.269403398036957 0.262202352285385 0.412324219942093 0.354022115468979 0.209011122584343 0.34099280834198 0.0675788596272469 0.0694267153739929 0.136880472302437 0.258402526378632 0.316755741834641 0.373163491487503 0.438221961259842 0.323597609996796 0.240637943148613 0.198088705539703 0.303152203559875 0.318046808242798 0.24934920668602 0.350196868181229 0.237742856144905 0.128409251570702 0.131599068641663 0.242428883910179 0.157281652092934 0.240656495094299 0.171011924743652 0.173076122999191 0.0836535543203354 0.11276101320982 0.127292618155479 0.233304232358932 0.180070549249649 0.142619386315346 0.207640036940575 0.250632643699646 0.264085173606873 0.423076093196869 0.329068154096603 0.338304489850998
0.0896662846207619 0.20769065618515 0.435949146747589 0.391453117132187 0.337521433830261 0.432268619537354 0.375135868787766 0.446882009506226 0.274354040622711 0.257650464773178 0.19939449429512 0.265297591686249 0.129006460309029 0.159164026379585 0.237807944417 0.34958291053772 0.445525020360947 0.340327233076096 0.47420597076416 0.381130486726761 0.213226616382599 0.323893398046494 0.180884510278702 0.341361314058304 0.189003214240074 0.184593662619591 0.124532461166382 0.180493071675301 0.231095120310783 0.22017465531826 0.318425834178925 0.278046160936356 0.160746023058891 0.134993761777878 0.188507869839668 0.235053718090057 0.205731779336929 0.131010115146637 0.206933125853539 0.210672527551651 0.248477458953857 0.380274832248688 0.27925780415535 0.415707349777222
0.0400607287883759 0.235012978315353 0.320687890052795 0.488748222589493 0.554557025432587 0.370391488075256 0.440751373767853 0.328922718763351 0.191495627164841 0.267071813344955 0.198973372578621 0.274188786745071 0.233455091714859 0.159181416034698 0.0989700928330421 0.213124111294746 0.299293249845505 0.382413595914841 0.449512034654617 0.251472532749176 0.339556604623795 0.325707495212555 0.333289682865143 0.313582360744476 0.314042538404465 0.123320952057838 0.180978462100029 0.190453737974167 0.255796670913696 0.147663131356239 0.261881321668625 0.190673127770424 0.181781202554703 0.0382297560572624 0.25112110376358 0.143452122807503 0.201658949255943 0.210310354828835 0.226695418357849 0.249642565846443 0.274253249168396 0.231932193040848 0.153464570641518 0.382351666688919
0.26903235912323 0.0713130533695221 0.192523911595345 0.620961904525757 0.425167232751846 0.508888900279999 0.445741057395935 0.357247471809387 0.320339798927307 0.226169854402542 0.295015156269073 0.277779877185822 0.231449067592621 0.279916346073151 0.142756521701813 0.215019851922989 0.14731627702713 0.400402903556824 0.391245186328888 0.351025491952896 0.265203535556793 0.208926156163216 0.216067656874657 0.273613780736923 0.224739626049995 0.14086902141571 0.238859996199608 0.186122626066208 0.249036952853203 0.285402953624725 0.166611328721046 0.199659466743469 0.209952771663666 0.142873331904411 0.237356588244438 0.205699920654297 0.337424963712692 0.131680801510811 0.258431077003479 0.116013064980507 0.241682574152946 0.289079397916794 0.289840310811996 0.327113151550293
0.174794107675552 0.132106050848961 0.257863879203796 0.436755120754242 0.464653223752975 0.453633815050125 0.383032709360123 0.366225719451904 0.210204690694809 0.148986890912056 0.193070754408836 0.147221252322197 0.225307196378708 0.246124818921089 0.37430727481842 0.295569330453873 0.254519999027252 0.355953216552734 0.36870089173317 0.349510610103607 0.210904061794281 0.19221855700016 0.274878233671188 0.230879455804825 0.249829515814781 0.0903026163578033 0.157275035977364 0.306617677211761 0.206107318401337 0.242516621947289 0.292535096406937 0.245880246162415 0.208627313375473 0.200863882899284 0.165073439478874 0.227374076843262 0.318175464868546 0.215956598520279 0.37695586681366 0.175194606184959 0.193024352192879 0.321070522069931 0.322317659854889 0.421119630336761
-0.0271182935684919 0.106221921741962 0.409822463989258 0.496692657470703 0.389797776937485 0.463008791208267 0.383327811956406 0.182687923312187 0.0557102262973785 0.0623793080449104 0.113253593444824 0.0996581837534904 0.304112374782562 0.263862282037735 0.324891716241837 0.271986752748489 0.273949086666107 0.329662263393402 0.28531888127327 0.209913089871407 0.232939943671227 0.127648547291756 0.142819672822952 0.221833080053329 0.325752168893814 0.331344693899155 0.238035902380943 0.314910471439362 0.251119256019592 0.304978877305984 0.139375582337379 0.227603271603584 0.162664875388145 0.235598415136337 0.163163900375366 0.329420357942581 0.195475190877914 0.235616981983185 0.227574080228806 0.06981360912323 0.11771047860384 0.349808275699615 0.369667261838913 0.316363662481308
0.0600382089614868 0.0693379864096642 0.408626973628998 0.54751193523407 0.450176894664764 0.442995011806488 0.370234340429306 0.195478901267052 0.191596880555153 0.0240357462316751 0.162410229444504 0.162892326712608 0.15326763689518 0.315837800502777 0.230567991733551 0.286520510911942 0.20065949857235 0.276963651180267 0.183317571878433 0.248906075954437 0.151305824518204 0.175027474761009 0.20112170279026 0.239905908703804 0.155245169997215 0.295406252145767 0.267689198255539 0.265241146087646 0.190512001514435 0.256609380245209 0.216682776808739 0.140144437551498 0.263214826583862 0.161379709839821 0.209985166788101 0.210679888725281 0.277474701404572 0.246694669127464 0.199843019247055 0.16420578956604 0.302278220653534 0.289059787988663 0.244984343647957 0.354956924915314
0.102963835000992 0.0305240973830223 0.344285160303116 0.391611516475677 0.452757328748703 0.417460769414902 0.324417263269424 0.306415259838104 0.0947727784514427 0.164307340979576 0.170566782355309 0.16930316388607 0.232064411044121 0.207830160856247 0.226701140403748 0.211617529392242 0.223971337080002 0.272338002920151 0.214584037661552 0.209676519036293 0.144657894968987 0.221839666366577 0.0943977311253548 0.164289280772209 0.170361801981926 0.250563830137253 0.271928548812866 0.431154012680054 0.290141940116882 0.251310139894485 0.191862866282463 0.0391486510634422 0.191635489463806 0.0578046962618828 0.133423313498497 0.181063637137413 0.215499132871628 0.136598765850067 0.158065661787987 0.181025981903076 0.0996809303760529 0.371952176094055 0.414899230003357 0.35165598988533
0.0815881118178368 0.162941247224808 0.444121986627579 0.5384721159935 0.495293825864792 0.362470924854279 0.235252231359482 0.233195081353188 0.152147680521011 0.173919022083282 0.0797367691993713 0.267202824354172 0.110969595611095 0.0823488682508469 0.17212401330471 0.185434758663177 0.449173927307129 0.286350041627884 0.310393869876862 0.353879392147064 0.22493340075016 0.0967530533671379 0.135876804590225 0.153280690312386 0.205533295869827 0.245965197682381 0.548806667327881 0.45943209528923 0.359109312295914 0.266589105129242 0.132766917347908 0.0602775253355503 0.179833024740219 0.155759766697884 0.0640923455357552 0.183286368846893 0.0909722745418549 0.162925153970718 0.144354537129402 0.190474346280098 0.117703475058079 0.0943138003349304 0.220882654190063 0.285415202379227
0.0898784771561623 0.25122931599617 0.492340683937073 0.449001550674438 0.468419760465622 0.314764678478241 0.266344964504242 0.0803205892443657 0.226119071245193 0.164524972438812 0.0839139893651009 0.11856359988451 0.14755791425705 0.0650050714612007 0.0985827445983887 0.00563792558386922 0.173069596290588 0.214298397302628 0.219518810510635 0.154948234558105 0.241693183779716 0.247718393802643 0.226005926728249 0.0310774277895689 0.233039543032646 0.382483124732971 0.344731688499451 0.448426425457001 0.478385150432587 0.257224380970001 0.301398724317551 0.00549985468387604 0.224151000380516 0.242042362689972 0.0906907767057419 0.0387809909880161 0.135176613926888 0.0927896872162819 0.178358197212219 0.0857338607311249 0.0712469294667244 0.156940877437592 0.184360146522522 0.129004672169685
0.0329352058470249 0.309611678123474 0.495418041944504 0.48450443148613 0.503354966640472 0.343470394611359 0.234424069523811 0.283965140581131 0.199889227747917 0.117761835455894 -0.00224091811105609 0.0289926305413246 0.114528477191925 0.114429630339146 0.136517286300659 0.177261352539062 0.0751781314611435 0.00800273381173611 0.201693028211594 0.148814961314201 0.47399839758873 0.327044188976288 0.453690618276596 0.25747686624527 0.352026879787445 0.327881276607513 0.550171673297882 0.384747177362442 0.41874560713768 0.278440594673157 0.217687055468559 0.121453307569027 0.131296560168266 0.0921831354498863 -0.0109673570841551 0.100312478840351 0.105800375342369 0.151266917586327 0.211716309189796 0.171901658177376 0.191715404391289 0.199218392372131 0.205024689435959 0.313357025384903
0.070979967713356 0.305466860532761 0.39310622215271 0.486894220113754 0.377699434757233 0.434375911951065 0.247790157794952 0.34191569685936 0.186496034264565 0.23490834236145 0.122411079704762 0.146774336695671 0.0725063532590866 0.0628530979156494 0.202413767576218 0.0461023896932602 0.077168308198452 0.0446622930467129 0.189962863922119 0.0854500979185104 0.142980992794037 0.29872140288353 0.369397938251495 0.305910766124725 0.303204536437988 0.354986041784286 0.395831078290939 0.279587060213089 0.312711864709854 0.144632041454315 0.181355342268944 0.115690223872662 0.162600219249725 0.0399249643087387 0.0991273000836372 0.130002126097679 0.041329313069582 0.150758862495422 0.169957146048546 0.146551892161369 0.253849118947983 0.0944260284304619 0.26353457570076 0.318511545658112
0.111007019877434 0.156212136149406 0.349156826734543 0.421969354152679 0.293339401483536 0.262843877077103 0.263579100370407 0.332605391740799 0.0712030306458473 0.190410822629929 0.162453040480614 0.153403595089912 0.0777317583560944 0.124672085046768 0.170302897691727 0.116521373391151 0.114317923784256 0.128676846623421 0.243495479226112 0.169032737612724 0.0967834368348122 0.0546724796295166 0.105220928788185 0.168352693319321 0.19123500585556 0.279218703508377 0.362596720457077 0.273546278476715 0.180737167596817 0.21046881377697 0.142204120755196 0.141400903463364 0.037251815199852 0.00828212033957243 0.11295361071825 0.142113268375397 0.170785486698151 0.204353138804436 0.130307555198669 0.110289961099625 0.328075915575027 0.240312337875366 0.404549479484558 0.392575979232788
