assets/gome_f/processed/ascii/us/gome_sif_US_20130101.asc
NCOLS 116 
NROWS 53 
XLLCORNER -125 
YLLCORNER 24.5 
CELLSIZE 0.5 
NODATA_value -3.4e+38 
[rows 19 to 37 of 53, columns 43 to 85 of 116]
0.0767741873860359 -0.0529611483216286 0.0901837423443794 0.0911738052964211 -0.12260602414608 0.0640095695853233 -0.0410455763339996 -0.0172921065241098 0.0487178638577461 0.000356860458850861 0.0311035681515932 0.0621076822280884 -0.0714659467339516 0.0869507640600204 -0.0738552063703537 -0.0186474025249481 0.0897020846605301 0.0779325515031815 -0.0120476018637419 0.0939152389764786 -0.0422350354492664 -0.0174507610499859 -0.0156337432563305 0.0805007517337799 -0.0264924820512533 -0.0144618973135948 0.00588233955204487 0.141293078660965 0.115024745464325 0.0221683792769909 0.122056260704994 -0.0829118937253952 0.0985517352819443 -0.0195632986724377 -0.00686402898281813 0.0142016932368279 0.0107660107314587 0.114639326930046 0.0397284515202045 0.0691637843847275 -0.104755997657776 0.0176743231713772 -0.0852837786078453
-0.166055202484131 -0.0018209571717307 0.076420933008194 -0.0465481169521809 -0.0211871080100536 0.0666891485452652 -0.0665402114391327 0.114869266748428 0.0679166242480278 0.0452661775052547 0.0545506626367569 -0.0355144180357456 -0.100730493664742 0.00387696921825409 0.00708001060411334 0.0714557021856308 0.0337759666144848 0.180185124278069 0.0931481048464775 0.0869765654206276 -0.0331787094473839 0.0708750486373901 -0.0320114567875862 0.00519978580996394 0.0411385223269463 -0.000545878196135163 0.0474412366747856 0.0676470175385475 -0.072454497218132 -0.00976254977285862 -0.0431064777076244 0.0176227539777756 -0.0395159125328064 -0.0174639839679003 0.028545469045639 0.0523858070373535 -0.101789891719818 0.0545663312077522 0.00195317529141903 0.148515462875366 0.0220990404486656 -0.0409853793680668 0.0513449497520924
-0.0393892042338848 0.0014044001000002 -0.0521797724068165 -0.0772210881114006 -0.0254481956362724 0.0684986412525177 0.0184478033334017 0.0201734881848097 0.0208752043545246 -0.0341048687696457 0.126384735107422 -2.76710834441474e-05 0.0288931988179684 -0.0704211220145226 -0.00374687323346734 0.0280817933380604 0.0126319620758295 0.0309044271707535 0.0593535713851452 0.0475459061563015 0.0636322274804115 -0.0375944003462791 0.0250670611858368 0.0499180890619755 0.0699247568845749 0.0256720054894686 0.074581652879715 0.0331537052989006 -0.00452811410650611 -0.0337294228374958 0.019008120521903 -0.00364454952068627 0.145757794380188 0.103315748274326 0.162629574537277 0.101136445999146 0.0400400906801224 -0.0185989048331976 -0.0412347540259361 0.0841803774237633 -0.0381036438047886 0.0220129080116749 0.117588259279728
-0.0584284849464893 -0.0312266685068607 0.050312228500843 0.0432925783097744 0.016967510804534 -0.00354378786869347 -0.0281565524637699 -0.0329913534224033 -0.011671650223434 -0.068763442337513 -0.00436619063839316 0.0256014075130224 -0.0489269495010376 0.00539682013913989 0.0580643303692341 0.0699548870325089 -0.0830152779817581 0.016271909698844 0.0113945808261633 0.0187045224010944 0.031128779053688 0.216297253966331 0.0965629145503044 0.0492425784468651 0.0648732781410217 0.0815316513180733 -0.0283564273267984 0.0774729624390602 0.0773554518818855 0.00197989377193153 0.0254097227007151 -0.0169616304337978 0.0530119873583317 0.0875551700592041 0.0698415413498878 0.170338854193687 -0.0502607263624668 0.0201933700591326 0.113368466496468 0.0410918146371841 0.0862055048346519 0.133495360612869 0.134184375405312
0.109490908682346 -0.0317147299647331 0.0376239120960236 -0.0785700306296349 0.0637577846646309 -0.00984413642436266 0.00247132987715304 0.0435367859899998 0.0640952810645103 -0.0370634496212006 0.0997608229517937 0.0997686162590981 0.0874436795711517 0.0398660376667976 0.119562052190304 0.0368805006146431 0.00901699438691139 0.0610607080161572 0.0172263700515032 0.0578941479325294 0.0802628919482231 0.103629171848297 0.111895732581615 0.0190418623387814 0.0794160738587379 0.136587470769882 0.025437468662858 -0.0687876492738724 0.00266294670291245 0.00577290123328567 0.0486441180109978 0.0784872695803642 0.179583087563515 -0.0129861254245043 0.0317445732653141 0.0886792913079262 0.109781555831432 0.107176721096039 0.0202401913702488 0.0135930078104138 -0.075417160987854 0.0180963315069675 0.00188999867532402
-0.062406413257122 -0.0101250996813178 -0.0343434140086174 0.0307283718138933 0.0354574583470821 0.0128168184310198 0.0458436831831932 0.0064636766910553 0.0712293311953545 0.0716143622994423 0.0411650389432907 0.0225994233042002 0.0361740738153458 0.129524916410446 -0.0126326903700829 0.029134726151824 0.0422762520611286 0.012410425581038 0.0870379358530045 -0.0360656343400478 0.0743660926818848 0.0171800032258034 0.0937337055802345 -0.0507772155106068 0.0511522814631462 0.0417926460504532 -0.00642077345401049 0.127127707004547 0.0562635734677315 0.168554484844208 0.0491314418613911 0.0331795923411846 0.109136931598186 0.0815674513578415 0.183324679732323 0.0422321259975433 0.110744528472424 0.0868497863411903 -0.00354037876240909 0.065747082233429 0.167139410972595 0.0430341996252537 -0.0110671576112509
0.0136845177039504 0.0150664197281003 0.0654206201434135 0.0249591488391161 0.0676042586565018 0.0302605126053095 0.115549184381962 0.0457388386130333 0.0740166455507278 0.0622325390577316 0.0482501164078712 0.0710853040218353 -0.00811294745653868 0.119339182972908 0.0797799080610275 0.0229530017822981 0.0673987418413162 0.0744279772043228 0.0835574194788933 0.0125505309551954 0.00976540241390467 0.101827308535576 0.0412463247776031 0.0376286506652832 0.0702794417738914 0.013926412910223 0.0671673715114594 0.0119480285793543 0.0267544183880091 0.0278110038489103 0.0681030377745628 0.135510236024857 0.0351736359298229 0.092336468398571 0.143225640058517 -0.011297351680696 0.115930691361427 0.180322885513306 0.121945962309837 -0.0202200766652822 0.016316270455718 0.00819215457886457 -0.00629526469856501
-0.0116173615679145 0.0480695813894272 0.0868882834911346 0.0388774760067463 0.00868692342191935 0.0465659759938717 0.0969082713127136 0.11252773553133 0.024622755125165 0.0342138931155205 0.0524392239749432 0.0869977697730064 0.113467127084732 0.06449244171381 -0.0031648650765419 0.0855797678232193 0.0144096156582236 0.0565423741936684 0.0734399631619453 0.0704435855150223 0.106345809996128 0.0975654795765877 0.0211354214698076 0.0159514602273703 -0.0160449128597975 0.0256572924554348 0.00482912734150887 0.086338609457016 0.00269999890588224 0.00936158373951912 0.0588760785758495 0.130287125706673 0.0834201723337173 0.1160624101758 0.0336032845079899 0.0298712644726038 0.125884160399437 0.165569111704826 0.0969776287674904 0.0740597099065781 0.0941808074712753 0.0390684306621552 0.010624778456986
0.0349800996482372 0.0541798323392868 0.04722710698843 0.115090593695641 0.0720438957214355 0.058404516428709 0.050918560475111 -0.0222834628075361 0.0615619570016861 0.0441719703376293 -0.0211440101265907 0.0538789108395576 0.102155908942223 0.0865785554051399 0.0126972487196326 0.0625957176089287 0.0996785536408424 0.0628615394234657 0.16866347193718 0.180521860718727 0.105873204767704 0.0820461958646774 0.0464597083628178 0.0146875139325857 0.0417597629129887 0.0698291882872581 0.00926406681537628 0.0984194278717041 0.106995493173599 0.0785999745130539 0.0414912179112434 0.00412525841966271 0.0298381764441729 0.164754807949066 0.0666644647717476 0.150996997952461 0.130113705992699 0.0562464818358421 0.0673980340361595 0.170292019844055 0.0209147986024618 0.0206499323248863 0.0940750688314438
-0.00077392061939463 0.0152994329109788 0.00599260348826647 0.0527514852583408 0.0603712722659111 0.00555901229381561 0.087421290576458 0.0667456313967705 0.0410397537052631 -0.0458167120814323 0.0834315866231918 0.0836931467056274 0.0281740985810757 0.0502551048994064 0.00543310074135661 0.120412826538086 0.0631189197301865 0.00760357826948166 0.067211888730526 0.105123400688171 0.109432846307755 0.0743610113859177 0.0420678071677685 0.187579303979874 0.026668718084693 0.0374044254422188 0.0299782417714596 0.0896184891462326 0.0897456109523773 0.0934142917394638 0.0610376186668873 0.0995077714323997 0.137944668531418 0.0507008507847786 0.12389550358057 0.098784014582634 0.0393500849604607 0.0855625867843628 0.0982218310236931 -0.00799415819346905 0.124571725726128 0.000865883193910122 -0.00104731088504195
0.0382620394229889 0.0278487335890532 0.0440794266760349 -0.0235552415251732 0.0214487314224243 -0.00582228414714336 0.0210423767566681 0.0414094775915146 0.0438210032880306 0.0543889105319977 0.0887865573167801 0.0442233681678772 0.0428127646446228 0.0302475150674582 0.0527910366654396 0.0739190652966499 0.0399005301296711 0.0454754419624805 0.149512052536011 0.0797696709632874 0.0534252747893333 0.145327895879745 0.0963833853602409 0.15535244345665 0.102053143084049 0.0840763822197914 0.0655942484736443 0.097754992544651 0.0930152982473373 0.0246388390660286 0.107724867761135 0.0447918698191643 0.0118213491514325 0.0965918749570847 0.151023104786873 0.105292126536369 0.0438176728785038 0.0526238903403282 -0.00927581079304218 0.0667231529951096 0.105812959372997 0.108453176915646 0.069587416946888
0.00717297755181789 0.0198783781379461 0.0363467857241631 0.0906388238072395 0.0177663434296846 0.0114643424749374 0.049789659678936 -0.0134918028488755 0.127236664295197 0.0350296683609486 0.117729388177395 0.130018398165703 -0.0173681396991014 0.0125747676938772 0.0112916445359588 -0.0329520367085934 -0.0283479932695627 0.0796985849738121 0.032263983041048 0.170638769865036 0.0650327503681183 0.114507518708706 0.047575369477272 0.0991485342383385 0.123218379914761 0.0417067967355251 0.113638035953045 0.111002810299397 0.105839170515537 0.12037169188261 0.080711804330349 0.0506358928978443 0.0972793474793434 0.156578630208969 0.107108041644096 0.133892476558685 -0.00214647618122399 0.0318993851542473 0.191883489489555 0.0346423797309399 0.0927184149622917 0.08152025192976 0.0781961381435394
-0.0129930088296533 0.00426991796121001 0.0790359377861023 0.0287956055253744 0.0347027331590652 -0.0267613679170609 0.0176198557019234 0.0477287098765373 0.0279428344219923 0.0760928764939308 0.0599331371486187 0.0663626715540886 0.0477688163518906 -0.0432465560734272 0.0838189125061035 0.103490747511387 0.00374224991537631 0.00854422058910131 0.0559294894337654 0.0415748357772827 0.10246168076992 0.0800192430615425 0.0471507497131824 0.0680574253201485 0.144070193171501 0.104311808943748 0.0310901198536158 0.182704567909241 0.0874224156141281 0.13458713889122 0.0898237153887749 0.0224906597286463 0.0696071460843086 0.081125445663929 0.0581121146678925 0.111369900405407 0.0842766612768173 0.0637906491756439 0.223716288805008 0.0571175403892994 0.096334382891655 -0.0524129308760166 0.0350840352475643
0.00638736831024289 -0.0513083450496197 0.0680719539523125 -0.0123403556644917 -0.0252410843968391 -0.0605230629444122 0.122679486870766 0.0623602271080017 0.068834125995636 0.149437382817268 0.0804503560066223 0.107490912079811 0.0486663393676281 0.0264175441116095 0.105509802699089 0.113787665963173 -0.0130817396566272 0.0479949451982975 0.133645743131638 0.11540748924017 0.142952904105186 0.0973619371652603 0.0118129029870033 0.0662231892347336 0.0586233660578728 0.0766595378518105 0.0841931328177452 0.0778932198882103 0.115416511893272 0.0768352523446083 0.114717982709408 0.0679521188139915 0.0735368952155113 0.174760729074478 0.135822832584381 0.0482473447918892 0.104596644639969 0.026658471673727 0.0705121010541916 0.247820153832436 0.0987416282296181 0.10349228978157 0.0772462785243988
0.0168381445109844 0.089684784412384 0.0175476595759392 0.0769283622503281 0.0110720712691545 0.0412755273282528 0.0589630752801895 0.0446430779993534 0.0961192771792412 0.0324960015714169 0.0966944769024849 -0.0142857851460576 0.00364226009696722 0.0838135853409767 0.155532658100128 0.00879266858100891 0.0860934853553772 0.129960864782333 -0.0252871736884117 0.162735760211945 0.0662520602345467 0.0428890809416771 -0.0278915949165821 0.0996193811297417 0.141061618924141 0.0251592043787241 -0.0175453256815672 0.0857654213905334 0.0230964254587889 0.113606944680214 0.16492223739624 0.122563630342484 0.0951794758439064 0.139605984091759 0.0931557416915894 -0.00129634782206267 0.0176982916891575 -0.0155991576611996 0.120226614177227 0.00465133506804705 0.0722909271717072 0.05480832234025 0.12684665620327
0.0308253355324268 -0.00685513904318213 0.051128126680851 0.037501510232687 0.0247978791594505 0.0641621127724648 0.00850886572152376 -0.0198005121201277 0.0642907321453094 0.125306844711304 0.028630368411541 0.0316733866930008 0.076929546892643 0.0786451995372772 0.102210558950901 0.088894858956337 -0.010792825371027 0.152622908353806 0.153327837586403 0.10050018876791 0.071453332901001 0.208329826593399 0.191641092300415 0.0589765049517155 -0.0556415393948555 0.123993620276451 -0.0234113074839115 0.111490741372108 -999 0.124493569135666 0.162158623337746 0.0476545207202435 0.0786560028791428 0.101940587162971 0.155776053667068 0.0158636718988419 0.146945759654045 0.114160895347595 0.0416615568101406 0.0944730341434479 -0.0709019005298615 0.131132796406746 0.250553697347641
0.0416683703660965 0.0243448410183191 0.0628282055258751 -0.0675225034356117 0.0396701581776142 0.0767783522605896 0.074230283498764 0.0575479939579964 0.125472024083138 0.106255859136581 0.0580210946500301 0.0863034054636955 0.140396505594254 0.0277688931673765 0.0600781291723251 0.0964984223246574 0.0694413408637047 0.264706134796143 0.105551540851593 0.0942277908325195 0.0206382740288973 0.116595551371574 -0.0291327871382236 0.147669032216072 0.0798202529549599 0.151465684175491 -0.166445195674896 0.0910903289914131 0.249241828918457 0.185293912887573 0.108931124210358 0.177065417170525 0.0470753386616707 -0.000571457901969552 0.10152867436409 0.114343874156475 0.134813323616982 0.000572311400901526 0.146667286753654 0.10014533996582 0.163127988576889 0.0874665305018425 0.0563787929713726
0.00278012291528285 0.0501414649188519 0.0620870739221573 0.00816712528467178 0.0270023848861456 -0.00888215191662312 0.0232590939849615 0.104528017342091 0.0185395292937756 0.0529364421963692 0.0792702063918114 0.0321392901241779 0.00399495149031281 0.129501774907112 0.0572994090616703 0.0339498855173588 0.0714124962687492 0.145412981510162 0.0519094616174698 0.13093301653862 0.0797850862145424 0.01370944455266 0.507279753684998 0.117043517529964 0.109490409493446 0.0744206160306931 -0.0595741383731365 0.189272433519363 0.174803793430328 0.140935137867928 0.157920971512794 -0.0765694007277489 0.102166511118412 0.081987664103508 0.0795318707823753 0.0772271156311035 0.00641402695327997 0.0725251436233521 0.00804768037050962 0.0808125883340836 0.0831156075000763 0.215746358036995 0.119105383753777
0.0226291809231043 0.0647323802113533 0.0503765046596527 0.0358588136732578 0.0364592857658863 0.0719627737998962 0.115768738090992 0.0675315409898758 0.0428451895713806 0.044193260371685 0.0192497652024031 0.116900131106377 0.108809880912304 0.121783159673214 0.0232370533049107 0.143326431512833 0.016121057793498 0.179311975836754 0.168979123234749 0.0151348728686571 -0.0611779354512691 0.156265109777451 0.0828005075454712 0.0567588992416859 0.133411198854446 0.167473793029785 0.0628876388072968 0.367719113826752 0.188404276967049 0.0965538173913956 0.127098351716995 0.106069415807724 0.231486350297928 0.0882630869746208 0.151099339127541 0.201400130987167 0.0412858538329601 0.197053715586662 0.134893044829369 0.211772963404655 0.0912357270717621 0.165835469961166 0.125884845852852
