assets/gome_f/processed/ascii/us/gome_sif_US_20111101.asc
NCOLS 116 
NROWS 53 
XLLCORNER -125 
YLLCORNER 24.5 
CELLSIZE 0.5 
NODATA_value -3.4e+38 
[rows 19 to 37 of 53, columns 43 to 85 of 116]
0.0460372865200043 -0.0278919078409672 0.0647857859730721 0.106996059417725 0.0310844462364912 0.111897401511669 -0.00317666353657842 0.0581734552979469 0.0266507901251316 0.0473121590912342 0.0333328768610954 -0.0601066164672375 0.0652179047465324 0.0288460254669189 0.0726336464285851 0.0408935882151127 0.022370470687747 0.0362564660608768 0.105668850243092 0.0953342169523239 0.0608162581920624 0.0977527722716331 0.0193273928016424 0.0031622105743736 0.0573931895196438 0.0524603985249996 0.0905225798487663 0.0373022295534611 0.0340474769473076 0.0576692260801792 -0.0033544881734997 0.0667557045817375 0.0543866902589798 -0.0213257633149624 0.135238498449326 0.0506120473146439 0.0170585568994284 -0.0055354917421937 0.141545742750168 -0.0325308106839657 0.0590868331491947 0.0568018369376659 0.0978936180472374
0.00311687868088484 0.0446805767714977 0.0112100774422288 0.00153670064173639 0.0688989162445068 0.0234276279807091 0.0727304294705391 -0.0246967412531376 0.0538413748145103 0.0904182121157646 0.0324018374085426 0.0615516975522041 0.120225220918655 0.127223193645477 0.0393747501075268 0.0619692131876945 0.0738104209303856 0.0916611775755882 0.139486253261566 0.0426945388317108 -0.0464006997644901 0.0393847040832043 0.0253216177225113 0.0632263496518135 -0.0397447161376476 0.0882003009319305 0.0655639618635178 0.152315273880959 0.0868394672870636 0.0183140356093645 -0.00841388665139675 0.0468837395310402 0.111737735569477 0.0049147754907608 0.0579129047691822 0.0961345061659813 0.0994911640882492 0.0466419607400894 0.0796044394373894 0.0480848513543606 0.181224524974823 0.00512191653251648 0.0471889600157738
0.00271460181102157 -0.0431780591607094 0.0753855258226395 0.0477479621767998 -0.00269369361922145 0.0385716930031776 0.0407753139734268 0.0477577783167362 0.0285700559616089 0.0560604110360146 0.0218321327120066 0.0497197210788727 0.0232848729938269 0.017187861725688 0.0668553188443184 0.0250152572989464 0.0336838997900486 0.0388873443007469 0.0802397206425667 0.0876122415065765 0.097766749560833 0.0605761893093586 0.0176779273897409 0.06221903860569 0.0609064362943172 0.0974071696400642 0.033380288630724 0.0114752762019634 0.105433940887451 0.00421807821840048 0.0197901949286461 -0.0479923896491528 0.0127377305179834 0.0623180195689201 0.0616776309907436 0.0942896381020546 0.0912887528538704 0.109235614538193 0.0381682515144348 0.130103752017021 0.0574862435460091 0.165332138538361 0.197781801223755
0.00881212577223778 0.0460899509489536 0.0324844196438789 0.0254681166261435 0.0181031264364719 0.0659428983926773 0.0544266439974308 0.0525493361055851 0.0306818839162588 0.0740534588694572 0.0507166348397732 -0.0229253266006708 0.0135152209550142 0.0857402309775352 0.0480546057224274 0.0641600638628006 0.0865421146154404 0.109930291771889 0.0869600400328636 0.092467337846756 0.0569098964333534 0.0483976528048515 0.0347356870770454 0.0723332390189171 0.0632562339305878 -0.00342024699784815 0.101106204092503 0.0808178037405014 -0.0137753952294588 0.00356013816781342 0.0425794050097466 0.0380864590406418 0.0689604580402374 0.0207903906702995 0.110120415687561 0.121089980006218 0.00303393206559122 0.0340298153460026 0.117971576750278 0.0785649940371513 0.0799480825662613 0.0781830847263336 0.0268184151500463
0.00245227641426027 0.0996718928217888 0.0056857573799789 0.0599252544343472 0.00210941513068974 0.0704462081193924 0.00108264968730509 0.0054383841343224 0.0867469608783722 0.0380165278911591 0.0841777175664902 0.0325548015534878 0.0995223820209503 0.0770728066563606 0.0204186141490936 0.000888190232217312 0.0168466549366713 0.0699059888720512 0.0893857553601265 0.143969222903252 0.0886008739471436 -0.00513741513714194 0.0722394287586212 0.0472469292581081 0.0893674567341805 -0.0648934915661812 0.0646120384335518 0.0973687991499901 0.0251221675425768 -0.0132331540808082 0.0295962076634169 0.0537286810576916 0.0725007504224777 0.0353466905653477 0.127268880605698 0.102837927639484 0.129465401172638 0.2100450694561 0.141906648874283 0.0561365373432636 0.0907870158553123 0.00599873065948486 0.0678631290793419
0.00935620721429586 0.0579646565020084 0.0506782829761505 0.141474694013596 0.051737479865551 0.0543712191283703 0.0369895696640015 0.0315860509872437 0.0850146263837814 0.0114660328254104 0.0497222989797592 0.00685399351641536 0.0650024563074112 0.0715149268507957 0.103623539209366 0.00966588128358126 0.0663442239165306 0.125768691301346 0.0765190646052361 0.0393393598496914 -0.0316817723214626 0.0838375687599182 0.105721861124039 0.0480217635631561 0.0770282074809074 0.11470028012991 0.138123720884323 0.123226806521416 -0.00294449692592025 0.0238109659403563 0.0525937005877495 0.11276201158762 0.124939993023872 0.109509788453579 0.086067222058773 0.0126942312344909 0.0405392795801163 0.0319990068674088 0.0323333330452442 0.0833388939499855 0.127757534384727 0.0203646048903465 0.0609916374087334
0.0641396343708038 0.0207085479050875 0.00280723115429282 0.0497107058763504 0.0706476047635078 0.0456124916672707 0.0218578167259693 0.0630077719688416 0.107675589621067 0.0164345540106297 0.0814879015088081 0.0320592820644379 0.0743993520736694 0.0384466536343098 0.0842134431004524 0.0460056029260159 0.0219471007585526 0.0704958215355873 0.0541859418153763 -0.0266328528523445 0.0643729120492935 0.0709362253546715 0.0165400207042694 0.10264927893877 0.073601521551609 0.0125021934509277 0.115281894803047 0.131337150931358 0.0693108513951302 0.177045524120331 0.0711457654833794 0.0209526084363461 0.0780999660491943 0.123402029275894 0.0683658272027969 0.144504770636559 0.0867826715111732 0.222234308719635 0.155403971672058 0.181976616382599 0.140276938676834 0.0606303885579109 0.0620990209281445
0.00446395576000214 -0.00653815409168601 0.00982921756803989 0.0323460847139359 0.0308193303644657 0.110878989100456 0.0210720635950565 0.0359185673296452 0.0608670227229595 0.0379437431693077 0.0772212445735931 0.117756865918636 0.00573816150426865 0.0913996621966362 -0.00188114622142166 0.0595862939953804 0.00248262193053961 0.0751095414161682 0.129171431064606 0.0975511893630028 0.111336812376976 0.0880044996738434 0.0993917435407639 0.0348342582583427 0.07923923432827 0.134010627865791 0.0608686394989491 0.12504917383194 -0.0839402005076408 0.133163273334503 0.138336524367332 0.106400996446609 0.111546203494072 0.182552501559258 0.125304669141769 0.166176706552505 0.127254456281662 0.0952229201793671 0.231897175312042 0.0254491157829762 0.0706799179315567 0.0467491410672665 0.0573759935796261
0.0505521893501282 0.0792323499917984 0.0507308393716812 -0.00391975417733192 0.0416321121156216 0.0781343877315521 0.0443815067410469 0.109821535646915 0.108801074326038 0.0906162187457085 0.0738591551780701 0.270060777664185 0.105324521660805 0.0543124824762344 0.0774511694908142 0.073929138481617 0.105001151561737 0.026744881644845 0.210307985544205 0.1295515447855 0.194224208593369 0.245224118232727 0.175870731472969 0.12523652613163 -0.00843973737210035 0.130383506417274 0.156526893377304 0.0690568685531616 0.0713277980685234 0.00895013753324747 0.123222939670086 0.0265773627907038 0.069097563624382 0.0904784202575684 -0.0301024317741394 0.108711026608944 0.198059469461441 0.143373653292656 0.117650248110294 0.0327822379767895 0.0273885224014521 0.14245493710041 0.109344430267811
0.102779746055603 0.0685386583209038 -0.013530109077692 -0.0373281612992287 -0.0181114561855793 0.000485193653730676 0.0741719827055931 0.116137191653252 0.000229797762585804 0.0800539553165436 0.11473935097456 0.166107922792435 0.0735426694154739 0.0998465046286583 0.0335373803973198 0.0548324920237064 0.0284326039254665 0.123707041144371 0.132334142923355 0.193584516644478 0.172667354345322 0.197349056601524 0.0715491771697998 0.12310029566288 0.164472118020058 0.0905623883008957 0.0520012751221657 0.0108014736324549 0.097547173500061 0.0360003523528576 0.106231927871704 -0.0158374104648829 0.103008069097996 0.153970345854759 0.196226626634598 0.139284506440163 0.070380225777626 0.086414098739624 0.0643954649567604 0.0568883456289768 0.165595784783363 0.139761492609978 0.110492281615734
0.0436546169221401 0.0438579432666302 0.0514118783175945 0.0315596349537373 0.0616839192807674 0.0361890867352486 0.0933539569377899 0.0929873809218407 -0.00942123960703611 0.101242259144783 0.0935137942433357 0.142723500728607 0.12914103269577 0.11039075255394 0.0656123831868172 0.052539624273777 0.169512882828712 0.0901131853461266 0.098554253578186 0.133412927389145 0.0876362472772598 0.16633865237236 0.0648370683193207 0.0616883039474487 0.0300172585994005 0.182697728276253 0.0254379790276289 0.0608580857515335 0.154233932495117 0.0544932931661606 0.0924684107303619 0.125669240951538 0.0737237110733986 0.0602769516408443 0.0603218823671341 0.112097539007664 0.140817940235138 0.0593222603201866 0.0973933264613152 0.062016986310482 0.0974623039364815 0.0635298639535904 0.138767197728157
0.0618532747030258 -0.0241418145596981 0.0103159518912435 -0.0401978753507137 0.000147406462929212 -0.0295400172472 0.0783328637480736 0.102183178067207 0.0128448307514191 0.114419221878052 0.0598598532378674 0.145684584975243 0.0848395153880119 0.0742333233356476 0.0284500438719988 0.194702610373497 0.0942190885543823 0.0959294065833092 0.0888155177235603 0.125916808843613 0.0428557209670544 0.138812780380249 0.00534689286723733 0.151115119457245 -0.0279161892831326 0.108852215111256 0.0132529865950346 0.0937035977840424 0.171198680996895 0.157160222530365 0.0639166310429573 0.186844676733017 0.100677937269211 0.15004201233387 0.0840909406542778 0.137170672416687 0.0176389180123806 0.125540792942047 0.153679236769676 0.0820328071713448 0.281609088182449 0.0484309792518616 0.0825547575950623
0.0163798220455647 0.0206390228122473 -0.0368582420051098 0.0352309457957745 0.00487206596881151 -0.0133106093853712 0.09490667283535 -0.0710755959153175 0.128192707896233 0.139532670378685 0.194480493664742 0.131198108196259 0.13846880197525 0.0560735389590263 0.10064272582531 0.0484514757990837 0.123985938727856 0.0399029888212681 0.151089131832123 0.101232163608074 0.133043259382248 0.119759887456894 0.207189232110977 0.0753913670778275 0.113777361810207 -0.0145880272611976 0.0812188684940338 0.0839115604758263 0.0812613070011139 0.164268016815186 0.0721312016248703 0.199040934443474 0.134325385093689 0.186885595321655 0.132371827960014 0.132291629910469 0.115824520587921 0.132119134068489 0.156524419784546 0.10948434472084 0.0625250414013863 0.0445277988910675 0.12507438659668
0.0108712716028094 0.0863119140267372 -0.0760406330227852 0.0254588834941387 0.0334047861397266 0.070860892534256 -0.00319412630051374 0.028879726305604 0.0963106006383896 0.0897919163107872 0.0913520827889442 0.124251089990139 0.123968854546547 0.0845421552658081 0.0680799558758736 0.184095770120621 0.138768151402473 0.102174855768681 0.169712737202644 0.130084425210953 0.0725085362792015 0.16648530960083 0.0878973826766014 0.160347416996956 0.131762653589249 0.0700011178851128 0.139775082468987 0.108788728713989 0.0343047790229321 0.222863808274269 0.0559837818145752 0.0845727100968361 0.00836757756769657 0.0651354566216469 0.042395293712616 0.0841935053467751 0.124632433056831 0.0916997194290161 0.0683139860630035 0.163952425122261 0.108185634016991 0.217776939272881 0.11469704657793
-0.0884156450629234 0.0941532924771309 0.140218824148178 0.0565656200051308 0.0469931997358799 0.120774559676647 0.076579213142395 0.0680136382579803 0.0573567934334278 0.211601048707962 0.198174014687538 0.168701946735382 0.148836329579353 0.177151158452034 0.128632754087448 0.118989810347557 0.124450631439686 0.0755355805158615 0.290439307689667 0.23067332804203 0.133560195565224 0.0428657308220863 0.0570398084819317 0.152306973934174 0.114641815423965 0.183555766940117 0.208544611930847 0.123730883002281 0.151665210723877 0.0951618552207947 0.0434878468513489 0.0562970601022243 0.0580741129815578 0.0850832536816597 0.165668681263924 0.0566333569586277 0.14574784040451 0.0919450223445892 0.139986515045166 0.23949770629406 0.140057697892189 0.236063271760941 0.195950031280518
-0.0322597697377205 0.0117217162624002 0.012189052067697 0.0690887793898582 0.052326824516058 0.079037718474865 0.0675674006342888 0.0202331133186817 0.00599950971081853 0.118014514446259 0.0967292115092278 0.176583990454674 0.0992235466837883 0.183193624019623 0.162073954939842 0.0568135567009449 0.25295302271843 0.159039616584778 0.189204499125481 0.257051199674606 0.21424213051796 0.16366046667099 0.236781507730484 -0.137249335646629 0.0923300012946129 0.0864469408988953 0.136972159147263 0.0866919457912445 0.10233747959137 0.107796654105186 0.114427618682384 0.0938986614346504 -0.000557768100406975 0.149031564593315 0.151808097958565 -0.00755707314237952 0.122662909328938 0.0115011595189571 0.16120408475399 0.132412910461426 0.24890199303627 0.17012982070446 0.0403796508908272
-0.0678933337330818 0.078762486577034 -0.0188750829547644 0.0184210855513811 -0.0122200017794967 0.10861324518919 0.0441026836633682 0.113711170852184 0.0715817287564278 0.0875856280326843 0.125644981861115 0.168263524770737 0.163516134023666 0.104766525328159 0.0208539962768555 0.131209939718246 0.157470569014549 0.316190332174301 0.140563800930977 0.171436592936516 0.194438546895981 0.154469192028046 0.206287667155266 0.15658974647522 0.212220564484596 0.0321278534829617 0.10161392390728 0.212093085050583 0.0519393980503082 0.172963351011276 0.178986102342606 0.17124941945076 0.146639049053192 0.077964723110199 0.114888533949852 0.120520852506161 0.209657356142998 0.173735558986664 0.196183353662491 0.129936560988426 0.0511001273989677 0.227597311139107 0.159102991223335
0.056051529943943 0.014174216426909 0.0853443518280983 -0.00378070189617574 0.0379137136042118 0.0928731039166451 0.0721821710467339 0.0476436018943787 0.148320600390434 0.0574334524571896 0.180208280682564 0.122037835419178 0.227193117141724 0.242183491587639 0.144761949777603 0.137576326727867 0.226597234606743 0.407908976078033 0.172026991844177 0.150939464569092 0.237381964921951 0.197757050395012 0.187723532319069 0.0993597805500031 -0.0273586455732584 0.0581523701548576 0.124595291912556 0.107661291956902 0.205191493034363 0.173396617174149 0.13301408290863 0.147608026862144 0.190438896417618 0.211531698703766 0.220359221100807 0.142617866396904 0.166811436414719 0.128188148140907 0.0650032237172127 0.194804206490517 0.17601765692234 0.142713949084282 0.143437221646309
0.0241900254040956 0.121073454618454 0.0126799587160349 0.0142938708886504 -0.0360255427658558 0.0680275484919548 0.00496118515729904 0.189906254410744 0.0574180111289024 0.119669668376446 0.0994398817420006 0.100838460028172 0.180502220988274 0.0950144454836845 0.187968507409096 0.208377301692963 0.181109949946404 0.170643821358681 0.227761715650558 0.186758264899254 0.261591732501984 0.187298372387886 0.262850701808929 0.144580885767937 0.107976078987122 0.140693634748459 0.128464505076408 0.204749017953873 0.190410569310188 0.144013077020645 0.0467284843325615 0.146436765789986 0.177861794829369 0.0959506258368492 0.0415305979549885 0.18402872979641 0.211210519075394 0.134189561009407 0.102573558688164 0.146082535386086 0.132662728428841 0.179978460073471 0.190973371267319
