assets/gome_f/processed/ascii/us/gome_sif_US_20131101.asc
NCOLS 116 
NROWS 53 
XLLCORNER -125 
YLLCORNER 24.5 
CELLSIZE 0.5 
NODATA_value -3.4e+38 
[rows 0 to 18 of 53, columns 43 to 85 of 116]
-0.0894807949662209 -0.0527428388595581 0.0609703995287418 0.0494101829826832 -0.00468703266233206 0.0206094961613417 -0.0395571552217007 0.0283437334001064 0.0442811027169228 -0.00687575340270996 -0.0437494330108166 -0.0296816155314445 -0.0636620819568634 -0.0387743599712849 0.0277763251215219 0.0103178676217794 0.0225735381245613 -0.0177815966308117 0.0608097463846207 0.0415920913219452 0.0510485619306564 -0.00987790804356337 0.00127436523325741 0.0782850682735443 -0.0184500068426132 -0.0351915694773197 0.194315358996391 -0.0602952279150486 -999 -0.101922780275345 0.0484222322702408 -0.0285024829208851 -0.00542237469926476 -0.0221477150917053 0.00267441384494305 -0.0553490817546844 -0.0168075505644083 -0.0154865942895412 -0.215201988816261 0.12666679918766 0.116409800946712 -0.00407606875523925 -0.0666924193501472
0.024917496368289 -0.0360916927456856 0.0289811007678509 0.0547447204589844 0.0147314490750432 -0.0115782059729099 -0.0343738943338394 -0.111835174262524 0.0945998132228851 -0.037659328430891 -0.00750025035813451 0.018657498061657 0.060676995664835 -0.0415604300796986 -0.0252661183476448 -0.0205000024288893 -0.0579439699649811 -0.0397319011390209 0.0995189994573593 -0.0315731056034565 0.0875625312328339 0.119077160954475 -0.0596178434789181 -0.0693951323628426 -0.0274395141750574 0.0145207699388266 -0.0209579262882471 0.0117817036807537 -0.149402976036072 -0.114317238330841 0.0335028357803822 0.150129184126854 -0.0761294215917587 0.0327673330903053 0.0751614719629288 0.0516692288219929 0.0667125731706619 0.0392809212207794 -0.00455720722675323 -0.0739605948328972 0.0754502192139626 0.0180032569915056 0.000105293525848538
-0.000355358555680141 0.0450624749064445 0.0375190116465092 0.0480010807514191 0.0734346136450768 0.0301178731024265 -0.0431287661194801 0.0304452478885651 -0.0437256693840027 0.00306816026568413 -0.00246526603586972 0.0895459055900574 -0.0614880584180355 -0.0266910027712584 0.0106753325089812 0.121018029749393 0.107299901545048 -0.0376223176717758 0.0146304266527295 0.0663118585944176 0.0107583478093147 0.134145632386208 -0.114132307469845 0.0784021019935608 -0.0121175795793533 0.136775270104408 0.138345256447792 0.00935900211334229 0.134286910295486 -0.0211818423122168 0.0801036730408669 0.0341801606118679 0.0634778887033463 -0.0180045664310455 0.0903365388512611 0.159233495593071 -0.0351828336715698 -0.0618028752505779 0.040549136698246 -0.0593852400779724 0.0856368839740753 0.0362651124596596 -0.039322592318058
0.0657463669776917 -0.0474932789802551 0.0508795864880085 0.0227553937584162 0.0195321440696716 0.0980818122625351 0.038620863109827 0.0634293630719185 0.0461059547960758 0.0734488815069199 -0.0405989103019238 0.0674532949924469 -0.0386684648692608 -0.0364562906324863 0.0664278045296669 0.0591783486306667 0.0708726570010185 0.00117412453982979 -0.0281756576150656 -0.0533318258821964 0.0420932732522488 0.0730761289596558 -0.0182217694818974 -0.0212503541260958 0.0806218162178993 -0.0213034134358168 0.0695405080914497 0.150042995810509 0.0126367509365082 0.0216705650091171 -0.0305040664970875 -0.0499742552638054 0.0792625173926353 -0.0547108985483646 0.136002197861671 0.129796147346497 0.0917259007692337 0.0262225419282913 0.00989891123026609 0.0390419512987137 0.10878548771143 0.0497971549630165 0.0484906248748302
0.0358613952994347 -0.0375386737287045 -0.0373799242079258 0.0209856070578098 0.0513340719044209 0.00797069258987904 0.0242248270660639 0.0990618988871574 -0.0934094041585922 0.0200690422207117 0.013358011841774 0.0521881803870201 0.0528743490576744 0.0239483900368214 -0.0719243139028549 0.0543090179562569 0.0190588627010584 0.0197510346770287 -0.148652568459511 0.0703441277146339 -0.000690055370796472 0.0265990979969501 0.0457723811268806 -0.0611039474606514 0.073350116610527 0.0150866471230984 0.0576537847518921 -0.00743250455707312 0.0184464585036039 0.044805645942688 -0.0354116298258305 0.0881611257791519 0.0406107120215893 -0.0100001161918044 -0.0379326492547989 0.0603362731635571 0.0379087701439857 -0.224131569266319 0.139779075980186 0.0413015112280846 0.187969997525215 0.130763202905655 -0.0496326498687267
0.0778609812259674 0.0395071543753147 0.000828036398161203 0.049964964389801 0.0685746818780899 0.0629639476537704 0.0590864792466164 -0.0365253947675228 0.00763608189299703 0.0602372772991657 0.022668132558465 0.00242114183492959 0.111005507409573 -0.0594477169215679 0.0355800315737724 0.0195066016167402 0.0575492978096008 -0.0164398215711117 0.116905637085438 0.0174269713461399 0.0732611864805222 -0.0243263188749552 0.041875347495079 -0.000536365201696754 0.0284270253032446 0.0927588939666748 0.0437366850674152 0.0181346535682678 0.167590394616127 -0.0543860197067261 -0.165845960378647 0.0354683622717857 -0.0691409111022949 -0.0322202034294605 0.0729204565286636 0.0248976647853851 0.0578522905707359 0.0382225997745991 0.0138463107869029 -0.0678136348724365 0.0377802774310112 -0.0866000950336456 0.15240877866745
-0.0196929946541786 0.00544363586232066 -0.00414910679683089 0.0330662839114666 -0.0455498211085796 0.00291648088023067 0.0480111837387085 0.0300574358552694 0.00813979096710682 0.0986772477626801 -0.0033267627004534 -0.0251654591411352 0.103588186204433 -0.0135869514197111 -0.0100359674543142 -0.207774505019188 0.069991409778595 0.00844122935086489 0.0284043997526169 0.123447149991989 0.0173800494521856 0.111592225730419 -0.00338235218077898 -0.0323149114847183 0.00770761305466294 0.00693444022908807 0.0610347129404545 0.0484935194253922 -0.0725798383355141 0.0667876675724983 0.0552605502307415 0.185569927096367 0.0685888007283211 -0.139903485774994 -0.0984310433268547 0.00697061698883772 0.0288551095873117 0.0184577573090792 -0.0312512069940567 -0.163306966423988 0.0588310733437538 0.0491172112524509 -0.0955570936203003
0.0125696798786521 0.0364341475069523 0.0400172211229801 0.105608515441418 -0.0140694109722972 0.0549473278224468 0.0815996304154396 -0.00168241292703897 0.0952963382005692 0.0444435775279999 0.0369941666722298 0.0555000901222229 -0.0104114785790443 0.0316764526069164 0.0515759885311127 0.084628589451313 0.03270598128438 0.0255248211324215 0.0363363437354565 -0.0239021293818951 -0.0790805295109749 0.0284329112619162 0.052695095539093 0.0817751958966255 -0.0433241166174412 -0.0809288397431374 -0.00210097106173635 0.0261479318141937 0.123960174620152 0.202876389026642 0.11464361846447 -0.0283014569431543 -0.0191197264939547 0.00901926681399345 -0.0555394440889359 0.0236548781394958 -0.0599007047712803 0.0952864661812782 0.107498019933701 -0.144074678421021 0.261489421129227 -0.0522230826318264 0.0833625122904778
0.00421852758154273 0.047519501298666 0.0424910932779312 0.0822906792163849 0.0875488892197609 0.106105305254459 0.082551896572113 0.0639886632561684 0.044277373701334 0.0133031327277422 0.0606733299791813 0.0199847221374512 0.103605218231678 0.0333997569978237 0.0660322234034538 0.0157663840800524 0.0597705543041229 0.0735804438591003 -0.0102939298376441 -0.0637377128005028 -0.0314000770449638 0.0601986721158028 0.0410791710019112 0.00722074089571834 0.0663796067237854 -0.01912597194314 -0.0132896630093455 0.0410359837114811 0.130791664123535 0.12484335899353 -0.0262956619262695 0.0631361827254295 -0.126160234212875 -0.0142076127231121 -0.0834044739603996 0.138599559664726 0.0506248399615288 0.0298846513032913 -0.0830064043402672 0.11186845600605 -0.0281460583209991 -0.0330941155552864 0.0552210509777069
0.0847757682204247 0.0355280414223671 -0.00388062628917396 -0.0459532216191292 0.0341740027070045 0.0487136356532574 0.0696476772427559 0.0731541216373444 0.0210872236639261 0.0381276272237301 -0.00750373303890228 0.0521250441670418 0.00283022178336978 0.00391488382592797 -0.04596097022295 0.0356276407837868 -0.0232020821422338 0.0769798010587692 0.0345543026924133 0.0251844823360443 -0.047834862023592 -0.00896179489791393 -0.0345162339508533 -0.036701463162899 0.0171710569411516 -0.0201952364295721 0.0555446743965149 -0.0130550712347031 0.114497348666191 0.0412441045045853 0.0558425523340702 0.152240693569183 -0.0329925045371056 0.012522092089057 0.0649725198745728 -0.000835345592349768 -0.0743134394288063 0.057723730802536 0.0982592180371284 0.0296619720757008 -0.0552598796784878 0.0187218524515629 -0.0499106980860233
0.0251654479652643 0.0614657253026962 0.0158218070864677 0.135745331645012 0.023627420887351 0.0129585964605212 0.0519307814538479 0.00941949989646673 0.030364204198122 0.0873610526323318 0.0320068188011646 0.0705201551318169 0.00538117624819279 0.0428844466805458 0.058412492275238 -0.0298228021711111 0.0763505399227142 0.00327172176912427 0.0320420973002911 0.0203473437577486 0.0949354097247124 0.0602105110883713 -0.0148761617019773 0.058663509786129 0.106315806508064 -0.00828530639410019 0.12877930700779 0.0178214907646179 0.0130184553563595 -0.0565324947237968 0.0130676031112671 -0.0658086612820625 0.0286705140024424 0.0642379000782967 -0.0124717373400927 0.00978847499936819 0.0527198575437069 0.0904972553253174 0.0475619100034237 0.00320447771809995 -0.0169815104454756 -999 0.00696547469124198
0.0331925041973591 0.0550101026892662 0.0358972474932671 0.176629915833473 0.0712537989020348 0.0647051334381104 0.00314664654433727 0.0341214872896671 0.0806019231677055 0.0427057333290577 0.0388591289520264 0.00555409118533134 -0.0221286136657 0.0806745961308479 0.0973322913050652 -0.00202908064238727 0.0721293911337852 -0.0606486201286316 0.0720264315605164 0.0630166530609131 0.0761802643537521 0.010434964671731 0.00760999554768205 0.0466984361410141 0.0454654097557068 -0.0417598113417625 0.199051067233086 0.0362558253109455 0.017721937969327 -0.000712790351826698 -0.0030515727121383 0.155847698450089 -0.00856359675526619 -0.101255938410759 -0.0178472809493542 0.0416560992598534 0.00805525947362185 0.0262674018740654 -0.0190058797597885 -999 -0.00783225893974304 -0.0448820814490318 -0.012612160295248
0.0271851047873497 0.0268205255270004 -0.00546194659546018 -0.00897464714944363 0.0390457175672054 0.0731895416975021 0.056205540895462 -0.00997791346162558 0.00545795541256666 0.0574152991175652 0.0320731401443481 0.0501286685466766 0.0462589524686337 -0.00485166208818555 0.0277507565915585 0.0147203607484698 0.0352269262075424 0.0395027697086334 0.018832616508007 0.0776526853442192 0.000867076974827796 0.059331689029932 0.0834779664874077 0.0331624448299408 0.0549260042607784 0.039989285171032 0.128130108118057 0.161831900477409 0.120254822075367 0.0595210790634155 0.14792001247406 0.0373615436255932 0.00678563071414828 0.0259556509554386 -0.0162068344652653 -0.0377614833414555 0.0721203535795212 0.0988430827856064 -0.0894552692770958 -0.0768963024020195 -0.0862997770309448 0.0530539341270924 -0.0286717154085636
0.0687126442790031 0.0366335920989513 -0.0244226232171059 0.025596983730793 0.0648256614804268 0.0110367983579636 0.0718421265482903 0.0146273942664266 -0.0111338095739484 0.0462598949670792 0.0209774170070887 -0.0531224980950356 -0.0573189184069633 0.0429266393184662 0.0577329806983471 -0.000472951942356303 -0.0445458963513374 0.0102172829210758 0.124668546020985 -0.00434870133176446 0.0627318322658539 0.0210236608982086 0.114489354193211 0.0785193666815758 0.0277490820735693 0.0896495282649994 -0.00385888572782278 0.105257198214531 0.0107364887371659 0.0832420289516449 -0.0591125749051571 0.0427128374576569 0.0365094244480133 0.0249727629125118 0.0899830162525177 0.043886125087738 -0.0723714679479599 -0.148604348301888 0.134935483336449 0.129255294799805 -0.0253154989331961 0.0900242626667023 -0.0444993302226067
0.11976084113121 0.116665489971638 0.0645527914166451 0.0131682753562927 0.014999907463789 0.0488575920462608 0.0369258001446724 0.0461801812052727 0.00667079165577888 0.0832913592457771 -0.0107887340709567 0.0659814849495888 0.0557626225054264 0.00658509368076921 0.0159682016819715 0.0199443642050028 0.014981403015554 -0.0149478316307068 0.0131276873871684 -0.00268728914670646 0.0196699723601341 0.0397376045584679 0.0176462363451719 -0.0206196159124374 0.111938558518887 0.112921945750713 0.0350499860942364 0.0200584139674902 0.0962278097867966 0.0367655791342258 0.0874912440776825 0.120474651455879 -0.0232715047895908 -0.0429821126163006 0.0222906861454248 -0.0531080141663551 -0.00295528769493103 0.0843803957104683 -0.0206733476370573 -0.088587798178196 0.0421660356223583 0.202432855963707 0.040493942797184
0.114094272255898 0.00461990106850863 0.0539321266114712 -0.0206422787159681 0.0430001355707645 0.071119599044323 0.0773605704307556 0.0720156356692314 -0.00118481216486543 0.0477503314614296 -0.00960278511047363 0.0576027147471905 0.0901784524321556 0.0515489093959332 -0.0131360916420817 0.00593814300373197 -0.031613789498806 0.0988137573003769 0.0654714405536652 0.0215983428061008 0.0544041618704796 0.0161005277186632 0.00863416958600283 0.0501069538295269 -0.0111047420650721 0.0695080608129501 0.0673911273479462 0.0560504198074341 0.00606035860255361 0.0384765639901161 0.0556981489062309 0.0424565002322197 -0.0527344383299351 -0.110615417361259 0.0273811724036932 0.0673050433397293 0.0597032532095909 -0.0023635495454073 0.0788366049528122 0.0148991299793124 0.0584120377898216 0.160355418920517 0.0610614530742168
0.0243279654532671 0.0487744472920895 0.0721143409609795 0.038943238556385 0.161993578076363 0.0908505022525787 0.0276225376874208 0.0783132836222649 -0.00971289444714785 0.0448634773492813 0.100201152265072 -0.00676514720544219 0.0395343601703644 0.0156474057585001 0.0236682575196028 -0.0294485259801149 0.0362199917435646 -0.027747368440032 0.0311508048325777 -0.0424191206693649 -0.00818891730159521 0.0345880426466465 -0.0135461147874594 0.0831921547651291 0.0237809214740992 0.130575880408287 0.110411398112774 -0.0230481494218111 0.0599035173654556 0.0640273839235306 0.0642136558890343 0.05115981772542 -0.0111885648220778 -0.0990303680300713 -0.089459091424942 0.0839236453175545 0.0503684692084789 -0.0530022792518139 0.0037146657705307 0.111834079027176 0.129461735486984 -0.00772165134549141 -0.010757252573967
0.0785136446356773 0.0473698936402798 -0.0376346260309219 0.0202887076884508 0.0124656362459064 0.0656695887446404 0.0930529087781906 0.0401939228177071 0.0451678112149239 0.0334237404167652 0.0759398713707924 0.1176882609725 0.0422956608235836 0.0287374351173639 0.0532255060970783 0.0577019788324833 0.0304843671619892 0.0160493459552526 -0.00231461832299829 0.0236442070454359 -0.0187852028757334 0.078983373939991 0.0286435279995203 0.0579278469085693 0.0766829922795296 0.061035580933094 0.0875780507922173 0.0447744503617287 0.0201035104691982 0.0342780835926533 0.0668217241764069 0.0758269056677818 0.0933426097035408 -0.0238132905215025 -0.00556529080495238 0.159947276115417 0.0920481085777283 0.071445107460022 0.0557958297431469 0.118709027767181 0.0537011176347733 -0.0216494537889957 -0.0423859506845474
0.0492391064763069 0.0686566308140755 0.0145655572414398 0.0922180637717247 -0.0135620404034853 0.0464059747755527 0.0961131826043129 0.0659598633646965 0.0692955404520035 0.0296563599258661 0.0223866272717714 0.00289695290848613 0.0626142248511314 0.0130708003416657 -0.00054285948863253 0.041139617562294 0.0552540831267834 0.0586894936859608 0.0392243154346943 0.0256691370159388 -0.0372045300900936 -0.00175365654285997 0.0908593684434891 0.0783734247088432 0.0104530705139041 -0.00460471026599407 0.0320906676352024 0.074442632496357 0.00932985544204712 -0.00905502773821354 0.137142419815063 0.109135814011097 -0.056148923933506 0.0819762870669365 0.0340621992945671 0.0393661670386791 0.081477515399456 0.121882744133472 0.0400473102927208 0.148660466074944 0.0697790011763573 -0.0239485464990139 0.0470495447516441
