assets/gome_f/processed/ascii/us/gome_sif_US_20130501.asc
NCOLS 116 
NROWS 53 
XLLCORNER -125 
YLLCORNER 24.5 
CELLSIZE 0.5 
NODATA_value -3.4e+38 
[rows 0 to 18 of 53, columns 44 to 87 of 116]
0.109320752322674 0.137790724635124 0.12785142660141 -0.0159790273755789 0.0629348307847977 0.0386922359466553 0.0774756744503975 0.111094109714031 0.0903088748455048 0.0240759085863829 0.193516075611115 0.192579105496407 0.00141804723534733 0.0671520084142685 0.0837861075997353 0.225217819213867 0.0905290320515633 0.180292025208473 0.232851758599281 0.159175887703896 0.164349615573883 0.121778912842274 0.0506739318370819 0.133072972297668 0.113512575626373 0.088897205889225 0.0450804978609085 0.186474561691284 0.00434337696060538 0.0971487984061241 0.00556002976372838 0.263162970542908 0.0953046903014183 0.0352278426289558 0.0584817491471767 0.137186527252197 0.196067586541176 0.0815391913056374 0.071955569088459 0.223786681890488 0.273770451545715 0.148360162973404 0.0045157722197473 0.199054643511772
0.0961076393723488 0.0295914616435766 -0.00590415298938751 0.00543482275679708 0.0599639862775803 -0.0253054182976484 0.0373465977609158 0.0499042458832264 0.0197785217314959 -0.0994889289140701 0.0189086068421602 -0.02840113081038 -0.00234426301904023 0.0981167107820511 0.0938040092587471 0.176766633987427 0.165346205234528 0.151456505060196 0.183413803577423 0.0498418882489204 0.215028241276741 0.107462644577026 0.139006033539772 0.1250329464674 0.0996659174561501 0.245384275913239 0.137474998831749 0.0791251957416534 0.13583368062973 0.108435720205307 0.411419153213501 0.243093580007553 0.157882675528526 0.204307317733765 0.161429941654205 0.17498379945755 0.0996187105774879 0.0994996130466461 0.112383298575878 0.245080307126045 0.0785546004772186 0.0109182624146342 0.168097376823425 0.0743994042277336
0.0391947403550148 0.113385863602161 0.0108054028823972 0.0721495673060417 0.0419557206332684 0.0861453860998154 -0.0208711624145508 -0.0787115395069122 0.00301560922525823 0.0498343147337437 0.0618812516331673 0.0644744336605072 0.0593037493526936 0.0667643398046494 0.0629243105649948 0.124056041240692 0.0482290387153625 0.147466167807579 0.276194661855698 0.120536334812641 0.0845279097557068 0.179684489965439 0.181978017091751 0.0764569044113159 0.116609461605549 0.130892679095268 0.221339017152786 0.11373432725668 0.0875178799033165 0.124394543468952 0.0950269997119904 0.0962752550840378 0.14574658870697 0.150021284818649 0.1308603733778 0.217805653810501 0.171318277716637 0.137436375021935 0.159172967076302 0.211217403411865 0.3576340675354 0.240410134196281 0.234246924519539 0.155714198946953
-0.032609298825264 0.0620672255754471 0.0264494568109512 0.145419150590897 0.0478227250277996 0.0646227970719337 0.0890971794724464 -0.0433703884482384 0.139870658516884 -0.000543742324225605 -0.114253915846348 0.0362857058644295 -0.0103993900120258 0.136202797293663 0.056682713329792 0.0501564890146255 0.116197735071182 0.186903476715088 0.105141445994377 0.171159014105797 0.201019436120987 0.207687810063362 0.241431340575218 0.186447575688362 0.202518433332443 0.0888629853725433 0.232262790203094 0.0761067122220993 -0.00413805665448308 0.150045663118362 0.0523818768560886 0.145499780774117 0.14998485147953 0.123244799673557 0.125085607171059 0.276010572910309 0.137514889240265 0.216096594929695 0.218699067831039 0.185489475727081 0.0911625921726227 0.120382331311703 0.210770174860954 0.236815646290779
0.116410620510578 0.0503397509455681 0.0518207736313343 0.00859019625931978 0.0421925932168961 0.196988016366959 -0.00897600222378969 0.0651061609387398 0.00504339998587966 0.000751175568439066 -0.00149384140968323 0.104914888739586 0.0641458630561829 0.106379471719265 0.0120340213179588 0.192970618605614 0.0240103807300329 0.184729367494583 0.158829718828201 0.219201162457466 0.173540756106377 0.224934205412865 0.245753526687622 0.225524306297302 0.205542519688606 0.169459283351898 0.0680643394589424 0.132570266723633 0.0839362367987633 -0.0075744241476059 0.0462244488298893 0.122983731329441 0.036023635417223 0.25756111741066 0.1679378002882 0.0571794137358665 0.101487345993519 0.111564658582211 0.138700976967812 0.272860586643219 0.232121229171753 0.199846133589745 0.135735705494881 0.160707071423531
0.105312585830688 0.0878691673278809 -0.0434082299470901 0.0414387732744217 0.0448568761348724 0.152497380971909 -0.0327685065567493 0.0458605326712132 -0.0314587615430355 0.035488199442625 -0.0127870552241802 0.04872065782547 0.0653730630874634 0.108344808220863 0.113180875778198 0.100201323628426 0.153236284852028 0.123042233288288 0.161326393485069 0.19620668888092 0.0867171809077263 0.198825940489769 0.240259826183319 0.128947973251343 0.221667587757111 0.275695949792862 0.188105493783951 0.192197114229202 0.00365892960689962 0.0260821543633938 0.0300864335149527 0.0862807109951973 -0.03461904078722 -0.0455148406326771 0.167534604668617 0.133828416466713 0.096917062997818 0.198948547244072 0.243863075971603 0.217266693711281 0.281524181365967 0.197799235582352 0.191031888127327 0.193821683526039
0.211778581142426 -0.0022534909658134 0.1286451369524 0.040666937828064 -0.021302929148078 0.056286133825779 0.00642432179301977 0.0716124176979065 -0.00439569354057312 -0.0308455191552639 -0.0269346814602613 -0.0314142443239689 -0.0117406388744712 0.139502599835396 0.0455986149609089 0.10520688444376 0.111299708485603 0.165638819336891 0.080672949552536 0.24456362426281 0.13832825422287 0.201274305582047 0.247022286057472 0.138631120324135 0.194027870893478 0.189990937709808 -0.106665678322315 0.106069482862949 0.014198275282979 -0.0835267975926399 0.0597417466342449 -0.0929102003574371 -0.0887435749173164 0.0131385196000338 0.0827183872461319 0.05490617826581 0.055749237537384 -0.0111670391634107 0.104346379637718 0.150854915380478 0.0747316628694534 0.215110629796982 0.228154942393303 0.0909176021814346
0.208207949995995 0.109925203025341 0.323197096586227 0.0698934569954872 0.0734527856111526 0.128812909126282 0.0881101787090302 0.0348802544176579 0.0371554829180241 0.0013593080220744 -0.0916180834174156 0.0450359657406807 -0.103161320090294 0.0648742839694023 -0.0153213832527399 0.18625171482563 0.00582975149154663 0.0831617042422295 0.155075892806053 0.217190623283386 0.102149911224842 0.0999224558472633 -0.00191038707271218 0.10224137455225 0.147668600082397 0.12681357562542 -0.0468005165457726 0.142965018749237 0.0808741003274918 0.058991152793169 -0.0154365347698331 0.0120729953050613 0.0493394397199154 0.0506991669535637 -0.0271938368678093 0.00830969680100679 -0.0596119351685047 0.114408418536186 0.26055720448494 0.337565064430237 0.151378244161606 0.157614663243294 0.171198725700378 0.232475131750107
0.285908252000809 0.157717391848564 0.207887053489685 0.203158348798752 0.194759845733643 0.152211099863052 0.129969790577888 0.02342121116817 0.143489152193069 0.126236274838448 0.0278498772531748 0.0369944982230663 0.0981634557247162 0.0497463904321194 0.199251875281334 0.123936057090759 0.243139654397964 -0.0581215880811214 0.22297278046608 0.145406007766724 0.170870363712311 0.300436437129974 0.278044134378433 0.178277671337128 0.183354035019875 0.113764494657516 0.0847916081547737 0.0895640105009079 0.327875912189484 0.224709138274193 0.22602017223835 0.0914841592311859 0.0694492235779762 0.145184993743896 0.0409349724650383 0.0997436344623566 0.0486390665173531 0.0494371578097343 0.194492295384407 0.130383566021919 0.142015233635902 0.31085342168808 0.23408879339695 0.222454354166985
0.195252373814583 0.121198870241642 0.162988096475601 0.180269911885262 0.21551388502121 0.0981831178069115 0.0342771373689175 0.0407172366976738 0.162557333707809 0.0691064819693565 0.157016783952713 -0.100326828658581 0.25440126657486 0.055572833865881 0.120545633137226 0.116974703967571 0.170621708035469 0.236138641834259 0.431030422449112 0.141467273235321 0.219006955623627 0.0834698900580406 0.235804006457329 0.206554919481277 0.10466742515564 0.0998892188072205 0.266426801681519 0.245966702699661 0.03815907984972 0.305231809616089 0.243574798107147 0.224863484501839 0.315540492534637 0.146651729941368 0.114067643880844 0.187488719820976 0.109473325312138 0.219440668821335 0.178827837109566 0.19856059551239 0.144227042794228 0.234331473708153 0.210856229066849 0.207354947924614
0.0686996728181839 0.184620514512062 0.121260896325111 0.186645016074181 0.0635078847408295 0.127198591828346 0.0371894165873528 0.112562797963619 0.110538765788078 0.192339137196541 0.0385242998600006 0.0539829432964325 0.0489833615720272 -0.0657377764582634 -0.0442657768726349 0.0250801108777523 0.0387555807828903 0.237567812204361 0.316340804100037 0.101688481867313 0.431825697422028 0.0326007157564163 0.359616160392761 0.262483716011047 0.442988306283951 0.19978366792202 0.373659402132034 0.361534148454666 0.168235003948212 0.148576036095619 0.120958305895329 0.165795192122459 0.10541708022356 0.0490355379879475 -0.0768709927797318 0.177727356553078 0.0921563506126404 0.208679601550102 0.135220885276794 0.0656413733959198 0.0072587220929563 -0.114673756062984 0.17890752851963 -0.0281106755137444
0.101191490888596 0.0766550973057747 0.0282927434891462 0.097671203315258 0.1271583288908 0.0443825162947178 0.0910003483295441 0.000621524697635323 0.0415389277040958 0.243461683392525 0.00557781616225839 0.238643690943718 0.271021604537964 0.107370235025883 0.0521375387907028 0.167976975440979 0.0676107481122017 0.113212808966637 0.191116645932198 0.297154188156128 0.37617951631546 0.243317469954491 0.532481968402863 0.0850029289722443 0.253740221261978 0.31873095035553 0.409040838479996 0.126829102635384 0.482723385095596 0.212207168340683 0.289311796426773 0.0919579192996025 0.0165780540555716 0.0857876166701317 0.0917121395468712 0.108663849532604 0.193070217967033 0.364929139614105 0.291683197021484 0.151971980929375 0.0164332818239927 -0.00504373013973236 0.0546358898282051 0.0975903496146202
0.183763712644577 0.140441730618477 0.176695540547371 0.141738593578339 0.160541743040085 0.0589359775185585 0.124583713710308 0.0770957842469215 0.106530673801899 0.112130761146545 0.142322614789009 0.258128374814987 0.212683647871017 0.344130039215088 -0.00383417471311986 -0.040938064455986 0.122819222509861 0.244123727083206 0.0720925256609917 0.360130965709686 0.340260058641434 0.234267696738243 0.361826658248901 0.21674670279026 0.344152122735977 0.317828118801117 0.34773787856102 0.275748789310455 0.493240863084793 0.241151198744774 0.390029728412628 0.26879495382309 0.0535312406718731 0.06061090528965 0.211800113320351 0.208103910088539 0.271044850349426 0.334376603364944 0.299310654401779 0.0425784774124622 -0.0495739132165909 0.115631774067879 0.0206368360668421 0.250398993492126
0.195268511772156 0.207904934883118 0.256108492612839 0.153341546654701 0.149504423141479 -0.00632467027753592 0.150212034583092 0.00249888491816819 0.4349385201931 0.151688158512115 0.311016052961349 0.153854802250862 0.0934046432375908 0.128422453999519 0.227215886116028 0.0753033086657524 0.178647294640541 -0.134792655706406 0.146333381533623 0.216503575444221 0.199429467320442 0.486340135335922 0.231643959879875 0.315956711769104 0.221935331821442 0.320658832788467 0.243151038885117 0.248322576284409 0.322327345609665 0.290361136198044 0.346420526504517 0.124419301748276 0.0828517377376556 0.112503074109554 0.343068689107895 0.265597730875015 0.399950742721558 0.257250100374222 0.271920740604401 0.118306525051594 0.0599701926112175 -0.0180510804057121 0.120514750480652 0.278231292963028
0.29691806435585 0.0762221142649651 0.227690443396568 0.0856484398245811 0.280767470598221 0.138515815138817 0.125681608915329 0.0678988322615623 0.206766828894615 0.240919277071953 0.363575369119644 -0.0058114230632782 0.135333880782127 0.0746078565716743 0.00499813072383404 0.0240701548755169 0.152748361229897 -0.00932186748832464 0.226067960262299 0.130852669477463 0.173615351319313 0.0753217488527298 0.28080552816391 0.322076588869095 0.328117251396179 0.449848055839539 0.279089838266373 0.440793514251709 0.305222660303116 0.314411997795105 0.283054143190384 0.0619913041591644 0.0364692583680153 0.161303460597992 0.243911370635033 0.403385162353516 0.457413911819458 0.355228960514069 0.251029878854752 0.227003127336502 0.303680896759033 0.0276235900819302 0.128002315759659 0.206685796380043
0.144848942756653 0.17375011742115 0.184180647134781 0.101441599428654 0.111007623374462 0.3384730219841 0.205014958977699 0.225911483168602 0.285952299833298 0.273663520812988 0.287592142820358 0.177952796220779 0.063328243792057 0.115727543830872 0.191283419728279 -0.0178223550319672 0.0351356193423271 0.145288705825806 0.0292215179651976 0.129664272069931 0.180680066347122 0.216713398694992 0.367907583713531 0.346316039562225 0.608304262161255 0.51443487405777 0.407122194766998 0.362465381622314 0.308250695466995 0.256710439920425 0.23104527592659 0.0385654047131538 0.0236315336078405 0.149704992771149 0.333394199609756 0.381793737411499 0.385678768157959 0.355665594339371 0.390470385551453 0.287339210510254 0.318392246961594 0.210631296038628 0.148290067911148 0.376076251268387
0.0881164893507957 0.216143995523453 0.165199860930443 0.179519593715668 0.10308264195919 0.171698838472366 0.143628835678101 0.214138954877853 0.0831805244088173 0.410480946302414 0.282872945070267 0.259659111499786 0.128373965620995 0.282793343067169 0.0977032855153084 0.0598835945129395 0.00755459442734718 -0.0281025525182486 0.180001094937325 0.167576059699059 0.00358294695615768 0.293482661247253 0.193961605429649 0.285689622163773 0.479698032140732 0.469815999269485 0.393174678087234 0.586329460144043 0.391584068536758 0.246308952569962 0.0801448449492455 0.094379797577858 0.111039884388447 0.0833871439099312 0.491906344890594 0.465402781963348 0.502124130725861 0.259602874517441 0.464532166719437 0.385104179382324 0.31938436627388 0.277790784835815 0.161459028720856 0.219248428940773
0.114974819123745 0.225622937083244 0.11563391238451 0.136565834283829 0.103942178189754 0.0799052268266678 0.0812625661492348 0.077387772500515 0.101691246032715 0.0346007086336613 0.284279316663742 0.240031599998474 0.165948927402496 0.108244068920612 0.128933668136597 0.14133682847023 0.242735832929611 0.137150093913078 0.136443287134171 0.111701101064682 0.124566771090031 0.280801355838776 0.328082799911499 0.315478175878525 0.451689928770065 0.453819900751114 0.31341964006424 0.345290929079056 0.321125209331512 0.223438367247581 0.132114067673683 0.208162516355515 -0.0974289923906326 0.210100561380386 0.462524205446243 0.38943949341774 0.459166079759598 0.337745785713196 0.293879956007004 0.342137277126312 0.202105104923248 0.14613775908947 0.144902527332306 0.0894717872142792
0.140125647187233 0.186660423874855 0.0729992389678955 -0.0255235824733973 0.147263213992119 0.0408135056495667 0.181094378232956 0.180712550878525 0.418084383010864 0.133625701069832 0.356748342514038 0.215818956494331 0.299320995807648 0.273563116788864 0.159218102693558 0.297776728868484 0.193332940340042 0.231000229716301 0.254268199205399 0.444863259792328 0.230206519365311 0.311805754899979 0.413009881973267 0.352730125188828 0.223728582262993 0.244109898805618 0.0714061558246613 0.101150311529636 0.201366305351257 0.248570159077644 0.161654978990555 0.275236904621124 0.24438039958477 0.365341454744339 0.453833609819412 0.412579894065857 0.454097747802734 0.363446533679962 0.433742761611938 0.286947816610336 0.303374201059341 0.101761355996132 0.113703936338425 0.226291164755821
