assets/gome_f/processed/ascii/us/gome_sif_US_20120901.asc
NCOLS 116 
NROWS 53 
XLLCORNER -125 
YLLCORNER 24.5 
CELLSIZE 0.5 
NODATA_value -3.4e+38 
[rows 0 to 18 of 53, columns 44 to 87 of 116]
0.199888631701469 0.130361914634705 0.156274124979973 0.201517149806023 0.295018285512924 0.240007430315018 0.188934147357941 0.0864534750580788 0.126480862498283 0.0343245603144169 0.0623178333044052 0.160356506705284 0.0623609349131584 0.036591149866581 0.100208021700382 0.175720721483231 0.129053935408592 -0.00791826751083136 0.184529572725296 0.0731798410415649 0.0967113822698593 0.100790150463581 0.046935249119997 0.0920184850692749 0.126741215586662 0.00951829645782709 0.173209711909294 0.0404241569340229 0.127517700195312 0.164930284023285 0.147770762443542 0.139089897274971 0.187146008014679 0.119102336466312 0.0651490464806557 0.244296386837959 0.0387130081653595 0.216686442494392 0.231723546981812 0.184738427400589 0.231504321098328 0.242563083767891 0.0677413642406464 0.180562272667885
0.0633986964821815 0.194989159703255 0.165510475635529 0.145380452275276 0.0659781098365784 0.0434176400303841 0.0907732844352722 0.0623293295502663 0.0735293254256248 0.159398004412651 0.21254375576973 -0.0599850043654442 0.255963772535324 0.163426294922829 0.241535171866417 0.141795471310616 0.145281225442886 0.144747853279114 0.0362684577703476 0.160406231880188 0.157324314117432 0.134260907769203 0.147896498441696 0.15577045083046 0.194750130176544 -0.00145708350464702 0.137035876512527 0.128269091248512 0.209284603595734 0.111262209713459 0.226295575499535 0.197323590517044 0.0949545204639435 0.170730516314507 0.113913029432297 0.103602692484856 0.209728315472603 0.199969828128815 0.127159833908081 0.196971774101257 0.408527016639709 0.177215933799744 0.145496547222137 0.210353910923004
0.234400749206543 0.183524787425995 0.135492727160454 0.1759063154459 0.0937886610627174 0.0964531749486923 0.142809629440308 0.171444624662399 0.149868845939636 0.137658551335335 0.114933326840401 0.0948434323072433 0.171895101666451 0.0401547588407993 0.143266916275024 0.150256723165512 0.176683962345123 0.136864647269249 0.148113816976547 0.135883912444115 0.145229443907738 0.187791973352432 0.221346080303192 0.128400519490242 0.0919949784874916 0.170741602778435 0.19913138449192 0.228779658675194 0.187775447964668 0.15014174580574 0.172864213585854 0.122075788676739 0.0629591345787048 0.200968816876411 0.150969982147217 0.0385341718792915 0.187995254993439 0.194805502891541 0.213976562023163 0.22256825864315 0.141156032681465 0.26203453540802 0.158685684204102 0.221236005425453
0.0971216484904289 0.0692070797085762 0.0876508429646492 0.0661865472793579 0.0899218246340752 0.120997823774815 0.135657235980034 0.0482955314218998 0.142412766814232 0.0621144808828831 0.0451266393065453 0.128416553139687 0.137005284428596 0.134125635027885 0.225049212574959 0.211543872952461 0.140155881643295 0.164403855800629 0.189675465226173 0.0472841672599316 0.126969560980797 0.153682604432106 0.254413634538651 0.228688418865204 0.262222558259964 0.196037948131561 0.292440682649612 0.0965545848011971 0.225824356079102 0.141674414277077 0.166833326220512 0.0403575263917446 0.157989785075188 0.174981832504272 0.161606207489967 0.276702225208282 0.220416069030762 0.192274659872055 0.160090088844299 0.192545339465141 0.49924698472023 0.239351943135262 0.24155730009079 0.216012537479401
0.0690082311630249 0.0985486879944801 -0.0156063288450241 0.0822258219122887 0.188482373952866 0.076508104801178 0.150872617959976 0.0824576839804649 0.0220101475715637 0.089421883225441 0.150879487395287 0.138904348015785 0.0459885932505131 0.191897451877594 0.161872059106827 0.251338869333267 0.177711576223373 0.180204048752785 0.192103520035744 0.227946907281876 0.0409730225801468 0.143649592995644 0.173544526100159 0.153079017996788 0.309026420116425 0.0732349827885628 0.241671845316887 0.164798155426979 0.167320653796196 0.151370033621788 0.149052143096924 0.0694353505969048 0.0139634571969509 0.125746935606003 0.237618163228035 0.102364555001259 0.158832192420959 0.251159220933914 0.194101348519325 0.281997472047806 0.189062923192978 0.298167377710342 0.303903341293335 0.0207955129444599
0.0688102170825005 -0.00481186946853995 0.106597512960434 0.100943543016911 0.0727788880467415 0.0782275944948196 0.123465582728386 0.0884666070342064 0.13240385055542 0.082768939435482 0.094899445772171 0.115890465676785 0.0429042838513851 0.239964067935944 0.118176475167274 0.128613397479057 0.202436804771423 0.198352977633476 0.177194431424141 0.277696460485458 0.131596118211746 0.132857844233513 0.246364697813988 0.222013220191002 0.210679262876511 0.129946634173393 0.164724692702293 0.0728229880332947 0.119499728083611 0.0289629902690649 -0.0525323450565338 0.0726616606116295 -0.0752233117818832 -0.120527356863022 0.148106798529625 0.114407658576965 0.125692620873451 0.139779299497604 0.130383685231209 0.226469993591309 0.286334842443466 0.236140310764313 0.106106162071228 0.173302710056305
0.0588681809604168 0.0423681735992432 0.107522264122963 0.10800064355135 0.089487113058567 0.086414709687233 0.162987411022186 0.0860604643821716 0.240113914012909 0.238867700099945 0.11535906791687 0.128814816474915 0.178847908973694 0.123277597129345 0.120482891798019 0.213923588395119 0.109285183250904 0.225815460085869 0.24133788049221 0.308354377746582 0.211325213313103 0.191069915890694 0.133950814604759 0.173307314515114 0.165674194693565 0.180779829621315 0.144623443484306 -0.0603857524693012 -0.00795611087232828 0.0343573279678822 0.0610769987106323 0.0514426194131374 0.021837692707777 -0.0867899060249329 0.102459870278835 0.046357050538063 0.149912431836128 0.171690464019775 0.237719088792801 0.0724383518099785 0.214368134737015 0.230852916836739 0.35692971944809 0.203311055898666
0.0209149662405252 0.0720445960760117 0.0867487713694572 0.00900040846318007 0.106724798679352 0.0267679877579212 0.166821613907814 0.137163400650024 0.211681813001633 0.16399359703064 0.176625400781631 0.0875474065542221 0.178260922431946 0.169170722365379 0.204146057367325 0.276762664318085 0.290772259235382 0.213402315974236 0.306546032428741 0.331123203039169 0.232203707098961 0.244422882795334 0.225424811244011 0.171802371740341 0.167973861098289 0.0360557921230793 -0.0803438052535057 0.0475388467311859 0.112824119627476 0.0433824695646763 0.163212984800339 -0.00941667705774307 -0.00627405941486359 0.00875520054250956 -0.14874966442585 0.0361601412296295 0.0829018354415894 0.207913711667061 0.238103210926056 0.26731351017952 0.199328258633614 0.188823506236076 0.265504062175751 0.13427110016346
0.0841623991727829 0.0781678706407547 0.0298693273216486 0.0450336001813412 0.152229234576225 0.126666501164436 0.142128378152847 0.0589062944054604 0.250006258487701 0.231676355004311 0.160875841975212 0.107131078839302 0.234019756317139 0.0888864248991013 0.185918927192688 0.245988249778748 0.276667296886444 0.310794562101364 0.175527766346931 0.291263163089752 0.207320138812065 0.230720266699791 0.237612411379814 0.277517735958099 0.197159692645073 0.215224981307983 0.0701620057225227 0.184622287750244 0.213472127914429 0.370989918708801 0.266541421413422 0.29119473695755 -0.042015265673399 0.0821881517767906 0.161550268530846 0.0914700403809547 0.127893209457397 0.236683905124664 0.247631847858429 0.199177324771881 0.155415207147598 0.17061048746109 0.166576042771339 0.261147201061249
0.0846268236637115 0.0667345225811005 -0.00344712845981121 0.0480529889464378 0.00386310834437609 0.157088458538055 0.186223611235619 0.106652684509754 0.212863564491272 0.118279956281185 0.150174885988235 0.289434999227524 0.204398348927498 0.223336040973663 0.26980322599411 0.285072565078735 0.292243719100952 0.327524095773697 0.346537172794342 0.216060072183609 0.236955314874649 0.27414458990097 0.286748707294464 0.288178086280823 0.292458593845367 0.331653833389282 0.324825048446655 0.281658351421356 0.311292767524719 0.384743481874466 0.237722381949425 0.219224721193314 0.276332318782806 0.157897606492043 0.217455014586449 0.3291095495224 0.156089201569557 0.222887456417084 0.296392858028412 0.0690815299749374 0.0961240828037262 0.164344057440758 0.126341611146927 0.146908223628998
0.0664854124188423 0.163088992238045 0.034388080239296 0.00682725012302399 -0.0417311564087868 0.093416690826416 0.107608467340469 0.1451735496521 0.263862073421478 0.436564117670059 0.129928573966026 0.156421661376953 0.160879209637642 0.23734225332737 0.237926006317139 0.324130237102509 0.333853781223297 0.246766656637192 0.402835786342621 0.280294001102448 0.283349245786667 0.292429089546204 0.32745748758316 0.283391714096069 0.292899966239929 0.356194108724594 0.276001930236816 0.226563811302185 0.217939391732216 0.298647999763489 0.182249739766121 0.290304154157639 0.226497426629066 0.0449292846024036 0.107379414141178 0.00844102445989847 0.186583533883095 0.210540369153023 0.0839454755187035 0.0292318109422922 0.0432448647916317 0.160495638847351 0.0966181978583336 0.0461433529853821
0.0716275349259377 0.0436905585229397 -0.0701873600482941 0.0827329084277153 0.101148828864098 0.0602010078728199 0.124024413526058 0.134135469794273 0.162012279033661 0.2473975867033 0.120832793414593 0.0785714536905289 0.0678685531020164 0.251494884490967 0.219728350639343 0.259391695261002 0.269766062498093 0.250199794769287 0.346242427825928 0.34058290719986 0.309416025876999 0.313317269086838 0.27958345413208 0.245765522122383 0.22788143157959 0.378683418035507 0.249631121754646 0.358596473932266 0.325918972492218 0.217467769980431 0.302840352058411 -0.003280786331743 -0.0612397640943527 -0.000686256738845259 -0.0309417583048344 0.143489614129066 0.193236008286476 0.311178803443909 0.267514169216156 0.103471383452415 -0.0093702357262373 0.100218877196312 0.0473099611699581 0.0495218709111214
-0.00654918234795332 0.0771060958504677 -0.0125198699533939 0.0180402994155884 0.0310703702270985 -0.0302053149789572 0.0677888169884682 0.110631100833416 0.164453491568565 0.105047382414341 0.113311477005482 0.288097232580185 0.22061413526535 0.102974437177181 0.0845606774091721 0.289398223161697 0.271453768014908 0.221570283174515 0.323662996292114 0.395232170820236 0.287090927362442 0.388103783130646 0.367975622415543 0.365250587463379 0.333126574754715 0.262844562530518 0.322615534067154 0.363796710968018 0.414219170808792 0.29062432050705 0.338981777429581 0.154328212141991 0.0187672805041075 0.138990610837936 0.242828071117401 0.284626990556717 0.353399962186813 0.292109847068787 0.265914887189865 0.183492049574852 -0.0249056816101074 0.0188962053507566 0.0356308668851852 0.105003982782364
0.118731282651424 0.0178844220936298 0.0818348675966263 0.0591651983559132 0.0738973915576935 -0.0100451717153192 0.02955661714077 0.236198648810387 0.127765074372292 0.0372229143977165 0.133550718426704 0.166829869151115 0.171582654118538 0.215390309691429 0.177088603377342 0.117715664207935 0.256386786699295 0.165029525756836 0.321430325508118 0.350932151079178 0.40791043639183 0.328717708587646 0.44630554318428 0.37495145201683 0.45244100689888 0.336049675941467 0.399475634098053 0.238052114844322 0.379785597324371 0.523546099662781 0.487669080495834 0.143855303525925 0.0296146143227816 0.104992277920246 0.346673190593719 0.39486438035965 0.46347713470459 0.339382916688919 0.350318163633347 0.206214517354965 0.0371666587889194 0.00193800125271082 0.141979247331619 0.222366347908974
0.0103636300191283 0.0998202785849571 0.0735015645623207 0.0886178240180016 0.0172879099845886 0.0837608128786087 0.167129471898079 0.0353339351713657 0.0678335875272751 0.075968399643898 0.218031242489815 0.205344259738922 0.283614873886108 0.137771517038345 0.109721384942532 0.243974059820175 0.241463750600815 0.262929558753967 0.208430901169777 0.174855694174767 0.427017003297806 0.364712595939636 0.544208168983459 0.465648174285889 0.460133731365204 0.352156639099121 0.441535294055939 0.248674422502518 0.403276890516281 0.330500811338425 0.489317834377289 0.0243899896740913 0.0115612857043743 0.214721634984016 0.462670922279358 0.393122434616089 0.447257429361343 0.393015176057816 0.372309565544128 0.206738129258156 0.279574483633041 0.138798847794533 0.0140690067782998 0.185879111289978
0.0429004691541195 0.150591284036636 0.0896929278969765 0.124371722340584 0.047756552696228 0.131095334887505 0.115486778318882 0.0962874591350555 0.126510486006737 0.0738072246313095 0.100642614066601 0.0808105170726776 0.110880084335804 0.24841745197773 0.216910272836685 0.253300756216049 0.182867109775543 0.343792527914047 0.0805302113294601 0.281674355268478 0.276319473981857 0.315698683261871 0.31519603729248 0.411731600761414 0.426561206579208 0.408099412918091 0.306457698345184 0.369110763072968 0.392170995473862 0.416616976261139 0.340740948915482 0.0467591620981693 0.115451112389565 -0.011361931450665 0.252907693386078 0.453291714191437 0.452988773584366 0.331438511610031 0.43528214097023 0.33389613032341 0.288820326328278 0.216768711805344 0.226442918181419 0.364512354135513
0.0676233768463135 0.0877291038632393 0.107533127069473 0.0926602184772491 0.023665415123105 0.0226996652781963 0.220652222633362 0.222111597657204 0.145924597978592 0.151384055614471 0.0827904865145683 0.212178960442543 0.206242859363556 0.158394336700439 0.142033785581589 0.259737253189087 0.133213818073273 0.114199221134186 0.113109238445759 0.263733595609665 0.220930516719818 0.257130324840546 0.259415119886398 0.432224154472351 0.252215027809143 0.35020050406456 0.377708941698074 0.405014485120773 0.348790556192398 0.373077094554901 0.228465139865875 0.0200763791799545 -0.0019097626209259 0.183462053537369 0.30741873383522 0.411182761192322 0.399146139621735 0.356882810592651 0.340573221445084 0.35421359539032 0.478811264038086 0.31009116768837 0.20937767624855 0.183629304170609
0.0804205313324928 -0.013051975518465 0.0625631660223007 0.0893393903970718 0.0860366076231003 0.0814438089728355 0.053157351911068 0.168542638421059 0.0416346676647663 0.202948942780495 0.138720452785492 0.173252046108246 0.172848150134087 0.211652651429176 0.159476295113564 0.124506428837776 0.188031077384949 0.152826175093651 0.285581648349762 0.238231331110001 0.287079036235809 0.308518439531326 0.253997623920441 0.418703496456146 0.424933344125748 0.37580218911171 0.315837830305099 0.283548712730408 0.213259860873222 0.345527231693268 0.252533704042435 0.031431932002306 -0.0408753603696823 0.27115061879158 0.331489771604538 0.416887074708939 0.341893404722214 0.423243969678879 0.301754206418991 0.240811377763748 0.267000555992126 0.104004643857479 0.0816147699952126 0.170572534203529
0.133694514632225 0.0373536087572575 0.0941901579499245 0.0506307668983936 0.059399239718914 0.121283575892448 0.121871471405029 0.0444689691066742 0.119373925030231 0.20218126475811 0.290631234645844 0.175719663500786 0.145937144756317 0.203169673681259 0.266272872686386 0.222245410084724 0.328191250562668 0.229251652956009 0.142035573720932 0.225555613636971 0.356171369552612 0.269670933485031 0.466502696275711 0.321000456809998 0.434261739253998 0.334027141332626 0.285466074943542 0.362882405519485 0.343322068452835 0.436730057001114 0.23586194217205 0.217596262693405 0.210866674780846 0.306297957897186 0.323772430419922 0.341755658388138 0.445643603801727 0.305410295724869 0.248717978596687 0.400542914867401 0.130477890372276 0.0618380419909954 0.078440859913826 0.199144139885902
