assets/gome_f/processed/ascii/us/gome_sif_US_20120201.asc
NCOLS 116 
NROWS 53 
XLLCORNER -125 
YLLCORNER 24.5 
CELLSIZE 0.5 
NODATA_value -3.4e+38 
[rows 19 to 37 of 53, columns 0 to 42 of 116]
-0.0449266247451305 0.123627156019211 0.139642968773842 0.164232954382896 0.0963032692670822 0.10853111743927 0.0251847729086876 0.1552514731884 -0.00676550483331084 -0.0285501033067703 -0.110836066305637 0.0172569118440151 -0.000304527580738068 0.0487911030650139 0.049647331237793 -0.0361012332141399 -0.0330242291092873 -0.0254485215991735 0.0543017908930779 -999 0.0300645139068365 0.017484275624156 0.0734972432255745 0.0349505804479122 0.00664016278460622 -0.107808500528336 -0.13537161052227 -999 -999 -999 -0.248647749423981 -999 -0.20160186290741 0.0746555626392365 -999 -0.392949432134628 -999 0.0510741174221039 0.0823068097233772 0.0419481880962849 -0.0261678248643875 -0.0921166390180588 -0.0655335783958435
-0.0478249415755272 0.00777360145002604 0.0779764503240585 0.039666585624218 0.131796970963478 0.0926086902618408 0.016505079343915 0.0499545745551586 0.0690101906657219 0.045447051525116 0.0319328345358372 0.00325748953036964 -0.0161810610443354 -0.00218589091673493 0.0681633129715919 0.00491539156064391 0.0206179916858673 -0.0849601253867149 -0.0745596513152122 -0.0856758803129196 0.00545237772166729 0.0400836318731308 0.0425195395946503 -0.0429923981428146 0.0194036103785038 -0.0164425019174814 -0.186646804213524 -0.161229759454727 0.174648880958557 -999 -999 0.107077486813068 -0.0414215140044689 0.0559252724051476 -0.103396095335484 -0.35145315527916 -999 -999 0.1180365011096 0.135269567370415 0.0456909388303757 -0.0460286885499954 -0.112526163458824
0.0232552550733089 -0.013348494656384 0.124958768486977 0.124308623373508 0.0804513841867447 0.0986847206950188 0.0969718545675278 0.0266777891665697 0.0612945780158043 0.0700935572385788 -0.0706503614783287 -0.0576465576887131 -0.00249378336593509 -0.0245274156332016 -0.0336277261376381 -0.0547483190894127 -0.0313681587576866 0.00362089974805713 0.0134561164304614 0.0474529452621937 0.0843712538480759 0.0212428420782089 0.033499963581562 -0.00436754059046507 -0.0234196893870831 -0.00210426328703761 -0.0971926897764206 -0.0380185171961784 -0.00417425483465195 -0.0310588832944632 0.0519612543284893 -0.0127310892567039 4.85976524942089e-05 0.00158524885773659 0.00560721009969711 -999 -999 -999 -999 0.22078450024128 0.0291119236499071 -0.0150817036628723 -0.0159275159239769
-0.00512542622163892 0.0714120864868164 0.0877467468380928 0.0432208254933357 0.186721846461296 0.0934400632977486 0.163851052522659 0.0303885228931904 0.123425707221031 0.0820395946502686 0.0104905795305967 0.0359726510941982 -0.00182395079173148 -0.0634310320019722 0.0578750222921371 -0.0664693936705589 0.0386332236230373 -0.092977799475193 0.0102180754765868 -0.0149324731901288 -0.051634393632412 0.196777954697609 0.00712986988946795 -0.070696085691452 0.0296956114470959 0.0284611042588949 0.0149336652830243 -0.036599051207304 0.092860534787178 0.0102029256522655 0.000567129929549992 0.0988680198788643 -0.00689184479415417 -0.0471409186720848 -0.0296680834144354 0.142245903611183 0.476641207933426 -999 0.242254093289375 0.0748800337314606 -0.188495442271233 -0.201914280653 -999
-0.0850454345345497 -0.0505057461559772 0.0679171234369278 0.123255826532841 0.152378469705582 0.0833939835429192 0.107093296945095 0.227467924356461 0.095581628382206 0.155715778470039 0.0761474072933197 0.0434709377586842 -0.0867746248841286 -0.0382673889398575 0.0902081802487373 -0.010817501693964 0.0460428521037102 -0.00943470653146505 -0.0298255104571581 0.00475404039025307 -0.0383270345628262 0.018560666590929 -0.04111298173666 -0.0105700362473726 -0.0303213186562061 -0.0306237302720547 -0.0332882888615131 0.213096529245377 0.0400338061153889 -0.138655617833138 -0.0894538834691048 0.108387984335423 -0.00107720401138067 -0.0571584440767765 -0.131644383072853 0.0427386835217476 0.231370151042938 -999 -0.0944542214274406 -0.103451639413834 -0.105502359569073 -0.126274093985558 0.202275365591049
0.0322471708059311 0.0816502124071121 0.061352800577879 0.0863277390599251 0.0768538936972618 0.121369704604149 0.125499233603477 0.10920025408268 0.0627822428941727 0.0907788351178169 0.0790589228272438 0.0513731725513935 0.0171998161822557 -0.0105398828163743 0.00311656389385462 -0.0436670295894146 0.00332939624786377 0.073679655790329 -0.00985779892653227 0.0441361591219902 -0.0267591364681721 -0.0615150332450867 -0.0284136701375246 -0.0453192889690399 0.0414026491343975 -0.0980196222662926 -0.0839497372508049 -0.03511818125844 0.136195704340935 0.0587641075253487 0.0178980380296707 -0.0142486235126853 0.0448055490851402 0.0574094466865063 -0.0448243282735348 -999 -999 -0.273418039083481 0.0576212666928768 -0.0345455482602119 -0.0172890573740005 0.0460513569414616 -0.0813794806599617
-0.0212490297853947 -0.083987221121788 -0.0542990975081921 0.0478623360395432 0.0759435668587685 0.112185552716255 0.182782009243965 0.162037134170532 0.105918303132057 0.128045260906219 0.00774542987346649 0.0246574878692627 0.0886629819869995 -0.0424228236079216 -0.00262094172649086 -0.0783867090940475 -0.0188494082540274 0.0357460044324398 -0.00558069674298167 -0.127144068479538 -0.05011972412467 0.0385974012315273 -0.0412498898804188 0.0594791173934937 0.0123375430703163 -0.0589686147868633 0.0496926084160805 0.041345801204443 -0.0114319166168571 -0.0536476559937 -0.0973730310797691 -0.0256653297692537 0.0659075379371643 -0.0534362457692623 0.078670434653759 -999 -999 -0.0579817816615105 0.0928449407219887 0.0332678928971291 0.0590132623910904 -0.00885940622538328 0.0458944402635098
0.141481891274452 -0.0364419296383858 0.0383622907102108 -0.00567044783383608 0.0319261997938156 0.0406583808362484 0.0757304355502129 0.101948417723179 0.0874171480536461 0.178844481706619 0.00729618733748794 0.00331642548553646 0.052372645586729 0.0960373654961586 -0.00527225527912378 0.00123130530118942 -0.0742542296648026 0.0140837347134948 0.117015980184078 -0.0338321626186371 -0.0638057291507721 0.0327354222536087 -0.0624172315001488 0.0707280859351158 0.111971810460091 0.0983889922499657 -0.116077326238155 -0.0210263524204493 0.000973734597209841 0.054673969745636 -0.000362428341759369 0.163987070322037 -0.436717987060547 0.584841310977936 -999 -999 -0.0847881808876991 -999 -0.0463083423674107 0.0378000177443027 0.0123797059059143 -0.00608010031282902 0.072450079023838
-0.0140503812581301 -0.0604777000844479 -0.0690556094050407 0.0708763152360916 0.0510409846901894 0.0693538561463356 0.112450733780861 0.161870464682579 0.141457706689835 0.134498924016953 0.151637002825737 0.0342625230550766 -0.0341449491679668 0.267987340688705 0.0605200827121735 -0.0442094206809998 -0.0516515523195267 0.082361526787281 0.0703962668776512 -0.00924454256892204 0.0269209519028664 0.0572423376142979 0.0554378964006901 -0.0932372286915779 0.0394973494112492 -0.0392867811024189 -0.060858603566885 0.0208613406866789 0.00613804161548615 0.0027785412967205 -0.0392612740397453 0.0506867617368698 -0.0430641770362854 0.0136588513851166 -0.140145361423492 0.0507136881351471 -0.0579921491444111 -0.0708156898617744 0.14800538122654 -0.168244689702988 -0.0771106034517288 0.0289916321635246 0.00566323194652796
-0.00341198802925646 0.0230209454894066 -0.0550971180200577 0.124228775501251 -0.0101736346259713 0.0857468396425247 0.0956737250089645 0.00118921068497002 0.0270804557949305 0.113111808896065 0.283001929521561 0.169159755110741 0.0456423684954643 0.0765106827020645 0.00609850976616144 0.0370889119803905 0.0362478382885456 -0.0119312889873981 -0.10810475051403 0.12848174571991 0.109344787895679 0.0484750457108021 0.00862860307097435 -0.0284693110734224 -0.0183122903108597 -0.0508111268281937 0.02580158226192 0.0578667037189007 0.0937420576810837 -0.00646674493327737 -0.00084000825881958 -0.022693132981658 -0.0330050960183144 0.027075594291091 -0.0335480459034443 -0.0721994116902351 -0.0349499508738518 0.0269402824342251 0.0973219573497772 0.0422757640480995 -0.0166868753731251 0.0270702764391899 0.032624889165163
-0.0255483128130436 0.0158055499196053 0.0669132098555565 -0.0693707764148712 0.0431004501879215 0.0513780638575554 0.0407949835062027 0.00479172682389617 0.0959687530994415 0.0613711699843407 0.105325199663639 0.168881669640541 0.117777317762375 0.0134689826518297 -0.0048069329932332 -0.0391088500618935 0.102968357503414 0.051672488451004 -0.0229184292256832 0.0636916309595108 0.0357609167695045 0.0270621422678232 0.0338620990514755 -0.0538557432591915 -0.0559247992932796 -0.0653820335865021 0.0365213602781296 0.081959143280983 0.0146377710625529 -0.0365461707115173 0.00628369860351086 0.0722712352871895 0.0180857796221972 0.00451231980696321 0.0353653654456139 0.100426845252514 -0.0102473199367523 -0.0562906935811043 -0.0472001433372498 -0.147455230355263 -0.0501599162817001 -0.0406884625554085 -0.0684247389435768
0.0133667550981045 -0.0191184394061565 -0.00026238412829116 0.00342234340496361 -0.0424795858561993 -0.0356155410408974 0.0881793648004532 -0.0384235121309757 0.0577328316867352 0.0267648566514254 0.106064938008785 0.181471213698387 0.209720283746719 0.021001448854804 0.0157618448138237 -0.00248990161344409 -0.0527876056730747 0.0933600962162018 0.0271927621215582 -0.0265441928058863 -0.0193463917821646 0.0536490753293037 0.00630481168627739 0.137836083769798 -0.0235594511032104 0.0512010343372822 0.0103013040497899 -0.0153286224231124 0.0567458979785442 0.0566376484930515 -0.0760465487837791 0.0787541121244431 0.00691001070663333 0.0436559915542603 0.027785325422883 0.0644315257668495 0.0276671256870031 -0.0288613010197878 -0.0255594085901976 -0.0283370949327946 0.0228424649685621 0.054004430770874 -0.0189641527831554
0.015028141438961 -0.00443777674809098 0.0270082727074623 0.0825835019350052 -0.00580059271305799 0.0467939935624599 0.0814617276191711 0.094882145524025 0.0269480366259813 0.108784534037113 0.083283893764019 0.00934136472642422 0.141179293394089 0.125168025493622 0.0246473252773285 0.0369844362139702 0.067422591149807 0.186178877949715 0.0915270894765854 0.0170944295823574 0.0806476473808289 -0.0144814634695649 0.0663686916232109 -0.0336082950234413 0.100199677050114 0.0625012889504433 -0.0287906173616648 0.0558692030608654 -0.00229001441039145 0.00231000874191523 -0.110595725476742 -0.0319799482822418 -0.0481610782444477 0.0744995623826981 0.0177980475127697 -0.0397896282374859 -0.000477213761769235 0.0327142886817455 -0.00135362928267568 0.0348862744867802 0.0487416684627533 -0.0196585450321436 -0.0508227534592152
0.042994562536478 -0.123780190944672 0.0294089820235968 -0.067156970500946 -0.0157402120530605 -0.0916849002242088 -0.00435391394421458 -0.0253391154110432 -0.0262517221271992 0.158689871430397 0.0545953251421452 0.0929860100150108 -0.0598074719309807 0.0733808726072311 -0.00442035729065537 -0.0387385301291943 0.101089723408222 0.102049499750137 0.065622515976429 0.135468915104866 0.0425524599850178 0.0260374341160059 0.0646501705050468 0.0758733376860619 0.0656033828854561 -0.000757941859774292 0.0881130546331406 -0.0304916091263294 -0.0207871813327074 0.0212686806917191 -3.19672471960075e-05 -0.0660067647695541 0.0196707136929035 -0.0479609780013561 0.060145054012537 0.0319876149296761 -0.0450131557881832 0.0416484512388706 -0.106427401304245 -0.0248985961079597 0.0684190317988396 0.042127538472414 0.0179353952407837
-0.0531286261975765 0.0281587783247232 -0.00926451105624437 0.0149344727396965 0.069097101688385 -0.0692877024412155 0.0395561009645462 0.0251029841601849 -0.0152368871495128 0.00220873160287738 -0.000597284291870892 0.0150322504341602 0.0919519141316414 0.122499369084835 0.103272914886475 0.128775477409363 0.0350621789693832 -0.0221006367355585 0.0501424819231033 0.120698198676109 0.0352836102247238 0.136397108435631 0.0897231623530388 0.0492828786373138 0.206512540578842 0.0945369452238083 0.118379451334476 0.0971204712986946 0.0382086522877216 0.0487361401319504 0.0787438526749611 -0.0633995980024338 0.022854421287775 0.0165863018482924 0.0180395264178514 0.0450725480914116 -0.104992836713791 0.101177327334881 -0.00631293002516031 -0.0453328974545002 -0.0362311154603958 0.0160482544451952 0.0855614542961121
-0.00151410978287458 0.0761781930923462 -0.0219525378197432 0.118905156850815 -0.0600632913410664 0.00995926279574633 -0.117793411016464 -0.0146391270682216 0.00891276635229588 0.0836770981550217 -0.0686006769537926 0.00435123266652226 -0.0303440932184458 0.0737098902463913 0.0271039456129074 0.308416217565536 0.0625612437725067 -0.018595477566123 -0.00664709182456136 0.0103836515918374 0.161940887570381 0.0548826083540916 0.112593702971935 0.0517494454979897 0.117950744926929 0.135231882333755 0.144150868058205 0.0566762574017048 0.0985697582364082 0.0146387666463852 -0.0105851134285331 0.0206745620816946 -0.015589046292007 0.0817083418369293 0.0190376490354538 0.0127387922257185 0.179065391421318 0.0382201448082924 -0.00667867576703429 0.00563274463638663 0.00858470145612955 -0.126930311322212 0.0140102347359061
0.0214647781103849 0.00865631736814976 -0.000494391715619713 -0.00220108986832201 -0.015926618129015 0.111427403986454 0.144775614142418 -0.043462872505188 -0.00502365874126554 0.0107624158263206 -0.00305815087631345 0.120013855397701 0.00258753937669098 0.00325085013173521 -0.0403759106993675 0.140434011816978 -0.169169887900352 0.0030914640519768 0.0459908209741116 0.0824134945869446 0.0864934101700783 0.0227926876395941 0.0171404648572206 0.0465966910123825 0.046804491430521 0.0862006470561028 0.124584749341011 0.0160452965646982 0.163865849375725 -0.0466490685939789 0.101311936974525 0.0496556349098682 -0.015556737780571 0.0187909658998251 -0.0125836338847876 -0.0153489988297224 0.166181266307831 0.0176845956593752 0.0315857790410519 0.109825149178505 -0.0173941012471914 0.0608098246157169 0.0779492780566216
-0.0479727052152157 -0.0246701408177614 0.142712861299515 0.0194722842425108 0.0488870330154896 -0.0382648855447769 0.0110313817858696 -0.011655074544251 -0.0576312057673931 -0.0782621055841446 -0.0333592966198921 -0.157384186983109 -0.0418201833963394 0.00496441917493939 0.106649748980999 -0.0726554393768311 -0.0176378563046455 0.0426065437495708 0.130609273910522 0.212888672947884 0.113777659833431 0.111013799905777 0.0476892665028572 0.118328087031841 0.0876868143677711 0.151107624173164 0.0539196543395519 0.0885666683316231 0.075858511030674 0.0962896198034286 0.205729365348816 0.0610072575509548 0.0658327341079712 0.0698119178414345 0.0587361939251423 -0.0921894013881683 0.016782945021987 0.00254459562711418 0.00945116765797138 0.0149535918608308 0.0527848079800606 0.0682658404111862 -0.0942941531538963
0.0606234669685364 0.0691360160708427 0.0771654397249222 -0.0209351778030396 -0.0190956369042397 0.0134189100936055 0.0141996908932924 -0.000267727125901729 0.042212650179863 0.130596145987511 -0.0275210458785295 0.0586599037051201 -0.0484513714909554 0.0628198385238647 0.137531071901321 0.0149798151105642 0.0175198763608932 0.0482052825391293 0.0470257885754108 0.0916899144649506 0.10066819190979 0.288728564977646 0.120976708829403 -0.0764024928212166 0.0251126252114773 0.0938804969191551 0.0879272669553757 0.106521390378475 -0.0168208759278059 0.111277684569359 0.0586858056485653 -0.126926258206367 0.0612647533416748 0.0776064768433571 0.0238639134913683 0.088629387319088 0.0135873313993216 0.0119248833507299 0.0128462398424745 0.0614677667617798 0.0788561254739761 0.0591234751045704 -0.0376631692051888
