assets/gome_f/processed/ascii/us/gome_sif_US_20130301.asc
NCOLS 116 
NROWS 53 
XLLCORNER -125 
YLLCORNER 24.5 
CELLSIZE 0.5 
NODATA_value -3.4e+38 
[rows 0 to 18 of 53, columns 43 to 85 of 116]
-999 -999 -999 -999 -999 -999 -999 -999 -999 -999 -999 -999 -999 -999 0.337900131940842 -999 -999 -999 -999 -999 -999 -999 -999 0.0622785128653049 -999 -999 -999 -999 -999 -999 -999 -999 -999 -999 -0.0365200527012348 -0.141256600618362 -999 -999 -999 -999 -999 -999 -999
-999 -999 -999 -999 -999 -999 -999 -999 -999 -999 -999 -999 -999 -999 -999 -999 -999 -999 -999 -999 -999 -999 -999 -999 -999 -999 -999 -999 -999 -999 -999 -999 0.270953118801117 -999 0.0391069464385509 0.184913620352745 0.121378771960735 -999 -0.201505929231644 0.158269926905632 -0.144542932510376 0.1080422103405 0.0691185668110847
-999 -999 -999 -999 -999 -999 -999 -999 -999 -999 -999 -999 -999 -999 -999 -999 -999 -999 -999 -999 -999 -999 -999 -999 -999 -999 -999 -999 -999 -999 -999 -999 0.111850842833519 0.290995061397552 0.0928229913115501 0.0397366061806679 0.164722219109535 0.0583780743181705 0.0889765545725822 0.0424401760101318 0.0820434018969536 0.166853129863739 0.019810825586319
-999 -999 -999 -999 -999 -999 -999 -999 -999 -999 -999 -999 -999 -999 -999 -999 -999 -999 -999 -999 -999 -999 -999 -999 -999 -999 -999 0.33933362364769 -0.146540462970734 0.193548113107681 -999 0.212688833475113 -0.0254398807883263 -0.115190833806992 0.0300005525350571 0.141611471772194 0.0746534317731857 -0.00102557800710201 0.172722294926643 -0.0338024608790874 0.0255442950874567 0.236076667904854 0.122437112033367
-999 -999 -999 -999 -999 -999 -999 -999 -999 -999 -999 -999 -999 -999 -999 -999 -999 -999 -999 -999 -999 -999 -999 -999 -999 -999 -999 -0.279106169939041 0.324303478002548 -0.000817101448774338 -0.0926949754357338 -0.0716433674097061 -0.134413301944733 0.0162575840950012 -0.0214857552200556 0.0426188968122005 0.0169219877570868 0.066989041864872 0.130067721009254 0.0225270986557007 0.0157963074743748 0.0846569687128067 0.114596404135227
-999 -999 -999 -999 -999 -999 -999 -999 -999 -999 -999 -999 -999 -999 -999 -999 -999 -999 -999 -999 -999 -999 -999 -999 -999 0.361822098493576 -0.146994575858116 0.16938328742981 -0.00268452893942595 0.0183519572019577 -0.00239654630422592 -0.0180061236023903 0.0418210625648499 -0.0416438803076744 -0.0548416972160339 -0.0603883638978004 -0.0183363165706396 0.200102955102921 0.0775538012385368 0.0583767555654049 -0.178006365895271 0.0331642813980579 0.0701709762215614
-999 -999 -999 -999 -999 -999 -999 -999 -999 -999 -999 -999 -999 -999 -999 -999 -999 -999 -999 -999 -999 -999 -999 0.234706997871399 0.0892613753676414 0.000957001757342368 0.00148916081525385 -0.0664218738675117 0.0439263097941875 0.00300803035497665 0.00666956696659327 -0.0633445680141449 -0.0899769142270088 -0.0342110581696033 0.0850871279835701 -0.0773795992136002 0.0182945262640715 -0.147375196218491 -0.0583594962954521 0.0634439364075661 -999 -0.0216072928160429 -0.0170655883848667
0.195605203509331 -0.118749924004078 0.0386375598609447 0.00354336947202682 0.0210189204663038 -0.283201813697815 -999 -999 -999 -999 -999 -999 -999 -999 -999 -999 -999 -999 -999 -999 -999 -999 0.198698401451111 0.190795302391052 -0.0339838638901711 0.0319965891540051 -0.0126366503536701 -0.0649937242269516 -0.070946104824543 -0.0893139019608498 0.0147439725697041 0.0195519216358662 0.045600201934576 -0.0625526681542397 -0.0281311422586441 0.0504913851618767 0.0143590960651636 -0.0652060359716415 0.0168874822556973 0.109714344143867 0.0565158613026142 -0.0776123255491257 -0.0831628665328026
0.0765553265810013 0.0946665480732918 0.0180510748177767 -0.152143836021423 -0.0826469883322716 -0.172030076384544 -999 -999 -999 -999 -999 -999 -999 -999 -999 -999 -999 -999 -999 -999 -999 -999 -999 0.00602890783920884 0.152585372328758 -0.00202893000096083 0.0516110695898533 0.0331908315420151 -0.0190111454576254 0.10689664632082 0.0826379656791687 -0.0300062205642462 0.0362608842551708 0.041788637638092 -0.00912302732467651 0.0235736779868603 0.159249112010002 -0.096999779343605 0.149444952607155 0.0313714295625687 0.013768320903182 0.0718500688672066 -0.0165121555328369
-0.0648275837302208 -0.114469952881336 0.0576872564852238 -0.045551136136055 0.0540818907320499 -0.0852838754653931 -0.0999846607446671 -999 -0.0764634236693382 -999 -999 -999 -999 -999 -999 -999 -999 -999 -999 -999 -999 -999 -999 0.0068812295794487 -0.0926597714424133 0.334660887718201 -999 -999 -0.0376080721616745 0.126960694789886 0.22648461163044 0.196450904011726 -999 -0.511139810085297 -0.00713718682527542 -0.141059696674347 -0.124637961387634 -999 -999 -999 -999 -0.189048051834106 0.324253439903259
0.053831584751606 0.0716909766197205 0.00594836985692382 -0.017062108963728 -0.0565866902470589 0.115522183477879 -0.0466056317090988 -0.143077060580254 -999 -999 -999 -999 -999 -999 -999 -999 -999 -999 -999 -999 -999 -999 -999 -999 -999 0.0751019939780235 -999 0.145851612091064 -999 -0.0344309732317924 -0.0632971599698067 0.278862595558167 -999 -0.0980623066425323 -0.0227288939058781 -0.0733855590224266 0.0690924152731895 -999 0.208610936999321 0.0984921455383301 -0.00499283382669091 -0.064193919301033 -0.0747978314757347
0.00593370012938976 -0.0329926572740078 0.0276180040091276 0.032718364149332 -0.0840933844447136 -0.0621833316981792 -0.0749869868159294 -0.167187541723251 -0.336113065481186 -999 -999 -999 -999 -999 -999 -999 0.318078696727753 -999 -999 -999 -999 -999 -999 -999 -999 -999 -999 -999 -999 0.256988167762756 0.0669807940721512 0.1784638017416 -0.208231344819069 0.0862933918833733 -0.0881420224905014 -0.115316331386566 -0.219683051109314 -999 0.0679655149579048 0.0459531620144844 0.189422741532326 0.108049944043159 -0.0449715070426464
0.0819200873374939 0.00359064969234169 0.022967129945755 -0.080511786043644 -0.0177493654191494 -0.0131412511691451 -0.0170382969081402 -0.0460460186004639 -999 0.112362876534462 -999 -0.113227643072605 -0.425139546394348 0.0852473005652428 0.177265524864197 -0.328348159790039 0.0523419603705406 -0.0404079481959343 -999 -999 -999 -999 -999 -999 -999 -999 -999 -999 -999 -999 -999 -999 -0.129863634705544 -0.0895400419831276 0.174632132053375 0.189351201057434 0.0979348868131638 -0.00430660508573055 -0.268234074115753 0.11628545820713 0.134279683232307 -0.07485481351614 -0.0914188027381897
0.00168755103368312 0.0051717977039516 0.0112156216055155 0.0176908615976572 -0.0205326098948717 -0.0789607614278793 -0.0882587656378746 -0.0846731290221214 -0.0772455483675003 -0.0345830246806145 -0.147179320454597 -0.0392335206270218 0.151403233408928 0.000866815447807312 -0.0573548674583435 0.0629006624221802 0.0208616871386766 -0.351676613092422 -0.345280081033707 -999 -999 -999 -999 -999 -999 -999 -999 -999 -999 -999 -999 -0.343353629112244 0.07302126288414 0.0282065402716398 -0.0654963627457619 0.0805683135986328 -999 0.119853056967258 -0.00442560529336333 0.037638895213604 -0.0221698153764009 0.0581435225903988 0.11716415733099
-0.0690719410777092 0.0489486642181873 0.0493254140019417 0.0437198244035244 0.024293290451169 0.015361275523901 0.0107055734843016 -0.052397832274437 -0.0470669269561768 -0.108163915574551 -0.0450802482664585 0.00724249053746462 0.0899141654372215 0.0992332398891449 0.0197645332664251 -0.0463060177862644 0.0983490496873856 -0.0271831396967173 -0.0343985445797443 0.0697845295071602 -0.225584104657173 -999 -999 -999 -999 -999 -999 -999 -999 0.131481260061264 -999 -0.0356142111122608 -0.0472765490412712 -0.126413732767105 -0.0568091124296188 0.0417333357036114 0.111252449452877 0.0674094557762146 -0.0064133764244616 0.0610350370407104 -0.0455165095627308 -0.0420470647513866 -0.0825112909078598
0.0104140993207693 0.0360236018896103 0.119726620614529 -0.0179939419031143 -0.0343599244952202 -0.0260623097419739 0.0100946510210633 -0.0725176930427551 0.121647253632545 0.0330277048051357 0.0109053403139114 0.0369407720863819 0.0279358178377151 -0.0125609459355474 -0.0280230548232794 0.0118771838024259 -0.115078784525394 0.0697898045182228 0.292735487222672 0.00995798408985138 -0.126804947853088 -999 -999 -999 -0.229636341333389 -999 -999 -999 0.0533338896930218 -0.713948428630829 -0.223706245422363 0.0968949198722839 -0.0903375595808029 -0.0438631623983383 -0.0486131049692631 -0.132435247302055 0.0785099789500237 0.0112170008942485 0.0933373272418976 -0.0463608652353287 0.05679627135396 0.141332685947418 0.155424922704697
0.0240459237247705 -0.0455059520900249 -0.057075023651123 0.0575351901352406 0.111382991075516 -0.0838556736707687 0.0056123654358089 0.0380469597876072 -0.0173072572797537 0.00388053059577942 0.0989456549286842 -0.0046038469299674 0.105762206017971 0.0179379638284445 0.0986278727650642 -0.0579348430037498 -0.0670508444309235 -0.247087672352791 -0.0139073133468628 -0.0529136955738068 -0.015132931061089 0.0954215824604034 -0.265369594097137 -0.0294086821377277 0.0814500153064728 -0.0817767083644867 -0.0200374107807875 -0.217645868659019 -0.0909073501825333 0.0256263129413128 0.0653506740927696 0.0485021248459816 -0.129768401384354 -0.118411704897881 -0.0132926693186164 -0.0957770496606827 -0.0305128004401922 -0.0285367053002119 0.105251170694828 0.0759893953800201 0.104649379849434 0.216088593006134 -0.0697685033082962
-0.00800962932407856 0.0906237959861755 0.0508774966001511 -0.00682345777750015 0.0286325942724943 0.0371744856238365 0.0108450008556247 -0.0577402710914612 -0.116847239434719 -0.00743940100073814 0.0210133101791143 -0.00713402638211846 0.0888774544000626 -0.0140046393498778 0.0772052109241486 -0.0724258571863174 0.0297590624541044 -0.043942779302597 -0.047201544046402 -0.153462305665016 -0.128094345331192 -0.111342191696167 -0.0126762939617038 -0.0803215131163597 0.0952639579772949 -0.0216326471418142 0.00184503197669983 -0.0199276767671108 0.0379690155386925 -0.125398337841034 0.0951782763004303 0.0389105007052422 0.0589459724724293 0.014651283621788 -0.0039599253796041 0.00372707354836166 0.106244005262852 -0.0830374285578728 -0.049450870603323 0.0998241752386093 0.208825647830963 -0.0428111478686333 0.0994985178112984
-0.0373481139540672 0.0437557063996792 -0.00598857551813126 0.0718918964266777 -0.00482632126659155 0.0132729429751635 0.0080300709232688 0.0428139641880989 0.0194685161113739 0.1168472468853 0.0924970358610153 -0.0424684770405293 0.0349147096276283 0.0141581017524004 -0.0228386763483286 -0.051154013723135 -0.00726295914500952 0.0240706652402878 0.17922368645668 -0.0103579238057137 0.152941361069679 0.00677132001146674 0.0489110574126244 0.0557524189352989 0.0165490303188562 -0.00557374209165573 -0.0399876944720745 -0.0167519114911556 -0.0537246093153954 0.0726232752203941 0.0219689551740885 0.103937402367592 0.0548840574920177 -0.0849365592002869 -0.0271505601704121 -0.21293318271637 -0.101731114089489 0.0765510499477386 -0.0143443215638399 -0.0432517118752003 0.118645392358303 0.0991958156228065 -0.0865500867366791
