assets/gome_f/processed/ascii/us/gome_sif_US_20130501.asc
NCOLS 116 
NROWS 53 
XLLCORNER -125 
YLLCORNER 24.5 
CELLSIZE 0.5 
NODATA_value -3.4e+38 
[rows 19 to 37 of 53, columns 44 to 87 of 116]
0.202198177576065 0.289347261190414 0.190429538488388 0.107908822596073 0.215584978461266 0.197831183671951 0.131360739469528 0.39582023024559 0.430426210165024 0.281661540269852 0.145933598279953 0.236309632658958 0.222568199038506 0.258363395929337 0.368507504463196 0.354593813419342 0.236638262867928 0.339322000741959 0.595869481563568 0.444753080606461 0.482331871986389 0.508151948451996 0.228256061673164 0.32584872841835 0.259519219398499 0.261659324169159 0.333169937133789 0.156748160719872 0.166219055652618 0.356600999832153 0.249664977192879 0.247304931282997 0.331729531288147 0.343472808599472 0.259466737508774 0.336665958166122 0.360218554735184 0.360508948564529 0.436820566654205 0.149735987186432 0.395626783370972 0.451404750347137 0.685997605323792 0.617904305458069
0.303693115711212 0.130733340978622 0.253252446651459 0.0872815251350403 0.25617852807045 0.214724570512772 0.336700290441513 0.267904728651047 0.288352400064468 0.205217123031616 0.288626164197922 0.112807802855968 0.232718273997307 0.288772493600845 0.129340663552284 0.168418556451797 0.5240797996521 0.485092312097549 0.738516449928284 0.6317258477211 0.545947849750519 0.31013011932373 0.484009593725204 0.369041293859482 0.338601738214493 0.328950822353363 0.288553506135941 0.276566594839096 0.210266619920731 0.126047015190125 0.0267366338521242 0.145574986934662 0.261165231466293 0.165867835283279 0.300701588392258 0.318252891302109 0.317511320114136 0.291607081890106 0.209605902433395 0.361695021390915 0.409243315458298 0.647532880306244 0.528764545917511 0.612246572971344
0.217039868235588 0.232198566198349 0.203190565109253 0.239423200488091 0.304237395524979 0.200418442487717 0.165316969156265 0.320807158946991 0.320112854242325 0.305635184049606 0.330298334360123 0.400338351726532 0.321857422590256 0.301667660474777 0.332848161458969 0.294873893260956 0.517586648464203 0.531366646289825 0.513971984386444 0.682937562465668 0.710212528705597 0.375937104225159 0.594545006752014 0.50114232301712 0.448477506637573 0.466318607330322 0.155714645981789 0.238822460174561 0.312684834003448 0.0928920432925224 0.229596450924873 0.315779119729996 0.354782700538635 0.244650393724442 0.351101905107498 0.424676388502121 0.326243370771408 0.213016375899315 0.293339133262634 0.379920363426208 0.360011875629425 0.582686722278595 0.616553544998169 0.715226173400879
0.289119511842728 0.200511708855629 0.000918838137295097 0.246806040406227 0.181009665131569 0.294298440217972 0.279343873262405 0.386813461780548 0.475448757410049 0.481162458658218 0.471920549869537 0.481656134128571 0.401491731405258 0.337672024965286 0.334276169538498 0.474276274442673 0.633357763290405 0.493628025054932 0.775011658668518 0.567472398281097 0.651901364326477 0.497598469257355 0.644802927970886 0.490354686975479 0.442926287651062 0.393749713897705 0.262838363647461 0.31258687376976 0.139595627784729 0.119347341358662 0.182308629155159 0.540357887744904 0.551111698150635 0.533852696418762 0.284104287624359 0.394068866968155 0.420102089643478 0.505308330059052 0.475166887044907 0.359605729579926 0.437370479106903 0.521766304969788 0.678949356079102 0.784437000751495
0.131169006228447 0.254679262638092 0.113866083323956 0.152424424886703 0.215750262141228 0.211073726415634 0.3432996571064 0.224248558282852 0.377146989107132 0.580914258956909 0.681298196315765 0.565949976444244 0.393020361661911 0.26286917924881 0.458849042654037 0.671689510345459 0.404289990663528 0.552123010158539 0.63487321138382 0.413184821605682 0.661172866821289 0.728562235832214 0.604336082935333 0.683653175830841 0.506262242794037 0.525841414928436 0.342277497053146 0.383592307567596 0.546370804309845 0.488480359315872 0.495573043823242 0.459979563951492 0.650547087192535 0.690281987190247 0.684417307376862 0.436819106340408 0.663661539554596 0.468099236488342 0.593011677265167 0.716650664806366 0.689210474491119 0.630135178565979 0.702332079410553 0.859670281410217
0.106250420212746 -0.000483040581457317 0.0402362048625946 0.2445078343153 0.153241097927094 0.281523317098618 0.270721435546875 0.405315816402435 0.355691462755203 0.509793758392334 0.68302184343338 0.688849806785583 0.55038458108902 0.505973100662231 0.381379097700119 0.5854252576828 0.573766350746155 0.712195694446564 0.791542291641235 0.779616177082062 0.729695379734039 0.857857942581177 0.725489675998688 0.629322171211243 0.760849893093109 0.49082338809967 0.574549853801727 0.44818651676178 0.611745893955231 0.470698475837708 0.493126809597015 0.598725438117981 0.69297456741333 0.860856771469116 0.834604024887085 0.759385406970978 0.777882814407349 0.750172734260559 0.688581943511963 0.842735707759857 0.736795663833618 0.719936668872833 0.77028900384903 0.701476097106934
0.0482099428772926 0.102701403200626 0.106666162610054 0.130239129066467 0.147430747747421 0.196480467915535 0.310111671686172 0.312542170286179 0.372875034809113 0.564561307430267 0.619423449039459 0.55012434720993 0.474113941192627 0.319644838571548 0.574320197105408 0.464269816875458 0.660698175430298 0.560065686702728 0.796984493732452 0.792421400547028 0.772183001041412 0.757286429405212 0.79951399564743 0.685295224189758 0.717231154441833 0.736573815345764 0.33642441034317 0.571937620639801 0.634488046169281 0.531645357608795 0.434695780277252 0.635433852672577 0.709991693496704 0.91423887014389 0.864111185073853 0.805057406425476 0.691817283630371 0.92365550994873 0.943351328372955 0.976072132587433 0.863547325134277 0.820076704025269 0.91100025177002 0.648601889610291
-0.0325585454702377 0.184446811676025 0.107558108866215 0.327629148960114 0.321618020534515 0.237820029258728 0.290241718292236 0.29023802280426 0.541122853755951 0.441491305828094 0.641533017158508 0.427553415298462 0.517082810401917 0.421752125024796 0.423200219869614 0.625857353210449 0.763141393661499 0.83773148059845 0.975635826587677 0.682564795017242 0.799685537815094 0.855933725833893 0.81720906496048 0.73819762468338 0.869260489940643 0.542880475521088 0.734356164932251 0.485578626394272 0.760447919368744 0.745565176010132 0.410098910331726 0.642022728919983 0.652813911437988 0.92472779750824 0.687292039394379 0.848926663398743 0.838367581367493 0.783129274845123 0.901728510856628 0.80994313955307 0.93343061208725 0.849167823791504 0.781127691268921 0.775275051593781
0.0695557072758675 0.0670658871531487 -0.007827403023839 0.205422520637512 0.256328970193863 0.25480705499649 0.20948201417923 0.222755640745163 0.390008449554443 0.555313467979431 0.637686252593994 0.634369790554047 0.67541891336441 0.358138620853424 0.689295053482056 0.620506525039673 0.608926832675934 0.892325937747955 0.791990995407104 0.958163857460022 0.697465360164642 0.743780314922333 0.884808838367462 0.756023824214935 0.65865957736969 0.691402196884155 0.809223771095276 0.70744252204895 0.702288806438446 0.843216478824615 0.663557171821594 0.7942755818367 0.736483514308929 1.02934598922729 0.852399110794067 0.834505379199982 1.01695942878723 0.720511496067047 1.09023427963257 0.758709311485291 0.932887196540833 0.597404599189758 0.806151628494263 0.76193106174469
-0.00258159055374563 0.170994788408279 0.117203518748283 0.223254010081291 0.292525112628937 0.124248132109642 0.219880729913712 0.241269752383232 0.408105283975601 0.433049559593201 0.633511960506439 0.800070762634277 0.509579360485077 0.516033887863159 0.561613857746124 0.618611752986908 0.792328000068665 0.799509048461914 0.836997032165527 0.646106004714966 0.824099123477936 0.745027720928192 0.898526787757874 0.748189330101013 0.788337588310242 0.450404018163681 0.535799205303192 0.725407242774963 0.539289891719818 0.843160569667816 0.605037748813629 0.808708190917969 0.887383162975311 0.926369369029999 1.05654644966125 0.735515534877777 0.878505527973175 0.818396806716919 0.828563034534454 0.787630259990692 0.902914464473724 0.928245306015015 0.861335873603821 0.788986504077911
0.107417896389961 0.0273835081607103 0.180705577135086 0.191377088427544 0.18688477575779 0.0793554931879044 0.228251725435257 0.264568597078323 0.441758334636688 0.446179687976837 0.539099991321564 0.797260761260986 0.564117014408112 0.733577370643616 0.698408365249634 0.872427999973297 0.798445582389832 0.622907817363739 0.798513412475586 0.548077166080475 0.825574338436127 0.50068610906601 0.770099937915802 0.89299064874649 0.518022835254669 0.28521004319191 0.416426807641983 0.557417273521423 0.522519409656525 0.812943637371063 0.735939860343933 0.877424657344818 0.960200548171997 0.77570766210556 1.00089371204376 0.701757788658142 0.770689249038696 0.731544137001038 0.951738238334656 0.726923882961273 0.624750971794128 0.707408249378204 0.755953192710876 0.849790096282959
0.100988104939461 0.102677173912525 0.210917443037033 0.100356221199036 0.159672781825066 0.225431114435196 0.241374909877777 0.300081580877304 0.475134044885635 0.666426420211792 0.549594581127167 0.508034706115723 0.378497183322906 0.599591970443726 0.601073920726776 0.665432155132294 0.776642501354218 0.677229166030884 0.726566076278687 0.685096383094788 0.684061229228973 0.734331488609314 0.687488377094269 0.37129744887352 0.28447225689888 0.403568655252457 0.354368835687637 0.545997560024261 0.730035603046417 0.860792934894562 0.965273678302765 0.840712785720825 0.884823083877563 0.984251916408539 0.92584353685379 0.626251459121704 0.79806524515152 0.874014735221863 0.766052842140198 0.644053637981415 0.585357964038849 0.615411996841431 0.555186927318573 0.735653102397919
0.0312936678528786 0.157783895730972 0.137654334306717 0.134864568710327 0.0265738517045975 0.194710075855255 0.268190622329712 0.4955914914608 0.368416845798492 0.591841578483582 0.558476567268372 0.583182334899902 0.497885525226593 0.587421596050262 0.770230889320374 0.719352900981903 0.864818871021271 0.593582034111023 0.649368584156036 0.460532933473587 0.592987954616547 0.760159373283386 0.650572657585144 0.489658623933792 0.352009177207947 0.448880732059479 0.265339463949203 0.823378801345825 0.932833254337311 0.681858837604523 0.870276987552643 0.776006281375885 0.997352361679077 0.898706674575806 0.81906658411026 0.819632351398468 0.652568936347961 1.03577101230621 0.659172415733337 0.688484072685242 0.752366423606873 0.637166619300842 0.899509847164154 0.58833384513855
0.115373946726322 0.134495913982391 0.124377690255642 0.157614395022392 0.122425757348537 0.226479902863503 0.186412438750267 0.242192208766937 0.325962632894516 0.538169741630554 0.503708600997925 0.575395822525024 0.535067856311798 0.65305882692337 0.646400272846222 0.6368727684021 0.732794344425201 0.515829861164093 0.619328856468201 0.745240688323975 0.561224579811096 0.543362855911255 0.49371400475502 0.495038777589798 0.439740985631943 0.480009406805038 0.730238616466522 0.788745701313019 0.735992610454559 0.584270715713501 0.886260390281677 0.764179110527039 0.956976175308228 0.844651818275452 0.792897939682007 0.887416124343872 0.596506178379059 0.887040674686432 0.785094738006592 0.870636224746704 0.633283913135529 0.515196740627289 0.787007391452789 0.59102874994278
0.162373095750809 0.0670962706208229 0.164170548319817 0.0184894595295191 0.19889709353447 0.17494048178196 0.274690508842468 0.252001047134399 0.121404983103275 0.258335143327713 0.500554144382477 0.515250146389008 0.456797748804092 0.577817261219025 0.503128170967102 0.571497619152069 0.625471770763397 0.676060616970062 0.638574540615082 0.601513624191284 0.492315024137497 0.745616674423218 0.418686836957932 0.502135574817657 0.466959089040756 0.394935011863708 0.613112986087799 0.738714218139648 0.75155770778656 0.577666580677032 0.92539519071579 0.957325041294098 0.860333144664764 0.860248863697052 0.641883850097656 0.647437214851379 0.621091306209564 0.849983632564545 0.73720782995224 0.686508238315582 0.719054937362671 0.67403244972229 0.703688621520996 0.660956203937531
0.0690829381346703 0.154624357819557 0.0221998225897551 0.150523841381073 0.0473207049071789 0.171051561832428 0.00835797749459743 0.173935621976852 0.261246055364609 0.165969923138618 0.439960092306137 0.512197256088257 0.504844307899475 0.428661316633224 0.719280123710632 0.81918066740036 0.637473702430725 0.604529142379761 0.584058046340942 0.601500928401947 0.587226629257202 0.706815421581268 0.567345321178436 0.605474472045898 0.473999977111816 0.51451849937439 0.688981413841248 0.758670747280121 0.703957915306091 0.695330917835236 0.663301110267639 0.778845191001892 0.881440937519073 0.745048701763153 0.496941328048706 0.802917838096619 0.632265627384186 0.771466434001923 0.772708177566528 0.501261115074158 0.631827056407928 0.239950507879257 0.605667054653168 0.663917422294617
-0.0128369042649865 0.150942221283913 -0.0036148380022496 0.0557213313877583 0.0952669829130173 0.0767851918935776 0.183746963739395 0.167144075036049 0.27102056145668 0.373472183942795 0.389578282833099 0.284959197044373 0.638743996620178 0.575351595878601 0.718379497528076 0.727652013301849 0.695943236351013 0.608432769775391 0.838709712028503 0.719679713249207 0.614076018333435 0.578994631767273 0.493577361106873 0.517843723297119 0.489881157875061 0.402245193719864 0.770959496498108 0.824242174625397 0.779729425907135 0.701518654823303 0.653873682022095 0.728493273258209 0.735262930393219 0.78695273399353 0.807317197322845 0.875415682792664 0.701452970504761 0.917901337146759 0.611721813678741 0.570638239383698 0.759640336036682 0.570700764656067 0.651863932609558 0.575447618961334
-0.0646911263465881 0.105837404727936 0.0588736832141876 0.129494354128838 0.106569707393646 0.0609740987420082 0.11098875105381 0.306435108184814 0.329704493284225 0.44273254275322 0.442952215671539 0.57181704044342 0.664154052734375 0.625319421291351 0.595917999744415 0.60082620382309 0.511412024497986 0.657280623912811 0.577337384223938 0.65788608789444 0.649951338768005 0.909354507923126 0.524985015392303 0.556320190429688 0.516135394573212 0.576318621635437 0.825064718723297 0.834875702857971 0.650772631168365 0.747308373451233 0.626910209655762 0.856268644332886 0.657357692718506 0.80794882774353 0.771079897880554 0.733080446720123 0.778116166591644 0.647725403308868 0.785235702991486 0.611138224601746 0.676057159900665 0.558606743812561 0.520937383174896 0.556964874267578
0.211728572845459 0.083819143474102 0.0794872269034386 0.209782645106316 0.138752549886703 0.442863255739212 0.204463213682175 0.128489017486572 0.393671661615372 0.328826576471329 0.534084439277649 0.396674662828445 0.59627902507782 0.561854064464569 0.577272474765778 0.73377001285553 0.607699751853943 0.51349139213562 0.612705588340759 0.745506763458252 0.733420372009277 0.654123902320862 0.448046267032623 0.517792165279388 0.628759264945984 0.675668299198151 1.05594146251678 0.796459555625916 0.628539085388184 0.7454554438591 0.52238541841507 1.04086399078369 0.608281672000885 0.632671415805817 0.813477098941803 0.511259973049164 0.701268792152405 0.513657093048096 0.639591336250305 0.586063086986542 0.728430867195129 0.553849935531616 0.511754631996155 0.534362196922302
