assets/gome_f/processed/ascii/us/gome_sif_US_20130901.asc
NCOLS 116 
NROWS 53 
XLLCORNER -125 
YLLCORNER 24.5 
CELLSIZE 0.5 
NODATA_value -3.4e+38 
[rows 19 to 37 of 53, columns 44 to 87 of 116]
0.135689705610275 0.0785643756389618 0.168842330574989 0.185540348291397 0.187406584620476 0.263475328683853 0.253022164106369 0.303579062223434 0.489046275615692 0.380643486976624 0.437613308429718 0.410371005535126 0.55993527173996 0.416025072336197 0.525331258773804 0.481353878974915 0.535054922103882 0.524096667766571 0.371285706758499 0.387032598257065 0.4126997590065 0.455295234918594 0.339677572250366 0.494628220796585 0.442615240812302 0.549943387508392 0.529418468475342 0.498539358377457 0.293998837471008 0.344668090343475 0.371196925640106 0.254073768854141 0.360154896974564 0.468562871217728 0.5871941447258 0.414460361003876 0.416129559278488 0.469823241233826 0.333404988050461 0.50590854883194 0.512516736984253 0.422845423221588 0.336397141218185 0.457109004259109
0.236551061272621 0.156654432415962 0.135931879281998 0.265093594789505 0.269010365009308 0.342272162437439 0.398610353469849 0.298848390579224 0.489250391721725 0.51488596200943 0.538424968719482 0.416015952825546 0.406448721885681 0.394215404987335 0.493283450603485 0.511282861232758 0.409227937459946 0.338981032371521 0.338850080966949 0.372183293104172 0.381265908479691 0.341305136680603 0.461821645498276 0.600384533405304 0.587210118770599 0.564091444015503 0.598089337348938 0.513753592967987 0.241528555750847 0.349023342132568 0.367936044931412 0.316004306077957 0.227817296981812 0.55632758140564 0.409037798643112 0.392557263374329 0.398850679397583 0.376490652561188 0.364111423492432 0.447960287332535 0.34503236413002 0.429340809583664 0.515191078186035 0.470857471227646
0.114255219697952 0.2299934476614 0.165590584278107 0.189506977796555 0.132708683609962 0.157602906227112 0.285980314016342 0.318352490663528 0.467367917299271 0.412221997976303 0.484466522932053 0.476938098669052 0.476827383041382 0.460190296173096 0.468384444713593 0.629677057266235 0.53644335269928 0.446802943944931 0.394107013940811 0.411367177963257 0.389119237661362 0.454545587301254 0.390281826257706 0.410058826208115 0.48858630657196 0.461701989173889 0.466593444347382 0.421591699123383 0.507916390895844 0.409470289945602 0.257761299610138 0.304513990879059 0.287878841161728 0.292785227298737 0.412281453609467 0.35705029964447 0.345427304506302 0.326701819896698 0.442335158586502 0.315998941659927 0.380874931812286 0.393732190132141 0.423268854618073 0.411998599767685
0.154180303215981 0.166083797812462 0.161053374409676 0.0442896373569965 0.0982608199119568 0.179909408092499 0.071662113070488 0.178068831562996 0.291645348072052 0.302319198846817 0.347586572170258 0.361886918544769 0.408488780260086 0.487301915884018 0.547701060771942 0.553547203540802 0.514147102832794 0.489976018667221 0.454317301511765 0.507169902324677 0.421167522668839 0.427643299102783 0.474512785673141 0.568906426429749 0.486030697822571 0.475647240877151 0.64763343334198 0.385175466537476 0.439147144556046 0.520520031452179 0.351515412330627 0.465851724147797 0.532387852668762 0.46982142329216 0.354525357484818 0.439373731613159 0.382927983999252 0.37263211607933 0.413947075605392 0.425680100917816 0.359322041273117 0.400844007730484 0.360459327697754 0.376281589269638
0.205914482474327 0.159338086843491 0.271010965108871 0.177681252360344 0.220083832740784 0.134389266371727 0.248865187168121 0.226013079285622 0.237704649567604 0.280282437801361 0.271657079458237 0.375188738107681 0.31765803694725 0.413740545511246 0.309783548116684 0.447961717844009 0.584865391254425 0.487825155258179 0.521380305290222 0.49249204993248 0.524125695228577 0.436839520931244 0.65319150686264 0.559732139110565 0.534406900405884 0.552388966083527 0.600959241390228 0.553432464599609 0.45024299621582 0.524377167224884 0.460931330919266 0.377108126878738 0.526065766811371 0.4244304895401 0.453728675842285 0.53693562746048 0.399758547544479 0.491896897554398 0.489832073450089 0.475542008876801 0.517248153686523 0.459789782762527 0.439995318651199 0.413017094135284
0.108441203832626 0.245087623596191 0.231792971491814 0.209134057164192 0.161941334605217 0.187205761671066 0.164787471294403 0.282836198806763 0.294774025678635 0.349394351243973 0.218067809939384 0.312026500701904 0.4093057513237 0.358306109905243 0.372154802083969 0.502316951751709 0.449583441019058 0.463998019695282 0.55596786737442 0.483530610799789 0.577771008014679 0.517229974269867 0.545647382736206 0.45444256067276 0.425090491771698 0.488677650690079 0.481344848871231 0.500701189041138 0.444748520851135 0.422784984111786 0.411611884832382 0.449358880519867 0.524037480354309 0.421696811914444 0.452877193689346 0.553138434886932 0.434812963008881 0.320275574922562 0.543811202049255 0.542917966842651 0.348730623722076 0.373598694801331 0.373607099056244 0.403260439634323
0.159870192408562 0.146304652094841 0.26228192448616 0.234677091240883 0.279142439365387 0.170297145843506 0.26541006565094 0.230672135949135 0.339408785104752 0.260756492614746 0.236748024821281 0.236308142542839 0.352169513702393 0.406099408864975 0.302622586488724 0.393814653158188 0.409272909164429 0.526291251182556 0.522685647010803 0.573997139930725 0.368982136249542 0.571554064750671 0.498254179954529 0.462672710418701 0.523670554161072 0.416976004838943 0.396495014429092 0.502602815628052 0.430303901433945 0.413799285888672 0.41992250084877 0.464287728071213 0.498667478561401 0.519282519817352 0.423746645450592 0.42638623714447 0.518299102783203 0.535241842269897 0.47227817773819 0.469011783599854 0.508271932601929 0.422824054956436 0.455368846654892 0.497502774000168
0.221963942050934 0.156906306743622 0.245210602879524 0.219978258013725 0.258202761411667 0.235729873180389 0.23906435072422 0.280814528465271 0.231745317578316 0.247352764010429 0.274996876716614 0.26882615685463 0.368913531303406 0.330309510231018 0.396423399448395 0.457893252372742 0.3211909532547 0.58612197637558 0.59460461139679 0.450606346130371 0.489583432674408 0.395930111408234 0.486840903759003 0.471302658319473 0.348560631275177 0.450980067253113 0.553281426429749 0.476535439491272 0.442856281995773 0.430152982473373 0.444640219211578 0.526590943336487 0.576587021350861 0.508829236030579 0.575524628162384 0.576921224594116 0.589435517787933 0.461799412965775 0.510227739810944 0.485181450843811 0.369247585535049 0.448066025972366 0.587558269500732 0.365323573350906
0.209266275167465 0.248481929302216 0.248594596982002 0.206287235021591 0.227319166064262 0.112097807228565 0.205523073673248 0.296999782323837 0.206505298614502 0.293422162532806 0.170008152723312 0.331344962120056 0.323471575975418 0.427057594060898 0.386571675539017 0.441944301128387 0.468118488788605 0.344355046749115 0.470646649599075 0.53686785697937 0.374521821737289 0.594830453395844 0.397109031677246 0.458598762750626 0.432305067777634 0.304093360900879 0.246941119432449 0.528498232364655 0.704483270645142 0.542939424514771 0.503466963768005 0.594126582145691 0.530032336711884 0.446165084838867 0.527272880077362 0.604392051696777 0.491273611783981 0.467184543609619 0.564814746379852 0.40802326798439 0.485302835702896 0.558199822902679 0.51434862613678 0.626570761203766
0.181223899126053 0.129393070936203 0.0920023322105408 0.300188332796097 0.27519565820694 0.264642000198364 0.140399992465973 0.144131824374199 0.334412783384323 0.189903035759926 0.245708838105202 0.296442359685898 0.367588877677917 0.468403071165085 0.352765560150146 0.482302486896515 0.380434811115265 0.488761991262436 0.485802799463272 0.509019613265991 0.357657432556152 0.484785407781601 0.386914014816284 0.4652239382267 0.429743945598602 0.440012007951736 0.414897412061691 0.496511816978455 0.550476372241974 0.579506933689117 0.475181579589844 0.596108078956604 0.6566202044487 0.555386662483215 0.46222111582756 0.440143316984177 0.5192990899086 0.469805359840393 0.575852692127228 0.512124300003052 0.426150441169739 0.475628107786179 0.620671629905701 0.569100737571716
0.215417131781578 0.257127583026886 0.277161151170731 0.246415868401527 0.147866666316986 0.188391417264938 0.154044762253761 0.273679047822952 0.296118408441544 0.202043578028679 0.19529028236866 0.288911163806915 0.413077116012573 0.351460248231888 0.514879941940308 0.469703197479248 0.494619905948639 0.44032496213913 0.500978589057922 0.393946260213852 0.428998023271561 0.482251644134521 0.473741859197617 0.409350454807281 0.517876327037811 0.379849791526794 0.635866343975067 0.613434612751007 0.558445990085602 0.433301389217377 0.545403301715851 0.493892788887024 0.36720085144043 0.351317942142487 0.495310485363007 0.57746034860611 0.57098376750946 0.526386320590973 0.4776950776577 0.418134748935699 0.507333815097809 0.563140153884888 0.49709415435791 0.553052127361298
0.212674468755722 0.146489650011063 0.24694250524044 0.0766788795590401 0.146464690566063 0.163827627897263 0.207492768764496 0.225883826613426 0.150055170059204 0.289101988077164 0.217461511492729 0.313302516937256 0.276721090078354 0.348954856395721 0.347462236881256 0.349874913692474 0.357776254415512 0.386220484972 0.425593078136444 0.491854220628738 0.480404853820801 0.396459072828293 0.366428673267365 0.368584662675858 0.38646537065506 0.42566192150116 0.501747310161591 0.57858008146286 0.409959584474564 0.405473530292511 0.578767538070679 0.492281436920166 0.431844502687454 0.427766412496567 0.455705106258392 0.445482850074768 0.46571347117424 0.465461850166321 0.371236056089401 0.429778635501862 0.473802328109741 0.583503603935242 0.458638191223145 0.407704889774323
0.120697773993015 0.107875920832157 0.0509565211832523 0.198486343026161 0.145194306969643 0.252905398607254 0.12187647074461 0.071117490530014 0.135317787528038 0.290201038122177 0.277934432029724 0.329008370637894 0.356826961040497 0.368052691221237 0.231877580285072 0.301985621452332 0.300190985202789 0.46969148516655 0.467831820249557 0.356404036283493 0.395218074321747 0.264808416366577 0.3995720744133 0.475232809782028 0.456191152334213 0.5711510181427 0.526004314422607 0.464793741703033 0.572578907012939 0.413638472557068 0.604479491710663 0.543369114398956 0.474315106868744 0.451636642217636 0.623595476150513 0.433635324239731 0.402956783771515 0.462758302688599 0.617917656898499 0.515200972557068 0.461404651403427 0.415296226739883 0.364297300577164 0.398575454950333
0.177155300974846 0.106510393321514 0.0654488429427147 0.163785129785538 0.141811519861221 0.169149920344353 0.0904547199606895 0.118147224187851 0.201468333601952 0.178137391805649 0.244738265872002 0.320391118526459 0.259030520915985 0.248279005289078 0.365798711776733 0.291082739830017 0.416058152914047 0.344161182641983 0.420344859361649 0.378991663455963 0.497197449207306 0.264897078275681 0.550811409950256 0.596538126468658 0.407267302274704 0.449879586696625 0.372039526700974 0.450551331043243 0.598626732826233 0.426867783069611 0.507273197174072 0.428514689207077 0.398498982191086 0.423841595649719 0.426912218332291 0.50315934419632 0.36721283197403 0.47291511297226 0.445308208465576 0.40066534280777 0.337138742208481 0.325740337371826 0.382694780826569 0.3096684217453
0.252401679754257 0.211335837841034 0.337404668331146 0.12448363751173 0.243191108107567 0.09853246062994 0.167210325598717 0.0999881997704506 0.104645274579525 0.211448550224304 0.188433900475502 0.237307265400887 0.164838716387749 0.29570010304451 0.278269320726395 0.319803416728973 0.378671705722809 0.359940141439438 0.430112063884735 0.389500290155411 0.381379783153534 0.388046324253082 0.30410760641098 0.345817983150482 0.216442465782166 0.427443653345108 0.461733937263489 0.420571178197861 0.452329218387604 0.467393070459366 0.412425130605698 0.507248342037201 0.426619410514832 0.471025943756104 0.541564762592316 0.43438047170639 0.401398062705994 0.422194987535477 0.391656696796417 0.366798877716064 0.310460805892944 0.290736675262451 0.40531200170517 0.38354766368866
0.213103070855141 0.383121937513351 0.234224259853363 0.179790452122688 0.14476403594017 0.118594869971275 0.151380524039268 0.107178442180157 0.131644517183304 0.201249942183495 0.142013624310493 0.143058657646179 0.294973403215408 0.169958978891373 0.31501504778862 0.196787312626839 0.319329112768173 0.46268031001091 0.242602407932281 0.419040381908417 0.388810247182846 0.489460825920105 0.330377399921417 0.25633779168129 0.198667168617249 0.385286450386047 0.338666498661041 0.335793852806091 0.442781656980515 0.363783240318298 0.323361307382584 0.3634113073349 0.394051730632782 0.4907486140728 0.492181539535522 0.388016670942307 0.396919190883636 0.260527938604355 0.359571814537048 0.414117455482483 0.296007037162781 0.314753800630569 0.233068585395813 0.25229549407959
0.157797306776047 0.205393984913826 0.318034201860428 0.219951376318932 0.167081654071808 0.119556725025177 0.141423523426056 0.140185534954071 0.0680313780903816 0.187834113836288 0.238175556063652 0.191461995244026 0.13338902592659 0.311583787202835 0.179369255900383 0.271144986152649 0.345609277486801 0.454379975795746 0.261722415685654 0.415561705827713 0.372082412242889 0.504320621490479 0.50654262304306 0.211644634604454 0.203093647956848 0.309575706720352 0.429569751024246 0.497771829366684 0.369805604219437 0.497317463159561 0.503334939479828 0.45385679602623 0.37799459695816 0.422187238931656 0.40108060836792 0.338550716638565 0.384383529424667 0.356896370649338 0.298765271902084 0.353240668773651 0.33158928155899 0.318843334913254 0.343095451593399 0.391330897808075
0.216565206646919 0.181417167186737 0.153333812952042 0.149619117379189 0.203537151217461 0.115820452570915 0.192606195807457 0.131599768996239 0.224540293216705 0.185551300644875 0.163937330245972 0.25718754529953 0.187203913927078 0.212200582027435 0.257448017597198 0.349921524524689 0.363882184028625 0.30864742398262 0.386309534311295 0.421821683645248 0.390622109174728 0.223501831293106 0.352546542882919 0.095726877450943 0.264657765626907 0.253267884254456 0.386670887470245 0.422147303819656 0.499017685651779 0.316732436418533 0.476093739271164 0.409787088632584 0.408737480640411 0.368104457855225 0.393444359302521 0.380669742822647 0.375704169273376 0.243955671787262 0.343545436859131 0.355741769075394 0.355657011270523 0.338179856538773 0.349109023809433 0.332835078239441
0.121807388961315 0.154309406876564 0.134855896234512 0.158788427710533 0.107705123722553 0.210378021001816 0.212710231542587 0.251260161399841 0.229500293731689 0.242697194218636 0.16167426109314 0.134847402572632 0.196340754628181 0.224366530776024 0.268271327018738 0.318783134222031 0.397910982370377 0.392894774675369 0.340583473443985 0.409695208072662 0.388889342546463 0.313779801130295 0.244847744703293 0.225495994091034 0.412774324417114 0.311285972595215 0.378357350826263 0.462045043706894 0.451385408639908 0.314787894487381 0.368589550256729 0.357123702764511 0.371925443410873 0.357079088687897 0.421617954969406 0.421159744262695 0.315798193216324 0.41968759894371 0.37964391708374 0.357509285211563 0.44072088599205 0.410656571388245 0.38912558555603 0.335945218801498
