assets/gome_f/processed/ascii/us/gome_sif_US_20111201.asc
NCOLS 116 
NROWS 53 
XLLCORNER -125 
YLLCORNER 24.5 
CELLSIZE 0.5 
NODATA_value -3.4e+38 
[rows 19 to 37 of 53, columns 43 to 85 of 116]
-0.0308390557765961 0.0291709210723639 -0.0268377531319857 0.0426990836858749 0.000648576475214213 -0.0841063559055328 0.0207406710833311 -0.0220527686178684 -0.053263358771801 0.0201645884662867 0.023955637589097 0.0471360459923744 0.0603297799825668 0.0253272224217653 -0.0288396757096052 0.0427384972572327 0.0368408933281898 -0.0158014353364706 0.0557200871407986 0.0121333105489612 0.0357898622751236 0.0688917711377144 0.0243710055947304 0.00252076238393784 -0.00417978875339031 0.00372309982776642 0.0427347384393215 0.0515561811625957 -0.0116800405085087 0.0258806403726339 0.0346146486699581 0.0989585146307945 0.11764033138752 0.0659639984369278 0.0296245682984591 0.0452576093375683 0.180871680378914 0.143243014812469 -0.0950939804315567 0.0461148992180824 0.0561522580683231 0.0798613280057907 -0.0319192707538605
-0.0585418529808521 -0.00775554543361068 -0.0543664023280144 0.0591367296874523 -0.0145032703876495 -0.0458863116800785 0.0303436387330294 0.0745043307542801 -0.0428779236972332 -0.0165302213281393 -0.0267762374132872 -0.0523938611149788 0.0256634335964918 -0.00944452825933695 0.0302074458450079 -0.0329036302864552 0.00328414281830192 -0.0173100214451551 0.041844941675663 0.00867580808699131 0.0676016584038734 -0.00742335384711623 0.0699932351708412 -0.00077096454333514 0.0127781089395285 0.0657728612422943 0.0522529929876328 0.015745434910059 0.0123307891190052 0.0241241026669741 -0.0477226227521896 0.0655296370387077 0.026630649343133 0.00130062364041805 0.0918882787227631 -0.00674167554825544 0.0752641335129738 -0.0234564207494259 0.0380455069243908 0.036197479814291 0.0320652984082699 0.0376728400588036 0.0652086511254311
0.0321690700948238 0.015296314842999 0.051757700741291 -0.0032733678817749 -0.00618419516831636 -0.116040408611298 0.110803447663784 0.0603854991495609 0.107249140739441 0.102015368640423 -0.0125745888799429 0.00187823176383972 0.0437612161040306 -0.000854705751407892 -0.00669298088178039 0.0954599976539612 -0.0750352963805199 -0.00441238284111023 0.0312720239162445 0.0302503108978271 0.00314918300136924 0.0728673934936523 0.0849849134683609 0.0624374859035015 -0.0136894732713699 0.116196349263191 -0.0083679361268878 -0.00715586869046092 0.0611689835786819 0.0461211316287518 -0.0401266925036907 0.0593432746827602 0.0898429825901985 -0.0624318718910217 0.00503672938793898 -0.0930607914924622 0.0447854325175285 0.11060407012701 0.0773897469043732 0.118593744933605 0.105595983564854 0.10495264083147 -0.012210613116622
0.0431878566741943 -0.0264649130403996 0.0438493825495243 -0.0887593254446983 0.0809429064393044 0.0741656571626663 0.0701612159609795 0.0657920464873314 -0.101813040673733 0.0581520833075047 0.0343979150056839 0.115039557218552 0.11358804255724 -0.046137522906065 0.0368769466876984 0.028995243832469 0.0237708128988743 0.0453754030168056 0.0559182055294514 0.00221581337973475 0.0108119370415807 0.0390358194708824 0.0235641878098249 0.0409102961421013 0.0041035357862711 0.00175283849239349 0.119436524808407 -0.011001480743289 0.0222657211124897 0.0434077568352222 0.00179805979132652 -0.0208599269390106 -0.020882910117507 -0.0364859066903591 0.0426473766565323 0.0310078673064709 -0.0290629919618368 0.170921951532364 0.0849412083625793 0.142163679003716 0.056286197155714 0.0232451222836971 0.0700388252735138
-0.0380334928631783 -0.0590912811458111 -0.039973184466362 0.0796340107917786 0.0677266716957092 -0.00396205484867096 -0.0131667265668511 0.110284887254238 -0.0298087801784277 -0.0248305536806583 0.0269645415246487 0.0680922195315361 0.0616560354828835 -0.0251858830451965 0.127364128828049 0.00379588454961777 0.0469500683248043 0.0644395127892494 0.00165284425020218 0.0534739084541798 0.0242870561778545 0.0253190044313669 0.044844277203083 0.106728985905647 -0.0120435124263167 0.0640643313527107 0.0718278959393501 0.0223448276519775 -0.0270817987620831 0.0142048047855496 0.0405245386064053 0.0935348123311996 0.0235702823847532 0.0579381547868252 0.0546365603804588 0.00850288197398186 0.00822833739221096 0.107763864099979 0.0864233300089836 0.0902005732059479 0.145943626761436 0.0729619339108467 0.04923927038908
-0.0323130711913109 0.049446627497673 0.031775888055563 0.113805331289768 0.0523299053311348 0.0535387694835663 0.0908738076686859 -0.0109882913529873 0.15625374019146 -0.103718280792236 0.0659286677837372 0.0893593579530716 0.0671108812093735 0.0418528728187084 0.102654203772545 0.0348645523190498 0.0253253262490034 0.103841491043568 0.0245070047676563 -0.00813635624945164 0.061593946069479 0.0366983413696289 0.0788677558302879 0.0268729086965322 0.175459697842598 0.0225266590714455 0.0978948920965195 0.0468663536012173 0.0291364658623934 0.0937576219439507 0.0567386969923973 0.00980908796191216 0.0293948780745268 0.0177708305418491 -0.0325304493308067 0.049524188041687 0.0961483046412468 0.107569292187691 0.143981844186783 0.0508862622082233 0.067033015191555 0.123202495276928 0.118953615427017
0.0522561930119991 0.0181914214044809 -0.196582078933716 0.064491294324398 0.174785763025284 -0.043897345662117 -0.0121405236423016 0.0821276232600212 0.00308884936384857 0.0111571494489908 0.0209851432591677 0.0660839602351189 0.034713301807642 0.00887560937553644 0.0162780806422234 -0.0422143042087555 -0.0211126543581486 0.0593577288091183 0.0524762496352196 0.00346671231091022 0.127134084701538 -0.00871429499238729 0.0489640757441521 0.0204566568136215 0.0877942219376564 0.124038867652416 0.0307714119553566 0.0997585877776146 0.079783521592617 0.0781415775418282 0.163825049996376 0.0990434065461159 0.0804843083024025 0.0664607137441635 0.0944530740380287 -0.0355931706726551 0.118617929518223 0.00557155907154083 0.0700928494334221 0.177289694547653 0.0662338808178902 -0.000955180265009403 0.11128331720829
0.0757758244872093 -0.00359860947355628 -0.0887621343135834 0.0598930045962334 0.0703606382012367 -0.0433591790497303 0.0788067132234573 0.118494413793087 0.0775739327073097 0.104056060314178 0.0323797799646854 0.0199622269719839 0.053092647343874 0.00416904874145985 0.0833753198385239 0.0661469027400017 0.0466949641704559 0.0862882360816002 0.0801025554537773 0.12779201567173 0.0851836353540421 0.000571064651012421 0.0357101447880268 -0.0132754677906632 0.124758861958981 0.0483972132205963 0.00937956944108009 0.0951715409755707 0.0904969051480293 0.102316848933697 -0.0248367115855217 0.214373424649239 0.0142804551869631 0.0810423716902733 0.0658388584852219 0.0844190344214439 0.160227671265602 0.0749617591500282 0.108377307653427 0.153430715203285 0.0355374664068222 -0.0310485232621431 0.00486362958326936
-0.0721373111009598 0.0168790593743324 0.027657862752676 0.100676663219929 0.0783931538462639 -0.00864683836698532 -0.0560756474733353 -0.0242475345730782 0.00483991205692291 0.059382501989603 0.18310621380806 0.150559931993484 0.153135880827904 -0.00716129643842578 0.0508475638926029 0.0314989797770977 0.113833636045456 0.100401751697063 0.0680655241012573 0.0450752601027489 0.0833631232380867 0.026391701772809 0.0581565834581852 0.158532053232193 0.00879374332726002 0.16430202126503 0.121584616601467 0.0643837600946426 0.0952521935105324 0.0444766692817211 0.13845556974411 0.105327062308788 0.10921286046505 0.057517159730196 0.0758017227053642 -0.0414044745266438 0.081109806895256 -0.00165489909704775 0.115829020738602 -0.00894563645124435 0.00833116937428713 0.0788841992616653 0.0456522181630135
0.120936043560505 -0.0148352170363069 -0.14741562306881 -0.0221705865114927 0.043900515884161 -0.0447225272655487 -0.0442247726023197 -0.0186824314296246 0.016455203294754 0.021736416965723 0.121147729456425 0.113245949149132 0.0410833917558193 0.095069594681263 0.0590734370052814 0.000806904514320195 0.0517652966082096 0.0574032999575138 0.131784215569496 0.0608966462314129 0.136523678898811 0.0841486528515816 0.0545245558023453 0.000900341721717268 0.0364015847444534 0.0185672696679831 0.141879752278328 0.0508616343140602 -0.016778476536274 0.071072556078434 0.100425332784653 0.0306712202727795 0.106892742216587 0.117129556834698 0.0709323957562447 0.174964785575867 -0.070396676659584 0.0530352666974068 0.0845155864953995 0.0863483101129532 0.0069969417527318 0.0274653993546963 0.0698177441954613
-0.134782180190086 0.110896199941635 0.0967684909701347 0.05619977414608 0.0107714692130685 -0.0631950721144676 0.0536936335265636 0.00695267878472805 0.0156120043247938 0.0410993508994579 0.066363699734211 0.160030990839005 0.0880141854286194 0.0816178917884827 0.0619822107255459 0.101866990327835 0.0833125188946724 0.0790275484323502 0.109973482787609 -0.0916579216718674 0.0613649934530258 0.140493214130402 0.0696269497275352 0.088530071079731 0.0151262553408742 0.0473782420158386 0.0230176392942667 0.0292595326900482 0.108011871576309 -0.0616452693939209 0.121378190815449 0.137606903910637 0.134821072220802 0.066135935485363 0.118513569235802 0.0210188813507557 0.0370242670178413 0.0562560483813286 0.0610084235668182 0.0189907066524029 0.0970034897327423 0.0665043815970421 0.124904148280621
-0.0590832121670246 0.0473707504570484 -0.0246655773371458 0.0142179746180773 0.0303959175944328 -0.0702602341771126 -0.0604439042508602 0.0625009089708328 -0.0313390828669071 0.064694456756115 0.112880744040012 0.0963410809636116 0.0763409063220024 0.0593362972140312 0.0249047726392746 0.00948758702725172 0.0498045459389687 0.0361655876040459 -0.0251243524253368 0.0970408171415329 0.00917354598641396 0.0109375398606062 0.052659384906292 0.100122824311256 0.130257844924927 0.101403906941414 0.0457884781062603 0.0582480691373348 0.0288976673036814 -0.0518413186073303 0.136083349585533 0.117046274244785 0.0569828748703003 0.0783350020647049 0.124243557453156 0.135745599865913 0.10239215940237 0.115331590175629 0.103039860725403 0.0942143797874451 0.044494166970253 0.0782005712389946 0.0730156674981117
-0.00272753462195396 0.0506966896355152 -0.0356707274913788 0.0409484915435314 -0.0668627917766571 -0.0149490274488926 0.050988495349884 0.107950374484062 0.0706381052732468 0.0986185446381569 0.100028276443481 0.0533973202109337 0.10610606521368 -0.00654203677549958 0.0249633025377989 0.0691565647721291 0.0637350305914879 0.091540053486824 0.0959200412034988 0.173456370830536 0.0483229532837868 0.0894731730222702 0.0832536369562149 0.00435975985601544 0.0920889675617218 0.0562193803489208 0.0819086581468582 0.0105435783043504 0.189301267266273 0.0270163156092167 -0.00433857925236225 0.0502648614346981 0.0544128753244877 0.0942576974630356 0.121536158025265 0.185496136546135 0.168400496244431 0.149739116430283 0.127340510487556 0.0415937714278698 0.110738381743431 0.107529290020466 0.108113214373589
0.0950728505849838 -0.0314263552427292 0.0210195109248161 0.0128317261114717 0.0567381829023361 0.0318284966051579 0.161195799708366 0.0907504484057426 0.198025286197662 0.0382249169051647 0.101259335875511 -0.000389382243156433 0.115866519510746 -0.0178175754845142 0.00258563132956624 0.105931088328362 0.0302607286721468 0.0635234415531158 0.143444061279297 0.0473227575421333 0.0598047338426113 0.0403206907212734 0.0377087667584419 0.0393749065697193 0.0816363170742989 0.015239579603076 0.102458767592907 0.0586943365633488 0.160386472940445 0.0270413160324097 0.122190147638321 0.11693212389946 0.1314367800951 0.0615445673465729 0.0981911867856979 0.104439906775951 0.0511240363121033 0.0727632194757462 0.0515748858451843 0.0787937566637993 0.100147619843483 0.0709201022982597 0.116401836276054
0.0821367055177689 0.0114512611180544 0.0286167711019516 0.0987058579921722 0.0496822595596313 0.0410113446414471 0.0349937789142132 -0.00548115372657776 0.129324585199356 0.1329305768013 0.19215239584446 0.0132489604875445 0.0156656000763178 0.166775688529015 0.169193342328072 0.143552094697952 0.0239583812654018 0.089120976626873 -999 0.0673639550805092 0.0647534430027008 0.0917166993021965 0.0514171682298183 0.235414788126945 0.0713098719716072 0.0403349660336971 0.0589100867509842 0.0941991731524467 0.0899454355239868 0.0691055282950401 0.0580002404749393 0.0843105539679527 0.121716648340225 0.0741602405905724 0.120277814567089 0.124485582113266 0.08362677693367 0.109409257769585 0.0794011577963829 -0.136450782418251 0.129218131303787 0.0847993418574333 0.0630840435624123
-0.0318511463701725 0.0708808824419975 0.00252681970596313 0.0577994771301746 0.0177356861531734 -0.0176366362720728 0.121926389634609 0.242095932364464 0.148511126637459 0.0582690238952637 0.102218739688396 0.151841342449188 0.106116726994514 0.226971372961998 0.209589242935181 0.112377680838108 0.1162049472332 0.196156606078148 0.0575524307787418 0.0564046092331409 0.106132946908474 0.120909616351128 0.186818823218346 0.259088635444641 0.103155814111233 0.00618045823648572 0.0250733438879251 0.0733874067664146 -0.018648212775588 0.160504639148712 0.100343465805054 0.0550847388803959 0.0462538190186024 0.0304552130401134 0.0852575749158859 0.210100725293159 0.141831889748573 0.0238364171236753 0.14573435485363 0.0713050961494446 0.0916412547230721 0.0855304524302483 0.0902119353413582
-999 -0.0420182533562183 0.0223513543605804 -0.0715113803744316 0.0794263333082199 0.0588805302977562 0.0479342713952065 0.162663400173187 0.0890905633568764 0.11178021132946 0.0713252574205399 0.159456476569176 0.227010175585747 0.169492602348328 0.223784446716309 0.115492671728134 0.055031418800354 0.0701078549027443 0.147177174687386 0.130145028233528 0.0730615481734276 -0.0081515908241272 0.0376297794282436 0.131265714764595 0.148036241531372 -0.00987634249031544 0.0616223998367786 0.139117196202278 0.0441555380821228 0.0262337811291218 0.139864474534988 0.0458666495978832 0.102581135928631 0.0420291870832443 0.107024535536766 0.115696378052235 0.0749936327338219 0.103532299399376 0.0714246928691864 0.078149326145649 0.200958505272865 0.0946959927678108 0.110058449208736
0.0895997509360313 0.0654709860682487 0.0689288154244423 -0.0878956690430641 0.0134717766195536 0.00721061835065484 0.0146258724853396 0.0718838199973106 0.095692053437233 0.105840057134628 0.209535896778107 0.109732627868652 0.0389328002929688 0.229103252291679 0.0863527804613113 0.24295562505722 0.153074204921722 0.0310043189674616 0.0668313875794411 0.213559553027153 0.151028916239738 0.27041682600975 0.310959011316299 0.172546163201332 0.146219119429588 0.0786980465054512 0.0422478206455708 0.117232136428356 0.08855040371418 0.10730204731226 0.1512531042099 0.0875823050737381 0.141447305679321 -0.0472245924174786 0.17591492831707 0.0616055019199848 0.0622373446822166 0.106466062366962 0.284476727247238 0.128239780664444 0.146807327866554 0.105521686375141 0.0913142189383507
-0.0517942048609257 0.0504116117954254 -0.00807556696236134 -0.0799547731876373 -0.0428259335458279 0.0610361844301224 0.0694614574313164 0.10357441008091 -0.0170817114412785 0.0190789327025414 -0.0164782609790564 0.105581074953079 0.11047150939703 0.16731695830822 0.124290823936462 0.19191113114357 0.0854686200618744 0.1355349868536 0.154761210083961 0.097311295568943 0.0945329442620277 0.128822207450867 0.0698390230536461 0.0662925839424133 0.155984506011009 0.0766632854938507 0.109753504395485 0.0821319967508316 0.0991251766681671 0.141108930110931 0.144144743680954 0.17217618227005 0.0741065517067909 0.0930933803319931 0.0229613743722439 0.16319215297699 0.068836621940136 0.104256689548492 0.0417486950755119 0.0687885358929634 0.109165169298649 0.209345817565918 0.122679650783539
