assets/gome_f/processed/ascii/us/gome_sif_US_20120501.asc
NCOLS 116 
NROWS 53 
XLLCORNER -125 
YLLCORNER 24.5 
CELLSIZE 0.5 
NODATA_value -3.4e+38 
[rows 0 to 18 of 53, columns 0 to 43 of 116]
0.061213400214911 -999 -999 0.0418559350073338 0.631543755531311 0.0866311118006706 0.266455620527267 0.129801690578461 0.182205259799957 0.196634605526924 0.309109807014465 0.326182663440704 -0.0500244498252869 0.0436571501195431 0.172493904829025 0.278222650289536 -999 0.0284333415329456 -0.247419595718384 0.0294062998145819 0.12867659330368 0.085925817489624 0.14483018219471 0.0985670164227486 0.0966033339500427 0.170275345444679 0.244595691561699 0.206361547112465 0.153916403651237 0.0836269780993462 0.179955750703812 0.169000893831253 0.173448175191879 0.158955991268158 -0.00193839438725263 0.241236507892609 0.0929130762815475 0.136167570948601 0.099310427904129 0.108274333178997 0.258339554071426 0.305664867162704 0.1782096773386 0.143684610724449
0.0987954810261726 -0.155230984091759 0.028279721736908 -0.113162159919739 0.193600937724113 0.180927693843842 0.338022708892822 0.331832706928253 0.0916353240609169 0.0263632666319609 0.174001798033714 0.200012698769569 0.202124819159508 0.206663474440575 0.266257047653198 0.243106290698051 0.149950444698334 0.0911938101053238 0.210877805948257 0.1194938570261 0.199966818094254 0.248646110296249 0.246842965483665 0.146686404943466 0.101590231060982 0.177344053983688 0.19330957531929 0.218465775251389 0.229624375700951 0.0549514777958393 0.167991951107979 0.354099214076996 0.196101009845734 0.0543878600001335 0.258393853902817 0.204574942588806 0.270273596048355 0.129761695861816 0.144540891051292 0.184807911515236 0.207007884979248 0.13169527053833 0.107292987406254 0.29365336894989
0.190323978662491 0.262073636054993 -0.0400992892682552 0.012380070053041 -0.055499754846096 -999 -0.348556101322174 0.142321467399597 0.0807020217180252 0.158758342266083 -0.00961578357964754 0.133899256587029 0.00491375708952546 0.0807737931609154 0.268716931343079 0.173676118254662 0.105672314763069 -0.00363494828343391 0.163602158427238 0.0983688831329346 0.150247752666473 0.302323669195175 0.259940505027771 0.274161577224731 0.113891273736954 0.144705802202225 0.305273503065109 0.25982403755188 0.159417346119881 0.205755576491356 0.246489986777306 0.168863371014595 0.286122977733612 0.147755667567253 0.163822799921036 0.231993392109871 0.238111853599548 0.126748934388161 0.0489315539598465 0.211296632885933 0.161331757903099 0.305336117744446 0.18796569108963 0.334372788667679
0.419598907232285 0.216680482029915 0.211065843701363 -0.0439832471311092 0.162231549620628 0.271707743406296 0.267225325107574 0.183832734823227 0.1117332726717 0.246096774935722 0.245281130075455 0.165158212184906 0.1680056899786 0.260165870189667 0.0823418572545052 0.260875225067139 0.171270713210106 0.15608736872673 0.140188708901405 0.160203665494919 0.12102072685957 0.193513423204422 0.268068581819534 0.310949563980103 0.287290215492249 0.188878536224365 0.255569368600845 0.228813409805298 0.129558965563774 0.146151214838028 0.164684221148491 0.122450090944767 0.309040933847427 0.234857276082039 0.223829925060272 0.0895030423998833 0.190159738063812 0.155918344855309 0.13230636715889 0.278237611055374 0.232705637812614 0.269784569740295 0.267650216817856 0.304421484470367
0.00706206168979406 0.240023627877235 0.318768918514252 0.209531307220459 0.204045578837395 0.37436056137085 0.305559247732162 0.333055883646011 0.23190014064312 0.160498306155205 0.302406340837479 0.210999339818954 0.304654657840729 0.242671296000481 0.299622923135757 0.326589554548264 0.187134221196175 0.24134249985218 0.200187534093857 0.0185167323797941 0.185784801840782 0.163626745343208 0.282302856445312 0.118306078016758 0.15437163412571 0.165476128458977 0.289768844842911 0.171830356121063 0.0322997011244297 0.10055185854435 0.122687213122845 0.268788725137711 0.225075721740723 0.266597539186478 0.31082820892334 0.244753316044807 0.152361795306206 0.0785180926322937 0.188228383660316 0.246016606688499 0.272314786911011 0.11002416908741 0.240866497159004 0.179641112685204
0.0861977487802505 0.316404938697815 0.309936910867691 0.257830828428268 0.221257269382477 0.210398361086845 0.229222536087036 0.15643535554409 -0.104270398616791 0.369856029748917 0.20771612226963 0.321144729852676 0.315277636051178 0.304309219121933 0.332904845476151 0.409961551427841 0.449962198734283 0.208698928356171 0.150009751319885 0.181435957551003 0.0235563162714243 0.246377095580101 -0.0552017241716385 0.303987354040146 0.0835037529468536 0.114758104085922 0.120166443288326 0.16052009165287 0.171370148658752 0.236787304282188 0.311998069286346 0.226840570569038 0.242165133357048 0.356451272964478 0.440818041563034 0.222148612141609 0.249888569116592 0.257206827402115 0.22908641397953 0.111458279192448 0.270828902721405 0.142058610916138 0.22937573492527 0.266604542732239
-0.00435118610039353 0.180442571640015 0.358060210943222 0.425038903951645 0.372024029493332 0.453558504581451 0.332533806562424 0.295200377702713 0.186263054609299 0.348296105861664 0.227655351161957 0.180805906653404 0.314853101968765 0.294894099235535 0.357535362243652 0.265790164470673 0.500719606876373 0.170311287045479 0.206284239888191 0.263951987028122 0.211908757686615 0.226253181695938 0.187925055623055 0.212137833237648 0.286039382219315 0.149519145488739 0.225501284003258 0.235649660229683 0.248544439673424 0.272638261318207 0.317891716957092 0.197270095348358 0.270008772611618 0.244088485836983 0.228617370128632 0.275988608598709 0.135181903839111 0.0732930153608322 0.10144867002964 0.211540743708611 0.257752478122711 0.108600407838821 0.250144124031067 0.291327685117722
0.0230127573013306 0.176256164908409 0.357704192399979 0.304384827613831 0.330979108810425 0.402465343475342 0.273908495903015 0.335352897644043 0.178213208913803 0.239827305078506 0.272636502981186 0.264514118432999 0.283733755350113 0.342439711093903 0.381618738174438 0.316216945648193 0.643628835678101 0.363485336303711 0.217471718788147 0.269549399614334 0.319679766893387 0.284611582756042 0.153602614998817 0.0793389976024628 0.245122477412224 0.254389226436615 0.139859482645988 0.196594834327698 0.453245937824249 0.383520305156708 0.343788325786591 0.330664962530136 0.353692024946213 0.27357092499733 0.32584673166275 0.268821775913239 0.171695917844772 0.161323830485344 0.162084922194481 0.136263996362686 0.190016388893127 0.111475005745888 0.21055081486702 0.268219858407974
-0.01390147395432 0.135009795427322 0.131477892398834 0.748462378978729 0.401213943958282 0.384722203016281 0.319291472434998 0.350770443677902 0.288887858390808 0.195708572864532 0.245828986167908 0.344548404216766 0.446754425764084 0.283213347196579 0.268539845943451 0.305910229682922 0.700599789619446 0.476150006055832 0.218116983771324 0.108898505568504 0.268867075443268 0.311892747879028 0.247430399060249 0.200430035591125 0.133019313216209 0.0802104845643044 0.11524660885334 0.274770766496658 0.261167466640472 0.251145660877228 0.255877107381821 0.226785004138947 0.346042662858963 0.21738575398922 0.216963365674019 0.187582939863205 0.113915920257568 0.155317828059196 0.162729784846306 0.153191119432449 0.217781499028206 0.132321894168854 0.207860454916954 0.286478906869888
0.0673557296395302 0.0628487542271614 0.182165071368217 0.475210815668106 0.405219942331314 0.418701022863388 0.320026248693466 0.276853561401367 0.288073182106018 0.219852283596992 0.230814978480339 0.299053996801376 0.379329860210419 0.392379879951477 0.473027974367142 0.380636423826218 0.328564047813416 0.372615814208984 0.36161807179451 0.362827271223068 0.190240681171417 0.159959822893143 0.2453583329916 0.149024024605751 0.225847274065018 0.0874869227409363 0.104344673454762 0.153565540909767 0.187360763549805 0.178703144192696 0.247464835643768 0.330019146203995 0.255637675523758 0.170011222362518 0.114268854260445 0.205053076148033 0.166180580854416 0.082831121981144 0.163734078407288 0.148750215768814 0.176556870341301 0.237250149250031 0.132291182875633 0.233600065112114
-0.00695991795510054 0.0838610008358955 0.247184276580811 0.464796125888824 0.278016746044159 0.689681172370911 0.352077454328537 0.358341842889786 0.328973442316055 0.235790386795998 0.266976118087769 0.397320806980133 0.376100689172745 0.479235023260117 0.251738131046295 0.311284899711609 0.28501969575882 0.236393496394157 0.199406653642654 0.241080746054649 0.207808300852776 0.209375739097595 0.217900514602661 0.428328424692154 0.188594162464142 0.140981942415237 0.17432713508606 0.132724836468697 0.250564217567444 0.312297344207764 0.273370057344437 0.260261535644531 0.201915130019188 0.257900565862656 0.337274730205536 0.248007491230965 0.150096297264099 0.200525492429733 0.294356167316437 0.19900718331337 0.326463967561722 0.232291489839554 0.441395848989487 0.316934645175934
0.0445991717278957 0.168408691883087 0.33421978354454 0.46961709856987 0.621429026126862 0.334631592035294 0.351609855890274 0.302942961454391 0.255716592073441 0.266379147768021 0.227540090680122 0.35536777973175 0.281111657619476 0.376921117305756 0.162818595767021 0.289907544851303 0.180347204208374 0.225774228572845 0.0489641837775707 0.102679498493671 0.0918437018990517 0.123124368488789 0.174955040216446 0.25627475976944 0.186405330896378 0.242976814508438 0.138001620769501 0.156294792890549 0.178005531430244 0.297565311193466 0.345706611871719 0.41878142952919 0.340101391077042 0.343624532222748 0.422400623559952 0.468662172555923 0.393893271684647 0.342236936092377 0.13428795337677 0.227997645735741 0.232635363936424 0.184419050812721 0.156743764877319 0.247072994709015
-0.000260086235357448 0.0779774785041809 0.343976050615311 0.483430594205856 0.760036528110504 0.479019671678543 0.297662198543549 0.272944033145905 0.248811557888985 0.31265452504158 0.197285979986191 0.258513897657394 0.277497380971909 0.239391386508942 0.306205451488495 0.247101828455925 0.364051520824432 0.250922381877899 0.243604317307472 0.0894615352153778 0.204053938388824 0.0206000171601772 0.100276120007038 0.118225187063217 0.0430680774152279 0.215226739645004 0.155985161662102 0.150053888559341 -0.0437286011874676 0.155861109495163 -0.0428484119474888 -0.0233739782124758 0.0295707266777754 0.169147953391075 0.2128776460886 0.152526244521141 0.348716497421265 0.179290592670441 0.252922415733337 0.284948438405991 0.290477752685547 0.314556449651718 0.243685320019722 0.322825789451599
-0.0133070657029748 0.130824893712997 0.375138223171234 0.49604532122612 0.528110146522522 0.421753942966461 0.172060787677765 0.22926153242588 0.137600764632225 0.284889310598373 0.190578699111938 0.25407075881958 0.231007903814316 0.219419583678246 0.255976289510727 0.288772433996201 0.428673833608627 0.380619466304779 0.253119885921478 0.111727125942707 0.21196936070919 0.175657212734222 0.0443867072463036 0.222263231873512 0.143380999565125 0.221526771783829 0.212614864110947 0.128045111894608 0.174579724669456 0.198235005140305 0.164632886648178 0.131402865052223 0.0821461454033852 0.102123610675335 0.10608035326004 0.0473252162337303 0.148830428719521 0.319475322961807 0.225628241896629 0.195180550217628 0.242147520184517 0.19317838549614 0.431908696889877 0.453657537698746
0.015436495654285 0.157186210155487 0.350512325763702 0.417390018701553 0.418506771326065 0.279316335916519 0.173264637589455 0.110323339700699 0.0671356618404388 0.115615531802177 0.0379326641559601 0.158449202775955 0.210599258542061 0.095177561044693 0.159738779067993 0.384788870811462 0.434592753648758 0.319884419441223 0.276031255722046 0.0640368089079857 0.240277990698814 0.0358645245432854 0.0384660474956036 0.136998578906059 0.240338325500488 0.165947467088699 0.382248103618622 0.238619014620781 0.326276838779449 0.205941736698151 0.234527990221977 0.107150256633759 0.117428794503212 0.187034621834755 0.248358279466629 0.176351085305214 0.152419537305832 0.148417428135872 0.166650280356407 0.14193856716156 0.0571933947503567 0.188499197363853 0.169386297464371 0.317967981100082
0.0904402211308479 0.354111790657043 0.392024993896484 0.517574191093445 0.48249888420105 0.212445989251137 0.144731655716896 0.191376775503159 0.116017676889896 0.124871268868446 0.270214945077896 0.21591155230999 0.119690492749214 0.148664996027946 0.125855803489685 0.16471566259861 0.18052551150322 0.194636180996895 0.229344964027405 0.222948431968689 0.236179605126381 0.115727342665195 0.194375440478325 0.0159272458404303 0.172438338398933 0.254543572664261 0.306258946657181 0.308841049671173 0.148233115673065 0.0900508761405945 0.181223154067993 0.220330372452736 0.339847326278687 0.136886760592461 0.125759482383728 0.210460737347603 0.154660031199455 0.0425754077732563 0.17766971886158 0.0893734246492386 0.0262706913053989 0.19110095500946 0.0745737552642822 0.170858904719353
-0.00596326170489192 0.219841614365578 0.440307229757309 0.422152876853943 0.46849250793457 0.314917951822281 0.215568631887436 0.230706945061684 0.0958626419305801 0.0923007428646088 0.0853592157363892 0.0818633437156677 0.165632769465446 0.130781754851341 0.0839270204305649 0.227993726730347 0.218854606151581 -0.0325969643890858 0.121501684188843 0.231142118573189 0.336113095283508 0.372842162847519 0.358276158571243 0.340390980243683 0.301806300878525 0.291887938976288 0.283927768468857 0.203849315643311 0.187852695584297 0.221577376127243 0.0957325622439384 0.0734592527151108 0.158071458339691 0.15099473297596 -0.00701758079230785 0.155708983540535 0.1612778455019 0.0828438475728035 0.112536303699017 0.2098169028759 0.259552150964737 0.180202275514603 0.270196378231049 0.1961709856987
-0.0739530995488167 0.189545512199402 0.262824594974518 0.284253597259521 0.351783692836761 0.215457513928413 0.235520213842392 0.310889363288879 0.175315693020821 0.217810466885567 0.123520337045193 0.000488240271806717 0.0672783926129341 0.165229380130768 0.138528019189835 0.177472785115242 0.155855491757393 0.102330513298512 0.164125353097916 0.138877287507057 0.210111692547798 0.237990617752075 0.204789653420448 0.266786247491837 0.290914475917816 0.428930759429932 0.346439599990845 0.232323721051216 0.211966693401337 0.0814844891428947 0.158176392316818 0.141296789050102 0.0567160993814468 0.0777228623628616 0.188148349523544 0.142950445413589 0.0393195413053036 0.10389418900013 0.195269703865051 0.0814273506402969 0.0766527205705643 0.203926309943199 0.14434976875782 0.127074897289276
0.00555272120982409 0.16765658557415 0.0707256495952606 0.393295884132385 0.314401686191559 0.299448579549789 0.221739634871483 0.262186110019684 0.0986729860305786 0.151880860328674 0.119712315499783 -0.0266533605754375 0.0308819152414799 0.0122857699170709 0.193534091114998 0.150329113006592 0.0231330394744873 0.231820002198219 0.141058340668678 0.192333251237869 0.00967335887253284 0.096197746694088 0.113937675952911 0.203513786196709 0.165061697363853 0.278592824935913 0.380847722291946 0.361233323812485 0.159125551581383 0.0872605517506599 0.0907583013176918 0.111611671745777 0.204236090183258 0.115571349859238 0.0214768685400486 0.0504171326756477 0.143102750182152 0.176040276885033 0.119456745684147 0.0403348207473755 0.27302011847496 0.148424416780472 0.234023407101631 0.304693669080734
