assets/gome_f/processed/ascii/us/gome_sif_US_20120801.asc
NCOLS 116 
NROWS 53 
XLLCORNER -125 
YLLCORNER 24.5 
CELLSIZE 0.5 
NODATA_value -3.4e+38 
[rows 0 to 18 of 53, columns 44 to 87 of 116]
0.547842919826508 0.510758936405182 0.498658299446106 0.36266040802002 0.485280603170395 0.545595407485962 0.585839509963989 0.339439958333969 0.348974943161011 0.128207087516785 0.303641200065613 0.452288538217545 0.310764759778976 0.232278570532799 0.236452981829643 0.182723477482796 0.25720801949501 0.126165091991425 0.376128137111664 0.378661245107651 0.211814105510712 0.16072590649128 0.296989887952805 0.174626916646957 0.268329083919525 0.225545421242714 0.117180652916431 0.16202013194561 0.221391826868057 0.286483556032181 0.250165939331055 0.334055781364441 0.250303268432617 0.357014656066895 0.193320512771606 0.170910254120827 0.24461618065834 0.180867627263069 0.291475981473923 0.274289071559906 0.309997051954269 0.3213911652565 0.182088688015938 0.188012331724167
0.430281519889832 0.372273743152618 0.579361617565155 0.307178914546967 0.42676243185997 0.341505199670792 0.40364608168602 0.526609718799591 0.340184897184372 0.306335717439651 0.377710074186325 0.407900869846344 0.418563932180405 0.392235815525055 0.42094287276268 0.262036085128784 0.234408617019653 0.2386394739151 0.357264250516891 0.337644934654236 0.213971674442291 0.338042795658112 0.287130445241928 0.310716599225998 0.197480648756027 0.250454306602478 0.196947768330574 0.212589770555496 0.215956628322601 0.163829356431961 0.247128278017044 0.367343306541443 0.440223842859268 0.231980487704277 0.182928323745728 0.195865347981453 0.379939138889313 0.376884400844574 0.316548556089401 0.276102989912033 0.218772873282433 0.304588705301285 0.412511438131332 0.190823525190353
0.461926251649857 0.265592843294144 0.431050151586533 0.422504276037216 0.386790722608566 0.358061224222183 0.334769695997238 0.272084027528763 0.44533559679985 0.542163372039795 0.443600475788116 0.42413741350174 0.455740362405777 0.469331234693527 0.327020227909088 0.268810957670212 0.310285806655884 0.22607259452343 0.359986275434494 0.250319868326187 0.234947502613068 0.292998760938644 0.344382554292679 0.277579426765442 0.222562938928604 0.30039918422699 0.339901566505432 0.408001720905304 0.331900835037231 0.256507962942123 0.238217607140541 0.319811224937439 0.297480851411819 0.216216802597046 0.40365806221962 0.198817506432533 0.308991700410843 0.444584101438522 0.355576694011688 0.29680660367012 0.416293799877167 0.336974292993546 0.434619069099426 0.387105733156204
0.325668424367905 0.441516995429993 0.257959574460983 0.337189137935638 0.324687600135803 0.331039398908615 0.332076966762543 0.269387423992157 0.333114355802536 0.310555636882782 0.406802415847778 0.46521008014679 0.469626814126968 0.457247227430344 0.466291099786758 0.411807596683502 0.316750943660736 0.281642079353333 0.415719985961914 0.246762484312057 0.410449922084808 0.374283850193024 0.263744533061981 0.23666487634182 0.391471952199936 0.327098816633224 0.2920241355896 0.329881995916367 0.313618153333664 0.298071056604385 0.381283670663834 0.305791407823563 0.406975269317627 0.292384684085846 0.337796270847321 0.319846272468567 0.39994204044342 0.349136829376221 0.416372209787369 0.448225855827332 0.426950484514236 0.487142235040665 0.384955823421478 0.332403659820557
0.359563797712326 0.394702255725861 0.270620435476303 0.365687221288681 0.350910097360611 0.275010645389557 0.325747221708298 0.325092881917953 0.293946087360382 0.384902000427246 0.555807948112488 0.592741072177887 0.47587263584137 0.520485937595367 0.445180237293243 0.561747848987579 0.505924701690674 0.497825264930725 0.382569700479507 0.354246318340302 0.207193091511726 0.380530804395676 0.395233184099197 0.360778272151947 0.34247213602066 0.357701390981674 0.352777302265167 0.419757783412933 0.283619463443756 0.205972254276276 0.147188991308212 0.183981478214264 0.21211002767086 0.185015395283699 0.411912858486176 0.340394347906113 0.302187383174896 0.346792578697205 0.343155086040497 0.512300789356232 0.402049630880356 0.30059877038002 0.355633020401001 0.433879613876343
0.299526959657669 0.315149128437042 0.230792865157127 0.287312865257263 0.398469418287277 0.368319302797318 0.380877584218979 0.429912239313126 0.339882344007492 0.402367055416107 0.387927621603012 0.497746884822845 0.561661243438721 0.566490769386292 0.504203200340271 0.381690859794617 0.368150889873505 0.298821866512299 0.405066341161728 0.569341361522675 0.535829424858093 0.512866795063019 0.378222465515137 0.314699441194534 0.316897928714752 0.459146350622177 0.300177007913589 0.324318170547485 0.159996822476387 0.0274458136409521 -0.0349562950432301 -0.0368356518447399 -0.013279085047543 -0.110620185732841 0.40958970785141 0.273426681756973 0.317651212215424 0.407758235931396 0.418404638767242 0.346071243286133 0.393748223781586 0.352732211351395 0.387801170349121 0.365535885095596
0.207537457346916 0.320582956075668 0.34031417965889 0.372808903455734 0.36447674036026 0.343101024627686 0.473294913768768 0.54567164182663 0.452403008937836 0.498312175273895 0.555893123149872 0.745760381221771 0.525267064571381 0.616923689842224 0.487369120121002 0.560874164104462 0.467249393463135 0.551392018795013 0.497031331062317 0.485189884901047 0.393732815980911 0.475305438041687 0.422825962305069 0.281764090061188 0.273077607154846 0.238589450716972 0.0177276507019997 0.0779421105980873 0.0729297995567322 0.0230440609157085 0.0591155290603638 0.0650210455060005 0.0293807871639729 -0.0148470997810364 0.154367834329605 0.133565291762352 0.270268976688385 0.452702969312668 0.450583279132843 0.396492123603821 0.420180290937424 0.368184030056 0.255643397569656 0.226731404662132
0.178285628557205 0.207749083638191 0.318851858377457 0.296761572360992 0.394259721040726 0.430622309446335 0.499259531497955 0.548527359962463 0.634196102619171 0.587589502334595 0.72496098279953 0.609954416751862 0.593874573707581 0.687505781650543 0.615015089511871 0.569900989532471 0.366294950246811 0.472717046737671 0.444956481456757 0.544732093811035 0.451737999916077 0.416076898574829 0.495791494846344 0.271830052137375 0.173121228814125 0.162829056382179 0.0469250231981277 0.124617144465446 0.201251819729805 0.361229449510574 0.0272935703396797 -0.00626091146841645 0.0302357375621796 0.107983306050301 -0.00328392209485173 0.0267737433314323 0.149303749203682 0.367052495479584 0.477563351392746 0.387067794799805 0.433209419250488 0.399006813764572 0.385071724653244 0.403880536556244
0.197942689061165 0.277230888605118 0.359039157629013 0.287910848855972 0.355831444263458 0.499009639024734 0.482313722372055 0.533840537071228 0.708089470863342 0.712362349033356 0.677164971828461 0.800815463066101 0.830518543720245 0.747260272502899 0.472523272037506 0.549065291881561 0.57617050409317 0.527481615543365 0.604550957679749 0.499039798974991 0.598447918891907 0.59408712387085 0.496696263551712 0.345218986272812 0.430473536252975 0.424150675535202 0.301071316003799 0.575405776500702 0.592994272708893 0.632148683071136 0.488379418849945 0.350193947553635 0.138417914509773 0.212164312601089 0.250353872776031 0.267962217330933 0.145322442054749 0.355816900730133 0.615602493286133 0.524776816368103 0.505887925624847 0.411049604415894 0.407044738531113 0.45453554391861
0.186204195022583 0.235970705747604 0.209593206644058 0.114939145743847 0.302971661090851 0.393291741609573 0.489567488431931 0.358609199523926 0.593086719512939 0.737709760665894 0.765491664409637 0.712974429130554 0.814757645130157 0.735345304012299 0.782108545303345 0.568710267543793 0.7494295835495 0.548739492893219 0.528451561927795 0.624866247177124 0.528848230838776 0.527233183383942 0.664998114109039 0.544241607189178 0.702536225318909 0.618370115756989 0.575021147727966 0.626201748847961 0.543878316879272 0.682825088500977 0.447786539793015 0.427420854568481 0.499555736780167 0.476791709661484 0.464163064956665 0.434094935655594 0.422840982675552 0.382085531949997 0.414200216531754 0.381927371025085 0.262398272752762 0.37698757648468 0.289085298776627 0.332267552614212
0.125149577856064 0.136867687106133 -0.000687203195411712 0.20212097465992 0.249730914831161 0.360261052846909 0.4481161236763 0.457477033138275 0.599499881267548 0.621843695640564 0.652170181274414 0.656639337539673 0.798379480838776 0.855323016643524 0.848390758037567 0.800242602825165 0.791086852550507 0.658777832984924 0.770648598670959 0.495403349399567 0.721199929714203 0.673753261566162 0.666955590248108 0.633747935295105 0.746510446071625 0.561891794204712 0.664047837257385 0.478340089321136 0.499262362718582 0.690401136875153 0.405175417661667 0.43000403046608 0.399288445711136 0.238784417510033 0.218804955482483 0.0730674043297768 0.360018581151962 0.286105275154114 0.21285280585289 0.012070813216269 0.0727831423282623 0.0982613563537598 0.0986635684967041 0.177657797932625
0.172891274094582 0.111317247152328 0.0571951493620872 0.210302948951721 0.168125122785568 0.315151929855347 0.405507743358612 0.332984924316406 0.588096737861633 0.680046617984772 0.637177050113678 0.645875692367554 0.689106941223145 0.77787834405899 0.929563939571381 0.781351625919342 0.671511769294739 0.739872813224792 0.72964209318161 0.485495418310165 0.64838308095932 0.730072319507599 0.775751173496246 0.836981594562531 0.790532648563385 0.720415353775024 0.488196611404419 0.786635279655457 0.742127656936646 0.765531539916992 0.425544649362564 0.125250741839409 0.0910029858350754 0.111096099019051 0.0636556446552277 0.340949594974518 0.473435491323471 0.56131112575531 0.501455962657928 0.239611268043518 0.111494302749634 -0.0335969403386116 0.0413050577044487 0.142840221524239
0.130339205265045 0.0945958569645882 0.188408732414246 0.0455494597554207 0.117034569382668 0.309354811906815 0.370480239391327 0.393094778060913 0.450652688741684 0.707447111606598 0.662624597549438 0.624130368232727 0.637608706951141 0.749080657958984 0.694252550601959 0.877793252468109 0.809868693351746 1.08047354221344 0.795155823230743 0.802119612693787 0.68101704120636 0.800529539585114 0.760064482688904 0.705328226089478 0.68247002363205 0.755320191383362 0.569306492805481 0.645158171653748 0.676860988140106 0.698256552219391 0.701782524585724 0.378265231847763 0.119130544364452 0.259436160326004 0.313614815473557 0.563308596611023 0.498010724782944 0.490449637174606 0.468455851078033 0.308226525783539 0.147899255156517 0.0364950858056545 0.10473208129406 0.190729230642319
0.104788921773434 0.0783146396279335 0.1985033005476 0.0866128131747246 0.153270661830902 0.273162871599197 0.238302990794182 0.24773296713829 0.357956886291504 0.524969696998596 0.562301874160767 0.726835966110229 0.804475009441376 0.874209642410278 0.90092009305954 0.902381122112274 0.800987362861633 0.845343410968781 0.939162135124207 0.964777231216431 0.915804624557495 0.902643382549286 0.612302124500275 0.734841346740723 0.797657787799835 0.616788625717163 0.592376053333282 0.558094024658203 0.615303695201874 0.654668807983398 0.828778684139252 0.269899606704712 0.120724737644196 0.356747269630432 0.520359814167023 0.540737569332123 0.624621152877808 0.713764309883118 0.452770620584488 0.332927942276001 0.218265384435654 0.00581202330067754 0.0419724769890308 0.507414758205414
0.199705436825752 0.117779657244682 0.0695992037653923 0.0924457833170891 0.148570641875267 0.127369001507759 0.203337013721466 0.335068762302399 0.431796371936798 0.477733880281448 0.538786947727203 0.701842725276947 0.679239571094513 0.761330485343933 0.837996363639832 0.928303778171539 0.794219732284546 0.876700580120087 0.908259332180023 0.836251378059387 0.893129169940948 0.900384426116943 0.806014060974121 0.763027250766754 0.700967311859131 0.715101361274719 0.61596405506134 0.676584959030151 0.770809471607208 0.673569917678833 0.880707919597626 0.18400938808918 0.149627447128296 0.381345391273499 0.664974868297577 0.62448114156723 0.785056293010712 0.735582828521729 0.561192631721497 0.566514790058136 0.318127274513245 0.312286078929901 0.181989550590515 0.534096121788025
0.0912687703967094 0.0309265218675137 0.0561884716153145 0.179787322878838 0.211981654167175 0.184513568878174 0.170363143086433 0.232257917523384 0.242330625653267 0.388253718614578 0.487700045108795 0.589997947216034 0.591264247894287 0.652944087982178 0.937201023101807 0.770266234874725 0.801480352878571 0.856083929538727 0.845045864582062 0.622837066650391 0.758208811283112 0.837494015693665 0.750507891178131 0.658100724220276 0.636902511119843 0.853285551071167 0.725782454013824 0.729167342185974 0.813336670398712 0.572466909885406 0.45381110906601 0.0230577904731035 0.115419059991837 0.281868368387222 0.585110008716583 0.746180415153503 0.79112982749939 0.888419032096863 0.803460478782654 0.786570608615875 0.648735404014587 0.590119540691376 0.354425191879272 0.6759934425354
0.128145486116409 0.208539918065071 0.17739200592041 0.153383657336235 0.156978905200958 0.159723147749901 0.290092825889587 0.340459257364273 0.395710498094559 0.442415475845337 0.533281087875366 0.561624228954315 0.576175272464752 0.661434054374695 0.822324514389038 0.774419009685516 0.846379220485687 0.881137490272522 0.7957643866539 0.869066655635834 0.728443503379822 0.818077087402344 0.761647820472717 0.696314871311188 0.615660071372986 0.698101103305817 0.761325061321259 0.725070953369141 0.714891076087952 0.495626896619797 0.420229941606522 0.10680915415287 0.021288538351655 0.189734891057014 0.51632285118103 0.767100095748901 0.736950039863586 0.703970789909363 0.679422438144684 0.579150438308716 0.570836365222931 0.605081796646118 0.730514943599701 0.690477430820465
0.0983172133564949 0.216497421264648 0.175548821687698 0.13993027806282 0.148232609033585 0.0619555860757828 0.284411579370499 0.339869976043701 0.382617086172104 0.547407567501068 0.643455803394318 0.510881185531616 0.628135502338409 0.708670556545258 0.744001507759094 0.768443703651428 0.705207467079163 0.580566763877869 0.706796944141388 0.981550276279449 0.872410178184509 0.860330104827881 0.777145504951477 0.782895386219025 0.752921342849731 0.643505811691284 0.736089646816254 0.701674103736877 0.715984344482422 0.662965059280396 0.345770597457886 0.0574877597391605 0.157710164785385 0.390310913324356 0.64622688293457 0.746967852115631 0.842222213745117 0.551527798175812 0.602629721164703 0.426701068878174 0.364660978317261 0.359426558017731 0.366916805505753 0.248940497636795
0.211211964488029 0.192092001438141 0.133555233478546 0.125981852412224 0.191857233643532 0.20544745028019 0.311902493238449 0.342694342136383 0.429584354162216 0.539954662322998 0.709305822849274 0.60623174905777 0.572561085224152 0.615827977657318 0.700115859508514 0.679976522922516 0.516346633434296 0.57962441444397 0.583068072795868 0.784987092018127 0.747334182262421 0.823209226131439 0.811585068702698 0.755868554115295 0.864356935024261 0.830893039703369 0.84442526102066 0.730969786643982 0.761145532131195 0.69560694694519 0.464124977588654 0.321382254362106 0.449236452579498 0.71459436416626 0.809137105941772 0.689349830150604 0.74194997549057 0.772399008274078 0.7116739153862 0.408696085214615 0.34240660071373 0.140918046236038 0.137965947389603 0.35210457444191
