assets/gome_f/processed/ascii/us/gome_sif_US_20130801.asc
NCOLS 116 
NROWS 53 
XLLCORNER -125 
YLLCORNER 24.5 
CELLSIZE 0.5 
NODATA_value -3.4e+38 
[rows 0 to 18 of 53, columns 44 to 87 of 116]
0.618932783603668 0.535218894481659 0.563768804073334 0.750062108039856 0.672328948974609 0.549372434616089 0.509217441082001 0.625147938728333 0.30933478474617 0.246235847473145 0.496919125318527 0.555250704288483 0.259714514017105 0.341667979955673 0.363758414983749 0.270660132169724 0.164599165320396 0.255317360162735 0.280660182237625 0.251000046730042 0.277471452951431 0.14701110124588 0.219772532582283 0.288885474205017 0.249565973877907 0.145829707384109 0.201810389757156 0.226440712809563 0.290557354688644 0.345329582691193 0.256816148757935 0.278681039810181 0.273065507411957 0.355167418718338 0.0930969715118408 0.178654029965401 0.288258582353592 0.424777895212173 0.324774116277695 0.266156405210495 0.236372262239456 0.341943770647049 0.263768881559372 0.369257479906082
0.586577296257019 0.533036589622498 0.525607585906982 0.612107872962952 0.529462039470673 0.717353343963623 0.676887452602386 0.575892210006714 0.494426190853119 0.466462373733521 0.397828757762909 0.567377269268036 0.481244444847107 0.545785784721375 0.344354242086411 0.351161777973175 0.293740749359131 0.258810073137283 0.30459275841713 0.375682681798935 0.321575045585632 0.377111375331879 0.239975497126579 0.385265558958054 0.255758076906204 0.226538389921188 0.33880802989006 0.282098203897476 0.296831846237183 0.394813627004623 0.21404618024826 0.314895540475845 0.35556349158287 0.321640104055405 0.287590503692627 0.302189469337463 0.297043591737747 0.289554417133331 0.381526499986649 0.388296335935593 0.264638185501099 0.3216472864151 0.26362419128418 0.393108665943146
0.468442529439926 0.556701481342316 0.572163283824921 0.594075798988342 0.609627723693848 0.623467683792114 0.511595249176025 0.544508993625641 0.583776295185089 0.71225494146347 0.538590550422668 0.475182265043259 0.577206909656525 0.502421259880066 0.396277636289597 0.308267533779144 0.240011349320412 0.230770736932755 0.299777656793594 0.301523983478546 0.393888503313065 0.370333194732666 0.398112714290619 0.369418293237686 0.349870085716248 0.334221094846725 0.340815812349319 0.303246974945068 0.27457582950592 0.130551189184189 0.357307851314545 0.417232990264893 0.346974551677704 0.447510778903961 0.409761339426041 0.364223748445511 0.261136680841446 0.400233417749405 0.434232234954834 0.36398109793663 0.429410487413406 0.344661206007004 0.187395721673965 0.283503621816635
0.548008263111115 0.48602557182312 0.487623065710068 0.514326810836792 0.543494880199432 0.649141371250153 0.561296582221985 0.630732476711273 0.682098805904388 0.634544730186462 0.693965137004852 0.724647462368011 0.627944707870483 0.564634442329407 0.474717646837234 0.360352456569672 0.311812907457352 0.253919005393982 0.298607856035233 0.531274795532227 0.271419882774353 0.196074232459068 0.324433863162994 0.34651055932045 0.487308412790298 0.369945228099823 0.457059472799301 0.435086041688919 0.499835073947906 0.455701321363449 0.346181571483612 0.442138165235519 0.492718696594238 0.515685200691223 0.381132900714874 0.356477409601212 0.418646395206451 0.308640629053116 0.409875005483627 0.390912175178528 0.365365982055664 0.324346274137497 0.360380262136459 0.324952512979507
0.467866659164429 0.484880119562149 0.464833348989487 0.491892427206039 0.512060761451721 0.531654298305511 0.546175122261047 0.504434108734131 0.691760838031769 0.553918838500977 0.666224837303162 0.699101090431213 0.708473861217499 0.551776170730591 0.603595912456512 0.472795903682709 0.46367335319519 0.411790668964386 0.46615806221962 0.35819798707962 0.329283773899078 0.459233194589615 0.465240865945816 0.265482425689697 0.357703417539597 0.420937538146973 0.511114478111267 0.389833211898804 0.452593266963959 0.261970520019531 0.123820304870605 0.14860962331295 0.181137159466743 0.244441524147987 0.429981678724289 0.429019808769226 0.330541402101517 0.34512859582901 0.468523919582367 0.274362683296204 0.383451640605927 0.491412848234177 0.333038300275803 0.351799964904785
0.47201070189476 0.429474830627441 0.492061674594879 0.468627691268921 0.437277436256409 0.439324915409088 0.421505302190781 0.461739242076874 0.34941753745079 0.460950434207916 0.64508044719696 0.69187206029892 0.579974293708801 0.58355724811554 0.603337466716766 0.519392132759094 0.316899329423904 0.501438438892365 0.398227423429489 0.489229708909988 0.505915760993958 0.441521257162094 0.300958693027496 0.449772417545319 0.419841945171356 0.51158344745636 0.404310524463654 0.224711805582047 0.239139258861542 0.128017753362656 -0.0251400209963322 0.079059511423111 0.0215982738882303 -0.0173392985016108 0.444773018360138 0.345666259527206 0.360343635082245 0.332209378480911 0.307946264743805 0.110836803913116 0.522351682186127 0.4017214179039 0.420747578144073 0.38731387257576
0.371154010295868 0.355527400970459 0.455244541168213 0.443094879388809 0.384264469146729 0.527260065078735 0.44759339094162 0.535776317119598 0.531317412853241 0.544990241527557 0.654865801334381 0.649015009403229 0.747052371501923 0.605436205863953 0.578133165836334 0.450230002403259 0.410664349794388 0.556458234786987 0.492391794919968 0.521594107151031 0.456516593694687 0.473512023687363 0.40385377407074 0.210742443799973 0.364744424819946 0.140474423766136 0.231764480471611 0.156721532344818 0.168919175863266 0.0437066331505775 0.0750047639012337 0.011250183917582 0.07621730864048 -0.0274128504097462 0.156727954745293 0.237193807959557 0.274794906377792 0.405521214008331 0.306712538003922 0.16913340985775 0.282890528440475 0.403212934732437 0.525855958461761 0.419724076986313
0.409795671701431 0.447011947631836 0.368422627449036 0.457219630479813 0.425607293844223 0.418898969888687 0.472402632236481 0.460306018590927 0.641249358654022 0.710944533348083 0.735389173030853 0.808572828769684 0.731033623218536 0.769903540611267 0.68391740322113 0.548846006393433 0.493132352828979 0.527630269527435 0.424341261386871 0.582938373088837 0.538226306438446 0.466153770685196 0.392892420291901 0.207685023546219 0.122384585440159 0.055101178586483 0.0401179753243923 -0.0167054291814566 0.333218306303024 0.268417835235596 0.0992937237024307 0.050990954041481 0.104789346456528 0.0180826168507338 -0.00447447458282113 -0.0663093626499176 0.224477201700211 0.476438730955124 0.493030309677124 0.348533689975739 0.532575011253357 0.347433298826218 0.323286354541779 0.528070867061615
0.318675965070724 0.300793379545212 0.378458738327026 0.211323484778404 0.371932476758957 0.347077190876007 0.381608515977859 0.539991796016693 0.717568099498749 0.687081098556519 0.565707325935364 0.672637760639191 0.789933383464813 0.681144714355469 0.553516983985901 0.564695656299591 0.568035483360291 0.462548553943634 0.420533001422882 0.56389969587326 0.505148649215698 0.371167421340942 0.409798741340637 0.534010469913483 0.352982819080353 0.277932167053223 0.299866139888763 0.537531435489655 0.591752886772156 0.481030821800232 0.509491741657257 0.102954283356667 0.132926434278488 0.206516310572624 0.268171697854996 0.316572517156601 0.232072666287422 0.430987536907196 0.508410155773163 0.436067819595337 0.335613250732422 0.301168292760849 0.43000391125679 0.366450786590576
0.36456087231636 0.305495858192444 0.305892944335938 0.355879276990891 0.249902173876762 0.530709683895111 0.437861353158951 0.460257828235626 0.551802039146423 0.689786970615387 0.748676419258118 0.687265813350677 0.760858297348022 0.791160762310028 0.683827817440033 0.45857760310173 0.53479540348053 0.559078216552734 0.529944181442261 0.619263708591461 0.568328142166138 0.472167402505875 0.529873013496399 0.641494154930115 0.653085172176361 0.75348037481308 0.415879011154175 0.626149535179138 0.521900534629822 0.379739552736282 0.581466555595398 0.559440732002258 0.510983288288116 0.515395641326904 0.355405658483505 0.284533888101578 0.438366949558258 0.418267488479614 0.352636903524399 0.36651936173439 0.349623501300812 0.451936423778534 0.4242984354496 0.578640937805176
0.253567308187485 0.280178189277649 0.316633135080338 0.302768737077713 0.24623629450798 0.337663233280182 0.397289454936981 0.406125158071518 0.499525189399719 0.667505264282227 0.688651323318481 0.627545833587646 0.840310752391815 0.836148798465729 0.823939800262451 0.576515793800354 0.627447247505188 0.64135354757309 0.657597005367279 0.516734004020691 0.577098846435547 0.610282003879547 0.626942813396454 0.618593096733093 0.582370698451996 0.441526532173157 0.558166682720184 0.518052399158478 0.558507442474365 0.638789892196655 0.645836293697357 0.179491698741913 0.246347144246101 0.07481899112463 0.0987744182348251 0.11104616522789 0.230214044451714 0.244569718837738 0.126200869679451 0.0517533160746098 0.126155197620392 0.0667968094348907 0.157327264547348 0.0958897992968559
0.0918727889657021 0.2585728764534 0.209254339337349 0.246222972869873 0.117075577378273 0.272536277770996 0.550339758396149 0.559593379497528 0.686911821365356 0.823408544063568 0.712433874607086 0.581027746200562 0.754341423511505 0.823171555995941 0.784145951271057 0.790552735328674 0.644356966018677 0.639268457889557 0.550604104995728 0.577610373497009 0.496723294258118 0.714172661304474 0.730673551559448 0.726256310939789 0.658253788948059 0.755056083202362 0.661342561244965 0.638296127319336 0.759772777557373 0.735365688800812 0.686985313892365 0.221907913684845 0.02226154319942 0.0790256634354591 0.214242413640022 0.366880089044571 0.486763477325439 0.629643499851227 0.345071345567703 0.147762730717659 0.0274143312126398 0.0831403583288193 0.0839234963059425 0.063343346118927
0.336624920368195 0.289293825626373 0.30931031703949 0.313469022512436 0.274116098880768 0.406916886568069 0.488336116075516 0.579871892929077 0.680097162723541 0.696649610996246 0.797542214393616 0.755001783370972 0.761698126792908 0.868503630161285 0.960004687309265 0.957178592681885 0.844468712806702 0.84571647644043 0.753031373023987 0.477845460176468 0.581103265285492 0.635092675685883 0.753188192844391 0.659597754478455 0.726340234279633 0.698154628276825 0.627992510795593 0.697048604488373 0.874601662158966 0.669497966766357 0.578829407691956 0.50153636932373 0.0628535896539688 -0.0578961186110973 0.362239718437195 0.464845180511475 0.510921895503998 0.498239010572433 0.737442314624786 0.205249384045601 -0.0537676475942135 0.0505024343729019 -0.021470233798027 0.258653312921524
0.185971736907959 0.249232664704323 0.212059959769249 0.377702176570892 0.323779463768005 0.36455574631691 0.454497337341309 0.611471772193909 0.63763028383255 0.640267491340637 0.881715416908264 0.724494218826294 0.74706107378006 0.976616978645325 1.0170191526413 0.949997544288635 0.930422306060791 1.03870940208435 0.856667220592499 0.821191728115082 0.910059332847595 0.75919109582901 0.794347703456879 0.67462557554245 0.778435885906219 0.618581235408783 0.572971999645233 0.533777713775635 0.739302277565002 0.686298668384552 0.49111545085907 0.380477160215378 0.0859591290354729 0.190592631697655 0.476878732442856 0.48787185549736 0.448608756065369 0.534069240093231 0.611000418663025 0.218955367803574 0.11215753108263 0.153631791472435 0.229344323277473 0.566898047924042
0.144635334610939 0.184339299798012 0.302453011274338 0.327124506235123 0.337367832660675 0.513060867786407 0.444397300481796 0.675920426845551 0.786721289157867 0.719507694244385 0.800346434116364 0.894268870353699 0.961909592151642 0.982245862483978 1.05939757823944 1.07891631126404 0.825361728668213 0.962927639484406 0.907944858074188 0.737565398216248 0.945464193820953 0.897612810134888 0.739669322967529 0.810231506824493 0.65976881980896 0.752748548984528 0.71242219209671 0.628844976425171 0.807787835597992 0.658628761768341 0.569738805294037 0.159368112683296 0.151540011167526 0.402976661920547 0.492881327867508 0.626125991344452 0.656648814678192 0.723216116428375 0.462707936763763 0.680043399333954 0.584326982498169 0.0714569911360741 0.324908316135406 0.782772481441498
0.259988278150558 0.378110975027084 0.322869002819061 0.366712599992752 0.436558812856674 0.464476108551025 0.47674623131752 0.505223333835602 0.713217556476593 0.7606400847435 0.864601850509644 1.05800557136536 0.967183411121368 1.013063788414 1.06352078914642 0.957147717475891 0.917828500270844 0.889030873775482 0.862978398799896 0.686756610870361 0.91945618391037 0.865858256816864 0.874142944812775 0.780569553375244 0.755726039409637 0.800398588180542 0.791617751121521 0.725016951560974 0.815285623073578 0.672869265079498 0.442453265190125 0.0316330753266811 -0.0383338183164597 0.325025796890259 0.610605418682098 0.737176239490509 0.713140547275543 0.77952778339386 0.787798643112183 0.718554675579071 0.667604148387909 0.271179974079132 0.568410396575928 0.790597558021545
0.278492987155914 0.386723786592484 0.310096204280853 0.271175682544708 0.372983127832413 0.437511891126633 0.48046487569809 0.432027608156204 0.614090621471405 0.641333341598511 0.804923593997955 0.917144179344177 0.907953858375549 0.939519703388214 0.916340827941895 0.905266404151917 0.853803217411041 1.01978325843811 0.947921276092529 0.797437906265259 0.851482629776001 0.918334662914276 0.971020221710205 0.843249917030334 0.797706186771393 0.882860004901886 0.901319921016693 0.878194630146027 0.798762679100037 0.663831472396851 0.384180575609207 0.0914498344063759 0.093212753534317 0.112505674362183 0.72080260515213 0.768924713134766 0.814701974391937 0.672064006328583 0.729607760906219 0.597687184810638 0.603516638278961 0.698004364967346 0.685460090637207 0.704929411411285
0.290533125400543 0.330832660198212 0.403315156698227 0.537900865077972 0.277187526226044 0.454674303531647 0.475487798452377 0.306234270334244 0.473471522331238 0.749116480350494 0.775470733642578 1.08279013633728 0.988620102405548 0.836351156234741 0.925410985946655 0.863161087036133 0.880518972873688 0.824178695678711 0.791545331478119 0.836471974849701 0.96192854642868 0.824203729629517 1.03601896762848 0.885807037353516 0.837953507900238 0.741541802883148 0.812117040157318 0.888702273368835 0.765759170055389 0.524266839027405 0.31881907582283 0.0214992351830006 0.105269953608513 0.440535873174667 0.708892703056335 0.682065427303314 0.604476869106293 0.597716450691223 0.726149678230286 0.399231433868408 0.488369554281235 0.415482819080353 0.148639336228371 0.0592633299529552
0.2220718562603 0.263521075248718 0.239093527197838 0.275635242462158 0.457183450460434 0.380291193723679 0.541000664234161 0.365727931261063 0.529463052749634 0.8107790350914 0.901243090629578 1.00317239761353 0.935765564441681 1.01575517654419 0.730448126792908 0.7787104845047 0.750006973743439 0.666610300540924 0.701225161552429 0.802777230739594 0.881324827671051 0.966766357421875 0.878109991550446 0.930971622467041 0.989998638629913 0.909253239631653 0.962701499462128 0.922938346862793 0.801478743553162 0.626894056797028 0.402337402105331 0.0688040107488632 0.448886632919312 0.815606474876404 0.877172112464905 0.76879745721817 0.670023858547211 0.801468849182129 0.765351712703705 0.456516802310944 0.111587196588516 0.0835007652640343 0.119344808161259 0.302153497934341
