assets/gome_f/processed/ascii/us/gome_sif_US_20130401.asc
NCOLS 116 
NROWS 53 
XLLCORNER -125 
YLLCORNER 24.5 
CELLSIZE 0.5 
NODATA_value -3.4e+38 
[rows 0 to 18 of 53, columns 44 to 87 of 116]
-999 -999 -999 -999 -999 -999 -999 0.181821510195732 -999 0.0665448755025864 -0.655332684516907 0.104931384325027 0.244106858968735 -999 0.238288849592209 0.0229674428701401 -999 0.00146015209611505 -0.50522381067276 0.222602590918541 -999 0.257388800382614 -999 -999 -999 -999 -999 -999 -999 -999 -999 -999 -999 -0.290517449378967 -999 0.128277108073235 0.160095915198326 -999 -999 -999 -999 -999 -999 -999
-999 -999 -999 -999 -999 -999 0.254422962665558 -0.165237292647362 -999 0.153092429041862 -0.30561375617981 -0.00880694016814232 -999 0.146045252680779 0.241334497928619 -999 -999 -999 -999 -999 -999 -999 -999 -999 -999 -999 -999 -999 -999 -999 -999 -999 -999 -999 0.0718520283699036 0.148001730442047 -999 -999 0.138035163283348 -999 -999 -999 -999 -999
-999 -999 -999 -999 -999 -999 0.232867240905762 -999 -0.0798172578215599 -0.105437964200974 -0.433634400367737 0.187312215566635 -999 -0.458549648523331 -999 -999 -999 -999 -999 -999 -999 -999 -999 -999 -999 -999 -999 -999 -999 -999 -999 -999 -999 -999 -999 0.171891734004021 0.278914034366608 0.03821125254035 0.0457440093159676 -0.485002428293228 0.0913878604769707 -999 0.427526295185089 -999
-999 -999 -999 -999 -999 -999 -999 -999 -999 -999 0.138271510601044 -999 -999 -999 -999 -999 -999 -999 -999 -999 -999 -999 -999 -999 -999 -999 -999 -999 -0.217677935957909 -999 -999 -999 -999 -999 0.107269026339054 0.178173691034317 0.334383308887482 0.31440269947052 0.34179362654686 -0.0286393146961927 0.225722670555115 0.0202652961015701 0.0747073665261269 0.0240818168967962
-999 -0.435968995094299 0.0569116063416004 -999 -999 -0.228958442807198 -999 -999 -999 -999 -999 -999 -999 -999 -999 -999 -999 -999 -999 -999 -999 -999 -999 -999 -999 -999 0.19720196723938 -0.038744542747736 -0.0923162251710892 -999 -0.239772796630859 -0.124960169196129 0.0797103121876717 0.143528074026108 0.159269511699677 -0.0165579598397017 0.0584277436137199 -0.138490051031113 0.082634873688221 -0.184726402163506 -0.0120820486918092 -0.0162271708250046 -0.197633728384972 -0.491375148296356
-0.0465653724968433 -0.00095723569393158 -0.145980671048164 -0.327891439199448 -999 -999 -999 -999 -999 -999 -999 -999 -0.274405419826508 -999 -999 -999 -999 -999 -999 -999 -999 -999 -0.37499612569809 -999 -0.0986138135194778 -999 -0.0853545069694519 -0.0327410623431206 0.0475948192179203 -0.0497974157333374 -0.0439996868371964 -0.0515714623034 -0.167517572641373 -0.024111544713378 0.0682807788252831 0.0665015950798988 -999 0.0124221071600914 0.159064754843712 0.0231117699295282 0.355670094490051 0.13916027545929 -0.0589999258518219 0.1554124802351
-0.207214877009392 -0.0384386479854584 0.233651727437973 -999 -0.0326047390699387 -999 -999 -999 -999 -0.171362221240997 -0.261772036552429 -999 0.0794052705168724 -999 -0.441925406455994 -999 -999 -999 -999 0.0260254461318254 -999 0.177653759717941 -0.258338272571564 0.194664403796196 0.177838355302811 -0.0153337204828858 -0.128851011395454 -0.0549102090299129 -0.0434600114822388 0.015960106626153 0.0264739450067282 0.0894881784915924 0.00453957356512547 0.0103449393063784 0.0990655645728111 -0.0115617867559195 -0.0386641062796116 -0.202893123030663 -0.00706025678664446 0.0385773479938507 -999 -0.224580943584442 -0.386567324399948 0.0122218504548073
0.0907515659928322 0.0617938116192818 -0.0901246815919876 -0.00699563091620803 -0.209404811263084 -999 -0.00995215028524399 -999 0.432764083147049 -999 -0.102110244333744 -999 0.207837790250778 -999 -0.0731558725237846 -0.119368694722652 0.0790535807609558 -999 -0.0520277917385101 -999 -999 0.162007927894592 0.261047869920731 0.041105180978775 0.0705143138766289 -0.0172367133200169 -0.107837073504925 0.0462483167648315 -0.0593291036784649 0.0845510140061378 0.0797988027334213 0.0162978246808052 0.0495892763137817 0.0750965625047684 -0.0213315803557634 0.115449979901314 0.0594043843448162 0.025787491351366 0.116223953664303 0.244944095611572 0.018783001229167 0.00439155614003539 0.185639411211014 0.0492337942123413
-0.00233320333063602 -0.00762555142864585 0.0220018550753593 -0.00177166610956192 -0.0297145489603281 0.196214124560356 0.345263242721558 -999 -999 -999 0.190045431256294 -999 0.213954538106918 -999 0.00639587407931685 -999 0.170165255665779 -999 -0.0976760163903236 0.243385016918182 0.08573217689991 0.0924359634518623 0.0110139837488532 0.187294960021973 0.0365824513137341 0.0304861944168806 0.075743280351162 0.0229027085006237 -0.0814421996474266 0.0509412735700607 0.308478534221649 0.0285036973655224 0.0359710119664669 -0.0128074837848544 0.0981861799955368 0.0617235861718655 0.0141076948493719 -0.137117207050323 0.0600151978433132 -0.0270444937050343 0.0629051104187965 0.0769471377134323 0.0161518715322018 0.0541037172079086
-0.146693468093872 -0.0182321891188622 0.0423560850322247 0.158601850271225 0.0952637568116188 0.153560742735863 0.132077991962433 -0.0662954226136208 0.180379882454872 0.286337912082672 -999 -0.073290154337883 -999 0.371461451053619 0.152045041322708 0.0177505817264318 -0.0580952651798725 -999 -0.252386063337326 0.124230340123177 0.0254132691770792 -0.0987096130847931 0.0539012663066387 -999 -0.0592511147260666 0.0283063221722841 0.110566273331642 0.225195169448853 0.118197329342365 -0.0662675499916077 -0.0119642466306686 0.124073080718517 0.259546369314194 0.0135794365778565 0.0682035982608795 0.0272480249404907 -0.0979478433728218 -0.0195496622473001 -999 -0.0102510899305344 0.0542137734591961 0.0624609589576721 -0.07459407299757 -0.0625593364238739
0.144412249326706 0.102693848311901 0.256873428821564 0.0408606268465519 0.0898279845714569 -0.052016194909811 0.181459426879883 -0.0982716605067253 -999 -0.128534615039825 -999 0.205457642674446 -999 -0.00255444156937301 -0.0698967128992081 -0.209770336747169 -999 -999 0.295768529176712 -0.0966715738177299 -0.0259185619652271 0.202490389347076 0.0718723759055138 -0.27043429017067 0.133491277694702 0.13874152302742 0.0347833931446075 -0.00852191727608442 0.148722648620605 0.130722478032112 0.0601725392043591 0.133050709962845 0.050367821007967 -0.0794726684689522 0.113918304443359 0.0804910883307457 0.107142865657806 0.0553917549550533 -0.0809407085180283 0.0263139437884092 0.0534669645130634 -0.0236167814582586 -0.190713077783585 0.0720612853765488
0.0592477172613144 0.0809004381299019 -0.0519091598689556 -0.131842717528343 -0.103432558476925 0.157083585858345 0.0833560451865196 -0.0160529222339392 0.391629725694656 0.0292122568935156 -0.192766115069389 -0.295815199613571 -999 -0.0105209751054645 0.0665834099054337 -0.190516129136086 0.11886977404356 -0.0355588234961033 0.186360597610474 -0.0786124542355537 0.0801982060074806 0.202264681458473 -0.185019627213478 0.231262549757957 -0.0127111030742526 -0.120349764823914 0.0654341503977776 0.0785734355449677 0.0875321850180626 0.0307604055851698 -0.018673125654459 0.0367444753646851 0.0985409170389175 -0.14791864156723 -0.0456093549728394 0.0592703893780708 0.0841010212898254 0.139292061328888 0.143226265907288 0.0872009471058846 0.0531380884349346 -0.0424086898565292 0.0792691335082054 -0.00252513960003853
0.0877714529633522 0.156719639897346 -0.0193010121583939 -0.0157952886074781 0.0333859696984291 0.163840055465698 0.0124243972823024 -0.0793935731053352 0.0985453128814697 -0.0575887225568295 -0.0578806102275848 0.0877849534153938 -0.0600055232644081 -0.0933989509940147 -0.0225371140986681 0.0448592528700829 -0.0797073990106583 -0.0767020285129547 0.124783739447594 0.00845229718834162 -0.025632057338953 -0.0213270410895348 0.124979853630066 0.0119247986003757 0.111001789569855 0.0410054698586464 -0.0358807966113091 -0.000599527382291853 0.00509362667798996 -0.0770012140274048 0.154758468270302 0.25802606344223 -0.0390595570206642 -0.0753816664218903 0.0229235999286175 -0.0406261831521988 0.158048450946808 0.126886740326881 0.07469242811203 0.0261437930166721 0.17033277451992 0.0238139517605305 -0.0187656600028276 0.0362471267580986
0.0465937964618206 -0.0272143390029669 0.142703890800476 0.166355967521667 -0.252028733491898 0.0360428057610989 0.0267561189830303 0.0803100690245628 0.113413937389851 0.0164102837443352 0.126202031970024 -0.0465675629675388 0.0192891061306 -0.0710419565439224 -0.00372286140918732 0.0774332359433174 -0.00720943277701735 0.125213950872421 -0.0432284958660603 0.0114037413150072 0.00124767422676086 -0.101434327661991 0.0897750183939934 0.0943106189370155 0.290373980998993 0.101129591464996 -0.0366380847990513 0.100762791931629 0.110869035124779 0.0986061319708824 0.185582265257835 0.0499545149505138 0.104198545217514 -0.0122109036892653 -0.119051203131676 0.037476047873497 0.0473688803613186 0.0391734503209591 0.0988523215055466 0.0250901337713003 0.0549570173025131 -0.063680924475193 -0.0704924687743187 0.198121950030327
0.0414145477116108 0.0246051922440529 0.0796021074056625 0.126558363437653 0.101582132279873 0.104705527424812 0.0589375495910645 -0.207008704543114 0.199138700962067 0.0708272680640221 0.0693779960274696 -0.0207300018519163 0.0284995008260012 0.0486062243580818 0.0288473125547171 0.144514784216881 -0.162308409810066 -0.103405691683292 0.0389474220573902 -0.0147508587688208 -0.044403076171875 0.14652681350708 0.0182443093508482 -0.0334483496844769 0.11514176428318 -0.000704558857250959 0.0471006296575069 0.0217142794281244 -0.0460407547652721 0.0328781567513943 0.0482809692621231 -0.069772943854332 0.133224114775658 0.0826965346932411 -0.0533266477286816 0.0418607816100121 0.003792924573645 0.0520776025950909 0.115596145391464 0.142482101917267 0.0937092006206512 -0.00850309617817402 -0.100113168358803 0.0293097384274006
-0.00697904918342829 -0.0613725110888481 0.0823950469493866 0.137137889862061 0.0954421758651733 0.0654895529150963 -0.0505453422665596 -0.0517695918679237 0.32850569486618 -0.129661232233047 0.0609311573207378 -0.0375957898795605 -0.0158859994262457 -0.0252547040581703 0.372785657644272 0.040988352149725 -0.162993639707565 0.0762009769678116 -0.0108250565826893 0.0322262160480022 0.0691851228475571 0.00239661964587867 -0.00223203306086361 0.0494340471923351 -0.00620375387370586 0.129682958126068 -0.0636481866240501 -0.00990520417690277 0.0331754311919212 0.0934038236737251 -0.0302857644855976 0.0507432334125042 -0.0771306902170181 -0.0471661165356636 0.176382780075073 0.0916488245129585 0.0181955359876156 -0.000559031206648797 -0.0101968739181757 0.0553177818655968 0.125025510787964 0.137601673603058 -0.0316623039543629 0.106105551123619
0.163413181900978 -0.00420144200325012 0.00802977848798037 0.139555379748344 0.0618730187416077 -0.053066361695528 -0.0374949015676975 -0.161391735076904 0.130262896418571 -0.0716036781668663 0.136602595448494 0.149650767445564 0.0130145940929651 0.0362981930375099 0.151041090488434 -0.0959644839167595 0.0529652386903763 0.0457065626978874 -0.0171514507383108 -0.070353239774704 0.120796389877796 0.126158148050308 0.0741543397307396 0.109020046889782 0.0165408384054899 0.0773035660386086 0.271694421768188 0.163851574063301 0.0924787893891335 0.123982451856136 0.102235555648804 -0.0398841202259064 0.0370698757469654 0.00153856724500656 0.195071011781693 0.210715085268021 0.018762456253171 0.0947997123003006 0.0356508269906044 0.00544770248234272 0.230889067053795 0.16354164481163 0.0234357360750437 0.0954972803592682
0.0781981870532036 0.0705654695630074 0.0545500591397285 -0.0434567183256149 0.0443479493260384 0.117332339286804 -0.0623282007873058 -0.0895655751228333 0.152123779058456 -0.0700183734297752 0.00763018429279327 0.145812600851059 0.116593584418297 -0.141326606273651 0.0690666884183884 0.0456492304801941 0.062908262014389 -0.00575971184298396 0.100627049803734 0.0753255784511566 0.0689705535769463 0.0692695677280426 0.217370346188545 0.0609758906066418 0.109147742390633 0.0383322425186634 0.148765623569489 0.0124316485598683 0.145906910300255 0.0863758251070976 0.147379741072655 -0.00949469488114119 -0.130668699741364 -0.0234002117067575 0.143416851758957 0.0325999483466148 0.132459864020348 0.105536974966526 -0.0218805316835642 -0.0157248508185148 0.0581186786293983 0.0857095047831535 0.0567832365632057 0.00612479075789452
0.0495603494346142 -0.00263502798043191 0.105539634823799 0.0398604944348335 -0.0607107169926167 -0.00867410842329264 0.182525873184204 0.0721966922283173 -0.0621280521154404 0.0819550827145576 0.093305729329586 0.077573299407959 0.079627051949501 0.0844747424125671 0.0452009215950966 -0.0493266433477402 0.102308310568333 0.0499092563986778 0.14498008787632 -0.0415677912533283 0.0112598817795515 0.156287670135498 0.139608010649681 0.123389482498169 0.00130848062690347 0.037909209728241 0.097066342830658 0.150104627013206 0.0636188760399818 0.183266580104828 0.0950810015201569 0.17032627761364 -0.0153724383562803 0.00800452008843422 0.161410585045815 0.189853936433792 0.0999845936894417 0.0254917740821838 0.0827213972806931 0.0938218161463737 -0.0066690226085484 0.0344208851456642 0.0724931731820107 0.12418944388628
