assets/gome_f/processed/ascii/us/gome_sif_US_20130701.asc
NCOLS 116 
NROWS 53 
XLLCORNER -125 
YLLCORNER 24.5 
CELLSIZE 0.5 
NODATA_value -3.4e+38 
[rows 0 to 18 of 53, columns 44 to 87 of 116]
0.834074139595032 0.872332632541656 0.898268818855286 1.05180680751801 0.937302231788635 0.867504239082336 0.787203669548035 0.674406707286835 0.522205173969269 0.367280095815659 0.622224628925323 0.631758749485016 0.37093198299408 0.387181907892227 0.371221423149109 0.316658526659012 0.347029149532318 0.443181961774826 0.405737400054932 0.318312287330627 0.343823671340942 0.275383204221725 0.336220681667328 0.318783938884735 0.261195629835129 0.309018492698669 0.322552353143692 0.29552561044693 0.308827906847 0.351824641227722 0.38918924331665 0.23035854101181 0.273814260959625 0.357156097888947 0.466328173875809 0.346032023429871 0.21238711476326 0.261469155550003 0.29702040553093 0.289026081562042 0.353346765041351 0.352263271808624 0.231686294078827 0.481673389673233
0.74665755033493 0.687552750110626 0.677864253520966 0.987116634845734 0.883876621723175 0.88822203874588 0.864889919757843 0.79293966293335 0.766872525215149 0.520297348499298 0.57841169834137 0.762666583061218 0.575228095054626 0.714471757411957 0.415543854236603 0.540498852729797 0.293692857027054 0.356569409370422 0.55884975194931 0.440609872341156 0.274578362703323 0.260200083255768 0.51946234703064 0.254255175590515 0.32877579331398 0.404755115509033 0.352881342172623 0.331519544124603 0.351345300674438 0.38370680809021 0.478158056735992 0.461099028587341 0.499596536159515 0.475905686616898 0.4443199634552 0.401363104581833 0.438202947378159 0.421896308660507 0.330314993858337 0.521202504634857 0.321901798248291 0.309229612350464 0.326681673526764 0.367839515209198
0.714659035205841 0.690605998039246 0.726761043071747 0.726992964744568 0.749155402183533 0.901960253715515 0.804045855998993 0.778882324695587 0.934513747692108 0.933995723724365 0.704757750034332 0.749948441982269 0.914126932621002 0.684160828590393 0.478052109479904 0.441555470228195 0.496434330940247 0.281242430210114 0.235267266631126 0.470606505870819 0.44505774974823 0.529733240604401 0.307637959718704 0.379099130630493 0.5152707695961 0.527648985385895 0.491077154874802 0.452019870281219 0.415636956691742 0.180314868688583 0.453242480754852 0.457261323928833 0.38035124540329 0.25380751490593 0.588515996932983 0.519376754760742 0.44769749045372 0.41016086935997 0.507634103298187 0.617925524711609 0.55444598197937 0.452559351921082 0.519441187381744 0.453975468873978
0.723314821720123 0.846784353256226 0.865162253379822 0.524058699607849 0.947452008724213 0.886549174785614 0.917211472988129 0.811504364013672 0.958934485912323 1.0113308429718 1.06830906867981 0.922121465206146 0.920539319515228 0.65162593126297 0.558003604412079 0.494688123464584 0.405449599027634 0.443251818418503 0.427914142608643 0.646626472473145 0.340371012687683 0.622566163539886 0.412481606006622 0.362395882606506 0.714012086391449 0.531328618526459 0.365828990936279 0.350088179111481 0.461037814617157 0.530156314373016 0.474664330482483 0.404332786798477 0.548846125602722 0.461595267057419 0.453900039196014 0.393510401248932 0.388062298297882 0.52107959985733 0.556609451770782 0.555830895900726 0.652554452419281 0.496413320302963 0.607632577419281 0.429638296365738
0.775132536888123 0.634524762630463 0.773503363132477 0.696911215782166 0.673723101615906 0.802573382854462 0.64614200592041 0.667469203472137 0.803953528404236 0.774975419044495 0.612939774990082 0.792837798595428 0.852121293544769 0.792822778224945 0.698687255382538 0.668717086315155 0.500912487506866 0.636677742004395 0.8103266954422 0.52636593580246 0.595874428749084 0.551338791847229 0.4667948782444 0.483168542385101 0.554438591003418 0.703110873699188 0.523394525051117 0.494282394647598 0.306136250495911 0.354051738977432 0.164176717400551 0.202191680669785 0.222798213362694 0.289381176233292 0.476827770471573 0.539114356040955 0.515066385269165 0.391238242387772 0.693823099136353 0.45768079161644 0.464379549026489 0.523031949996948 0.55374801158905 0.450687438249588
0.787028193473816 0.680003523826599 0.770555913448334 0.608738899230957 0.631512999534607 0.516116619110107 0.559169769287109 0.437893271446228 0.480454653501511 0.676187753677368 0.779776036739349 0.727766871452332 0.89450067281723 0.696681499481201 0.778849601745605 0.651141762733459 0.49194797873497 0.656266510486603 0.676477134227753 0.721394419670105 0.603676795959473 0.665810763835907 0.404304206371307 0.349679440259933 0.561757504940033 0.678850412368774 0.554513990879059 0.438842803239822 0.222554907202721 -0.0267400350421667 -0.0160454791039228 0.0692311152815819 -0.0285905878990889 0.106066644191742 0.269567787647247 0.406069427728653 0.491684526205063 0.216197550296783 0.470105618238449 0.424710810184479 0.577751159667969 0.539038062095642 0.566088974475861 0.48442605137825
0.638234674930573 0.551606476306915 0.754959881305695 0.713515400886536 0.752684056758881 0.722400963306427 0.579338729381561 0.743020415306091 0.67171984910965 0.674543499946594 0.80476188659668 0.747028410434723 0.873849093914032 0.805748701095581 0.904092788696289 0.647617220878601 0.909836649894714 0.723159313201904 0.655332028865814 0.646153748035431 0.703135430812836 0.677467942237854 0.568789720535278 0.61193573474884 0.335502713918686 0.198073923587799 0.210048884153366 0.135385423898697 0.0032236254774034 0.105997607111931 0.098027266561985 0.0923663303256035 0.0519225485622883 0.132415369153023 0.0974598079919815 0.220674946904182 0.464926302433014 0.64158695936203 0.409579008817673 0.557738184928894 0.483081728219986 0.465143889188766 0.448252648115158 0.589819252490997
0.690707445144653 0.758675754070282 0.552936494350433 0.62573903799057 0.834043681621552 0.755703091621399 0.589331567287445 0.642911791801453 0.66128021478653 0.765723586082458 0.758887350559235 0.725782573223114 0.769285261631012 0.845526218414307 0.751302659511566 0.800222456455231 0.737288057804108 0.671506404876709 0.798275113105774 0.864745914936066 0.829982578754425 0.641744494438171 0.622878909111023 0.40566012263298 0.163159936666489 0.207453325390816 0.0906886383891106 0.135677993297577 0.303896427154541 0.439478605985641 0.0394059419631958 -0.047976266592741 0.0505708828568459 0.22333599627018 0.122952163219452 0.0569532848894596 0.165945678949356 0.423254042863846 0.638208568096161 0.658320128917694 0.407309770584106 0.595037043094635 0.435528963804245 0.58445793390274
0.863228976726532 0.680657088756561 0.483417510986328 0.750826418399811 0.62370365858078 0.679592967033386 0.633074879646301 0.585538625717163 0.665812313556671 0.840282738208771 0.795208334922791 0.890506207942963 0.70212584733963 0.89887660741806 0.773161828517914 0.827986538410187 0.835801362991333 0.629705488681793 0.827673852443695 0.825836181640625 0.76631373167038 0.839593529701233 0.674627482891083 0.455050349235535 0.595037877559662 0.296843647956848 0.438604176044464 0.529362320899963 0.810427188873291 0.618048310279846 0.48492220044136 0.255945473909378 0.193839102983475 0.11588042974472 0.265224725008011 0.201647073030472 0.34911435842514 0.359288454055786 0.648927509784698 0.673931837081909 0.518924832344055 0.553858637809753 0.549336194992065 0.666050970554352
0.807847321033478 0.697332918643951 0.572490334510803 0.75387716293335 0.518027245998383 0.631174027919769 0.635755956172943 0.499672889709473 0.527914583683014 0.713589608669281 0.682610392570496 0.676268339157104 0.84981507062912 0.786807477474213 0.801735937595367 0.821696102619171 0.74332857131958 0.626153230667114 0.757033944129944 0.7946537733078 0.921063899993896 0.788574397563934 0.779208898544312 0.672409117221832 1.03038716316223 0.746468186378479 0.774186670780182 0.611219227313995 0.840403974056244 0.667044520378113 0.582776308059692 0.499393075704575 0.697692453861237 0.680608630180359 0.414454996585846 0.469460010528564 0.420237153768539 0.450180500745773 0.432306379079819 0.386117368936539 0.409648150205612 0.526497602462769 0.645930230617523 0.485445320606232
0.481378555297852 0.530102729797363 0.515879452228546 0.639926612377167 0.561122059822083 0.632092118263245 0.767821192741394 0.790008842945099 0.796967446804047 0.821702420711517 0.744233310222626 0.701306641101837 0.76000714302063 0.792395353317261 0.845897138118744 0.790399968624115 0.740746140480042 0.780071794986725 0.701823949813843 0.923561990261078 0.812116384506226 0.73286497592926 0.768974125385284 0.736804187297821 0.864507377147675 0.663975358009338 0.745398998260498 0.783749341964722 0.747225940227509 0.7781982421875 0.686212062835693 -0.0319256335496902 0.175491601228714 0.284857153892517 0.234654784202576 0.375753581523895 0.294177204370499 0.326597958803177 0.146828040480614 0.151470839977264 0.038016103208065 0.280006229877472 0.305135250091553 0.109389565885067
0.228173643350601 0.28007447719574 0.378428667783737 0.433816075325012 0.493867576122284 0.511378943920135 0.727887511253357 0.80724436044693 0.869158565998077 0.825971364974976 0.955747067928314 0.804644107818604 0.89119565486908 0.847699165344238 0.994688391685486 0.731953680515289 0.775059640407562 0.761235535144806 0.883610427379608 0.755096912384033 0.898486793041229 0.893146514892578 0.874223530292511 0.771393477916718 0.983904480934143 0.879734098911285 0.756744921207428 0.781433582305908 0.750029563903809 0.726544976234436 0.670022070407867 0.272260218858719 0.289404958486557 0.0862917527556419 0.121301539242268 0.315055340528488 0.564348638057709 0.644158124923706 0.389565944671631 0.163045480847359 0.106437236070633 0.0719732120633125 0.0690259411931038 0.0499718077480793
0.180772200226784 0.224940299987793 0.318558871746063 0.29128634929657 0.303064405918121 0.459627479314804 0.607747137546539 0.832962453365326 0.844760954380035 0.569594860076904 0.616645157337189 0.748470783233643 0.805322647094727 0.905719757080078 0.844480335712433 0.89450341463089 0.820133090019226 0.881635189056396 0.866519749164581 0.683078587055206 0.833784282207489 0.860318183898926 0.88506692647934 0.810260832309723 0.808846771717072 0.752879858016968 0.630869746208191 0.761123776435852 0.667723596096039 0.695850610733032 0.626902878284454 0.66534298658371 0.132002428174019 0.128715232014656 0.537665724754333 0.674432516098022 0.608359456062317 0.636033117771149 0.582316219806671 0.291223108768463 0.1952093988657 0.0514709465205669 -0.121043369174004 0.290844172239304
0.283242046833038 0.203234851360321 0.228262707591057 0.314704388380051 0.368196874856949 0.519817173480988 0.697931110858917 0.638873398303986 0.860994160175323 0.725539922714233 0.760671019554138 0.928128123283386 0.904751002788544 1.00260436534882 0.791467785835266 0.980897724628448 0.751729547977448 0.913075685501099 0.785937607288361 0.679142355918884 0.800370037555695 0.844590067863464 0.84908252954483 0.806918025016785 0.743553280830383 0.710458397865295 0.702317893505096 0.733115553855896 0.66855788230896 0.554309248924255 0.580409526824951 0.549547672271729 0.125709712505341 0.328021436929703 0.730130612850189 0.739851951599121 0.593156576156616 0.62902557849884 0.50354677438736 0.356368243694305 0.172506004571915 0.0140278078615665 0.200759798288345 0.622286796569824
0.300986409187317 0.232398152351379 0.336158454418182 0.338377058506012 0.594339191913605 0.581722378730774 0.755395352840424 0.844553530216217 0.830833315849304 0.937017798423767 0.970769107341766 1.02933084964752 1.01546168327332 1.02294647693634 0.900066673755646 0.529530227184296 0.825721919536591 0.66075474023819 0.69223415851593 0.59135228395462 0.585849940776825 0.783864736557007 0.812001466751099 0.815931916236877 0.779499471187592 0.737173855304718 0.676015257835388 0.869668543338776 0.842884719371796 0.589800298213959 0.597499251365662 0.0207258462905884 0.125788599252701 0.431967377662659 0.768966257572174 0.717370748519897 0.673396646976471 0.668135583400726 0.5538050532341 0.630875527858734 0.700566828250885 0.351869016885757 0.434445083141327 0.612004637718201
0.246547907590866 0.403858721256256 0.519978940486908 0.486915826797485 0.336410284042358 0.452451109886169 0.605868697166443 0.87474662065506 0.790162265300751 0.916593253612518 0.944813072681427 0.992896258831024 0.948211312294006 0.859599173069 0.943022131919861 0.644684314727783 0.856102228164673 0.673685848712921 0.741518199443817 0.642627596855164 0.711998760700226 0.659619390964508 0.777491390705109 0.787774503231049 0.763693571090698 0.866921007633209 0.751648902893066 0.896845161914825 0.864671528339386 0.717395603656769 0.735334753990173 0.0364668108522892 0.0664303451776505 0.357241153717041 0.754473984241486 0.692516565322876 0.684201240539551 0.72212940454483 0.789748251438141 0.737645924091339 0.74071192741394 0.614298820495605 0.613888800144196 0.757407605648041
0.289496630430222 0.336967498064041 0.455997675657272 0.402411729097366 0.462915331125259 0.443327307701111 0.703070759773254 0.723472118377686 0.713914036750793 0.74126398563385 0.9204181432724 1.02760374546051 0.870578229427338 0.897587895393372 0.972310483455658 0.846654295921326 0.678906857967377 0.686799168586731 0.754021942615509 0.788789927959442 0.868466079235077 0.741054773330688 0.840959966182709 0.929141461849213 0.829720854759216 0.795398771762848 1.09504354000092 0.902395784854889 0.817851006984711 0.687653064727783 0.524195849895477 0.108809232711792 0.177015468478203 0.426423102617264 0.641154646873474 0.716928005218506 0.738857626914978 0.702654361724854 0.789238393306732 0.659372389316559 0.602535009384155 0.804126441478729 0.946266174316406 0.636200368404388
0.422033399343491 0.252984881401062 0.366038858890533 0.480367183685303 0.417098969221115 0.460192084312439 0.487961709499359 0.525234341621399 0.621601402759552 0.765547573566437 0.957921206951141 0.977964043617249 0.99960732460022 0.988867402076721 0.846045672893524 0.923891246318817 0.79223757982254 0.79495233297348 0.761711955070496 0.853869497776031 0.850767910480499 0.762729167938232 0.778541803359985 0.876197338104248 0.942745447158813 0.937877118587494 0.891009867191315 1.00995814800262 1.00865888595581 0.591957688331604 0.338815361261368 0.10339243710041 0.0847116634249687 0.367860525846481 0.642745077610016 0.755395472049713 0.912262916564941 0.717896223068237 0.597500085830688 0.590619325637817 0.292623937129974 0.423553049564362 0.332021981477737 0.170535057783127
0.378765285015106 0.407219767570496 0.52593606710434 0.461808264255524 0.448165386915207 0.576684236526489 0.634293615818024 0.484261006116867 0.528073608875275 0.883120656013489 1.03395855426788 1.00321292877197 0.967444896697998 0.91667103767395 0.991137564182281 0.911608815193176 1.00494682788849 0.739302694797516 0.751753628253937 0.891831696033478 0.925299465656281 0.816996395587921 0.859953224658966 0.902592599391937 0.915721893310547 0.867130994796753 0.930204093456268 0.911182403564453 1.02775168418884 0.644617855548859 0.520725965499878 0.434292137622833 0.507982730865479 0.752954125404358 0.601948916912079 0.819988548755646 0.889598309993744 0.871581733226776 0.739763259887695 0.575483024120331 0.256955951452255 0.167914524674416 0.139896854758263 0.301578104496002
