assets/gome_f/processed/ascii/us/gome_sif_US_20120201.asc
NCOLS 116 
NROWS 53 
XLLCORNER -125 
YLLCORNER 24.5 
CELLSIZE 0.5 
NODATA_value -3.4e+38 
[rows 19 to 37 of 53, columns 43 to 85 of 116]
0.0766115486621857 -0.00331648695282638 0.0734485685825348 0.0282862689346075 0.153545171022415 -0.0804730653762817 0.0904087498784065 -0.0651065856218338 0.156271800398827 0.0611771531403065 0.144189268350601 0.00672106631100178 0.0530196167528629 -0.0851954966783524 -0.142294779419899 0.357409954071045 0.0787993520498276 0.117794327437878 0.0513588190078735 0.0836348161101341 0.0649198144674301 -0.0604747720062733 -0.101976908743382 0.0311358496546745 0.038164384663105 0.0605636760592461 0.0451147593557835 0.00158526503946632 0.0215768814086914 -0.0326420292258263 -0.0513752475380898 0.0233349986374378 -0.0878958627581596 0.10698939114809 0.00181903375778347 0.023325415328145 0.0714960768818855 0.0263837985694408 0.0113187879323959 0.0462561324238777 0.0123519282788038 0.0875690430402756 0.14884290099144
-0.0736204162240028 0.16292904317379 0.0766339600086212 0.0530871860682964 -0.123412318527699 -0.061344850808382 0.0809374526143074 0.000493064522743225 0.0304308533668518 0.0679301545023918 -0.0534224659204483 0.105387814342976 -0.0862923339009285 0.0127931591123343 0.0594215728342533 -0.0234759710729122 -0.210291028022766 0.00232229009270668 0.0103980293497443 0.0173565335571766 -0.0126620316877961 0.107393473386765 0.104490883648396 0.0485651046037674 0.0985550433397293 -0.0362760238349438 -0.0403843373060226 0.0786377042531967 0.0465387292206287 0.0585538782179356 0.03946578130126 0.00827665813267231 0.0343233644962311 -0.0223253145813942 0.0197349227964878 0.103398464620113 0.0615103729069233 0.18366414308548 -0.041570957750082 0.00304032699204981 0.139296799898148 -0.0756134763360023 0.0351172089576721
0.0256429091095924 0.0762773975729942 0.0307739861309528 0.0327735804021358 -0.00555294984951615 -0.0922204181551933 0.0179658178240061 0.0290314164012671 0.00816453713923693 0.00785549450665712 -0.0608990676701069 0.106563746929169 0.0575082413852215 0.00797061901539564 0.000425729900598526 -0.118428260087967 -0.03317965939641 0.144959151744843 0.0815735384821892 -0.0649861916899681 0.107154510915279 0.0362442098557949 0.00968610588461161 0.00371497170999646 -0.0218254365026951 -0.0140488473698497 -0.0355672314763069 -0.0135208321735263 0.00646306714043021 0.0987575799226761 0.0757452994585037 -0.00444065826013684 -0.0592291615903378 0.0739471837878227 -0.00811031367629766 -0.00414947932586074 -0.00451100710779428 -0.0368730127811432 -0.0567554011940956 0.106131203472614 0.105701573193073 -0.019441407173872 0.0543646886944771
0.123641349375248 0.0465333983302116 0.0793073251843452 0.0228184014558792 -0.00726248463615775 -0.01329106092453 0.111653335392475 0.0203380919992924 -0.0137531319633126 0.066937118768692 0.0835700854659081 -0.051437072455883 0.0159431770443916 0.115199699997902 0.0393846668303013 -0.0777868032455444 0.00932810455560684 0.0078285550698638 0.0500869788229465 0.0248890686780214 -0.0691848695278168 0.0773129090666771 0.153296008706093 0.0792890712618828 0.0572661943733692 0.0479027591645718 0.148940980434418 0.00465861987322569 0.0200065281242132 0.0871176198124886 -0.0113383969292045 -0.00447002286091447 0.0236453805118799 0.109812073409557 0.0355224758386612 0.0276976618915796 0.0948353782296181 0.0944043844938278 0.0117426533252001 -0.0534260757267475 0.136193633079529 0.153190031647682 0.0827738419175148
-0.0995339527726173 0.0288568530231714 0.032249066978693 0.0115634659305215 0.0968861952424049 0.0232632271945477 -0.00990274082869291 -0.0511273629963398 0.0635965913534164 0.153705880045891 0.170814171433449 0.12919719517231 0.0282827224582434 0.120278462767601 0.0542559735476971 0.107059106230736 0.0426175147294998 0.0201491415500641 -0.0269158091396093 0.00169758428819478 0.0426694713532925 0.10881096124649 0.10469126701355 0.0256314296275377 0.0251401867717505 -0.0558739714324474 0.0637290477752686 0.00782352592796087 0.0661423355340958 0.138853490352631 -0.0115557322278619 -0.0770497992634773 0.0184458941221237 -0.0315253958106041 0.0857979133725166 0.0479182600975037 0.144900158047676 0.0602511763572693 0.117381781339645 -0.0134511878713965 0.056217398494482 0.0795435383915901 0.00574559066444635
0.0457465089857578 0.075470007956028 0.00999347772449255 0.102368697524071 -0.00613526208326221 -0.00456090830266476 0.0947585329413414 0.0115618435665965 0.172027483582497 0.145601689815521 -0.00455152383074164 0.0945754423737526 0.0178643576800823 0.0030386745929718 0.0335199758410454 0.023276487365365 0.0143690705299377 0.102936521172523 0.0644824653863907 -0.0190945155918598 -0.00981071870774031 0.0391129180788994 0.123692139983177 0.085025742650032 0.0843630135059357 -0.021833423525095 0.098186619579792 0.187123730778694 0.154149308800697 0.0896600410342216 0.034574743360281 0.0122311962768435 0.0420250557363033 0.0432718396186829 0.167472973465919 -0.0130441933870316 0.070612445473671 0.0196425653994083 0.119336724281311 0.241436004638672 0.0747377797961235 -0.00884745176881552 0.114762246608734
0.0544002912938595 0.00942845828831196 -0.0783697590231895 0.0235106777399778 0.164643570780754 0.057503342628479 0.194329783320427 0.055536225438118 0.0946520566940308 0.190327063202858 0.166837796568871 0.0418903827667236 0.167397141456604 0.0805228799581528 0.0385677181184292 0.0773901045322418 0.0523130558431149 0.0950000286102295 0.0776202157139778 0.0794019475579262 0.0393456853926182 0.049063254147768 0.0686753317713737 -0.0194096248596907 0.0844423249363899 0.0307646505534649 0.0279723089188337 0.0924389362335205 0.0754713863134384 0.193345382809639 0.079107828438282 0.141222536563873 0.0675744265317917 0.09691521525383 0.100024841725826 0.0106522217392921 0.131025716662407 0.0980481877923012 0.174210280179977 0.0425835624337196 0.00810581911355257 0.0809851512312889 0.0132261235266924
0.0670783445239067 -0.0248834136873484 -0.0579985454678535 -0.0544751398265362 0.0186192337423563 -0.0313135720789433 0.0379580035805702 0.183236941695213 -0.0129850869998336 0.061311699450016 0.082567922770977 0.200390100479126 0.154574334621429 0.14929461479187 0.0906970053911209 0.0784139037132263 0.0171186029911041 0.16239108145237 0.0610730350017548 0.175373896956444 0.161080867052078 0.138457655906677 0.0755145475268364 0.0819536671042442 0.0387383885681629 -0.01605468057096 0.000669084489345551 -0.0869168192148209 -0.00662301667034626 -0.00901985634118319 0.110358498990536 0.0732878819108009 0.0567041002213955 -0.0279665123671293 0.00418913317844272 0.0788088589906693 0.0935057178139687 0.100848689675331 0.0789355561137199 0.0707029178738594 0.0407220870256424 -0.0489198863506317 0.0455439873039722
0.080706313252449 0.0142348296940327 0.0499346219003201 -0.014185706153512 0.0253700166940689 -0.00667396048083901 0.0698699355125427 0.162516713142395 0.0434120483696461 0.0769156888127327 0.275071322917938 0.147145584225655 0.192239239811897 0.0883801579475403 0.0894156321883202 0.113032646477222 0.124338142573833 0.14188651740551 0.213462471961975 0.0765582025051117 0.120363086462021 0.0981299579143524 -0.000737971975468099 0.0501601174473763 -0.0427028350532055 0.081465095281601 0.0348110310733318 0.0536742657423019 0.125886842608452 0.0452647283673286 0.0629442036151886 0.16848212480545 0.0549777634441853 0.0774089395999908 0.159188255667686 0.114298604428768 0.114026553928852 0.136443093419075 0.0644319504499435 0.153961271047592 0.0300379302352667 0.0186732988804579 0.0745859742164612
0.00921865552663803 0.00588449649512768 0.0792025178670883 -0.0314869545400143 0.109100252389908 0.0557629391551018 0.068656712770462 0.0604818575084209 0.0729065462946892 0.0791466385126114 0.183530762791634 0.248452991247177 0.221352815628052 0.178158029913902 0.058631531894207 0.0481985248625278 0.0371869057416916 0.0822378173470497 0.160401731729507 0.15452167391777 0.0672730952501297 0.0552080161869526 0.114043936133385 0.100999765098095 0.0229938011616468 0.0409565530717373 0.00610238313674927 0.142922207713127 0.163825944066048 0.0549660101532936 0.0833399966359138 0.11738221347332 0.146186992526054 0.20615553855896 0.18698938190937 0.172329798340797 0.188113391399384 0.105225637555122 0.0473906137049198 0.128334775567055 -0.0347016155719757 0.0315497294068336 0.132446706295013
-0.0963436514139175 0.0653640851378441 -0.0202563218772411 0.00674149533733726 -0.021373089402914 -0.0387024767696857 -0.0191352423280478 0.0223799552768469 0.099986307322979 0.209593877196312 0.153313606977463 0.260816603899002 0.0867195874452591 0.110345028340816 0.0162917394191027 0.112662568688393 0.0980628058314323 0.0794592723250389 0.191100835800171 0.123163871467113 0.0615009926259518 0.159993052482605 0.0518974512815475 0.007302469573915 0.179474890232086 -0.00393994385376573 0.0449016205966473 0.101403787732124 0.102495595812798 0.095124326646328 0.0534973554313183 0.168204262852669 0.03866121545434 0.0899704545736313 0.158813208341599 0.0498456135392189 0.164531648159027 0.0976139903068542 0.124085269868374 0.0168784279376268 0.153294131159782 0.088015653192997 0.0387803837656975
0.0507577918469906 0.0226824693381786 0.0381637290120125 0.0551861636340618 0.0276786927133799 0.0571158900856972 0.0390140190720558 -0.00487450463697314 -0.0213343072682619 0.152358308434486 0.291398972272873 0.108244121074677 0.186771139502525 -0.0452319979667664 0.0217255242168903 0.258949875831604 0.146743386983871 0.153325065970421 0.0070212110877037 0.0821633487939835 0.102609276771545 0.098176620900631 -0.0536550059914589 0.103698626160622 0.0650098323822021 0.0535421371459961 0.106193408370018 -0.00206261384300888 0.118756234645844 0.169443294405937 0.122984118759632 0.180862367153168 0.11141175031662 0.157102838158607 0.112192414700985 0.140590593218803 0.0533358156681061 0.152467891573906 0.105828426778316 0.0267755016684532 0.1209387332201 0.142048731446266 0.108427345752716
0.0825263038277626 0.0144320428371429 0.0107914330437779 0.0912734419107437 -0.0251192264258862 0.0715696290135384 0.261144489049911 0.0799518227577209 0.308729231357574 0.25374048948288 0.0905307605862617 0.252374261617661 0.136892959475517 0.332651615142822 0.149304732680321 0.0723543390631676 0.0722246542572975 0.14805956184864 0.173371359705925 0.103897474706173 0.114865466952324 0.0426817126572132 0.0885760113596916 0.180444359779358 0.00433876877650619 -0.000585804868023843 0.0920222997665405 0.0903596207499504 0.114063426852226 0.232174277305603 0.144459158182144 0.0964117273688316 0.233517363667488 0.117024287581444 0.161679074168205 0.0353147052228451 0.0381580404937267 0.0865187421441078 0.20338848233223 0.0766788795590401 0.117836013436317 -0.00294507667422295 0.108428873121738
0.0364711247384548 -0.0342052020132542 0.0677053779363632 0.0079143401235342 -0.115056581795216 0.0276402402669191 0.0799371898174286 0.149752855300903 0.228527665138245 0.267307311296463 0.165741324424744 0.0164462104439735 0.137618169188499 0.134289473295212 0.20778451859951 0.0295209046453238 0.0577750727534294 0.122907049953938 0.0345933362841606 0.125593811273575 0.152389973402023 0.0417769402265549 0.0932057425379753 -0.00531324371695518 0.095213495194912 0.0906946137547493 0.224858954548836 0.0781202390789986 0.0381508022546768 0.0914741531014442 0.102069534361362 0.137887239456177 0.331567049026489 0.11713358014822 0.114479638636112 0.0679455474019051 0.120986878871918 0.150583371520042 0.103557020425797 0.10292824357748 0.0695196390151978 0.171146377921104 0.069184273481369
-0.0483494251966476 0.013412032276392 0.0700894147157669 0.0805417373776436 0.0143967913463712 -0.000428194791311398 0.0578073896467686 0.114041745662689 0.13329128921032 0.229349821805954 0.373363107442856 0.354745984077454 0.188143983483315 0.22975966334343 0.0883968845009804 0.162492096424103 0.152394562959671 0.173030063509941 0.198952183127403 0.198290258646011 0.133685082197189 0.00469786301255226 0.201318711042404 -0.233563497662544 0.139972776174545 0.0953888446092606 0.194273218512535 0.012870904058218 0.124073013663292 0.201461672782898 0.0328789688646793 0.103972777724266 0.0460932180285454 0.0449308156967163 0.165398970246315 0.189380303025246 0.146903097629547 0.126086711883545 0.190070629119873 0.104882001876831 0.153499528765678 0.167300671339035 0.137664780020714
-0.0204327665269375 0.0297947973012924 0.0364276245236397 -0.0342023596167564 0.0414114221930504 -0.00810266379266977 0.0337400808930397 0.215919613838196 0.256635636091232 0.239713430404663 0.29000860452652 0.167487278580666 0.264389514923096 0.362539678812027 0.233091086149216 0.201892226934433 0.197171553969383 0.279321879148483 0.113533817231655 0.118283100426197 0.151828825473785 -0.0681757405400276 0.18599534034729 0.104341715574265 0.135404109954834 0.114933051168919 -0.0234895888715982 0.181157603859901 0.40907621383667 0.0968358442187309 0.161508232355118 -0.0413012877106667 0.0455001778900623 0.162155359983444 0.086555227637291 0.0567298233509064 0.0585755445063114 0.108401849865913 0.157606557011604 0.0772932544350624 -0.00407519331201911 0.0869397819042206 0.173774883151054
0.0150100449100137 0.0210624821484089 0.0815263912081718 0.00390012259595096 0.0503403097391129 0.0521566197276115 0.148110717535019 0.266919493675232 0.172947108745575 0.315751850605011 0.295996725559235 0.037278238683939 0.00104233250021935 0.290116965770721 0.341155081987381 0.147279888391495 0.200581952929497 -999 0.133983135223389 0.152774497866631 0.121334187686443 0.198909625411034 0.128533065319061 0.125382497906685 0.0404828749597073 0.0385041609406471 0.19661308825016 0.105946570634842 0.112972773611546 0.197090163826942 0.153903111815453 0.135420933365822 0.126977741718292 -0.0549754984676838 0.0516180992126465 0.110975243151188 0.30095636844635 0.0714433416724205 0.30277881026268 0.117866992950439 0.0690223798155785 0.155014261603355 0.0824406668543816
0.12451758235693 -0.0430013909935951 0.0454474948346615 -0.0550097934901714 0.0841782614588737 0.0496605560183525 0.0757965743541718 0.109220951795578 -0.0396278463304043 0.0875261202454567 0.188464522361755 0.19030199944973 0.236887440085411 0.202480465173721 0.259256273508072 0.25676828622818 0.276976853609085 0.356152087450027 0.118509940803051 0.122173465788364 0.0819303765892982 0.118521340191364 -999 0.149832010269165 0.139369010925293 0.169784218072891 0.0933478474617004 0.0822924748063087 0.21647036075592 0.112878896296024 0.181130111217499 0.145275175571442 0.233361080288887 0.131934344768524 0.145336508750916 0.0333139486610889 0.16398623585701 0.126379191875458 0.0512676537036896 0.160959824919701 0.196824818849564 0.245428681373596 0.0940116122364998
-0.00716579798609018 0.0199342723935843 -0.0317687913775444 0.0712680593132973 0.0848932936787605 0.0557634606957436 0.133644670248032 0.142728194594383 0.0580135807394981 0.173605814576149 0.119393073022366 0.189720466732979 0.234398573637009 0.289836823940277 0.294389635324478 0.185625329613686 0.191571280360222 0.132054761052132 0.134462624788284 0.162475824356079 0.151618421077728 0.290577530860901 0.179366230964661 0.0329991243779659 0.0795701146125793 0.199321255087852 0.1500333994627 0.134620249271393 0.117873601615429 0.170845210552216 0.211841657757759 0.116493195295334 0.144400298595428 0.204987227916718 0.0396855399012566 0.257035553455353 0.017071945592761 0.158161863684654 0.191849231719971 0.130068078637123 0.175651133060455 0.189931347966194 0.214787200093269
