assets/gome_f/processed/ascii/us/gome_sif_US_20120601.asc
NCOLS 116 
NROWS 53 
XLLCORNER -125 
YLLCORNER 24.5 
CELLSIZE 0.5 
NODATA_value -3.4e+38 
[rows 0 to 18 of 53, columns 0 to 43 of 116]
-999.000000000000000 -999 -999 0.43256539106369 -0.0536751560866833 0.185186147689819 0.138862818479538 0.256065309047699 0.282888442277908 0.285954028367996 0.360333830118179 0.185803696513176 0.126659274101257 -0.0385803803801537 -999 0.281406372785568 -999 0.22580099105835 0.121676981449127 -999 0.473158746957779 0.661036789417267 0.59013444185257 0.579503118991852 0.616294920444489 0.607727289199829 0.564746737480164 0.438181549310684 0.452836811542511 0.411680579185486 0.451797097921371 0.310293227434158 0.394364446401596 0.312966048717499 0.359711527824402 0.343655586242676 0.438503235578537 0.416992247104645 0.529160976409912 0.468679070472717 0.596885800361633 0.64188015460968 0.590745627880096 0.503792464733124
0.0695110782980919 -0.158561751246452 0.114876925945282 -0.21193927526474 -999 0.187996208667755 0.287574946880341 0.175319522619247 0.361491411924362 0.107480235397816 0.313926130533218 -999 0.0515123717486858 0.197215661406517 0.292221456766129 0.18470025062561 0.113997384905815 0.0542293526232243 -999 -0.0901597440242767 0.272006750106812 0.551624000072479 0.643809258937836 0.686741173267365 0.567568361759186 0.554035425186157 0.508719861507416 0.553125321865082 0.568112850189209 0.282477706670761 0.570189535617828 0.453026413917542 0.282568126916885 0.335456609725952 0.406813263893127 0.558629095554352 0.445548057556152 0.597544014453888 0.468511939048767 0.226898849010468 0.48208874464035 0.376202613115311 0.542403638362885 0.559474468231201
0.298552274703979 0.0149796158075333 0.070576049387455 0.486014425754547 0.13932004570961 0.159007921814919 0.400486350059509 0.33937805891037 0.253444731235504 0.3602115213871 0.331896930932999 0.221489295363426 0.0226911827921867 -999 0.3236163854599 0.294725269079208 0.127112999558449 0.0756581574678421 -0.152139067649841 0.357887536287308 0.504513561725616 0.677437484264374 0.580709457397461 0.686796367168427 0.653905868530273 0.533533751964569 0.649977803230286 0.440899282693863 0.522706389427185 0.493417501449585 0.559356570243835 0.643759310245514 0.545729517936707 0.35383352637291 0.532363533973694 0.433830171823502 0.418960809707642 0.473705112934113 0.454277992248535 0.440623700618744 0.483080863952637 0.549867391586304 0.566472828388214 0.422749042510986
0.0602165795862675 0.258516609668732 0.363234013319016 0.143809840083122 0.34420844912529 0.635140597820282 0.734203457832336 0.123216554522514 0.312395721673965 0.130495354533195 0.524166226387024 0.319667190313339 0.372863858938217 0.192272752523422 0.342212080955505 0.163444027304649 0.495825618505478 0.318974763154984 0.216958239674568 0.552271127700806 0.22968915104866 0.480722159147263 0.574340045452118 0.86248791217804 0.575589895248413 0.580636322498322 0.377362996339798 0.4024797976017 0.421898365020752 0.357963502407074 0.335505157709122 0.427797973155975 0.419704526662827 0.320202648639679 0.275358378887177 0.492718636989594 0.398348182439804 0.495413243770599 0.585869312286377 0.435678124427795 0.639868795871735 0.487374424934387 0.509133756160736 0.574808895587921
0.203886911273003 0.48383840918541 0.539653301239014 0.377006471157074 0.22230938076973 0.465954750776291 0.867024421691895 0.302575409412384 0.296161562204361 0.160573229193687 0.217159628868103 0.279217958450317 0.527505457401276 0.167855471372604 0.570774555206299 0.346529453992844 0.589063942432404 0.511090159416199 0.181818470358849 0.262637346982956 0.148267298936844 0.149289339780807 0.397778242826462 0.636061549186707 0.492235422134399 0.504664659500122 0.182561799883842 0.223395153880119 0.39035564661026 0.50660765171051 0.400264233350754 0.362258851528168 0.468292206525803 0.505399763584137 0.342822521924973 0.363607615232468 0.45547679066658 0.407851874828339 0.474648892879486 0.608675718307495 0.491396456956863 0.638172924518585 0.459372222423553 0.596188545227051
0.347094923257828 0.367756515741348 0.308509409427643 0.364185184240341 0.169618383049965 0.413949579000473 0.627067387104034 0.111704915761948 0.24722757935524 0.340564966201782 0.289268970489502 0.212824195623398 0.226226359605789 0.331614166498184 0.617096781730652 0.261200696229935 0.535319209098816 0.319418579339981 0.375201046466827 0.300163447856903 0.415326863527298 0.36809778213501 0.151683524250984 0.226459935307503 0.172710299491882 0.426751464605331 0.39458179473877 0.213147193193436 0.277625054121017 0.303780227899551 0.358144193887711 0.507316172122955 0.426586300134659 0.46146085858345 0.43695604801178 0.376627206802368 0.338619142770767 0.445943117141724 0.426943123340607 0.320628523826599 0.527183771133423 0.57723343372345 0.492943316698074 0.580056250095367
-0.0228967033326626 0.448419272899628 0.125711813569069 0.368505030870438 0.336968302726746 0.363753765821457 0.543972432613373 0.46990305185318 0.231063082814217 0.453198671340942 0.324534565210342 0.253074645996094 0.263631463050842 0.239306584000587 0.46335506439209 0.491714805364609 0.319940954446793 0.461787015199661 0.254769146442413 0.341287076473236 0.317297786474228 0.326599776744843 0.306289285421371 0.267115354537964 0.459222882986069 0.468088179826736 0.260818898677826 0.306306481361389 0.546837985515594 0.489998996257782 0.424862712621689 0.412019938230515 0.431620091199875 0.242933601140976 0.232008159160614 0.284989356994629 0.169564425945282 0.160406500101089 0.383407056331635 0.502209305763245 0.413532465696335 0.425730139017105 0.432919323444366 0.49985808134079
0.0192780941724777 0.0193120073527098 0.160236865282059 0.483799189329147 0.409742563962936 0.650739073753357 0.252218872308731 0.393046528100967 0.359248280525208 0.187052860856056 0.405063658952713 0.35702919960022 0.329896450042725 0.278786420822144 0.433390855789185 0.618306338787079 0.61817592382431 0.680574238300323 0.398835182189941 0.369383662939072 0.28913488984108 0.372410863637924 0.27040234208107 0.157491117715836 0.275993645191193 0.167511880397797 0.541355490684509 0.45132514834404 0.645799398422241 0.500661790370941 0.584166586399078 0.616213500499725 0.465180993080139 0.246274888515472 0.244254365563393 0.285812705755234 0.299776434898376 0.313778162002563 0.21784271299839 0.291548132896423 0.336809992790222 0.31307178735733 0.424008876085281 0.497588485479355
-0.173841327428818 -0.07244523614645 0.402833521366119 0.650618672370911 0.874381840229034 0.601429879665375 0.643927693367004 0.363398939371109 0.420345216989517 0.219788327813148 0.200947463512421 0.459990859031677 0.392188638448715 0.252951622009277 0.476553469896317 0.634042382240295 0.610064625740051 0.55631011724472 0.277221113443375 0.525869727134705 0.438495486974716 0.329328954219818 0.272155165672302 0.330338448286057 0.322182297706604 0.421077698469162 0.20805549621582 0.37241131067276 0.429369926452637 0.325737297534943 0.449620485305786 0.399579972028732 0.292457550764084 0.301892250776291 0.248224079608917 0.0873955339193344 0.00462109595537186 0.122603349387646 0.254684597253799 0.135762512683868 0.332165420055389 0.300892651081085 0.420927286148071 0.469469726085663
0.05107606574893 0.109557799994946 0.570863604545593 0.530495822429657 0.750257015228271 0.528263211250305 0.445039838552475 0.448826760053635 0.427238821983337 0.342106342315674 0.354206651449203 0.34918487071991 0.504479646682739 0.542493045330048 0.471845179796219 0.471220374107361 0.460152000188828 0.692927181720734 0.56222140789032 0.379745185375214 0.299001574516296 0.326926171779633 0.27721780538559 0.218263581395149 0.226568445563316 0.185888215899467 0.292780041694641 0.344109773635864 0.3507399559021 0.31687393784523 0.231581300497055 0.253683716058731 0.290688186883926 0.205117344856262 0.232662945985794 0.266074299812317 0.115538939833641 0.117734417319298 0.150288194417953 0.269686788320541 0.236194744706154 0.252330541610718 0.292365252971649 0.546090960502625
0.0629457831382751 0.171004876494408 0.613657772541046 0.621121466159821 0.615172803401947 0.766589105129242 0.605107605457306 0.363102972507477 0.425798654556274 0.322880625724792 0.317374497652054 0.370524108409882 0.271662294864655 0.475959211587906 0.410602658987045 0.494576424360275 0.169744879007339 0.562519133090973 0.353844106197357 0.424635529518127 0.177728831768036 0.275770038366318 0.252319872379303 0.353017210960388 0.265714049339294 0.0559841655194759 0.328357666730881 0.304958701133728 0.300052583217621 0.344152510166168 0.412977039813995 0.339403003454208 0.281375676393509 0.222364664077759 0.299326509237289 0.285100996494293 0.0765367150306702 0.13852559030056 0.250875204801559 0.194803640246391 0.152205675840378 0.318796873092651 0.208602756261826 0.400583148002625
0.0514898188412189 0.0754487589001656 0.414250940084457 0.571724236011505 0.727975487709045 0.721725344657898 0.500857412815094 0.460026770830154 0.214388906955719 0.184957459568977 0.209399819374084 0.302809804677963 0.314366489648819 0.349001884460449 0.447517305612564 0.304315119981766 0.341720730066299 0.197731792926788 0.319635421037674 0.214243769645691 0.341368019580841 0.182880699634552 0.393694818019867 0.370765537023544 0.356660783290863 0.368550330400467 0.308124959468842 0.355062693357468 0.110933527350426 0.294340789318085 0.224626675248146 0.221722796559334 0.332962393760681 0.225559040904045 0.457279294729233 0.507839739322662 0.349453300237656 0.203288525342941 0.22684371471405 0.395866215229034 0.24669024348259 0.0761114358901978 0.188455238938332 0.333847790956497
0.105863131582737 0.154953718185425 0.413047552108765 0.717471480369568 0.730790019035339 0.597059369087219 0.417656809091568 0.346921324729919 0.223678037524223 0.152965158224106 0.313817352056503 0.200382918119431 0.243268072605133 0.218606874346733 0.288862735033035 0.277049124240875 0.319811373949051 0.264167726039886 0.326891839504242 0.165411427617073 0.23933345079422 0.0789017751812935 0.291965276002884 0.293990641832352 0.316952794790268 0.328283756971359 0.474877119064331 0.292671382427216 0.2211973965168 0.171074032783508 0.236392214894295 0.153927505016327 0.178382560610771 0.150775283575058 0.184905886650085 0.371300607919693 0.290384292602539 0.21098430454731 0.277420938014984 0.19123774766922 0.272877335548401 0.400309979915619 0.297920644283295 0.326892405748367
0.0961566343903542 0.116899766027927 0.416231513023376 0.822708189487457 0.570449352264404 0.677596807479858 0.340376555919647 0.262154996395111 0.171082347631454 0.361189156770706 0.187904089689255 0.29488816857338 0.205268040299416 0.250719428062439 0.116752445697784 0.0713801383972168 0.0453215017914772 0.294408917427063 0.272941887378693 0.194585710763931 0.266324490308762 0.182013764977455 0.0886426344513893 0.21484649181366 0.270746856927872 0.34082505106926 0.415728241205215 0.342429041862488 0.268354713916779 0.317943692207336 0.151529058814049 0.230018973350525 -0.0236870627850294 0.147800371050835 0.167660936713219 0.312242865562439 0.327898591756821 0.247829437255859 0.220184877514839 0.18641996383667 0.196568071842194 0.354760378599167 0.42221587896347 0.411160081624985
0.254168689250946 0.204214334487915 0.559864699840546 0.651238858699799 0.632492005825043 0.519734919071198 0.366356194019318 0.262483298778534 0.156639203429222 0.0946151465177536 0.10605251789093 0.211805373430252 0.222788199782372 0.128326088190079 0.0657300651073456 0.166400045156479 0.274590492248535 0.29417285323143 0.555442571640015 0.270445138216019 0.205388754606247 0.250724762678146 0.267400622367859 0.149403944611549 0.28096929192543 0.541301786899567 0.645023345947266 0.457008302211761 0.454844623804092 0.313548415899277 0.222827598452568 0.170446783304214 0.15083135664463 0.102809064090252 0.176646664738655 0.300376504659653 0.164285108447075 0.151826605200768 0.139639973640442 0.0992064848542213 0.153777822852135 0.192440032958984 0.204291522502899 0.169024899601936
0.0247972309589386 0.269310832023621 0.6153165102005 0.743621647357941 0.576986014842987 0.290298342704773 0.304314434528351 0.227090433239937 0.161789879202843 0.0725152492523193 0.0764920338988304 0.173045590519905 0.133775860071182 0.139511302113533 0.0169642828404903 0.068477138876915 0.183144852519035 0.240154802799225 0.27424630522728 0.287081599235535 0.306433528661728 0.277066588401794 0.19925095140934 0.156038105487823 0.265537887811661 0.397402316331863 0.463291764259338 0.566844820976257 0.419492036104202 0.455081582069397 0.206538528203964 0.113619364798069 0.0171221625059843 0.182206004858017 0.120224229991436 0.183395385742188 0.165381744503975 0.168857648968697 0.0370920598506927 0.0672408193349838 0.0671534836292267 0.130316823720932 0.169954717159271 0.141960352659225
0.13160303235054 0.328789979219437 0.435503482818604 0.640972077846527 0.539922297000885 0.375264972448349 0.245333582162857 0.348556399345398 0.217811778187752 0.024991063401103 -0.0760333761572838 0.0834084004163742 0.245748221874237 0.0972515791654587 0.0120989922434092 0.177682369947433 0.195811688899994 0.173407271504402 0.121278434991837 0.130902528762817 0.467909783124924 0.429365336894989 0.484599649906158 0.378695517778397 0.532151460647583 0.556301653385162 0.589434266090393 0.518960356712341 0.349620461463928 0.35393625497818 0.140382543206215 0.150438010692596 0.258250683546066 0.109362997114658 0.0644979700446129 -0.035578865557909 0.134352415800095 0.2142333984375 0.287918090820312 0.104287892580032 0.0794202387332916 0.200268283486366 0.227991417050362 0.0811434760689735
0.166863828897476 0.100890092551708 0.572674810886383 0.532696068286896 0.524430572986603 0.311689674854279 0.369008094072342 0.326466858386993 0.271057665348053 0.283319145441055 0.0962684154510498 0.0507659912109375 0.0962686911225319 0.069629080593586 0.0738877356052399 0.0706920400261879 0.114004656672478 0.09413743019104 0.0900063216686249 0.122348375618458 0.214797869324684 0.322093278169632 0.333815097808838 0.246791154146194 0.290209054946899 0.455652385950089 0.590741336345673 0.279739022254944 0.411515802145004 0.185301840305328 0.0575317889451981 0.0631667152047157 0.0817476063966751 0.145761549472809 0.0810400769114494 -0.00373476347886026 0.225741937756538 0.0914309397339821 0.140842407941818 0.16145221889019 0.0247394200414419 0.150394335389137 0.164898827672005 0.250300258398056
0.112551279366016 0.0528075434267521 0.407874315977097 0.527421712875366 0.526391565799713 0.312794417142868 0.184532359242439 0.158723667263985 0.1990647315979 0.169907405972481 0.185360640287399 0.0308168567717075 0.224293172359467 0.128307491540909 0.190224930644035 0.0578411445021629 0.116476498544216 0.225661054253578 0.218215629458427 0.23011189699173 0.128563687205315 0.17029120028019 0.14117719233036 0.210664078593254 0.11551346629858 0.321822941303253 0.553161919116974 0.413939028978348 0.201215207576752 0.114714309573174 0.0894570723176003 0.046998642385006 0.0773171782493591 0.155208051204681 0.0812705457210541 0.0513838529586792 0.0886181443929672 0.0700275897979736 0.0838728249073029 0.188645660877228 0.124040827155113 0.0988195538520813 0.135641500353813 0.105357564985752
