assets/gome_f/processed/ascii/us/gome_sif_US_20110501.asc
NCOLS 116 
NROWS 53 
XLLCORNER -125 
YLLCORNER 24.5 
CELLSIZE 0.5 
NODATA_value -3.4e+38 
[rows 19 to 37 of 53, columns 44 to 87 of 116]
0.379171937704086 0.239034995436668 0.157267346978188 0.230455905199051 0.16158027946949 0.300911784172058 0.408641070127487 0.335420936346054 0.423168271780014 0.230383306741714 0.321786612272263 0.232113406062126 0.280703872442245 0.246500119566917 0.291966110467911 0.308373242616653 0.293567270040512 0.316222429275513 0.325847953557968 0.451678931713104 0.556124448776245 0.313946306705475 0.270203769207001 0.446163386106491 0.467732727527618 0.217165976762772 0.251708418130875 0.222095921635628 0.144943118095398 -0.0412954390048981 0.166655123233795 0.219418406486511 0.275533854961395 0.391305088996887 0.219431295990944 0.490692406892776 0.425013542175293 0.299037456512451 0.436674445867538 0.588720917701721 0.414883732795715 0.398959219455719 0.341337710618973 0.375723838806152
0.350839018821716 0.245470806956291 0.192616939544678 0.257040619850159 0.296805202960968 0.470278114080429 0.348685801029205 0.146082684397697 0.174919947981834 0.193168342113495 0.228219002485275 0.215288773179054 0.342946439981461 0.407852917909622 0.239530935883522 0.356839120388031 0.556766033172607 0.448684483766556 0.458921372890472 0.706832408905029 0.548075079917908 0.465615153312683 0.633964240550995 0.361863553524017 0.365936428308487 0.363158017396927 0.423417270183563 0.263854652643204 0.14873443543911 0.0307492315769196 0.0868251770734787 0.212807148694992 0.193514555692673 0.328815698623657 0.242194667458534 0.513210594654083 0.335905313491821 0.391379326581955 0.50064480304718 0.404123991727829 0.415602385997772 0.507355868816376 0.518029630184174 0.729134917259216
0.295077294111252 0.19790855050087 0.238133817911148 0.15662145614624 0.233241453766823 0.21440389752388 0.191735923290253 0.320514976978302 0.281121820211411 0.26553663611412 0.382527142763138 0.222785711288452 0.281463652849197 0.428982138633728 0.350053727626801 0.512411177158356 0.462669938802719 0.654497087001801 0.621764183044434 0.664122104644775 0.654208481311798 0.624681830406189 0.612911820411682 0.523696660995483 0.476619243621826 0.269937723875046 0.35161417722702 0.113630652427673 0.155375406146049 0.131164103746414 0.174645781517029 0.329117059707642 0.205833956599236 0.15660235285759 0.161565974354744 0.26661491394043 0.260411709547043 0.578417122364044 0.333682000637054 0.463533669710159 0.57062691450119 0.757051050662994 0.540297389030457 0.748990535736084
0.176443412899971 0.270827442407608 0.400468558073044 0.378733694553375 0.436282515525818 0.305972069501877 0.402126282453537 0.472774475812912 0.438029080629349 0.603772222995758 0.6510950922966 0.57993882894516 0.460256367921829 0.36373308300972 0.403198331594467 0.511717736721039 0.328764796257019 0.709870994091034 0.619435548782349 0.482413947582245 0.596346139907837 0.616184413433075 0.566941797733307 0.64703243970871 0.58115941286087 0.403853356838226 0.307783633470535 0.0289687756448984 0.158007651567459 0.275868624448776 0.337305665016174 0.456351578235626 0.769179165363312 0.421775996685028 0.30039182305336 0.377801805734634 0.486412793397903 0.519938766956329 0.423397392034531 0.362166255712509 0.464724749326706 0.571590781211853 0.745271563529968 1.01740193367004
0.192814543843269 0.237104311585426 0.23919689655304 0.233222901821136 0.199800848960876 0.206883609294891 0.492452830076218 0.437587767839432 0.385589689016342 0.495581597089767 0.494241029024124 0.608786225318909 0.592137575149536 0.585853159427643 0.627323865890503 0.594597697257996 0.491607278585434 0.669802665710449 0.574386954307556 0.586253643035889 0.667811989784241 0.735021889209747 0.550402641296387 0.758669495582581 0.614744126796722 0.550032675266266 0.465361446142197 0.18994377553463 0.366076707839966 0.34857651591301 0.46593964099884 0.392489016056061 0.584372222423553 0.565928518772125 0.453531593084335 0.480450391769409 0.5526442527771 0.805575668811798 0.486523389816284 0.487918943166733 0.626873433589935 0.838436126708984 0.818786561489105 0.772186458110809
0.122719287872314 0.15118008852005 0.207241833209991 0.181509122252464 0.292508572340012 0.345424741506577 0.232827290892601 0.258583933115005 0.385343194007874 0.537289917469025 0.496919006109238 0.663349151611328 0.57421886920929 0.573798537254333 0.574772953987122 0.520089089870453 0.808704197406769 0.511177718639374 0.784445524215698 0.773478388786316 0.859561383724213 0.742420315742493 0.654833197593689 0.762381136417389 0.689007461071014 0.674119114875793 0.507668256759644 0.444184422492981 0.557466804981232 0.324878126382828 0.274154216051102 0.296795845031738 0.586289286613464 0.65912538766861 0.578137814998627 0.88380354642868 0.725824117660522 1.11451232433319 0.850377023220062 0.947502493858337 0.741342961788177 0.897434771060944 1.03525602817535 0.760984718799591
0.134898826479912 0.211891010403633 0.215075105428696 0.353222846984863 0.104150660336018 0.163363397121429 0.271079391241074 0.383883833885193 0.417399376630783 0.426167398691177 0.47982069849968 0.507211148738861 0.606725096702576 0.412821143865585 0.606912612915039 0.443417429924011 0.572273015975952 0.78131240606308 0.88073855638504 0.834264159202576 0.871839225292206 0.962739646434784 0.669531226158142 0.822014570236206 0.857428669929504 0.818446815013885 0.496539354324341 0.562534928321838 0.647741198539734 0.495871812105179 0.62076073884964 0.534450769424438 0.706469655036926 0.810625433921814 0.613936245441437 0.979441225528717 0.843159914016724 1.06753671169281 0.847135961055756 0.996964037418365 0.637344241142273 0.832921802997589 0.798835217952728 0.769253015518188
0.115339912474155 0.22087436914444 0.160033971071243 0.255633950233459 0.281786620616913 0.301682710647583 0.46824836730957 0.401397049427032 0.303531855344772 0.265119612216949 0.449351936578751 0.50191742181778 0.571032881736755 0.532402396202087 0.626739382743835 0.636557936668396 0.610771894454956 0.811357319355011 0.938307642936707 1.08838069438934 0.899670481681824 0.845796883106232 0.832246482372284 0.878070771694183 0.728454947471619 0.865945160388947 0.71592503786087 0.505151629447937 0.786153435707092 0.609119892120361 0.401053786277771 0.486358910799026 0.808802902698517 0.640468120574951 0.784617006778717 0.92723286151886 1.16335225105286 0.958685219287872 0.865128517150879 0.678538739681244 1.01095354557037 0.663832664489746 0.907394528388977 0.646468341350555
0.111155733466148 0.116979338228703 0.202593266963959 0.165913164615631 0.135202065110207 0.227976724505424 0.157441660761833 0.239247098565102 0.395643949508667 0.417620539665222 0.316024869680405 0.43976292014122 0.471681267023087 0.383723318576813 0.725929915904999 0.74141800403595 0.48516109585762 0.986362159252167 0.807296276092529 0.884316563606262 0.856195151805878 0.84915691614151 1.01811397075653 0.958671152591705 0.776906967163086 0.711741387844086 0.740916788578033 0.607889711856842 0.725531220436096 0.657199203968048 0.690016269683838 0.860113978385925 0.819644927978516 0.645507216453552 0.914008438587189 0.749629557132721 1.11012160778046 0.884224832057953 1.01404714584351 0.633792340755463 0.798044860363007 0.845139741897583 0.934855878353119 0.813101053237915
0.116416819393635 0.0937985554337502 0.224465295672417 0.235892981290817 0.195521533489227 0.202041193842888 0.328122824430466 0.191426396369934 0.283058792352676 0.323497921228409 0.450487613677979 0.416699856519699 0.636983096599579 0.58333033323288 0.64594703912735 0.802475214004517 0.734252750873566 1.06413972377777 0.839056611061096 0.829093813896179 0.826838195323944 0.763813436031342 0.927604615688324 0.674895465373993 0.841871440410614 0.454557657241821 0.455747365951538 0.632280588150024 0.574799239635468 0.744953393936157 0.739544689655304 0.723570764064789 0.792962074279785 0.887270152568817 0.799319267272949 0.913297772407532 0.914109110832214 0.903381049633026 1.08217191696167 0.890443384647369 0.967727899551392 0.767315804958344 0.738870322704315 0.776520013809204
0.103445269167423 0.173112899065018 0.183964341878891 0.223820209503174 0.24990738928318 0.162618368864059 0.287561029195786 0.33977222442627 0.392331004142761 0.199457079172134 0.523293972015381 0.41398224234581 0.483810275793076 0.697124361991882 0.649457812309265 0.746546387672424 0.708087086677551 1.01680064201355 0.925919353961945 0.981617867946625 0.832165539264679 0.829432904720306 0.735639750957489 0.560562491416931 0.572200953960419 0.39364492893219 0.431017428636551 0.345414668321609 0.645629525184631 0.671664416790009 0.768191039562225 0.894497036933899 0.725537061691284 0.653842747211456 0.996854901313782 0.755324304103851 1.088054895401 0.774042189121246 0.916774213314056 0.879288196563721 0.789682805538177 0.792500078678131 0.826615333557129 0.960084497928619
-0.115044102072716 0.0845309570431709 0.100765570998192 0.189538985490799 0.175108402967453 0.175882875919342 0.161876812577248 0.240706443786621 0.355994760990143 0.324798315763474 0.505225718021393 0.672455847263336 0.65409129858017 0.720137596130371 0.627333998680115 0.691983342170715 0.951067388057709 0.788532555103302 0.965111911296844 0.789112687110901 0.765614330768585 0.750395059585571 0.724023997783661 0.454085975885391 0.461053460836411 0.358249872922897 0.253614991903305 0.680303156375885 0.556641161441803 0.851536154747009 0.881591081619263 0.858221352100372 0.843233406543732 0.738338947296143 0.936606407165527 0.69487476348877 0.945464551448822 0.879630863666534 0.828217923641205 0.737260818481445 0.543961584568024 0.865388095378876 0.793241918087006 0.859556138515472
0.0567220263183117 0.110438115894794 0.191043108701706 0.162082061171532 0.0778753533959389 0.0680939853191376 0.200978875160217 0.178460195660591 0.285112172365189 0.384666562080383 0.406610280275345 0.684555768966675 0.677630603313446 0.686444938182831 0.707699060440063 0.716996490955353 0.727608919143677 0.710254192352295 0.761313319206238 0.715715229511261 0.799476802349091 0.69234824180603 0.577019095420837 0.500449120998383 0.20319390296936 0.362072467803955 0.588941633701324 0.627906024456024 0.931699752807617 0.923183858394623 0.777447044849396 0.767476201057434 1.03720355033875 0.70974063873291 0.900504529476166 0.710691809654236 0.733708381652832 1.0253654718399 0.632810056209564 0.926922082901001 0.718073844909668 0.873777806758881 0.677359879016876 0.722599685192108
0.193885207176208 0.178430810570717 0.180888757109642 0.124885760247707 0.0753820538520813 0.266996771097183 0.1212058365345 0.328176200389862 0.307944118976593 0.46412581205368 0.378242582082748 0.659009099006653 0.780329287052155 0.776382744312286 0.941484987735748 0.657041788101196 0.822680234909058 0.76852810382843 0.801046907901764 0.659457385540009 0.657276272773743 0.570545554161072 0.518052697181702 0.459818243980408 0.362334340810776 0.451094508171082 0.628113210201263 0.903419315814972 0.976072669029236 0.747620582580566 0.74069082736969 0.551761507987976 0.906377494335175 0.889811813831329 0.872308492660522 0.8489049077034 0.561876475811005 0.812470257282257 0.780036151409149 0.805086612701416 0.642750382423401 0.639099657535553 0.624892055988312 0.528716802597046
0.154649496078491 0.0301934778690338 0.158198669552803 -0.0454139932990074 0.194111555814743 0.140859216451645 0.147307530045509 0.153353527188301 0.150331258773804 0.264057993888855 0.475663959980011 0.598556876182556 0.754184305667877 0.713514447212219 0.76941853761673 0.682882010936737 0.733421146869659 0.82472836971283 0.816506922245026 0.773987710475922 0.710838854312897 0.62729549407959 0.473376393318176 0.513614654541016 0.391498178243637 0.431961387395859 0.745188891887665 0.704220831394196 0.716144144535065 0.509195148944855 0.757500410079956 0.606106758117676 0.808788180351257 0.713279902935028 0.681292593479156 0.637794494628906 0.753803968429565 0.654609799385071 0.795340478420258 0.676212966442108 0.681675851345062 0.559236764907837 0.759093344211578 0.643744707107544
0.0122177861630917 0.191133797168732 0.0516151823103428 0.124349266290665 0.164772018790245 0.156752496957779 0.186140164732933 0.21861831843853 0.308150231838226 0.201061427593231 0.621037185192108 0.708355247974396 0.815085768699646 0.733014404773712 0.731668710708618 0.625233173370361 0.856943726539612 0.866063356399536 0.676648199558258 0.712752282619476 0.442845821380615 0.681498646736145 0.326465994119644 0.491736590862274 0.500481128692627 0.543878436088562 0.8494952917099 0.885848224163055 0.684741258621216 0.698476254940033 0.789241254329681 0.76745343208313 0.678292453289032 0.747259140014648 0.800230622291565 0.868057787418365 0.623028039932251 0.769264876842499 0.572721362113953 0.525955438613892 0.72456282377243 0.466890603303909 0.609728574752808 0.501429796218872
0.0334124937653542 0.0803609192371368 0.0552779920399189 0.148903876543045 0.234391793608665 0.111731186509132 0.227744534611702 0.268523007631302 0.3288554251194 0.591583132743835 0.520185172557831 0.226015627384186 0.659588396549225 0.719681739807129 0.744509756565094 0.836290061473846 0.713621139526367 0.771918058395386 0.542137086391449 0.677797853946686 0.586901187896729 0.656962692737579 0.593037188053131 0.661212980747223 0.413266867399216 0.468162029981613 0.789828240871429 0.684828162193298 0.928242683410645 0.670933067798615 0.800372779369354 0.770118653774261 0.555176317691803 0.839767158031464 0.577047288417816 0.876933217048645 0.647159457206726 0.555053353309631 0.710616648197174 0.608298122882843 0.655404984951019 0.583974599838257 0.642206788063049 0.572644710540771
0.185372591018677 0.0733824744820595 0.0100042605772614 0.126696243882179 0.098900593817234 0.190497413277626 0.166309967637062 0.324946105480194 0.398848593235016 0.638440370559692 0.478613495826721 0.540478765964508 0.594349086284637 0.663560271263123 0.712436258792877 0.711897671222687 0.431464344263077 0.677402079105377 0.673823773860931 0.804204046726227 0.793214857578278 0.645906448364258 0.661434233188629 0.505912780761719 0.630649864673615 0.739290475845337 0.823108375072479 0.727329432964325 0.806749939918518 0.737134456634521 0.790228486061096 0.755568981170654 0.667826473712921 0.684667944908142 0.70874285697937 0.679417610168457 0.760008037090302 0.7468541264534 0.69203770160675 0.511045694351196 0.713775098323822 0.580642104148865 0.780597984790802 0.468662887811661
0.253728896379471 0.0779308825731277 0.18442639708519 0.150813594460487 0.177268669009209 0.0553487427532673 0.262171149253845 0.313615947961807 0.446148991584778 0.378767520189285 0.583835244178772 0.510393261909485 0.549160182476044 0.597612202167511 0.667011380195618 0.748609125614166 0.584206938743591 0.893957734107971 0.736975133419037 0.712900400161743 0.716749548912048 0.761714160442352 0.64834588766098 0.556496143341064 0.814612567424774 0.813000977039337 0.814937353134155 0.761195003986359 0.736304521560669 0.816282629966736 0.659931659698486 0.842892944812775 0.608170628547668 0.661997377872467 0.762054562568665 0.643863558769226 0.644621670246124 0.615038812160492 0.581879377365112 0.605956196784973 0.531544625759125 0.587853014469147 0.410525232553482 0.510491609573364
