assets/gome_f/processed/ascii/us/gome_sif_US_20110301.asc
NCOLS 116 
NROWS 53 
XLLCORNER -125 
YLLCORNER 24.5 
CELLSIZE 0.5 
NODATA_value -3.4e+38 
[rows 0 to 18 of 53, columns 43 to 85 of 116]
-999 -999 -999 -999 -999 -999 -999 -999 -999 -999 -999 -999 -999 -999 -999 -999 -999 -999 -999 -999 -999 -999 -999 -0.0653864964842796 -999 -999 -999 -999 -999 -999 -999 -999 -999 -999 -999 -999 -999 -999 -999 -999 -999 -999 -999
-999 -999 -999 -999 -999 -999 -999 -999 -999 -999 -999 -999 -999 -999 -999 -999 -999 -999 -999 -999 -999 -999 -999 -999 -999 -999 -999 -999 -999 -999 -999 -999 -999 -999 -999 0.0272263176739216 -0.0710439160466194 -0.0247247759252787 0.11367579549551 0.128330796957016 -0.00868202373385429 -999 -999
-999 -999 -999 -999 -999 -999 -999 -999 -999 -999 -999 -999 -999 -999 -999 -999 -999 -999 -999 -999 -999 -999 -999 -999 -999 -999 -999 -999 -999 -999 -999 -999 -999 -999 -999 -0.143987596035004 -0.00889104418456554 0.0635011494159698 0.0612664483487606 0.0223174896091223 0.0645649582147598 0.0462800934910774 -999
-999 -999 -999 -999 -999 -999 -999 -999 -999 -999 -999 0.165342748165131 -999 -999 -999 -999 -999 -999 -999 -999 -999 -999 -999 -999 -999 -999 -999 -999 0.0467453934252262 -0.0142510160803795 -999 -999 -999 -999 0.0256996192038059 0.178090393543243 -0.0113873286172748 0.0912405401468277 -0.03071453794837 -0.0206156875938177 -0.0216071587055922 0.0596487522125244 -0.00519307795912027
-999 -999 -999 -999 -999 -999 -999 -999 -999 -999 -999 -0.0802808851003647 -0.107996493577957 0.0569909103214741 -999 -999 -999 -999 -999 -999 -999 -999 -999 -0.0870878249406815 -0.0812865048646927 -999 -999 -0.0162080451846123 0.0228568613529205 0.243337869644165 -0.089185819029808 -0.00342504889704287 0.0633848905563354 -0.00440978398546576 -0.095587894320488 -0.138447925448418 -0.0700422078371048 -0.0665509402751923 0.111291997134686 -0.0296221170574427 0.110989294946194 0.053525049239397 0.0359459444880486
-999 -999 -999 -999 -999 -999 -999 -999 -999 -999 -999 0.250899285078049 0.0640799850225449 -0.130980938673019 -0.187588483095169 0.0584362745285034 -0.053211722522974 0.498464614152908 0.132471725344658 -0.283139765262604 0.239521145820618 -0.0742948725819588 -999 0.0317050665616989 -0.0287301670759916 -0.278189361095428 -0.240804553031921 -0.0310364533215761 -0.0564843639731407 0.0156902503222227 -0.0947209298610687 0.0168747454881668 -0.0481696389615536 -0.103190816938877 -0.132045641541481 -0.0336371921002865 0.000489731901325285 0.0382051505148411 0.12117338180542 0.108166545629501 0.160836160182953 0.0960572883486748 0.0498313717544079
-999 -999 -999 -999 -999 -999 -999 -999 -999 -999 -999 -999 -999 0.0132674528285861 -0.0700762122869492 -0.0411126352846622 -999 -0.35250249505043 0.385394662618637 0.0220456067472696 -0.297109216451645 0.0879281610250473 -0.189292460680008 -0.0378305986523628 0.239465951919556 0.0675537288188934 0.00342361675575376 0.071865476667881 0.0751043856143951 -0.025467824190855 -0.115744404494762 0.0197516325861216 0.0406673960387707 -0.0463011786341667 -0.0219851173460484 -0.124533824622631 -0.176675975322723 -0.0882138013839722 -0.0272249300032854 0.169879347085953 -0.029844282194972 0.0163280982524157 -0.0076275747269392
-999 -999 -999 -999 -999 -999 -999 -999 -999 -999 -999 -999 -999 -999 -999 -999 -999 -999 -999 -999 -0.122023724019527 0.108519814908504 -0.0701038837432861 0.144803792238235 0.0281567424535751 0.0204571504145861 -0.080552764236927 0.0233126990497112 -0.0148116080090404 0.0098198102787137 -0.0532024279236794 0.00867952220141888 0.0192261897027493 0.027754258364439 -0.0480910316109657 -0.0423461422324181 0.0265487413853407 -0.0325169935822487 0.0104555459693074 0.0220328196883202 0.0293467529118061 -0.0276073906570673 -0.0529247410595417
-999 -999 -999 -999 -999 -999 -999 -999 -999 -999 -999 -999 -999 -999 -999 -999 -999 -999 -999 -999 0.211050122976303 -999 0.137455329298973 0.0692316666245461 0.0933688655495644 0.0931243151426315 0.0151178855448961 -0.0457878112792969 0.00711296731606126 -0.0272871218621731 0.0513676069676876 0.0983226597309113 0.0480928979814053 0.0444929152727127 0.0817550122737885 0.0152586102485657 -0.103848330676556 -0.0244290120899677 -0.236546888947487 0.0708917528390884 0.259238421916962 -0.0248554777354002 0.181096598505974
-0.157173663377762 -0.0681230276823044 0.106008633971214 -999 -999 -999 -999 -999 -999 -999 -999 -999 -999 -999 -999 -999 -999 -999 -999 -999 -999 -999 -0.130367189645767 0.0500830672681332 0.080849900841713 0.0454984046518803 0.088379755616188 0.111596398055553 0.10200322419405 0.0861652716994286 -0.0376844890415668 -0.246956124901772 0.0599372573196888 0.105858877301216 -0.0766471773386002 -5.16884028911591e-05 -0.0406335219740868 -0.0406655967235565 -0.219336584210396 -0.0585612021386623 -999 0.0631840601563454 0.094171866774559
-999 0.00926175713539124 -0.234339088201523 0.0337947458028793 0.103689223527908 0.19524022936821 -999 -999 -999 -999 -999 -999 -999 -999 -999 -999 -999 -999 -999 -999 -999 -999 -0.00721494713798165 -999 -0.170969992876053 -999 0.304879367351532 0.231902748346329 0.20820426940918 0.102650508284569 0.0205035377293825 0.0636930987238884 0.0710518583655357 -0.010446896776557 -0.0431938581168652 -0.0364004448056221 -0.071523942053318 -0.0954416319727898 -0.0208478029817343 0.0798780992627144 -0.0769287571310997 -0.28881174325943 -0.0684909597039223
0.115879081189632 -0.127937659621239 -999 0.149382725358009 0.252120435237885 0.0379171259701252 -0.145942717790604 -0.23268985748291 -999 -999 -999 -999 -999 -999 -999 -999 -999 -999 -999 -999 -999 -999 -999 -999 -999 -999 -999 -999 -999 -0.0807002708315849 0.0471378266811371 -0.176375806331635 0.130535572767258 0.116170883178711 -0.0521923787891865 0.00765087734907866 0.0120823504403234 -0.132950767874718 -0.00522235780954361 0.189493432641029 0.139264777302742 -0.0502626188099384 -0.026963297277689
-0.014635463245213 -0.0390152856707573 -0.00523552903905511 0.0432591736316681 0.195799469947815 -0.0419885329902172 -0.183391928672791 -999 -0.159533515572548 -999 -999 -999 -999 -999 -999 -999 -999 -999 -999 -0.356026113033295 -999 -0.162447527050972 -999 -999 -999 -999 -999 -999 -999 -999 0.1383226364851 0.178378030657768 0.0549376271665096 -0.0317212752997875 -0.0506328530609608 -0.013143002986908 0.190849483013153 0.119121409952641 0.10692024230957 0.0230004098266363 0.136160284280777 -0.0422895550727844 0.0647684186697006
-0.0809354931116104 0.0638738051056862 -0.0214769896119833 0.255204170942307 0.0236193481832743 -0.0344664119184017 -0.0866684690117836 -0.0141123458743095 0.326797515153885 -0.157165497541428 -0.0844874307513237 -999 0.0253049768507481 -0.0132493386045098 -999 -999 -999 0.0123322252184153 -0.0596958845853806 -0.0472732596099377 0.00694165006279945 -0.118987552821636 -0.0903350636363029 -0.0119644235819578 -0.298402070999146 -0.0713536515831947 -0.0616155080497265 -0.191673502326012 -999 -999 0.277727633714676 0.185811564326286 0.122512526810169 -0.116596572101116 -0.0615615248680115 -0.0576714016497135 -999 -999 0.157720550894737 0.104542523622513 -0.0459862053394318 -0.0334873348474503 0.0145824691280723
0.0111763076856732 0.054856400936842 0.0973547846078873 0.0903122797608376 0.0738993138074875 -0.039257250726223 0.0501854754984379 0.141964733600616 0.0858903378248215 0.268989235162735 0.117697358131409 -0.0658925771713257 -0.140426784753799 0.0340880006551743 -0.167155086994171 -0.291777342557907 0.00353785860352218 -0.0220856703817844 0.0238504558801651 0.0515174530446529 0.0189855974167585 0.0121409762650728 0.115272834897041 0.139502614736557 -0.209380522370338 -0.0277607943862677 -0.0137483654543757 -0.0630486309528351 -0.0696657449007034 0.083734467625618 0.160173952579498 -0.028283916413784 0.0814197137951851 -0.179804027080536 -0.13317035138607 -0.127200558781624 -999 -0.224272534251213 -0.250102907419205 -999 0.0575808174908161 0.0413850359618664 0.0174694899469614
0.0490062795579433 -0.0311739854514599 -0.0474420264363289 0.0408098585903645 0.0581981353461742 0.062122505158186 -0.0463672168552876 0.0779237076640129 0.108185492455959 0.0476875007152557 -0.0312591791152954 -0.0479066148400307 -0.0913511887192726 0.0997860133647919 0.0178149286657572 0.10879747569561 -0.129330351948738 -0.143426164984703 0.0766094326972961 0.0274457708001137 -0.128969356417656 0.064287394285202 -0.157129287719727 0.1203258857131 -0.0878792703151703 -0.0344084091484547 0.201677575707436 0.186540588736534 -0.00865710806101561 0.0567685700953007 0.0884646400809288 0.0564705468714237 0.0289193037897348 -0.129655927419662 -0.121989391744137 -0.0240164902061224 0.102465435862541 0.157557800412178 0.0391645766794682 -0.0759031176567078 0.169165536761284 -0.168605953454971 -0.183685421943665
0.0439366027712822 -0.00446656346321106 0.0842114165425301 0.0647395774722099 -0.0164067037403584 -0.0017502389382571 0.0629414394497871 0.0870010182261467 0.0996922627091408 0.103874027729034 0.0585392117500305 -0.129076048731804 -0.0733155831694603 0.103372827172279 0.0382211543619633 0.0315456353127956 0.0269630923867226 -0.0504108667373657 -0.0366502515971661 0.00988036300987005 0.0265236273407936 0.125483781099319 0.0921172276139259 -0.0520976670086384 0.0202112514525652 0.107831574976444 -0.0484997071325779 -0.00120680779218674 0.188408523797989 0.00229864963330328 0.0908696874976158 0.0818292871117592 0.0166686214506626 0.048534594476223 -0.0625915378332138 -0.00960958003997803 0.086115874350071 0.0638796836137772 0.151549503207207 0.0321815200150013 -0.0410587228834629 -0.0843081399798393 0.0691392198204994
-0.0366040468215942 0.0205734074115753 -0.148450911045074 0.081018790602684 -0.0407669581472874 -0.0102293128147721 0.0956118032336235 0.0962290167808533 0.0377218797802925 0.00245844828896224 0.176717489957809 0.0321037657558918 0.0851322710514069 -0.0694596245884895 -0.0385160483419895 0.000244195020059124 -0.0872873142361641 0.10103926807642 0.0501342602074146 0.10608483850956 0.0440162234008312 -0.0752891525626183 -0.035745520144701 0.0134352315217257 -0.0138414893299341 0.0177766531705856 -0.0132923191413283 0.0357230044901371 0.0932598263025284 0.00778754055500031 -0.0363363102078438 0.0581479705870152 0.00405268650501966 -0.0622738935053349 -0.00457250140607357 0.126961588859558 0.0553334467113018 0.0242102146148682 0.0564706847071648 0.0259944796562195 -0.00543666630983353 0.173589274287224 -0.0293158981949091
-0.0991562381386757 0.0715893357992172 -0.00605972344055772 -0.0786426812410355 0.0575915165245533 0.0487814843654633 -0.023206427693367 0.0833927839994431 0.152038961648941 0.156240656971931 0.170439213514328 0.0736874639987946 0.0187186133116484 -0.0522151589393616 -0.0107801472768188 0.092603825032711 -0.0387318357825279 0.201851695775986 0.0688888728618622 0.0908698365092278 0.130528479814529 0.13731874525547 0.0535014532506466 0.0643979758024216 0.0561692118644714 -0.0246005691587925 0.0759263783693314 0.00354727846570313 0.056086104363203 -0.0318818427622318 0.0893400609493256 0.0362522453069687 0.0986789017915726 0.0242930445820093 0.0959379374980927 0.0696521177887917 0.144011676311493 0.0882362499833107 -0.0500415861606598 0.15567934513092 -0.00580822536721826 0.00796516519039869 -0.00992277171462774
