assets/gome_f/processed/ascii/us/gome_sif_US_20130401.asc
NCOLS 116 
NROWS 53 
XLLCORNER -125 
YLLCORNER 24.5 
CELLSIZE 0.5 
NODATA_value -3.4e+38 
[rows 19 to 37 of 53, columns 44 to 87 of 116]
0.0188759714365005 0.100119709968567 0.0514713115990162 0.0583510957658291 0.0268620196729898 0.0419909656047821 0.00623407587409019 0.00853314809501171 0.0268551483750343 0.0584951266646385 -0.024277163669467 0.0471555814146996 0.243765324354172 0.00845202151685953 0.121243506669998 0.0762084871530533 0.115469589829445 0.14321531355381 -0.00352744548581541 0.108753442764282 0.145173951983452 0.161359891295433 0.101618960499763 0.0305511467158794 0.0993231907486916 0.105961784720421 0.0531469509005547 0.12450048327446 0.122733756899834 0.0409291200339794 0.191719532012939 0.140844851732254 0.119353845715523 0.115460582077503 0.105661079287529 0.00820048153400421 0.120542533695698 0.187914714217186 0.187732681632042 0.180408760905266 0.080618254840374 0.253994137048721 0.248447000980377 0.169900640845299
0.0643731504678726 0.108069770038128 0.0759434327483177 -0.0357976518571377 -0.0114424889907241 0.117846496403217 0.140932485461235 0.119423970580101 0.112897805869579 0.0255775544792414 0.0918101146817207 0.0403690375387669 0.0197905693203211 0.0948229357600212 0.0574250631034374 0.133206069469452 0.145368725061417 0.0983312129974365 0.128442540764809 0.239090248942375 0.267512738704681 0.274463981389999 0.2550308406353 0.0992273539304733 0.110820971429348 0.0606875047087669 0.174915239214897 0.272262215614319 0.151161670684814 0.136146441102028 -0.0198265481740236 0.0161318592727184 0.035329308360815 0.0279757380485535 0.0936285108327866 0.0236051194369793 0.0732326805591583 0.0553214028477669 -0.0171048250049353 0.138512879610062 0.0909027606248856 0.0969321951270103 0.202300310134888 0.245445072650909
0.0205847509205341 0.0273828189820051 -0.00744303362444043 0.0901666879653931 0.08814337849617 0.0436014458537102 0.0558251738548279 0.163464337587357 0.0486471801996231 0.176017880439758 -0.0594246760010719 0.125326082110405 0.0572874136269093 0.170750960707664 0.122000448405743 0.121414422988892 0.16915474832058 0.0128123937174678 0.0740856826305389 0.160025253891945 0.135314449667931 0.214892238378525 0.173200041055679 0.218456074595451 0.237850934267044 0.176535829901695 0.177983835339546 0.0578522942960262 0.191622361540794 0.116265498101711 0.035677831619978 0.140730991959572 0.197131916880608 0.225707456469536 0.212100073695183 0.103841356933117 0.0645252913236618 0.249146923422813 0.141899168491364 0.184188812971115 0.198268115520477 0.257609814405441 0.29177525639534 0.2212143689394
1.21114508147002e-05 0.160791620612144 0.0976507142186165 0.136280879378319 -0.0157325472682714 -0.0825638324022293 0.0250674523413181 0.244034290313721 0.344412326812744 0.184838980436325 0.17456541955471 0.352251082658768 0.134810268878937 0.133400171995163 0.105078026652336 0.305960804224014 0.160777390003204 0.204282939434052 0.234707921743393 0.260480284690857 0.160629555583 0.149574652314186 0.14910227060318 0.278736561536789 0.115224666893482 0.143536195158958 0.0902016535401344 0.107877030968666 0.104776032269001 0.0739519000053406 0.154402166604996 0.123400427401066 0.22013483941555 0.195626452565193 0.324943959712982 0.186175405979156 0.236135959625244 0.20727065205574 0.233928680419922 0.115824311971664 0.169287979602814 0.071443609893322 0.229850381612778 0.188343614339828
0.083660677075386 -0.00137165084015578 0.137409165501595 0.0889686569571495 0.0623326040804386 0.165075659751892 0.248980268836021 0.132623314857483 0.177639231085777 0.270424962043762 0.451509326696396 0.319407194852829 0.201430663466454 0.214694455265999 0.0420527867972851 0.216907843947411 0.42368671298027 0.205752998590469 0.243002772331238 0.0875091403722763 0.23686346411705 0.363508373498917 0.256748795509338 0.243098840117455 0.291520893573761 0.149925723671913 0.181890457868576 0.221511885523796 0.157010942697525 0.170259401202202 0.216161325573921 0.247332572937012 0.209221884608269 0.266531825065613 0.239301264286041 0.363326489925385 0.370546698570251 0.275087267160416 0.181426748633385 0.161632001399994 0.131335988640785 0.272381216287613 0.121466919779778 0.156331107020378
-0.0559645146131516 0.0555461011826992 -0.0153605323284864 -0.00814585853368044 0.182218506932259 0.168058589100838 0.249493196606636 0.269371718168259 0.167243927717209 0.344915628433228 0.459749311208725 0.348259180784225 0.215544268488884 0.283274859189987 0.243760287761688 0.0474597662687302 0.355878323316574 0.403293967247009 0.269850879907608 0.273664087057114 0.240867048501968 0.428885668516159 0.208195120096207 0.312525063753128 0.304324477910995 0.182334646582603 0.232697784900665 0.37526524066925 0.298691093921661 0.28720086812973 0.328187465667725 0.218220382928848 0.32352676987648 0.286654770374298 0.276979178190231 0.310079008340836 0.256273478269577 0.389876902103424 0.252838343381882 0.28898161649704 0.225763365626335 0.288856446743011 0.265402317047119 0.10705903917551
0.0553051419556141 -0.0418619066476822 0.0735574886202812 0.0727361813187599 0.221722096204758 0.209470093250275 0.0907046422362328 0.330374270677567 0.430495589971542 0.34985139966011 0.566702306270599 0.452781736850739 0.263852804899216 0.152822017669678 0.167542964220047 0.138646215200424 0.429849654436111 0.436448127031326 0.364426225423813 0.365585654973984 0.327575951814651 0.342092722654343 0.147539004683495 0.250247687101364 0.178048625588417 0.284397453069687 0.277512907981873 0.204630762338638 0.3398078083992 0.326613157987595 0.213863432407379 0.335706621408463 0.116599783301353 0.307535350322723 0.416533440351486 0.44613978266716 0.232899934053421 0.500227391719818 0.300644516944885 0.280187666416168 0.134437277913094 0.241134002804756 0.168882250785828 0.159584775567055
0.179659351706505 0.117542237043381 0.108375333249569 0.28036430478096 0.171292364597321 0.341269075870514 0.314452946186066 0.25919446349144 0.302175432443619 0.365178197622299 0.665293276309967 0.312872916460037 0.179315909743309 0.188546597957611 0.236092031002045 0.339207947254181 0.577900648117065 0.478025048971176 0.259663641452789 0.366308629512787 0.267712533473969 0.343348383903503 0.241821900010109 0.165683105587959 0.220921769738197 0.226959198713303 0.608611524105072 0.264456808567047 0.274615406990051 0.248200550675392 0.206358671188354 0.297172725200653 0.407006174325943 0.354825556278229 0.264944702386856 0.465739578008652 0.26978388428688 0.393608272075653 0.311754792928696 0.16909359395504 0.198107749223709 0.153883382678032 0.10102516412735 0.17459537088871
-0.0885008350014687 0.0233906507492065 0.0853764712810516 0.22142331302166 0.0190177168697119 0.183726474642754 0.195426598191261 0.154781267046928 0.373351156711578 0.29518711566925 0.490985721349716 0.498206526041031 0.469032019376755 0.145780816674232 0.229366615414619 0.70549464225769 0.37098902463913 0.625072062015533 0.339394271373749 0.51468813419342 0.362223505973816 0.301115810871124 0.170614793896675 0.0913958325982094 0.171098008751869 0.543785333633423 0.530257284641266 0.301691502332687 0.235526010394096 0.390740543603897 0.466386705636978 0.26829993724823 0.363840401172638 0.471962332725525 0.389738291501999 0.343608826398849 0.363696575164795 0.281743228435516 0.235054358839989 0.158715054392815 0.153447762131691 0.118437796831131 0.109681248664856 0.216136395931244
0.0492930449545383 0.132641643285751 0.158880069851875 0.0755162313580513 0.141906231641769 0.108432784676552 0.186202347278595 0.266001284122467 0.169816508889198 0.519647300243378 0.382925629615784 0.43552103638649 0.357423275709152 0.205826908349991 0.270433783531189 0.392718970775604 0.42308121919632 0.410733908414841 0.300457030534744 0.491291284561157 0.350188195705414 0.352955371141434 0.345403492450714 0.287450015544891 0.113972894847393 0.37563169002533 0.180824369192123 0.255335807800293 0.401312798261642 0.407484620809555 0.354619085788727 0.579982161521912 0.480168730020523 0.400166720151901 0.45284116268158 0.270734012126923 0.26990607380867 0.107526540756226 0.233110040426254 0.21156045794487 0.133553624153137 0.201613694429398 0.194745495915413 0.290491253137589
0.117694362998009 0.113416150212288 0.241119787096977 0.0926524922251701 0.161678954958916 0.1015240624547 0.255269646644592 0.275521516799927 0.377476215362549 0.35200834274292 0.463009029626846 0.389082729816437 0.31012350320816 0.209030315279961 0.313796877861023 0.485996901988983 0.288962244987488 0.434707641601562 0.362703144550323 0.342311233282089 0.431233376264572 0.298437893390656 0.268662303686142 0.365593314170837 0.236176908016205 0.21314911544323 0.352076679468155 0.382428348064423 0.434511452913284 0.395064741373062 0.286967396736145 0.280114263296127 0.470863163471222 0.34633481502533 0.400174409151077 0.28989714384079 0.326424241065979 0.162064611911774 0.303126096725464 0.291026145219803 0.307661503553391 0.322937220335007 0.156592145562172 0.263024687767029
0.0743689760565758 0.00734099419787526 0.137129351496696 0.10376264154911 0.0510201677680016 0.128249630331993 0.175821289420128 0.258463352918625 0.373317927122116 0.601350009441376 0.466344833374023 0.45501434803009 0.283395320177078 0.32610422372818 0.425272017717361 0.439996957778931 0.373136460781097 0.405009239912033 0.303793400526047 0.2390046864748 0.212905839085579 0.435868710279465 0.379881113767624 0.40279221534729 0.319696843624115 0.337849110364914 0.283383101224899 0.332503259181976 0.367477476596832 0.300748556852341 0.345609724521637 0.395094960927963 0.297924935817719 0.400003552436829 0.355484992265701 0.279695600271225 0.28322046995163 0.37330749630928 0.2380550801754 0.28681480884552 0.300077885389328 0.230534240603447 0.298969566822052 0.268871277570724
0.126718789339066 0.110408686101437 0.0834618955850601 0.037969384342432 0.173049628734589 0.22332327067852 0.106688909232616 0.345295548439026 0.470684319734573 0.323196530342102 0.382365167140961 0.18797504901886 0.344073355197906 0.362825155258179 0.453515201807022 0.336458086967468 0.433772087097168 0.307316422462463 0.537243247032166 0.385989248752594 0.380934506654739 0.3052778840065 0.381520241498947 0.487822353839874 0.302456915378571 0.423311680555344 0.366673916578293 0.467281430959702 0.415827751159668 0.352715998888016 0.390019923448563 0.47215548157692 0.446374535560608 0.673048973083496 0.333511680364609 0.278259515762329 0.318648248910904 0.327247381210327 0.242880299687386 0.222519159317017 0.223439663648605 0.269673109054565 0.334617584943771 0.417573928833008
0.10405220836401 0.205845966935158 0.184368953108788 0.274919629096985 0.0833266526460648 0.169239833950996 0.236024424433708 0.426448404788971 0.390517234802246 0.314987570047379 0.480306208133698 0.407720565795898 0.469681203365326 0.44398495554924 0.326373845338821 0.308468341827393 0.301535815000534 0.405246138572693 0.349576354026794 0.384945303201675 0.303956687450409 0.318792730569839 0.392110675573349 0.254638463258743 0.385411471128464 0.331948816776276 0.38621112704277 0.366549789905548 0.322284042835236 0.428026914596558 0.406471729278564 0.365690469741821 0.475785464048386 0.493522316217422 0.402172148227692 0.32222506403923 0.254642188549042 0.217337563633919 0.217492282390594 0.25211289525032 0.282618999481201 0.306305676698685 0.44488987326622 0.323310285806656
0.0733807384967804 0.150144308805466 0.302567571401596 0.104804165661335 0.15512353181839 0.111132465302944 0.197641238570213 0.380443930625916 0.539785921573639 0.462011367082596 0.335000097751617 0.433744668960571 0.400787979364395 0.389879375696182 0.385687261819839 0.570929229259491 0.445769399404526 0.449195146560669 0.28022974729538 0.354670405387878 0.398786932229996 0.376192480325699 -999 0.276187926530838 0.366055130958557 0.297253400087357 0.3961141705513 0.446440637111664 0.484951704740524 0.36786550283432 0.348079830408096 0.369518458843231 0.319256216287613 0.522768437862396 0.375225901603699 0.387192755937576 0.426348209381104 0.280728340148926 0.38583117723465 0.298991709947586 0.308427572250366 0.347277224063873 0.347043186426163 0.137387499213219
0.0793923363089561 0.0464955195784569 0.10181350260973 0.135435566306114 0.158552542328835 0.198877230286598 0.17980968952179 0.218590140342712 0.288103491067886 0.402464926242828 0.37091937661171 0.653647005558014 0.5912184715271 0.456215918064117 0.397676587104797 0.363787412643433 0.417310506105423 0.563781976699829 0.249143466353416 0.397634923458099 0.11542471498251 0.385138273239136 0.518945157527924 0.455401241779327 0.25721287727356 0.323212772607803 0.383844465017319 0.553682565689087 0.39691224694252 0.450510144233704 0.46136748790741 0.321439176797867 0.422100633382797 0.458258002996445 0.251733928918839 0.353388339281082 0.386469304561615 0.21570973098278 0.342475175857544 0.174841806292534 0.45701077580452 0.482408761978149 0.409373223781586 0.313588678836823
0.0456925816833973 0.149461820721626 0.151428535580635 0.000650741159915924 0.0672089830040932 0.0433308891952038 0.140376389026642 0.137049496173859 0.227902263402939 0.262895494699478 0.36558410525322 0.272717177867889 0.565166890621185 0.598189294338226 0.608605921268463 0.587254643440247 0.572237014770508 0.468561977148056 0.325769335031509 0.530300617218018 0.444246500730515 0.333164751529694 0.284130036830902 0.409248560667038 0.28150087594986 0.243215560913086 0.357916533946991 0.57822459936142 0.345917284488678 0.458466649055481 0.473683685064316 0.398346811532974 0.47187528014183 0.313280493021011 0.355711400508881 0.420665472745895 0.443513631820679 0.195629239082336 0.381851583719254 0.238597601652145 0.341348022222519 0.438206285238266 0.306266099214554 0.476080864667892
0.0854449793696404 0.044586680829525 0.137923181056976 0.0984776839613914 0.0655962899327278 0.216289788484573 0.182072445750237 0.145585030317307 0.239459529519081 0.296284228563309 0.387444794178009 0.337743133306503 0.489434629678726 0.555257320404053 0.509281635284424 0.470680743455887 0.583639979362488 0.438751876354218 0.446831464767456 0.522833943367004 0.459189176559448 0.473730176687241 0.481653809547424 0.484283030033112 0.386528819799423 0.49225726723671 0.298296004533768 0.506719052791595 0.564367949962616 0.326805293560028 0.371409058570862 0.430432438850403 0.559821665287018 0.35358190536499 0.32754909992218 0.269461840391159 0.382019698619843 0.444163829088211 0.432969808578491 0.475678026676178 0.392816931009293 0.380279183387756 0.288020759820938 0.354773461818695
0.209845989942551 0.0925301238894463 0.103997126221657 -0.0330691747367382 0.135243222117424 0.355902075767517 0.23849692940712 0.321396142244339 0.272087812423706 0.267187237739563 0.547457575798035 0.436550617218018 0.471854269504547 0.637837529182434 0.382795870304108 0.505651950836182 0.522880852222443 0.423731356859207 0.594639956951141 0.49440860748291 0.349953323602676 0.568461358547211 0.349144905805588 0.445921301841736 0.526202321052551 0.515787482261658 0.603193938732147 0.53246021270752 0.348130196332932 0.458779990673065 0.631203770637512 0.556433916091919 0.430387258529663 0.239787340164185 0.424921900033951 0.395848363637924 0.464487880468369 0.334377348423004 0.368836730718613 0.341073542833328 0.471001386642456 0.366761296987534 0.356348663568497 0.365237027406693
