assets/gome_f/processed/ascii/us/gome_sif_US_20120701.asc
NCOLS 116 
NROWS 53 
XLLCORNER -125 
YLLCORNER 24.5 
CELLSIZE 0.5 
NODATA_value -3.4e+38 
[rows 0 to 18 of 53, columns 0 to 43 of 116]
0.163899376988411 0.144670426845551 0.0313118509948254 0.316763430833817 0.252260327339172 0.212822467088699 0.172220200300217 0.241309806704521 0.185608386993408 0.324745506048203 0.468974083662033 0.350545793771744 0.388815134763718 0.33863964676857 0.24181704223156 0.26273450255394 0.254247575998306 0.248740062117577 0.166062340140343 0.243066594004631 0.456307083368301 0.673597395420074 0.740937948226929 0.868714272975922 0.729409575462341 0.726843595504761 0.670906066894531 0.534603536128998 0.431809395551682 0.488564699888229 0.499091774225235 0.603928744792938 0.606808066368103 0.80918025970459 0.740184783935547 0.748216450214386 0.713236212730408 0.891942322254181 1.02324616909027 0.924456715583801 0.919537782669067 0.864785850048065 0.874131619930267 0.903753757476807
0.413552969694138 0.204961478710175 0.173815503716469 0.207672402262688 0.17876909673214 0.318417519330978 0.299465626478195 0.213051661849022 0.318550795316696 0.316800862550735 0.393798619508743 0.396797209978104 0.401077449321747 0.200884819030762 0.322934031486511 0.361112654209137 0.318465143442154 0.271197348833084 0.33044046163559 0.307584255933762 0.243983954191208 0.662408173084259 0.832832872867584 0.801277101039886 1.01190447807312 0.793947637081146 0.588501036167145 0.687838852405548 0.567649245262146 0.62737238407135 0.472730696201324 0.585561096668243 0.719981372356415 0.770889222621918 0.825513243675232 0.765295624732971 0.772528231143951 0.774737775325775 0.792679131031036 0.865775942802429 0.806243240833282 0.90537703037262 0.88674408197403 0.917192161083221
0.256140649318695 0.172286659479141 0.158551126718521 0.125533312559128 0.0674547478556633 0.322469592094421 0.412534594535828 0.238736137747765 0.352717846632004 0.25651079416275 0.22885924577713 0.281410723924637 0.236440300941467 0.273543059825897 0.295179545879364 0.246460169553757 0.158636018633842 0.213656172156334 0.377515971660614 0.283862203359604 0.377355366945267 0.303095608949661 0.739572823047638 0.880488753318787 0.784514427185059 0.811073482036591 0.937992095947266 0.734203577041626 0.715013682842255 0.603806018829346 0.56773167848587 0.678349912166595 0.55782562494278 0.725670456886292 0.707369029521942 0.818863928318024 0.753512501716614 0.68087238073349 0.806940197944641 0.823466718196869 0.676619052886963 0.838263630867004 0.752776384353638 0.921187877655029
0.660999059677124 0.378671824932098 0.255898088216782 0.13371267914772 0.329389750957489 0.553994536399841 0.479205638170242 0.549547016620636 0.289916396141052 0.295027196407318 0.317018210887909 0.421679735183716 0.40639454126358 0.413558125495911 0.488533109426498 0.290778636932373 0.324628710746765 0.256846785545349 0.490415424108505 0.309616357088089 0.306254327297211 0.412188082933426 0.625917553901672 0.808572232723236 0.868362188339233 0.700479507446289 0.799012541770935 0.633003115653992 0.422090470790863 0.418258905410767 0.275976002216339 0.368912905454636 0.490353107452393 0.46459236741066 0.512007772922516 0.466106355190277 0.561800897121429 0.597900092601776 0.737608373165131 0.607179462909698 0.518078923225403 0.67202091217041 0.668554663658142 0.697951674461365
0.350755482912064 0.428924947977066 0.269615292549133 0.431416392326355 0.267998337745667 0.353547185659409 0.443657428026199 0.356637448072433 0.328833520412445 0.247289314866066 0.353474646806717 0.387432247400284 0.368123441934586 0.444969207048416 0.491039603948593 0.412385374307632 0.363855689764023 0.415396511554718 0.438572913408279 0.421830534934998 0.339155077934265 0.293742626905441 0.400698721408844 0.435381770133972 0.36342391371727 0.327177196741104 0.348536849021912 0.487619817256927 0.374298304319382 0.156237915158272 0.346860498189926 0.309268832206726 0.377595961093903 0.282936751842499 0.416135728359222 0.28602597117424 0.393585413694382 0.397385388612747 0.585362017154694 0.501642167568207 0.528263747692108 0.451125293970108 0.617365419864655 0.732803106307983
0.286577254533768 0.522346556186676 0.262341916561127 0.365809410810471 0.293220698833466 0.36116287112236 0.423335820436478 0.321266710758209 0.27142521739006 0.279237329959869 0.23361699283123 0.262867569923401 0.289461702108383 0.431415557861328 0.49133113026619 0.509979367256165 0.549066603183746 0.418374449014664 0.361055672168732 0.363147467374802 0.417699128389359 0.477761059999466 0.402395755052567 0.438996821641922 0.262310922145844 0.251822054386139 0.400177776813507 0.345714688301086 0.21688386797905 0.264831215143204 0.304113864898682 0.267937213182449 0.371797055006027 0.21350871026516 0.187100261449814 0.126698181033134 0.178188696503639 0.199259236454964 0.354224681854248 0.419653177261353 0.407799899578094 0.40227872133255 0.472077578306198 0.662513554096222
0.0438536256551743 0.149199858307838 0.497843533754349 0.46597346663475 0.352380782365799 0.561200380325317 0.498940378427505 0.456237643957138 0.278005510568619 0.194657042622566 0.159032583236694 0.159977942705154 0.157996147871017 0.336579918861389 0.405881345272064 0.397507339715958 0.514609336853027 0.488735139369965 0.389917016029358 0.356377065181732 0.380084991455078 0.526813983917236 0.502688825130463 0.397406816482544 0.160045146942139 0.383400559425354 0.252470463514328 0.289088129997253 0.364258855581284 0.33117088675499 0.398599922657013 0.187010705471039 0.318032115697861 0.0603993609547615 0.0569994822144508 0.129185110330582 0.106476098299026 0.0951722264289856 0.197752460837364 0.118647493422031 0.301463931798935 0.289919495582581 0.52394837141037 0.29848575592041
0.0738677307963371 0.0506303906440735 0.518956899642944 0.58160662651062 0.41894668340683 0.571087718009949 0.492290914058685 0.309397876262665 0.261252015829086 0.30052787065506 0.214380994439125 0.378935486078262 0.262774467468262 0.269947648048401 0.505449891090393 0.587555050849915 0.66372150182724 0.565849244594574 0.483814686536789 0.567490339279175 0.36051407456398 0.428237587213516 0.473171144723892 0.351283520460129 0.331224590539932 0.352879613637924 0.153626814484596 0.28496465086937 0.294177263975143 0.470200300216675 0.226433306932449 0.399422228336334 0.302528411149979 0.19876717031002 0.170368701219559 0.0579001717269421 0.125408813357353 0.283986181020737 0.226327389478683 0.148984104394913 0.390358507633209 0.213774755597115 0.323963612318039 0.263259410858154
-0.0905512645840645 -0.344619989395142 0.453725755214691 0.470499396324158 0.786291778087616 0.559426605701447 0.511599481105804 0.343776881694794 0.3279749751091 0.250676602125168 0.261080175638199 0.401150286197662 0.338458567857742 0.14804670214653 0.242568597197533 0.423664778470993 0.519339501857758 0.565351605415344 0.548716604709625 0.464969396591187 0.495381385087967 0.497157126665115 0.276130378246307 0.416295111179352 0.374735683202744 0.254724472761154 0.168014347553253 0.281030595302582 0.350943833589554 0.348032057285309 0.35173636674881 0.389204233884811 0.180655971169472 0.31877413392067 0.102106750011444 0.133866280317307 0.0957655236124992 0.0179598592221737 0.135144546627998 0.145145937800407 0.151483058929443 0.203522145748138 0.285474717617035 0.213341176509857
-0.0762671604752541 0.169611737132072 0.536936104297638 0.522233366966248 0.836713850498199 0.539012670516968 0.504868030548096 0.346528321504593 0.328262567520142 0.205564349889755 0.303251355886459 0.347304672002792 0.427998334169388 0.335564762353897 0.370887458324432 0.314207822084427 0.471792221069336 0.558774948120117 0.390710026025772 0.533646464347839 0.511053860187531 0.305277764797211 0.312118172645569 0.143438279628754 0.325289934873581 0.280314296483994 0.306386768817902 0.31567057967186 0.412228882312775 0.280013680458069 0.210951924324036 0.273884207010269 0.179074853658676 0.114433139562607 0.199130222201347 -0.0533887706696987 0.077677994966507 0.188880309462547 0.243225887417793 0.0251108221709728 0.144184097647667 0.213336035609245 0.23156826198101 0.394284546375275
0.0218182448297739 0.0711033567786217 0.240131884813309 0.68947821855545 0.499797612428665 0.596812069416046 0.431362897157669 0.484655052423477 0.276537477970123 0.142086982727051 0.307798564434052 0.206068873405457 0.314509928226471 0.375434815883636 0.39726722240448 0.408003509044647 0.262767106294632 0.230545610189438 0.356201887130737 0.335991740226746 0.269847452640533 0.37804701924324 0.32906386256218 0.136606812477112 0.315468609333038 0.25350347161293 0.280832707881927 0.279991924762726 0.306281924247742 0.36039537191391 0.164411574602127 0.189374059438705 0.170738726854324 0.123798623681068 0.161565318703651 0.159399151802063 0.232485264539719 0.106236658990383 0.125425308942795 0.0914181619882584 0.128702431917191 0.185584738850594 0.205804586410522 0.327207088470459
0.232707262039185 -0.0146466540172696 0.411503732204437 0.507327139377594 0.498365968465805 0.62677538394928 0.427827626466751 0.365606069564819 0.184018313884735 0.169802278280258 0.0479664355516434 0.231181070208549 0.311391353607178 0.364305406808853 0.472289323806763 0.252047181129456 0.318533003330231 0.290438950061798 0.347795963287354 0.260454297065735 0.280570983886719 0.224084571003914 0.258392781019211 0.252980947494507 0.278579503297806 0.15972563624382 0.30837082862854 0.239161923527718 0.295525282621384 0.187349185347557 0.212792173027992 0.290056079626083 0.247209414839745 0.230181872844696 0.237412974238396 0.215360641479492 0.224667966365814 0.116676636040211 0.234356269240379 0.17419596016407 0.208742931485176 0.190451100468636 0.117295704782009 0.24012590944767
-0.0199672803282738 0.0130907716229558 0.496802538633347 0.455433756113052 0.570919990539551 0.545310199260712 0.369375020265579 0.231877148151398 0.165228143334389 0.166506424546242 0.179999426007271 0.224291518330574 0.242701411247253 0.211497634649277 0.25765061378479 0.244052052497864 0.231559917330742 0.281474381685257 0.354075819253922 0.214894592761993 0.146423518657684 0.185025930404663 0.144129812717438 0.177229002118111 0.33634540438652 0.322162687778473 0.303454756736755 0.394436210393906 0.304468393325806 0.253893315792084 0.186025381088257 0.252237975597382 0.0742089673876762 0.137423023581505 0.274281799793243 0.222657412290573 0.250878721475601 0.201783686876297 0.0260386932641268 0.192891642451286 0.153812900185585 0.256155341863632 0.176905483007431 0.222829580307007
-0.12283718585968 0.149698048830032 0.328535944223404 0.551365315914154 0.550114512443542 0.547207534313202 0.298010915517807 0.369801580905914 0.225018411874771 0.165804922580719 0.180889770388603 0.235605105757713 0.253236562013626 0.209113791584969 0.0135824400931597 0.0797777995467186 0.255324274301529 0.35025155544281 0.329274505376816 0.245833367109299 0.258955925703049 0.188101217150688 0.116512879729271 0.19813971221447 0.184586301445961 0.230760052800179 0.415652513504028 0.547512948513031 0.339443951845169 0.333652526140213 0.210869625210762 0.147385120391846 0.152213782072067 0.14546325802803 0.158450528979301 0.243677139282227 0.282754182815552 0.188378676772118 0.0868315324187279 0.07167848944664 0.137643083930016 0.207310616970062 0.306808292865753 0.376807898283005
0.085510790348053 0.208277970552444 0.521671950817108 0.647067189216614 0.654883503913879 0.487953186035156 0.325148969888687 0.239917188882828 0.0855771899223328 0.145124331116676 0.157894462347031 0.10746792703867 0.223147585988045 0.152947053313255 0.0897793099284172 0.0733454748988152 0.412830621004105 0.468789398670197 0.487096130847931 0.278780221939087 0.361756831407547 0.0534912571310997 0.199005201458931 0.113134920597076 0.282089978456497 0.462077140808105 0.4103784263134 0.585373640060425 0.345029085874557 0.182588696479797 0.277029305696487 0.173304378986359 0.0996127128601074 0.0639327764511108 0.0736117660999298 0.126425862312317 0.128216370940208 0.120394565165043 0.0851858630776405 0.181265845894814 0.179577872157097 0.111821360886097 0.128768473863602 0.181420877575874
0.128823146224022 0.300932079553604 0.52807229757309 0.520103991031647 0.539808571338654 0.38000676035881 0.278279274702072 0.237710669636726 0.17214272916317 0.123068399727345 -0.030484089627862 0.00879166927188635 0.124010629951954 0.122821889817715 -0.0653725415468216 0.0800049677491188 0.111764900386333 0.244437694549561 0.295594573020935 0.206965491175652 0.235133841633797 0.243782430887222 0.244978278875351 0.0899524316191673 0.104000866413116 0.474719494581223 0.429556399583817 0.516197443008423 0.36608037352562 0.29014053940773 0.222734600305557 0.0816683992743492 0.0696357414126396 0.15461690723896 0.0856999829411507 0.196403831243515 0.150137171149254 0.149664655327797 0.069014385342598 0.0409552156925201 0.0121966805309057 0.000632723269518465 0.0502214878797531 0.0930847227573395
0.123280674219131 0.301541358232498 0.496791392564774 0.512934863567352 0.507053017616272 0.396512687206268 0.232301577925682 0.291348934173584 0.23233588039875 0.165432512760162 0.00986686255782843 0.0586223602294922 0.135440334677696 0.114962428808212 0.0677967444062233 0.103247806429863 0.16135710477829 0.0407450348138809 0.11020515114069 0.232848078012466 0.29170948266983 0.619414031505585 0.449329882860184 0.450351297855377 0.350236058235168 0.410973966121674 0.37059697508812 0.488710790872574 0.303433865308762 0.267750352621078 0.264606237411499 0.164483815431595 0.0746816098690033 0.100824408233166 0.0399003960192204 -0.0186424721032381 0.0167690571397543 0.126510128378868 0.0734451487660408 0.172855511307716 0.111133642494678 0.101812928915024 0.173529148101807 0.14683398604393
0.123250722885132 0.186814501881599 0.437530726194382 0.432528227567673 0.431108474731445 0.419703900814056 0.325006991624832 0.430962860584259 0.234729364514351 0.26902174949646 0.0882519334554672 0.178050860762596 0.0274838004261255 0.134904742240906 0.0491211377084255 0.169945135712624 0.0805825963616371 0.0732942894101143 0.0398017950356007 0.146744430065155 0.0845365822315216 0.324711918830872 0.27788507938385 0.303352057933807 0.319459646940231 0.342202663421631 0.39827436208725 0.310897380113602 0.217452123761177 0.135842934250832 0.0136220548301935 0.129015982151031 0.0561065562069416 0.0346352905035019 0.0719223022460938 0.185905113816261 0.123087987303734 0.0149672776460648 0.165667742490768 0.178571820259094 0.088774211704731 0.191897436976433 0.227367386221886 0.124550342559814
-0.0286334324628115 0.192808896303177 0.422061920166016 0.561177492141724 0.434077739715576 0.310015082359314 0.322254449129105 0.229727223515511 0.173961386084557 0.131180375814438 0.102162905037403 0.0556513480842113 0.0171731282025576 0.110278867185116 0.106123849749565 0.0488311350345612 0.0361628867685795 0.132772982120514 0.0854413583874702 0.182394027709961 0.0724308341741562 0.101380415260792 0.11876305937767 0.115624532103539 0.111750401556492 0.238087803125381 0.290734350681305 0.422995865345001 0.189997538924217 0.109730772674084 0.00592235196381807 0.0814310535788536 0.0917019098997116 0.0850595608353615 0.038937933743 0.0413139536976814 0.129590332508087 0.0422224067151546 0.059413518756628 0.106528028845787 0.054711788892746 0.128791943192482 0.280750125646591 0.323151648044586
