assets/gome_f/processed/ascii/us/gome_sif_US_20130101.asc
NCOLS 116 
NROWS 53 
XLLCORNER -125 
YLLCORNER 24.5 
CELLSIZE 0.5 
NODATA_value -3.4e+38 
[rows 19 to 37 of 53, columns 0 to 42 of 116]
-0.0111858705058694 -0.0174176339060068 0.0482935905456543 0.0430923588573933 0.0642921403050423 0.068537138402462 -0.0116791045293212 0.0140973581001163 -999 0.0108892135322094 0.0248560011386871 -0.0325476080179214 0.0625472739338875 0.109173141419888 -0.17023678123951 0.300964623689651 -999 -0.143499627709389 0.0845269709825516 0.0246086567640305 0.00103743898216635 -0.204140797257423 -999 0.0329157374799252 0.218822821974754 -0.137273177504539 0.122530452907085 0.0323233306407928 -999 0.0227690078318119 -0.00480766734108329 -0.104761861264706 -999 -0.0363237932324409 -999 0.00518692890182137 -999 -0.202180340886116 -0.203180700540543 0.0148844849318266 -0.052655566483736 -0.0774142295122147 0.0806727334856987
-0.0414196364581585 0.0552581958472729 0.0266478229314089 0.0527387484908104 0.140838041901588 0.0752674341201782 0.0220040790736675 -0.0352597385644913 -0.00673658400774002 -999 0.0248023234307766 -0.0375463552772999 0.0166197828948498 0.0118096116930246 0.200107276439667 -0.0440859943628311 -999 0.0231282860040665 0.0458956100046635 -0.0438847243785858 -999 -0.180730953812599 -999 0.00538188219070435 0.141438841819763 0.0574479550123215 -999 0.122676394879818 -999 -999 -999 -999 -0.208948880434036 -999 -999 -0.0686163976788521 -999 -999 0.0847258791327477 -0.0308771785348654 -0.00432646600529552 0.00968453288078308 -0.0231475215405226
0.0880044773221016 0.0411758534610271 0.0946480855345726 0.175112009048462 0.129349261522293 0.0583983771502972 6.31570801488124e-05 0.109977334737778 0.107565559446812 0.0456865169107914 0.000789172947406769 0.0241715349256992 0.0469449125230312 -0.0441787131130695 -0.0148745179176331 0.0816430971026421 -999 -0.0650633051991463 -0.0733607262372971 -0.0110074682161212 0.130015149712563 -0.025852357968688 -0.180457428097725 -0.124946288764477 0.0783902630209923 -0.00399558572098613 0.0796809047460556 -999 -0.211770743131638 0.21805115044117 -0.0363682061433792 -0.0511909797787666 -0.0637480840086937 -999 -0.0273282639682293 -999 -999 0.151326134800911 0.132446795701981 0.0571447610855103 0.00305430148728192 -0.0496592484414577 0.0120623391121626
-0.0410054847598076 0.0300664901733398 0.103269375860691 0.0671038031578064 0.0756815075874329 0.0871709138154984 0.0486003942787647 0.054639920592308 0.11840795725584 0.00321091944351792 0.0347974747419357 0.0296829752624035 -0.036548800766468 -0.0345013551414013 -999 0.172299265861511 -999 -0.00141420960426331 0.0951001867651939 0.0695734396576881 0.135141715407372 0.0682626441121101 0.0638788267970085 0.0770334824919701 -0.0504357405006886 -0.0358459874987602 0.138690963387489 0.0212350226938725 -999 0.0544700548052788 -999 0.0578643269836903 0.00966509431600571 -999 -0.173240453004837 -999 -999 -0.0783052518963814 0.0844825655221939 0.0470189787447453 0.0731326639652252 0.0923372954130173 0.0102877719327807
-0.0879633501172066 0.0183372609317303 0.0681713595986366 0.160904571413994 0.0875103399157524 -0.022101778537035 0.0296146813780069 0.152836859226227 -0.0180009566247463 0.013987478800118 -0.0167201310396194 -0.121092781424522 0.0961436554789543 0.0541193969547749 -999 0.140484929084778 -999 -0.100519105792046 -0.101406939327717 -999 0.0138894720003009 -999 0.0252269078046083 -0.0907022207975388 -0.219182699918747 0.093809649348259 -0.0031156640034169 -999 -0.130998089909554 0.0899672731757164 0.0767901241779327 0.0567385479807854 0.083937868475914 0.0765404254198074 -0.00319940643385053 -999 -999 -0.0617560371756554 0.0747507661581039 0.087392695248127 0.0290865562856197 -0.0255144834518433 -0.0329199843108654
-0.0148747097700834 0.0127879278734326 -0.000161361167556606 0.130105882883072 0.176641240715981 0.132600799202919 0.15451380610466 0.0795960277318954 0.0900252908468246 0.0742260292172432 0.0476722456514835 0.0896704196929932 -0.0900168567895889 -0.010717180557549 -0.006560402456671 -0.230089589953423 0.0381115153431892 0.0693416371941566 0.114334851503372 0.0347155295312405 0.0237390920519829 0.442191630601883 0.0436648838222027 -999 0.0625651255249977 0.0130889052525163 -0.0206860601902008 -0.161251977086067 0.00767757929861546 0.133816599845886 -0.105219192802906 -0.0273591820150614 -0.118382647633553 -0.0812651440501213 0.08094871789217 -0.00125588232185692 0.116005659103394 0.00824963394552469 -0.0202349834144115 0.0206953771412373 0.0385585017502308 -0.0267641060054302 -0.0629305243492126
0.0817650705575943 -0.0294843520969152 -0.0213301479816437 0.0198313146829605 0.0694644004106522 0.13150942325592 0.135406255722046 0.121535740792751 0.10533532500267 0.0781836956739426 -0.0862052068114281 -0.0479131303727627 0.0329912975430489 0.0490298047661781 -0.0177353043109179 -0.1324313133955 -0.0435923859477043 0.0729953646659851 -0.0290147792547941 -0.0817155465483665 -0.0435399450361729 0.0179213546216488 0.0194341279566288 -0.0215043947100639 -0.00304186227731407 -0.0597441978752613 -0.0828166604042053 -0.0464167818427086 0.0058384882286191 0.0913672894239426 0.0087373023852706 -0.00762002216652036 -0.0254858136177063 -0.041163444519043 -0.0420133620500565 -999 0.128038838505745 0.00988027732819319 0.110119439661503 0.146421372890472 0.034735944122076 0.0567954778671265 -0.0133453318849206
0.0289815571159124 0.0229846127331257 -0.0515669398009777 0.0558878965675831 0.0288135912269354 0.0981809347867966 0.0228395462036133 0.123683534562588 0.133948922157288 0.15324504673481 -0.0556617639958858 0.028525173664093 -0.00821090862154961 -0.09174595028162 -0.0334750488400459 -0.0379213094711304 -0.0243499577045441 0.00348319998010993 0.0430548004806042 -0.0137601643800735 -0.0780751034617424 -0.0624468885362148 -0.126366630196571 -0.0134729687124491 -0.0281728412955999 0.0558440200984478 -0.0226609893143177 -0.0102465804666281 -0.00448132678866386 0.100287243723869 -0.0654788836836815 -0.0170684419572353 -0.215298011898994 -0.0760428234934807 -999 -999 -0.0841325297951698 0.027233961969614 0.0640780031681061 0.0170745700597763 0.0457920767366886 -0.0225430615246296 0.0258470270782709
-0.0669972449541092 -0.0187106151133776 -0.0755469501018524 0.0758465677499771 -0.0153357479721308 0.00455785449594259 0.0414550974965096 0.105144374072552 0.157150819897652 0.127040892839432 0.135187745094299 -0.025453507900238 -0.000344972446328029 0.00991130154579878 0.0561238303780556 -0.124234512448311 -0.0107117276638746 0.0202881004661322 0.0341329574584961 0.0477356240153313 -0.0294433869421482 0.0307485945522785 0.0760382786393166 0.0328219868242741 0.0366901271045208 0.0432787276804447 0.0162402484565973 -0.0608985796570778 -0.00638991827145219 -0.0205206535756588 0.06280567497015 -0.0250935722142458 -0.0146932434290648 -0.0207633953541517 -0.143918886780739 0.087189607322216 -0.0792440101504326 0.0582337602972984 -0.0395922549068928 -0.0509207360446453 0.0668222978711128 -0.0143911661580205 0.00374039867892861
0.00208128383383155 -0.156600773334503 -0.0131116202101111 0.0343622528016567 -0.0436108596622944 0.069269597530365 0.0595718733966351 0.0191132035106421 0.0682601183652878 0.130095660686493 0.0743522793054581 0.0895606502890587 0.0527844466269016 0.0366633087396622 0.0693094357848167 0.0288155023008585 0.0420324318110943 0.00121867889538407 -0.099682092666626 0.0520093627274036 0.0704274326562881 0.089669480919838 0.0469718985259533 0.00584395555779338 -0.0529915355145931 -0.0226249303668737 0.0738883316516876 0.0381492115557194 0.0661041960120201 -0.0722609385848045 0.0598040148615837 0.0847876816987991 0.0918570011854172 0.0220341514796019 -0.0155970891937613 -0.00693933060392737 -0.0711439624428749 -0.0836348086595535 -999 0.0744724720716476 0.111365512013435 -0.0934695973992348 -0.0226381812244654
0.107357114553452 -0.0149646457284689 0.0265361722558737 -0.044574998319149 0.0402166694402695 -0.0281727705150843 -0.00697805779054761 0.0260651912540197 0.0355898886919022 -0.0792906507849693 0.0838577002286911 0.193865165114403 0.0765937641263008 -0.0236490368843079 0.0243245158344507 0.0489523708820343 0.0556677877902985 0.000895605713594705 0.116591073572636 0.0704166069626808 0.0395428352057934 0.00255704647861421 0.0061964257620275 0.148716524243355 0.00951151829212904 -0.0534099712967873 -0.0275469552725554 -0.0174588821828365 -0.00776737695559859 0.0363854803144932 0.0778996050357819 0.101012580096722 0.0457671135663986 -0.0361577607691288 -0.118142388761044 -0.104059308767319 -0.0589407831430435 0.0731806606054306 0.00357527984306216 -0.097166121006012 -0.00425063911825418 0.0333782248198986 -0.0421037897467613
-0.0362850874662399 0.00746186496689916 0.00865193642675877 -0.0128432111814618 0.000152634893311188 0.0396657586097717 0.048676997423172 0.0180371720343828 0.051038421690464 0.118625842034817 0.0539394430816174 0.0703982189297676 0.0896814689040184 0.0175760313868523 0.0564507655799389 0.0723031237721443 0.0162529814988375 -0.0164979845285416 0.0396535284817219 0.042639072984457 0.0780666545033455 0.00456805480644107 0.0778798311948776 0.0632233247160912 -0.036696195602417 -0.0818892866373062 -0.0416440032422543 0.016530953347683 -0.108937837183475 -0.0796043202280998 -0.182870358228683 0.0133569976314902 0.0722593665122986 -0.0491132885217667 0.117561802268028 0.0157598946243525 0.0348975472152233 0.0197858102619648 0.072816476225853 0.0188422910869122 0.0237566437572241 -0.0153796076774597 0.112824149429798
0.0466081537306309 0.107018612325191 -0.0073998961597681 -0.0644249841570854 0.0248815808445215 -0.054528284817934 0.00554969534277916 0.113739654421806 0.0333127230405807 -0.00128525123000145 0.117209911346436 0.00466581666842103 0.102176278829575 0.0459009446203709 0.115727446973324 -0.00051395024638623 0.0401954501867294 -0.0648181140422821 0.0410784855484962 0.0481076091527939 0.0624124296009541 -0.0215627923607826 0.0335528030991554 0.0267551150172949 -0.0512299425899982 -0.0214645322412252 -0.018799377605319 0.133710354566574 -0.0992447882890701 -0.0108012203127146 -0.0140430061146617 -0.0639032870531082 0.0152263287454844 0.0021982982289046 0.0282854717224836 -0.0169029291719198 0.0237817205488682 0.0700761005282402 0.111716419458389 0.0524158291518688 0.0119065549224615 0.0145861255005002 0.0165992882102728
0.00317639415152371 0.0111899618059397 0.0479290597140789 -0.0281547699123621 0.00569961871951818 0.114499859511852 -0.0548276342451572 0.0678279846906662 0.0377749353647232 0.0587238259613514 -0.0461466498672962 0.0519246980547905 -0.0183798149228096 0.0104716941714287 0.00655212160199881 -0.0228838920593262 0.019934918731451 0.0620854087173939 0.0319572277367115 0.0909033268690109 0.0833513364195824 0.0861561745405197 0.0149500574916601 0.0742990374565125 0.0283529236912727 0.030940281227231 -0.0850607678294182 -0.0126490266993642 0.0548815093934536 0.0229934118688107 -0.047091893851757 0.0204777754843235 0.0129834273830056 -0.183510780334473 0.00293004279956222 0.0369159951806068 -0.0147658688947558 0.0308438278734684 0.036931287497282 0.0262616463005543 0.0190670844167471 0.00474584894254804 0.0318798311054707
0.0222066529095173 -0.0133376875892282 0.123208835721016 0.0930817350745201 0.0385461039841175 -0.0566014721989632 0.00282676331698895 -0.069377213716507 0.0216633658856153 0.017264237627387 -0.00176014506723732 0.00801404472440481 0.119134590029716 0.0479497537016869 0.100668847560883 0.0837509334087372 -0.0148805035278201 0.0208171121776104 -0.0158494245260954 -0.0676860436797142 0.124457135796547 0.107991486787796 0.0603774040937424 0.0555132888257504 0.218256235122681 0.0524758398532867 0.127803966403008 0.0205747466534376 -0.0354435257613659 0.00356968981213868 -0.00225003785453737 0.0398669876158237 0.044165201485157 0.0335674732923508 0.00434996327385306 0.0244783330708742 0.00115450471639633 -0.00910026207566261 -0.0463630519807339 0.0418062172830105 0.00840978696942329 -0.0114518823102117 0.0238147377967834
0.0276119522750378 -0.0159786883741617 0.0368250459432602 0.033770889043808 -0.0323356539011002 -0.0207558628171682 0.0605769418179989 0.0024675854947418 -0.0704589933156967 -0.00580589612945914 -0.00579699221998453 0.02239097841084 -0.101298242807388 -0.0133817745372653 -0.00901275034993887 -0.00946835894137621 0.0197472926229239 -0.042926125228405 -0.0055056787095964 0.0189418718218803 0.0418169423937798 0.0456600375473499 0.10947348177433 0.00515299616381526 -0.00329335173591971 0.068278081715107 0.0752765089273453 0.0880069136619568 0.0411381237208843 0.144676327705383 0.0688697770237923 0.02162766456604 0.0471803843975067 -0.0659355446696281 0.0390655100345612 0.0570365190505981 0.0374599620699883 -0.00822475273162127 -0.0506421402096748 -0.0516817793250084 -0.0200763344764709 0.0123832961544394 0.0186664462089539
0.0504366420209408 0.0507169105112553 0.0275609325617552 0.078643262386322 0.0597689524292946 -0.0105537101626396 -0.0341948010027409 -0.0102950083091855 -0.0116278640925884 0.0378413423895836 -0.0363839492201805 -0.0306458212435246 0.0205261968076229 -0.0791847854852676 0.00999662186950445 0.0851412564516068 0.0588388666510582 0.0303311981260777 0.0922701358795166 0.0240476168692112 -0.019136955961585 -0.0317150466144085 -0.00734021048992872 0.0241918247193098 -0.00858014170080423 0.0399608239531517 0.0962422490119934 0.100097849965096 0.0458877012133598 0.00476777972653508 -0.0197484418749809 0.0176769234240055 0.0955204591155052 0.0026503736153245 0.0509962625801563 0.00939886551350355 0.102820530533791 0.0875052288174629 0.0234921742230654 -0.0744524523615837 -0.0257411133497953 -0.00629390636458993 0.0525721423327923
-0.00387309794314206 0.0294737592339516 0.0495983771979809 0.0499430373311043 -0.00616882974281907 -0.0262886509299278 0.0335263162851334 0.0471526011824608 0.03805136308074 0.0660486072301865 0.0697891414165497 -0.0429835207760334 0.0401975400745869 -0.0135159762576222 0.0238679777830839 -0.0352699309587479 0.0789335891604424 0.0262191258370876 0.0168173070997 0.129845678806305 0.117990337312222 0.128245905041695 0.0358023904263973 0.0766601487994194 -0.0341816619038582 0.136004164814949 0.119987539947033 0.0331629738211632 0.000516939559020102 0.0236468221992254 0.0970776826143265 0.0375317484140396 0.056094616651535 0.0538482666015625 0.0223569348454475 0.014634795486927 -0.0600779131054878 -0.049777690321207 0.0657342448830605 -0.0327837578952312 -0.000368690700270236 -0.0120453918352723 0.0591902062296867
0.0089572137221694 0.0971863195300102 -0.0255248937755823 0.0482876561582088 0.0172388385981321 -0.0192884411662817 0.0600346699357033 0.0829621106386185 -0.0911819264292717 0.0595405586063862 0.0200875345617533 -0.0585021488368511 0.0705383270978928 -0.0211984664201736 -0.0457727126777172 -0.00797343347221613 0.0333654917776585 0.0676416903734207 0.0951252207159996 0.0691074952483177 0.00462493533268571 0.0103173404932022 0.0143479714170098 -0.111024998128414 -0.00845204200595617 0.0846785679459572 0.0188345964998007 -0.0328191965818405 0.142996400594711 0.0441519431769848 -0.0295118056237698 0.0239913687109947 0.0225427579134703 -0.00969570595771074 -0.00967774819582701 0.113789491355419 -0.0495953783392906 0.107300281524658 -0.00641488982364535 0.0199418030679226 0.0618342347443104 0.017509113997221 0.105739206075668
