assets/gome_f/processed/ascii/us/gome_sif_US_20120701.asc
NCOLS 116 
NROWS 53 
XLLCORNER -125 
YLLCORNER 24.5 
CELLSIZE 0.5 
NODATA_value -3.4e+38 
[rows 19 to 37 of 53, columns 44 to 87 of 116]
0.22441902756691 0.168187335133553 0.182853698730469 0.331288278102875 0.40928903222084 0.385314613580704 0.53137344121933 0.532214879989624 0.64026266336441 0.736663699150085 0.811471283435822 1.04196846485138 0.959811925888062 0.888644278049469 0.981113910675049 0.966380596160889 0.893827378749847 0.773358106613159 0.792085707187653 0.903674125671387 0.940445423126221 0.733345210552216 0.887595891952515 0.935838103294373 1.09888339042664 0.983218550682068 0.948116779327393 1.14703667163849 0.982231318950653 1.03724527359009 0.890575587749481 0.942711114883423 0.806211769580841 0.867521703243256 0.689216256141663 0.61908483505249 0.628880441188812 0.640237212181091 0.69823831319809 0.747667670249939 0.845218002796173 0.779409885406494 0.603777706623077 0.811905920505524
0.291888922452927 0.280203998088837 0.437312692403793 0.484618842601776 0.423275530338287 0.472434490919113 0.660636007785797 0.913690686225891 0.893610179424286 0.926235198974609 1.00897514820099 0.960657238960266 0.905034601688385 0.802593111991882 0.779812932014465 1.01548182964325 0.8228440284729 0.776858448982239 0.713198721408844 0.65718549489975 0.719231188297272 0.742421805858612 0.695322751998901 0.900472939014435 0.961163461208344 1.05301034450531 0.967838943004608 0.936140120029449 0.877415716648102 0.983594357967377 0.955692052841187 1.01110172271729 0.941783726215363 0.892908871173859 0.974901258945465 0.886513352394104 0.737810730934143 0.759660422801971 0.849396407604218 0.856091320514679 0.810795247554779 0.855631232261658 0.871729850769043 0.694951057434082
0.289539605379105 0.351488053798676 0.353809058666229 0.341955631971359 0.456173986196518 0.415976166725159 0.623219192028046 0.661736786365509 0.797992646694183 0.841182112693787 0.930530369281769 0.889067232608795 0.753947556018829 0.771650731563568 0.877752959728241 0.808025479316711 0.831577777862549 0.585393667221069 0.673320114612579 0.637151777744293 0.596938133239746 0.758537530899048 0.691091120243073 0.801413178443909 0.870732963085175 0.950073719024658 0.871890604496002 1.07200372219086 0.868031978607178 1.17587578296661 0.883971393108368 1.02592575550079 0.97312194108963 0.863244831562042 0.876889169216156 0.842825949192047 0.927875697612762 0.988840341567993 0.872961044311523 0.836588263511658 0.848859965801239 0.661302626132965 0.857024312019348 0.786013007164001
0.179601714015007 0.387155503034592 0.21892423927784 0.305097818374634 0.355937242507935 0.22959703207016 0.385751217603683 0.357940286397934 0.34830230474472 0.531538784503937 0.646332025527954 0.669620156288147 0.675856530666351 0.61986368894577 0.752319395542145 0.760234117507935 0.88985550403595 0.788369238376617 0.639236807823181 0.584749042987823 0.7118821144104 0.610567808151245 0.723017036914825 0.703657329082489 0.714611053466797 0.976461231708527 0.745028018951416 1.01475870609283 1.0626335144043 0.974624693393707 0.97030234336853 0.824349164962769 0.85443115234375 0.622346997261047 0.819544553756714 0.898277938365936 0.810148179531097 0.75848913192749 0.823396444320679 0.90930587053299 0.819163918495178 0.656114518642426 0.649101972579956 0.788546323776245
0.13713838160038 0.156342431902885 0.219533920288086 0.223467364907265 0.368975341320038 0.315532445907593 0.269821286201477 0.326844662427902 0.277152270078659 0.3450748026371 0.340633451938629 0.454832822084427 0.448407381772995 0.474537134170532 0.556673943996429 0.502594470977783 0.556245446205139 0.671950101852417 0.638238549232483 0.755633056163788 0.76206773519516 0.637639462947845 0.603866517543793 0.669611036777496 0.654825389385223 0.836629450321198 0.884176254272461 0.837562918663025 0.917138993740082 0.691059827804565 0.923185467720032 0.784767150878906 0.767302513122559 0.701003551483154 0.804716050624847 0.806239008903503 0.683870255947113 0.729301452636719 0.957787275314331 0.998169243335724 0.720185160636902 0.672383785247803 0.690184652805328 0.7445108294487
0.0500888787209988 0.128355011343956 0.159778758883476 0.162462428212166 0.2403454631567 0.237952530384064 0.203779548406601 0.31307515501976 0.251365691423416 0.278295159339905 0.354483634233475 0.426003813743591 0.364671945571899 0.434229791164398 0.524862229824066 0.378220736980438 0.460231631994247 0.443366646766663 0.615035474300385 0.576402127742767 0.529734671115875 0.490447252988815 0.509795427322388 0.699064433574677 0.602683007717133 0.620311141014099 0.738677501678467 0.600680589675903 0.792370855808258 0.753496289253235 0.845273792743683 0.626467645168304 0.760760843753815 0.75284081697464 0.72790402173996 0.743727803230286 0.743788421154022 0.772247493267059 0.622048020362854 0.881576180458069 0.521897494792938 0.782492160797119 0.649270713329315 0.75096720457077
0.0744904950261116 0.12853679060936 0.0809701010584831 0.103900045156479 0.148186549544334 0.301711708307266 0.237080425024033 0.311744749546051 0.246032208204269 0.312329709529877 0.383053988218307 0.337137907743454 0.322849571704865 0.369726687669754 0.41456401348114 0.394021391868591 0.530766069889069 0.58022528886795 0.47583732008934 0.501310408115387 0.645987033843994 0.543741583824158 0.513202369213104 0.594620585441589 0.712133228778839 0.532328367233276 0.670153260231018 0.508958101272583 0.692804455757141 0.570708036422729 0.798618793487549 0.880816519260406 0.646592557430267 0.854831039905548 0.608219027519226 0.95580381155014 0.716396570205688 0.657017886638641 0.713427603244781 0.774726569652557 0.840484261512756 0.688275635242462 0.718104183673859 0.718944013118744
0.12406799197197 0.183615997433662 0.193697229027748 0.242751076817513 0.409739941358566 0.394055336713791 0.354508638381958 0.388837248086929 0.252801060676575 0.309392124414444 0.291351199150085 0.317935675382614 0.387781292200089 0.431795716285706 0.509508550167084 0.520032405853271 0.637303233146667 0.471284598112106 0.573745727539062 0.5726238489151 0.451689541339874 0.66842919588089 0.587915658950806 0.622473001480103 0.688922107219696 0.606053173542023 0.777664422988892 0.491890758275986 0.72209769487381 0.680810511112213 0.680484712123871 0.912648558616638 0.8208829164505 0.864778697490692 0.667069435119629 0.703912019729614 0.79035097360611 0.598649919033051 0.685286223888397 0.695966839790344 0.823136806488037 0.824362277984619 0.656175017356873 0.779153287410736
0.150264829397202 0.231308653950691 0.282039672136307 0.387215673923492 0.313729465007782 0.307228803634644 0.149783983826637 0.265673041343689 0.150839850306511 0.155592456459999 0.317832380533218 0.416466325521469 0.375868678092957 0.293716132640839 0.424891203641891 0.522605836391449 0.451470673084259 0.543319165706635 0.250796109437943 0.548973739147186 0.423590809106827 0.620517313480377 0.629877507686615 0.698610424995422 0.717456817626953 0.629114210605621 0.755383133888245 0.651861906051636 0.669146180152893 0.731493413448334 0.553240656852722 0.804592072963715 0.720364630222321 0.784799993038177 0.709630608558655 0.740399777889252 0.659876346588135 0.633264482021332 0.810719132423401 0.821156144142151 0.81108695268631 0.676473677158356 0.749969065189362 0.843105971813202
0.141879588365555 0.22033479809761 0.0228511188179255 0.259568721055984 0.189869895577431 0.284270644187927 0.214124411344528 0.186364650726318 0.208182111382484 0.115636169910431 0.224569573998451 0.212813526391983 0.381003260612488 0.456667691469193 0.381434977054596 0.441699385643005 0.366198152303696 0.612550497055054 0.470050245523453 0.59071147441864 0.512711465358734 0.428326785564423 0.463570982217789 0.567856967449188 0.763904929161072 0.702122747898102 0.890036642551422 0.793200492858887 0.643768012523651 0.767591238021851 0.602993249893188 0.750245809555054 0.670658886432648 0.650303900241852 0.892329514026642 0.677264153957367 0.752191841602325 0.703896999359131 0.57061380147934 0.657379329204559 0.866506934165955 0.832207143306732 0.842160165309906 0.857505857944489
0.289682358503342 0.312886327505112 0.388973504304886 0.2154890447855 0.120669059455395 0.144602596759796 0.197512924671173 0.20129106938839 0.270838409662247 0.179344162344933 0.266190260648727 0.23950283229351 0.335311859846115 0.514650583267212 0.330841779708862 0.497574478387833 0.438198655843735 0.511220514774323 0.567666471004486 0.597518861293793 0.544357001781464 0.502735614776611 0.514897525310516 0.609408259391785 0.854708790779114 0.935865223407745 0.902266502380371 0.863367319107056 0.719029486179352 0.901525735855103 0.688746750354767 0.839237809181213 0.602269113063812 0.615612685680389 0.65102744102478 0.660942912101746 0.810532867908478 0.790208458900452 0.660449087619781 0.654736459255219 0.747907161712646 0.786271512508392 0.59723424911499 0.841261446475983
0.217158362269402 0.319589793682098 0.211713716387749 0.258918434381485 0.204999074339867 0.270606756210327 0.214172080159187 0.188752457499504 0.18624459207058 0.209224104881287 0.339305430650711 0.496628969907761 0.365775257349014 0.416257500648499 0.32582750916481 0.438650488853455 0.55102002620697 0.579837918281555 0.638207793235779 0.515481770038605 0.754575192928314 0.49552509188652 0.658650517463684 0.710334718227386 0.725320518016815 0.90895402431488 0.728554487228394 0.829451262950897 0.763496935367584 0.921991765499115 0.727362096309662 0.613458335399628 0.731948852539062 0.617114365100861 0.773541510105133 0.609163224697113 0.713410139083862 0.632046699523926 0.614867925643921 0.864891052246094 0.711255729198456 0.753365099430084 0.641651451587677 0.7224400639534
0.237607166171074 0.155918657779694 0.166593328118324 0.193641647696495 0.189090639352798 0.259773164987564 0.308576494455338 0.185477092862129 0.185991019010544 0.341574162244797 0.366584032773972 0.387447535991669 0.355454951524734 0.539466619491577 0.290055483579636 0.453629195690155 0.458231121301651 0.386523455381393 0.426972925662994 0.475470423698425 0.428002774715424 0.497955918312073 0.514961719512939 0.657235085964203 0.816311061382294 0.777681112289429 0.69066447019577 0.859557092189789 0.778061926364899 0.800901651382446 0.689291656017303 0.679047763347626 0.815628707408905 0.425522267818451 0.699668884277344 0.714206874370575 0.717306911945343 0.741146802902222 0.789387047290802 0.802031636238098 0.689270496368408 0.789329588413239 0.72694593667984 0.752194106578827
0.287149220705032 0.23469452559948 0.195746719837189 0.248941317200661 0.20526534318924 0.217555552721024 0.135309115052223 0.213066384196281 0.187975987792015 0.268713116645813 0.278175979852676 0.448073476552963 0.49470916390419 0.52016818523407 0.596087098121643 0.43631711602211 0.546785354614258 0.48580402135849 0.59631735086441 0.578968524932861 0.562633275985718 0.62925523519516 0.621294021606445 0.786013424396515 0.870581865310669 0.791586339473724 0.682749092578888 0.764262318611145 0.83435845375061 0.677771329879761 0.735357761383057 0.444217562675476 0.691045582294464 0.647969126701355 0.808498859405518 0.75963294506073 0.622816979885101 0.676838576793671 0.631186425685883 0.826025366783142 0.488029360771179 0.768342435359955 0.722792506217957 0.403078645467758
0.351917296648026 0.301216542720795 0.331280052661896 0.205845281481743 0.166216686367989 0.0989326164126396 0.092142216861248 0.138023138046265 0.196985423564911 0.190880611538887 0.209618285298347 0.350745886564255 0.494988262653351 0.548532009124756 0.496096879243851 0.500943899154663 0.506389319896698 0.480588614940643 0.549347341060638 0.529120326042175 0.444800466299057 0.637769043445587 0.63159191608429 0.935583174228668 0.688401997089386 0.851022601127625 0.842442572116852 0.727943122386932 0.622280597686768 0.774665296077728 0.641428828239441 0.586894810199738 0.701591968536377 0.590224206447601 0.393077731132507 0.645400106906891 0.63045346736908 0.665457844734192 0.850613951683044 0.712630033493042 0.637452006340027 0.532058835029602 0.729124903678894 0.754036724567413
0.15144057571888 0.226641491055489 0.168655127286911 0.260657966136932 0.234630838036537 0.167755231261253 0.200338661670685 0.137847200036049 0.236418023705482 0.183893337845802 0.258044540882111 0.299311488866806 0.451123654842377 0.329881906509399 0.555159747600555 0.648781180381775 0.705138266086578 0.603314578533173 0.502246022224426 0.568109333515167 0.584230661392212 0.560195803642273 0.668907701969147 0.791485726833344 0.622661948204041 0.734110891819 0.75443571805954 0.393756866455078 0.736909508705139 0.384695053100586 0.696004688739777 0.615849494934082 0.503470599651337 0.609754741191864 0.476810544729233 0.651525497436523 0.625959157943726 0.539782285690308 0.65402615070343 0.538021981716156 0.547989666461945 0.623676359653473 0.487949699163437 0.636698603630066
0.140089780092239 0.189017370343208 0.25128498673439 0.238502487540245 0.105852127075195 0.137135297060013 0.256217956542969 0.196551844477654 0.148124024271965 0.251395046710968 0.324671000242233 0.366875439882278 0.346707969903946 0.34590083360672 0.424297422170639 0.552143335342407 0.533581256866455 0.559143006801605 0.419005334377289 0.472414702177048 0.538668811321259 0.468973934650421 0.694266080856323 0.843471825122833 0.804450571537018 0.732262492179871 0.714358448982239 0.530424952507019 0.624099314212799 0.642546772956848 0.711048007011414 0.47912010550499 0.56413471698761 0.524913430213928 0.402633607387543 0.605374395847321 0.565809369087219 0.68038421869278 0.67467200756073 0.502623200416565 0.578063607215881 0.600307703018188 0.582450151443481 0.634926438331604
0.146198615431786 0.126483649015427 0.0910003781318665 0.142011895775795 0.190595880150795 0.224979758262634 0.190573811531067 0.317177683115005 0.27336460351944 0.283569902181625 0.344542503356934 0.370591312646866 0.289831072092056 0.491369396448135 0.525944173336029 0.539579927921295 0.260753005743027 0.567140758037567 0.488602072000504 0.514863252639771 0.573967695236206 0.690161287784576 0.724420845508575 0.403001725673676 0.833930253982544 0.717412889003754 0.74485182762146 0.591610014438629 0.605451941490173 0.552830874919891 0.403953939676285 0.600430607795715 0.388665974140167 0.531681954860687 0.509552538394928 0.610038876533508 0.644342064857483 0.45477706193924 0.602363228797913 0.579143583774567 0.561740815639496 0.636974811553955 0.546217262744904 0.546852588653564
0.208089113235474 0.0567938834428787 0.0660422816872597 0.174070820212364 0.152279138565063 0.279847085475922 0.178082272410393 0.326399773359299 0.33803802728653 0.243136152625084 0.310922682285309 0.29509249329567 0.357302844524384 0.408874362707138 0.552707970142365 0.529834747314453 0.490944296121597 0.654116570949554 0.576994001865387 0.57818192243576 0.624132573604584 0.496881902217865 0.627889811992645 0.749917924404144 0.761487364768982 0.607606828212738 0.781103134155273 0.600414216518402 0.432705879211426 0.725219309329987 0.48416268825531 0.820132434368134 0.552864611148834 0.443799704313278 0.645872473716736 0.496652781963348 0.556254982948303 0.47877699136734 0.738609969615936 0.594093263149261 0.729128777980804 0.433988213539124 0.427068382501602 0.454348683357239
