assets/gome_f/processed/ascii/us/gome_sif_US_20110901.asc
NCOLS 116 
NROWS 53 
XLLCORNER -125 
YLLCORNER 24.5 
CELLSIZE 0.5 
NODATA_value -3.4e+38 
[rows 19 to 37 of 53, columns 0 to 43 of 116]
-0.0303490553051233 0.176390767097473 0.238177239894867 0.324047476053238 0.186861246824265 0.319468319416046 0.209571585059166 0.152311578392982 0.140854239463806 0.0627070516347885 -0.0165950860828161 0.00599727407097816 0.0402896106243134 0.0598937645554543 0.0984217897057533 0.132623374462128 0.0858089253306389 0.0766431242227554 -0.0262590851634741 0.0977544188499451 -0.00722834607586265 0.0505469292402267 -0.00815218687057495 0.0462182871997356 0.154594853520393 0.11822521686554 0.202669814229012 0.139853850007057 0.109876938164234 0.12809881567955 0.0371342599391937 0.131824254989624 -0.0140163190662861 0.0737959966063499 0.100506357848644 0.0809828862547874 0.128597006201744 0.134192198514938 0.0465385690331459 0.0807997062802315 0.178103804588318 0.0723488330841064 0.110645800828934 0.172458916902542
0.0370633788406849 0.154690131545067 0.227256014943123 0.32207378745079 0.282728582620621 0.310323357582092 0.223398894071579 0.274196267127991 0.160197898745537 0.0238858908414841 0.0654287561774254 -0.00693891337141395 -0.0941489264369011 -0.00334982201457024 -0.00115827796980739 0.0481727011501789 0.0156937632709742 0.0447436384856701 0.0838856399059296 0.0387396141886711 0.0766789615154266 0.0315595455467701 0.0655500739812851 0.102728478610516 0.148965165019035 0.179961368441582 0.283549100160599 0.275076150894165 0.114521324634552 0.164716511964798 0.0882138013839722 0.112030819058418 0.0560728050768375 0.115399681031704 0.054389227181673 0.253932416439056 0.210281670093536 0.283787816762924 0.198386147618294 0.134620919823647 0.248296812176704 0.155760735273361 0.150444850325584 0.178752616047859
0.0465659312903881 0.12731622159481 0.281469583511353 0.237630575895309 0.200201705098152 0.145632117986679 0.231493547558784 0.175209373235703 0.18780155479908 0.125874936580658 0.034923117607832 0.0185533780604601 -0.0187250543385744 -0.0172522030770779 0.088388204574585 0.0420033410191536 -0.0271933395415545 0.0890922918915749 0.112530060112476 0.00283962907269597 -0.00692603690549731 0.0653631016612053 0.0235261414200068 0.0614821314811707 0.122277773916721 0.13251993060112 0.20849584043026 0.259411841630936 0.186023414134979 0.147088706493378 0.170679032802582 0.0779692158102989 -0.0455088019371033 0.0886106789112091 0.170662850141525 0.32605317234993 0.311751127243042 0.148141160607338 0.11300565302372 0.137934729456902 0.140946611762047 0.248178943991661 0.163461655378342 0.00944559089839458
0.0757390931248665 0.0341680645942688 0.128368854522705 0.260922431945801 0.165693402290344 0.178605765104294 0.380810171365738 0.265042692422867 0.324397504329681 0.153319701552391 0.13332661986351 0.00915458146482706 0.0727834925055504 0.0562529377639294 0.0423563271760941 0.0189300570636988 0.106652721762657 -0.00774208921939135 0.0389684438705444 -0.0289881080389023 0.113149903714657 0.0708533301949501 0.123170353472233 0.0716032236814499 0.150400057435036 0.0930218026041985 0.143974259495735 0.179059892892838 0.158775418996811 0.168798103928566 0.108432747423649 0.153541803359985 0.1803198158741 0.176114827394485 0.331488877534866 0.348047703504562 0.242891520261765 0.156366854906082 0.137546420097351 0.215916663408279 0.138967305421829 0.226005211472511 0.144540578126907 0.107222259044647
0.0153176616877317 0.0223389957100153 0.186355471611023 0.321428120136261 0.189018234610558 0.224260419607162 0.361868530511856 0.345900058746338 0.360096305608749 0.250183880329132 0.0904505327343941 0.0244393087923527 0.0674862116575241 -0.0190223213285208 -0.00210646842606366 0.0330929234623909 0.0710873976349831 0.10701247304678 0.116342380642891 0.114277973771095 0.110833786427975 0.131066396832466 0.0607062987983227 0.0676180273294449 0.0684125870466232 0.162308365106583 0.204106852412224 0.212329924106598 0.0986506417393684 0.162629410624504 0.145351111888885 0.077534094452858 0.0950560793280602 0.209097936749458 0.265369296073914 0.289870798587799 0.152394369244576 0.110973238945007 0.0806800276041031 0.19114775955677 0.172293931245804 0.0888789147138596 0.100800074636936 0.108636431396008
-0.00545929558575153 -0.0637596771121025 0.0907150879502296 0.28601548075676 0.256602257490158 0.223747104406357 0.336263686418533 0.343071460723877 0.218993738293648 0.280396997928619 0.123730219900608 0.178629741072655 0.0358944833278656 0.0483645424246788 0.0368348173797131 0.122483916580677 0.0255012400448322 0.0733061134815216 0.11553106456995 0.0353936105966568 0.136101827025414 0.0385894179344177 0.0539830140769482 0.0485312640666962 0.114044860005379 0.112823911011219 0.20788562297821 0.0560074597597122 0.11700738966465 0.110847219824791 0.0704694613814354 0.15365007519722 0.185081407427788 0.14411985874176 0.275239259004593 0.25817397236824 0.166690587997437 0.0880979150533676 0.193982049822807 0.192179754376411 0.0609782263636589 0.141147136688232 0.190229535102844 0.0969799906015396
-0.0880687087774277 -0.0297532845288515 0.165204182267189 0.14871734380722 0.199889898300171 0.127422094345093 0.304602950811386 0.308018565177917 0.250623553991318 0.22295418381691 0.097234845161438 0.0986417308449745 0.0889476984739304 -0.00700975302606821 0.0962258130311966 -0.0768964439630508 0.0645348727703094 0.0418911390006542 0.0452705174684525 0.140284076333046 0.126972079277039 0.0739759728312492 0.037161722779274 0.169905513525009 0.0623869225382805 0.118089891970158 0.237388208508492 0.0179454460740089 0.184308499097824 0.0215747449547052 0.11652946472168 0.0439972057938576 0.186017617583275 0.188840538263321 0.216950267553329 0.133152455091476 0.209291338920593 0.195434227585793 0.065020464360714 0.15130327641964 0.148687109351158 0.0352335199713707 0.0782872140407562 0.0662162452936172
0.010120409540832 -0.0761130303144455 0.0481118150055408 0.0404166802763939 0.147259950637817 0.108795389533043 0.153346538543701 0.303199082612991 0.235439941287041 0.261803209781647 0.219464913010597 0.109642378985882 0.16025909781456 0.00115246651694179 0.0420647673308849 0.0246473029255867 0.0123571446165442 -0.0225351974368095 0.0796166881918907 0.0742023810744286 0.0705533996224403 0.167219430208206 0.052232701331377 0.174394235014915 0.183830931782722 0.254115432500839 0.142962291836739 0.124094024300575 0.079637311398983 0.201337203383446 0.149180695414543 0.123693369328976 0.290285021066666 0.276989996433258 0.217145755887032 0.188688844442368 0.153493717312813 0.183386936783791 0.0987322703003883 0.0456207655370235 0.0874632149934769 0.13540954887867 0.00294277723878622 0.028308067470789
0.114729031920433 -0.00917178113013506 0.0425695404410362 -0.0399614684283733 -0.159865185618401 0.373717755079269 0.186261877417564 0.199124425649643 0.30520036816597 0.20508947968483 0.250050008296967 0.117034770548344 0.130130112171173 0.000788744131568819 0.0199136454612017 -0.00896083563566208 -0.029670899733901 -0.0358308143913746 0.00502768997102976 0.124187670648098 -0.0212614126503468 0.159005627036095 0.118662402033806 0.146589338779449 0.20785965025425 0.118120461702347 0.142144307494164 -0.0288314092904329 0.0814012438058853 0.0183721296489239 0.0170543640851974 0.195794180035591 0.0422662757337093 0.246000021696091 0.275240629911423 0.222244933247566 0.235184296965599 0.222620248794556 0.140379697084427 0.109727524220943 0.277684479951859 0.06675685942173 0.0860365629196167 0.131914526224136
-0.0165307056158781 -0.0138786351308227 0.0532200708985329 -0.0691845566034317 0.0557173192501068 0.0961811318993568 0.126026779413223 0.165683075785637 0.0845043957233429 0.244548738002777 0.330849230289459 0.123557761311531 0.227970138192177 0.0752589702606201 0.0992406234145164 0.0131251337006688 0.00395071087405086 0.0622565299272537 0.220748946070671 0.0207777563482523 0.0746131092309952 0.12724906206131 0.184256702661514 0.142177134752274 0.0980618372559547 0.0714066326618195 0.0681543126702309 0.120132237672806 -0.000151196189108305 0.00373923568986356 0.0641806051135063 0.0303741600364447 0.12724569439888 0.108017094433308 -0.03292615711689 0.134610205888748 0.139150336384773 0.219635680317879 0.270840585231781 0.0633939728140831 0.170564472675323 0.0764273777604103 0.130482837557793 0.138924643397331
-0.0843288749456406 -0.100149415433407 -0.0258380770683289 0.0185408815741539 0.0233839880675077 -0.00420539919286966 0.143121406435966 0.15554179251194 0.160588592290878 0.211573824286461 0.388999134302139 0.363911181688309 0.237326070666313 0.110807031393051 0.0229930970817804 0.0658493936061859 0.00390898482874036 0.111509419977665 0.115021675825119 0.0906192660331726 0.139408603310585 0.0271724555641413 0.104254849255085 0.0182257853448391 0.0245707929134369 0.128463834524155 0.0108350850641727 0.0125223100185394 0.0515548922121525 0.0906819552183151 0.00150127313099802 0.104442425072193 0.0455398932099342 0.0325640439987183 0.0991573557257652 0.172098457813263 0.162121430039406 0.159581154584885 0.108694732189178 0.228151142597198 0.0838103368878365 0.120290838181973 0.100846908986568 0.129529222846031
-0.0864700525999069 0.00582179194316268 -0.00505870999768376 0.0884226486086845 -0.0487889274954796 -0.0696790963411331 0.146058976650238 0.216654062271118 0.169718503952026 0.0729446560144424 0.102560691535473 0.289089173078537 0.287264436483383 0.16864649951458 0.0703915134072304 0.0478287599980831 0.154009163379669 0.0445576682686806 0.214905723929405 0.029008811339736 0.085881769657135 0.0997132882475853 0.0231482665985823 0.145327866077423 0.13566417992115 0.180862098932266 -0.0505940616130829 0.0281803105026484 0.115977481007576 0.0346380546689034 -0.00165938504505903 0.109543167054653 0.0698500424623489 0.00492404541000724 0.0566016249358654 0.125599920749664 0.148079395294189 0.221695184707642 0.217121779918671 0.218545287847519 0.12616328895092 0.16026209294796 0.0889734551310539 0.0580758936703205
-0.0268800240010023 -0.0578561872243881 -0.0979887917637825 -0.0852857008576393 -0.265788465738297 -0.010311720892787 -0.0207697786390781 0.00427556317299604 0.0797058120369911 0.111466884613037 0.117976300418377 0.199204936623573 0.161126241087914 0.0651829913258553 0.129468277096748 0.0516546033322811 0.0104793729260564 0.0307990219444036 0.0956521034240723 0.0136758740991354 0.0653446540236473 0.00418303161859512 0.0752578750252724 0.0158818773925304 0.119133234024048 0.0825007930397987 0.115149796009064 0.0375231131911278 0.0176186021417379 0.0772936046123505 0.0699175596237183 0.0319800563156605 0.175921380519867 0.136650592088699 0.165001094341278 0.11054165661335 0.0815695598721504 0.152437701821327 0.117237158119678 0.091372899711132 0.191487714648247 0.0977881774306297 0.13499841094017 0.094288244843483
-0.0959652289748192 0.0769143626093864 -0.0595852211117744 -0.0633925572037697 0.183436512947083 0.0609949305653572 0.120369404554367 0.148545324802399 0.123393766582012 0.162134304642677 0.100572504103184 0.155387789011002 0.12224131077528 0.0674354135990143 0.0718484148383141 0.0478093810379505 0.13524703681469 0.0573607832193375 0.0921182706952095 0.0987166240811348 0.0307199116796255 0.106222398579121 0.116350047290325 0.15431734919548 0.121489241719246 0.126647025346756 0.0306863989681005 0.14662866294384 0.0242389664053917 0.0439968407154083 0.0587944835424423 0.133892804384232 0.16149166226387 -0.0280173551291227 0.102400720119476 0.166296795010567 0.0276505779474974 0.124611623585224 0.232767939567566 0.159884721040726 0.111184999346733 0.0466603189706802 0.0815738514065742 0.0453559458255768
-0.0171653684228659 0.0390382595360279 -0.0065256729722023 -0.0945769622921944 0.0854507833719254 -0.0275997761636972 0.0574610233306885 0.123851701617241 -0.0530798174440861 0.0270543713122606 0.120207086205482 0.0887317806482315 0.182514518499374 0.199608966708183 0.148003593087196 0.186230853199959 0.142433121800423 0.0650315806269646 0.0414552465081215 0.11459718644619 0.0112855397164822 -5.19370660185814e-05 0.0517418757081032 0.0271329134702682 0.129337757825851 0.019799230620265 0.037140890955925 0.224911883473396 0.222530648112297 0.116943143308163 0.193123027682304 -0.0194123946130276 0.128519475460052 0.107027254998684 0.132711872458458 0.115837655961514 0.122934050858021 0.065605491399765 0.0342441909015179 0.0271315257996321 -0.0383018627762794 0.0548067763447762 0.0973682105541229 0.224771499633789
0.0801733732223511 0.179216951131821 0.0147060444578528 -0.214361801743507 -0.0526807568967342 -0.047646876424551 0.0252704564481974 0.0317165292799473 -0.0353352390229702 0.0900787338614464 0.182955414056778 0.0129498932510614 -0.0298795718699694 0.28201887011528 0.117667160928249 0.132973611354828 0.133966460824013 0.120973251760006 0.0490355007350445 -0.047486636787653 0.0994102880358696 0.100535817444324 0.132730647921562 -0.00480615487322211 0.0722391977906227 0.138569861650467 0.116372406482697 0.0471916496753693 0.129942625761032 0.24518196284771 0.233531400561333 0.0842629075050354 0.152356922626495 0.213783353567123 0.135240226984024 0.0988936871290207 0.250523746013641 0.0973670408129692 0.0983102023601532 0.0629043132066727 0.0577750615775585 0.0641341209411621 0.0350008346140385 0.162643864750862
0.0844274014234543 0.0186432600021362 0.0681703239679337 -0.127181008458138 -0.246621921658516 0.165672436356544 -0.0286083929240704 0.110661722719669 -0.173968017101288 0.0311305020004511 -0.0188990999013186 0.0528274700045586 -0.0175756961107254 0.0794128626585007 0.0113093508407474 0.112170852720737 0.175838842988014 0.0890902206301689 0.135396346449852 0.012981160543859 -0.0108518386259675 0.132657751441002 0.00546403834596276 0.0909851789474487 0.119517385959625 0.237138018012047 0.174952700734138 0.0840417072176933 0.161709278821945 0.100874595344067 0.221856653690338 0.176654070615768 0.194261997938156 0.191245630383492 0.0702269002795219 0.0600575134158134 0.0882575288414955 0.132976099848747 0.17865252494812 0.118894383311272 0.0711966976523399 0.164251700043678 0.04150215908885 0.0357865877449512
0.0619533881545067 0.148344680666924 -0.109326258301735 0.0168855600059032 -0.0502847991883755 0.174164146184921 0.0920175090432167 0.0943633690476418 -0.0333863571286201 -0.184448376297951 0.0213258806616068 0.0418659672141075 0.0607863739132881 -0.0650299564003944 -0.0950925871729851 0.163123652338982 0.105711370706558 -0.00804968923330307 0.119908139109612 0.0600022524595261 0.00774045800790191 0.140792027115822 0.00289982045069337 -0.0422735325992107 0.125640079379082 0.0997359976172447 0.143412232398987 0.148376524448395 0.145106226205826 0.121831163764 0.20412115752697 0.154221206903458 -0.0146308438852429 0.190295442938805 0.0620076358318329 0.116773180663586 0.0157785452902317 0.0570409186184406 0.156499475240707 0.24513253569603 0.0809048712253571 0.108739450573921 0.0702874511480331 0.0477932505309582
-0.187138214707375 0.0191394630819559 -0.0540207773447037 0.106708452105522 0.11068232357502 0.17866849899292 0.0698459446430206 -999 -0.0471598394215107 -0.0150170726701617 0.0681949183344841 0.0670842826366425 -0.0591410659253597 -0.0014563926961273 -0.02020163834095 0.0125800492241979 0.40138053894043 0.0856446921825409 0.024848684668541 0.0811047852039337 0.0539999157190323 0.0544534139335155 0.106759645044804 0.0494656413793564 0.0151869701221585 0.0502953492105007 0.098140150308609 0.0995540842413902 0.284221112728119 0.233066663146019 0.0215086936950684 0.162926912307739 0.147202759981155 0.0440908521413803 0.122983202338219 0.156274065375328 0.0649820789694786 0.211255967617035 0.0914912074804306 0.136126428842545 0.0438154973089695 0.12565815448761 0.0796663388609886 0.113059334456921
