assets/gome_f/processed/ascii/us/gome_sif_US_20111201.asc
NCOLS 116 
NROWS 53 
XLLCORNER -125 
YLLCORNER 24.5 
CELLSIZE 0.5 
NODATA_value -3.4e+38 
[rows 0 to 18 of 53, columns 0 to 42 of 116]
-999.000000000000000 -999 -999 0.268395364284515 -999 0.0587674342095852 -0.0137216802686453 -999 -0.157365292310715 0.133818075060844 0.195831552147865 0.0647321119904518 -999 -999 -999 -999 -999 -999 -999 -999 -0.130944639444351 -999 -999 -999 -999 -999 -999 -999 -999 -999 -999 -999 -999 -999 -999 -999 -999 -999 -999 -999 -999 -999 -999
-0.0279373191297054 -999 -999 -999 -999 -999 0.0458705574274063 0.0266296770423651 -0.100761547684669 0.0328419990837574 0.0355033427476883 0.11189242452383 -999 -999 -999 0.0202952828258276 -999 -999 -999 -999 -999 -999 -999 -999 -999 -999 -999 -999 -999 -999 -999 -999 -999 -999 -999 -999 -999 -999 0.231259018182755 0.124324455857277 0.0385693907737732 -999 -0.078264594078064
0.087896317243576 0.0796116888523102 0.0846734941005707 0.105600275099277 -0.277821987867355 -999 0.181826114654541 -0.0823603495955467 -0.00358414277434349 -0.0847552865743637 0.202337175607681 -0.099714070558548 0.0253356117755175 -0.0552565976977348 0.0986330434679985 0.206707999110222 -0.114682354032993 0.120908856391907 -0.0614554546773434 -0.0128507930785418 -999 -999 -999 -999 -999 -999 -0.0310391560196877 -999 0.0777764916419983 -999 -999 -999 -999 -999 -999 -999 -999 -999 -999 -999 -0.000177216250449419 0.0595783330500126 -0.00726756453514099
-0.0392097383737564 0.0249719135463238 -0.0168487299233675 0.0165495723485947 0.0451953448355198 -0.00587017647922039 0.0284396726638079 0.188371181488037 0.0119393263012171 0.0547855459153652 0.00777565548196435 -0.0808414965867996 0.0646605044603348 0.0800565034151077 0.0744538158178329 -0.0258188359439373 -0.0540081635117531 -0.0228153951466084 0.0399253964424133 -0.0186750069260597 -0.00349067151546478 -999 -999 -999 -999 -0.131657660007477 0.0467048287391663 0.0261214282363653 -0.00827247183769941 -999 -999 -999 -999 -999 -999 -999 -999 -999 -999 -999 -999 0.090953417122364 0.140733674168587
0.167327538132668 0.0549857877194881 0.00224999338388443 0.109661914408207 -0.0236684288829565 0.0982988476753235 0.0289927292615175 0.0595593117177486 0.111374020576477 0.0882686972618103 0.0528362169861794 0.0701134353876114 0.0525554828345776 -0.0101082473993301 -0.00456323567777872 0.236694887280464 -0.0311710778623819 -0.0470398850739002 0.00454093795269728 0.00354417040944099 -0.0491260476410389 -0.19201448559761 -0.122894234955311 -999 -999 -0.0250485744327307 -999 -0.0287382863461971 -0.0719449818134308 0.0321540497243404 0.00158121809363365 -0.0117093026638031 -0.12623642385006 0.0604154355823994 -999 -0.0537797063589096 -999 -999 -999 -999 -999 0.0675757005810738 -0.0257299523800611
-0.00206540641374886 -0.0925115719437599 0.020555267110467 -0.00534593686461449 -0.0208027716726065 -0.00955862179398537 0.0844715461134911 0.0380758158862591 0.0363904945552349 0.0715473219752312 0.0284111704677343 0.0155496839433908 0.0842348113656044 0.0795895904302597 0.0893461629748344 0.0145044885575771 -0.0218553058803082 -0.0540864281356335 -0.067043162882328 0.0626155212521553 0.0747255980968475 0.115380346775055 -999 -0.0384228825569153 -0.00262599997222424 0.130670115351677 0.100992061197758 0.0626603439450264 0.0889229252934456 -0.0660036504268646 -0.0219649225473404 -0.0396120250225067 -0.0431196689605713 0.145347639918327 0.117397099733353 0.0235473588109016 -999 -0.143321976065636 -999 -999 -999 -0.0825174450874329 -0.0570700764656067
0.0653543323278427 0.0443312935531139 0.0973108112812042 0.0113412057980895 0.227277040481567 -0.00565235363319516 -0.0294137597084045 -0.0218865852802992 0.0899970605969429 0.0737247988581657 -0.020460793748498 0.011523905210197 0.0198359396308661 -0.0138766840100288 -0.0513212122023106 -0.0102110365405679 0.088541254401207 0.0645959824323654 -0.0219024624675512 -0.00175160041544586 -0.0270028486847878 0.122821271419525 -999 0.00553456274792552 0.0656781792640686 0.0366262048482895 0.0138605562970042 0.0396349616348743 -0.0763591378927231 -0.0149905495345592 0.0215901769697666 -0.0113904317840934 0.0593838021159172 0.186753585934639 -0.00520990276709199 -0.0113174114376307 0.0109370462596416 0.0383404605090618 -999 -999 0.0168125592172146 -0.018026364967227 0.0797001272439957
-0.0280928649008274 0.0492222420871258 0.0728718116879463 0.207982689142227 0.123662635684013 0.0122006591409445 0.0996002778410912 0.0441179350018501 0.0121223498135805 0.020688708871603 0.086522564291954 0.0878066867589951 0.020566713064909 0.0114379413425922 -0.0477165877819061 0.101304963231087 0.031597375869751 0.0492737554013729 0.0578703954815865 0.183210924267769 0.0549585185945034 0.0156050063669682 -0.114185310900211 -999 0.0025001298636198 -0.103999428451061 0.157989352941513 0.00321141630411148 -999 -0.0852251052856445 0.194886535406113 0.0693004578351974 0.0581496246159077 -0.154491290450096 0.0664671137928963 0.0102061275392771 0.145681619644165 0.0916863456368446 -0.0160313453525305 0.105629481375217 0.00976403616368771 0.0810651183128357 0.0314733050763607
-0.0502360388636589 0.0223545338958502 0.0698832049965858 0.0204132553189993 0.054784893989563 0.0605443939566612 0.0260647367686033 0.0984296277165413 0.0708275437355042 0.0297150295227766 -0.0775916799902916 -0.000502166629303247 -0.0393037013709545 0.0275317393243313 -0.0238683689385653 0.00311134220100939 0.0201844274997711 -0.00199702079407871 0.0253826882690191 0.0429681204259396 0.0615856759250164 0.0277694761753082 -0.071199968457222 0.0357368849217892 -0.0348424576222897 -999 -0.0749187469482422 -999 -0.125655874609947 -0.0460213795304298 0.0624723918735981 -0.00618053460493684 0.167116984724998 0.0263069439679384 0.0252137947827578 -0.174493342638016 0.00784819480031729 -0.0633608922362328 -0.0250985026359558 -0.0342532247304916 -0.146061778068542 -0.0527483820915222 -999
-0.0427682772278786 0.0114326095208526 0.0138289332389832 0.00246143667027354 0.123496286571026 0.11451244354248 0.02412024512887 0.0928789973258972 0.0855905711650848 0.051224023103714 0.0899521633982658 -0.0132362535223365 0.00333522935397923 0.124034829437733 0.0508012436330318 0.0506582781672478 0.0128482803702354 0.000427776947617531 0.0157051663845778 0.0281465388834476 -0.0636547356843948 0.0829483568668365 0.00819795206189156 -0.0449133403599262 -0.0302081517875195 0.111556015908718 -0.0471090562641621 0.0980719774961472 -0.0316695235669613 0.24166963994503 0.0839431285858154 0.0705781877040863 -0.0359844043850899 0.0567946135997772 0.0246256589889526 -0.0823788940906525 0.0790449976921082 0.0399599634110928 0.0365100800991058 0.0673895180225372 0.0264234133064747 -0.0118749979883432 0.0488303788006306
-0.0393894910812378 -0.022790027782321 0.061757642775774 -0.0172719545662403 -0.0439778044819832 0.0559697151184082 0.0503058657050133 0.00595138035714626 0.0611147247254848 0.0183179602026939 0.0155965806916356 0.0474768653512001 0.0375112891197205 0.0298217553645372 0.0466321744024754 0.0496817417442799 0.037207905203104 0.0921561717987061 -0.00996357295662165 -0.0487950965762138 0.0174801126122475 0.0262725483626127 -0.102780185639858 0.00772818317636847 -0.044155091047287 0.0259050074964762 0.0733534544706345 0.041565764695406 -0.0251741036772728 0.129045456647873 0.233693704009056 0.0558644607663155 0.0875365510582924 0.0332090929150581 0.00156135694123805 0.0337318032979965 0.130278557538986 0.00152782595250756 -0.022116132080555 -0.0035191117785871 -0.00101329281460494 0.0557946488261223 -0.0561506524682045
-0.0505061000585556 -0.0305123422294855 0.0460989698767662 0.125768736004829 0.123435541987419 0.0960722789168358 0.0726396664977074 -0.0108572700992227 0.0280616134405136 0.0744751840829849 -0.0295821521431208 0.0453384108841419 0.0516293868422508 -0.0253186747431755 0.0295842308551073 0.055754654109478 0.0297188721597195 0.13053460419178 0.00105645670555532 0.0424755364656448 0.075841911137104 0.19244247674942 -0.0942395925521851 -0.177927732467651 0.117756634950638 0.0965483337640762 0.17097033560276 -0.100364707410336 -0.0830983221530914 0.146184623241425 0.273698955774307 -0.0305978022515774 -999 -999 0.0393841676414013 0.0485808402299881 0.0484759621322155 0.0806645303964615 0.0603845305740833 0.041500486433506 -0.053241491317749 0.026789853349328 0.00195771199651062
-0.0491380766034126 0.0328413248062134 0.0190401338040829 0.0803314372897148 0.0385909304022789 0.0671070665121078 0.0546110160648823 -0.00160191208124161 0.0102979019284248 -0.023897772654891 0.0433611683547497 0.0289791710674763 0.0698578432202339 -0.0560036078095436 0.00928789842873812 0.0157116111367941 -0.0320388190448284 0.031960878521204 -0.032450795173645 0.000713806075509638 0.130988776683807 -0.00412589078769088 -0.00299606029875576 0.27736160159111 -0.127836152911186 -999 -999 -999 0.0156438481062651 -999 -999 -999 -999 -0.0684745982289314 -999 -999 -999 0.0266625583171844 -0.0121759893372655 0.0754554718732834 0.125994250178337 0.124510616064072 0.0469411015510559
0.0581262037158012 0.0234547164291143 0.0644608438014984 0.127217307686806 0.125092804431915 0.0253003649413586 0.0593708157539368 0.0618707612156868 0.0133392028510571 0.0233118645846844 0.033818956464529 0.0186710823327303 0.0194495730102062 0.0108145345002413 0.0226985439658165 0.0570073537528515 0.10306590795517 0.0722186267375946 0.121557429432869 -0.0170760191977024 0.0328011326491833 -0.0429349690675735 -0.0548056103289127 -0.019284799695015 -0.0852375626564026 -0.0789604708552361 -0.0278977267444134 -999 -999 -999 -999 -999 -999 0.422328650951385 -0.0378735028207302 -999 0.0508397407829762 -0.00857968721538782 0.0302499923855066 0.0777835324406624 0.0349249951541424 0.127707406878471 0.0828316286206245
-0.0160567183047533 0.0417172573506832 0.0324743241071701 0.0395983122289181 0.109527304768562 0.0597923919558525 0.0827868580818176 -0.0208909418433905 0.0152792213484645 0.0334337949752808 0.0220358092337847 0.0931814014911652 -0.0111146746203303 0.0426976531744003 0.0211477410048246 0.00752789853140712 -0.0678487047553062 0.0217293165624142 0.0482948049902916 -0.106972880661488 -0.0773555934429169 0.0157269909977913 0.0704350396990776 0.00651188939809799 -0.0320234373211861 0.00475871469825506 0.0838479548692703 -999 -999 -999 0.122591108083725 -999 -999 -999 -0.0379891879856586 -999 0.013310270383954 0.06023283675313 0.0356671959161758 -0.0166756045073271 -0.0515126399695873 -0.0751803889870644 0.0677428990602493
0.10402724146843 0.0414970442652702 0.077336460351944 0.0225812047719955 0.122640304267406 -0.0039936862885952 0.10005022585392 0.0294074192643166 -0.0221736468374729 -0.00770081160590053 0.0458663143217564 -0.0241571646183729 0.0130316521972418 0.0381794646382332 -0.0243800282478333 0.0151222050189972 0.0199688840657473 -0.0169951561838388 0.0210117846727371 0.0193482432514429 -0.0473806224763393 -0.0412631630897522 -0.00177483877632767 -0.0679604113101959 -0.00542842829599977 -0.0547184459865093 -999 -999 -999 -999 -999 -0.028950622305274 -999 -0.0433629788458347 -999 -999 -999 -999 -0.108374401926994 0.0374981947243214 0.0539692752063274 0.0643779784440994 0.0890372022986412
0.0383975766599178 0.0569189041852951 0.0593045651912689 0.165424510836601 0.168593168258667 0.0778916031122208 0.0643334090709686 0.0266255531460047 0.0270933713763952 0.00641843071207404 0.0470465198159218 0.0434515811502934 0.0675925984978676 0.0703468322753906 0.00822142604738474 0.0576304942369461 -0.0775108262896538 0.0361628159880638 0.0328856371343136 0.0666700080037117 0.0216269586235285 0.0819824114441872 0.00956777669489384 0.089961364865303 -0.0483806915581226 0.0481223464012146 -999 -999 -999 -999 -999 0.0567373149096966 -999 -999 -999 -999 -999 -999 -0.0798750668764114 -0.156671926379204 0.00550762377679348 0.048160333186388 -0.0825334414839745
0.0495371967554092 0.0355712920427322 0.0844928994774818 0.0515754558146 0.0974814146757126 0.0541817992925644 0.0139399701729417 0.0255670491605997 -0.030550817027688 0.071686789393425 0.00693342927843332 -0.0035337838344276 -0.0382402800023556 0.0328451097011566 -0.00599435809999704 0.0580734424293041 0.0209352448582649 0.00234492868185043 0.0319614186882973 0.0183450672775507 0.0276878513395786 0.0521861873567104 0.0407505631446838 0.0880712568759918 0.0294167958199978 -0.0133515940979123 -0.0012227687984705 -999 -999 -999 -999 -0.183107510209084 -0.142855376005173 -0.014902176335454 -999 -999 -999 -999 -999 0.0580151677131653 -0.00987624656409025 0.245246812701225 0.0145875383168459
0.0261553023010492 -0.0313004925847054 0.0891086086630821 0.0852273032069206 0.0486555472016335 0.140175431966782 0.0556944794952869 0.0909952223300934 0.0314419940114021 0.00282130087725818 0.0151391876861453 -0.00463850609958172 -0.0223327837884426 0.00117084570229053 0.0343883857131004 -2.58000654866919e-05 0.0231363382190466 0.0654856339097023 0.0336090475320816 -0.0479874722659588 0.0489547327160835 0.00831888150423765 0.0242649037390947 -0.000824223796371371 0.0822352916002274 0.0109095182269812 0.119594499468803 -999 -999 -999 -999 0.0516981780529022 0.0303080528974533 0.116924613714218 -999 -999 -999 -999 -999 -999 0.0828378275036812 0.0733562037348747 0.0230191051959991
