assets/gome_f/processed/ascii/us/gome_sif_US_20131001.asc
NCOLS 116 
NROWS 53 
XLLCORNER -125 
YLLCORNER 24.5 
CELLSIZE 0.5 
NODATA_value -3.4e+38 
[rows 19 to 37 of 53, columns 0 to 42 of 116]
0.0104277972131968 0.0453819818794727 0.267036467790604 0.153280153870583 0.0662821382284164 0.127442359924316 0.11663655936718 0.0684954971075058 0.091898113489151 0.0317093469202518 0.059549942612648 0.0155611094087362 0.00132849102374166 0.00153902918100357 -0.00268081505782902 0.0151786943897605 0.000911611423362046 0.0183467753231525 -0.0129363927990198 -0.00900744553655386 0.00771185243502259 0.0833247900009155 -0.0353569164872169 0.0978955253958702 0.141640305519104 -0.0517717488110065 0.131858214735985 0.0649548768997192 -0.0191596765071154 0.0530348382890224 0.0187705382704735 -0.0887491032481194 0.103553146123886 0.10655827075243 0.0214736107736826 0.0334474444389343 0.0607058703899384 0.117781408131123 0.0190756395459175 0.0939228981733322 0.0299997646361589 0.0414408780634403 0.0991392582654953
0.0318013951182365 0.11992809176445 0.257350385189056 0.164408668875694 0.124498315155506 0.119844272732735 0.124747455120087 0.0417435802519321 0.0450290963053703 0.035058468580246 -0.00810346473008394 0.00153987319208682 -0.0119051029905677 0.00923967082053423 -0.0479578450322151 -0.0232432130724192 0.0401396453380585 -0.0358047299087048 0.0556499138474464 -0.00699675967916846 0.00997064728289843 0.010207949206233 -0.0772359371185303 0.152796342968941 -0.0449568219482899 -0.0121629312634468 0.112393639981747 0.00741561921313405 0.0327509380877018 0.0254390724003315 0.0949024856090546 0.124868430197239 0.042646050453186 0.0449624061584473 0.0718364641070366 0.0455845184624195 -0.0586299560964108 0.044097226113081 -0.081618569791317 0.110227771103382 0.158814430236816 0.164272055029869 0.068005807697773
-0.00691500678658485 0.116668976843357 0.235137909650803 0.174166083335876 0.0543555244803429 0.101599670946598 0.163595616817474 0.0893091708421707 0.0941311568021774 0.0711540952324867 0.0011625699698925 0.0399508699774742 -0.0316683650016785 0.0841237604618073 0.112562358379364 -0.0154936369508505 0.0625373348593712 0.0467749498784542 0.033024188131094 0.0345922186970711 -0.0351097881793976 0.0296882502734661 -0.0171971637755632 0.010235333815217 0.127319991588593 0.0553087666630745 0.164143934845924 -0.00637851841747761 0.0164522510021925 0.0143095534294844 0.0885969772934914 0.0836421623826027 0.0944330915808678 0.12439239770174 0.0163757652044296 0.11997028440237 0.116694070398808 0.0493952892720699 0.00337343453429639 0.0516783371567726 0.202330589294434 0.20838375389576 -0.0265949424356222
0.0438186191022396 0.036899171769619 0.122349061071873 0.104463040828705 0.13995049893856 0.058365173637867 0.185058921575546 0.189138874411583 0.193382650613785 0.0367757380008698 0.0458375699818134 -0.0193010754883289 -0.0156309232115746 0.0912279337644577 -0.0179011058062315 -0.0274284388870001 0.0267068780958652 0.0304314605891705 -0.00443783774971962 0.0676527544856071 0.0164948627352715 0.0288058295845985 -0.035091545432806 0.0358891636133194 0.024394266307354 0.0656162947416306 0.0346024222671986 0.0200059562921524 0.0446371734142303 0.00852961931377649 0.00853323843330145 0.0891988426446915 0.00817184709012508 0.0938305109739304 0.0672235041856766 0.0722557455301285 0.125306114554405 0.0345951654016972 0.0552759170532227 -0.0287645850330591 0.174776881933212 0.165138602256775 0.0945499762892723
0.0545043163001537 0.0232402384281158 0.0995948240160942 0.0896683111786842 0.0751908719539642 0.110994808375835 0.0613082684576511 0.137496888637543 0.150081634521484 0.0655987560749054 0.061849445104599 0.0203950647264719 0.00748115219175816 -0.0257926750928164 0.0373170301318169 0.057063102722168 0.000831305980682373 0.0506576746702194 0.0292980577796698 0.0353410616517067 0.0150441722944379 -0.00756552396342158 -0.00282559543848038 0.0612667612731457 0.0957047715783119 0.0341276526451111 0.0718224421143532 0.0783922225236893 0.0273227337747812 0.126742914319038 0.0379539430141449 0.0766162946820259 -0.032846711575985 0.110970593988895 0.142486363649368 0.0499952770769596 0.0583521611988544 0.0461331121623516 0.120850242674351 0.0933249741792679 0.113314561545849 0.0800238996744156 0.0641398653388023
-0.00301906070671976 0.0207244865596294 0.0306345652788877 0.116502203047276 0.0960393846035004 0.0958203226327896 0.075038805603981 0.131474584341049 0.124210231006145 0.112797021865845 0.0793493017554283 -0.0112084224820137 0.00234108557924628 -0.0603005364537239 -0.0232220385223627 0.10310473293066 -0.0292297769337893 -0.0449141561985016 -0.028758903965354 -0.010122599080205 0.0642112866044044 0.0326846018433571 0.0129167595878243 -0.0195721052587032 0.0264423154294491 0.121367387473583 0.078083910048008 -0.0482999905943871 0.0529687441885471 -0.00835107266902924 0.0940106213092804 0.0288377776741982 0.0631652474403381 -0.0221914369612932 0.071165531873703 0.064635381102562 -0.0275464095175266 0.0892722383141518 0.072529174387455 0.0491149537265301 0.0837086662650108 0.0810521617531776 0.101065456867218
0.0604173764586449 -0.00229002069681883 0.0729794129729271 0.0314465276896954 0.0631524324417114 0.0462849847972393 0.122820094227791 0.143858194351196 0.0957015082240105 0.134181156754494 0.0611177682876587 0.0187080092728138 -0.0267755966633558 -0.00642274273559451 -0.0102238059043884 0.0224447380751371 0.0435889326035976 0.0809578076004982 0.0287883933633566 0.0327261090278625 0.203167200088501 0.00221086456440389 0.0958506539463997 0.0393565706908703 0.06828473508358 0.0111069791018963 0.0439618192613125 0.0763949826359749 -0.0718605369329453 0.0264460705220699 -0.0135026788339019 0.0782903358340263 0.114628098905087 0.0918715298175812 0.146432757377625 0.0510428957641125 0.023167097941041 0.0602196604013443 0.101389035582542 0.0595775954425335 0.00120310706552118 0.0751294493675232 0.0907624214887619
0.0371355377137661 -0.0393719784915447 0.0301301758736372 0.00318865827284753 0.00688518770039082 0.0864556878805161 0.094185434281826 0.12111721932888 0.144883438944817 0.0992351695895195 0.0979370474815369 0.00916303135454655 0.0263110287487507 -0.0189746432006359 -0.0130388308316469 -0.0410774499177933 -0.047437883913517 0.00538797955960035 0.0363115631043911 0.0213857963681221 0.0323786251246929 0.0543312020599842 -0.00796367973089218 0.076881617307663 0.104632176458836 0.00950808636844158 0.0501375272870064 0.0187383908778429 0.040275115519762 -0.0472492314875126 0.0829458087682724 0.0911429673433304 0.0779067873954773 0.0377632044255733 0.0138431042432785 0.116650886833668 -0.0124147841706872 -0.0292155891656876 0.0530332177877426 0.0229373071342707 0.00508946552872658 0.0457476824522018 0.0376985631883144
0.028180081397295 0.128402858972549 -0.0117122689262033 0.0202263128012419 -0.0193915441632271 0.114847540855408 0.102503322064877 0.0774057805538177 0.170544788241386 0.103625252842903 0.089647077023983 0.105115450918674 0.0172790568321943 0.012497047893703 -0.0184222497045994 0.00235375016927719 0.0392055623233318 0.0413363985717297 -0.0302201248705387 0.0376677289605141 0.00401170458644629 0.0978695005178452 0.144905015826225 0.0791459381580353 0.135910093784332 -0.00535249058157206 0.0818979889154434 0.0135913463309407 -0.0279588047415018 -0.00451350305229425 0.0660607814788818 0.112919449806213 0.0642253533005714 0.0711978077888489 0.161006644368172 0.103298008441925 0.0753790140151978 0.0138059137389064 0.123278453946114 0.0156253390014172 0.0547322146594524 0.00724620884284377 0.081558845937252
-0.0224674344062805 -0.0282136201858521 0.0117763988673687 -0.0240012872964144 -0.0835082456469536 0.0407073684036732 0.129848152399063 0.122912846505642 0.0240772981196642 0.0673352852463722 0.0921760424971581 0.0983526632189751 0.0157338697463274 0.0187443718314171 -0.0243023559451103 -0.0162493865936995 -0.0280670765787363 0.001120510045439 -0.019942183047533 -0.02546451613307 0.0441116839647293 0.097550705075264 0.111762590706348 0.108582735061646 0.0681259632110596 0.120137870311737 -0.0854809731245041 0.0170353185385466 0.0277529507875443 0.0308676920831203 -0.00845910981297493 0.0806863084435463 0.0349383167922497 0.0435457117855549 0.0127012208104134 0.142527267336845 0.0258502308279276 0.0471395365893841 -0.0163491405546665 0.0860762521624565 0.0933694615960121 0.0615501143038273 0.0722189545631409
0.0316413678228855 -0.0384434796869755 0.0425891503691673 -0.0416548699140549 -0.0355263315141201 0.0379970967769623 0.0718763619661331 0.0537576340138912 0.0385201200842857 0.0768551453948021 0.139637649059296 0.0942323133349419 0.103315331041813 0.0486915446817875 0.0900515988469124 0.0892421156167984 0.0269396789371967 0.0481680147349834 0.0209577772766352 0.136216074228287 0.0359984673559666 0.0140985567122698 0.0365215241909027 0.137536823749542 0.0416055172681808 0.105980604887009 -0.00951084028929472 0.059594240039587 0.0560903958976269 0.0311095640063286 0.0293903797864914 0.032224602997303 -0.0368255265057087 0.0383956208825111 0.0521445013582706 0.0705354511737823 0.0856001526117325 0.119361758232117 0.0651223435997963 0.0970131084322929 -0.0297979079186916 0.119255654513836 0.119003437459469
0.0214078202843666 -0.0580589435994625 0.0181497298181057 -0.0291045997291803 -0.0399681851267815 -0.0284216850996017 -0.0637161359190941 0.0563418008387089 -0.000522773421835154 0.00939237326383591 0.0925015211105347 0.195033982396126 0.107171885669231 0.0556637644767761 0.0492988564074039 0.0420951209962368 0.00698350556194782 0.0540312007069588 -0.00625255703926086 0.0752111226320267 0.09896569699049 0.00679013133049011 0.0170758478343487 0.102985262870789 0.0268303900957108 -0.0650521963834763 0.0825978443026543 0.0839139074087143 0.055426798760891 0.0812298730015755 -0.0224177855998278 0.0528927519917488 -0.00147791707422584 0.0529815070331097 0.00890540238469839 0.0914921909570694 0.0985894799232483 0.0784531682729721 0.113289065659046 0.0569655820727348 0.0310269389301538 0.150072172284126 0.0641405805945396
-0.0410526804625988 0.0153835946694016 0.0228218827396631 0.00744191138073802 0.049005676060915 -0.0526271797716618 0.019427478313446 0.0171080511063337 0.0147055415436625 0.0415271110832691 -0.0343843288719654 0.14047871530056 0.0557233951985836 0.0398410558700562 -0.0519928187131882 0.0468131341040134 0.0388998240232468 0.109601385891438 0.0247450117021799 0.0899448394775391 0.0407261773943901 0.0525976791977882 0.208068013191223 0.00897323060780764 0.0445417053997517 0.119544886052608 0.0532502420246601 0.0927632302045822 0.0386994034051895 0.0996187105774879 0.0314504727721214 0.0840152874588966 0.0380096323788166 0.105158992111683 0.0517198033630848 0.0263029504567385 0.0611417070031166 0.0291930194944143 0.0918467566370964 0.014445255510509 0.146264255046844 0.137646391987801 0.0471828356385231
0.0329765230417252 -0.0166911836713552 0.0168614313006401 -0.0662577226758003 0.0172581672668457 -0.0213022232055664 -0.0281505789607763 -0.0130821513012052 -0.0744879394769669 0.13678215444088 -0.0284053552895784 -0.0270319078117609 0.0516853369772434 0.034207571297884 0.0521869920194149 -0.0759215876460075 0.0496089085936546 0.0534807443618774 -0.0280879177153111 0.0524758622050285 0.0863833650946617 0.0901888683438301 0.113312795758247 0.131749927997589 0.0866264179348946 0.0880969390273094 0.0644433200359344 0.0849788933992386 -0.011504827067256 -0.00603315373882651 0.094101645052433 0.0614992193877697 0.0290191899985075 0.0127702197059989 0.00517921987921 0.0335994996130466 0.165436983108521 0.134602963924408 0.127437353134155 0.0831969752907753 0.0574599578976631 0.139778181910515 0.139400497078896
-0.0339166149497032 -0.0311443414539099 -0.0703773722052574 0.0598454251885414 -0.0249655805528164 0.0276483222842216 -0.0406432412564754 -0.0350991040468216 -0.0438528247177601 0.066247820854187 -0.00309320399537683 0.0147957904264331 0.0833949744701385 0.0911061689257622 0.0829467475414276 0.101715192198753 0.0626923888921738 -0.0081952465698123 0.0406050235033035 0.0980094596743584 -0.0112494016066194 -0.002370081609115 -0.019204692915082 0.152205124497414 0.0972841829061508 0.0478474907577038 0.0806959271430969 0.147764772176743 0.0817216783761978 0.129939571022987 0.0558583438396454 0.00298331631347537 0.0371102206408978 0.13458263874054 0.0480711981654167 0.10620428621769 0.104590348899364 0.097220666706562 0.0812633112072945 0.106170922517776 0.0915056094527245 0.0894825235009193 0.15002678334713
-0.0420734547078609 -0.0173765644431114 -0.0592494308948517 0.00594521872699261 -0.0125062791630626 -0.020637096837163 0.0367975495755672 -0.0389860831201077 0.0671605691313744 0.0140880392864347 -0.0147979594767094 0.0202012378722429 -0.0395923890173435 0.0337665379047394 0.11836750805378 0.0774513632059097 0.0189976785331964 0.0240522008389235 0.105448722839355 -0.0200862139463425 0.0193687193095684 0.132763639092445 0.0387668199837208 0.11464100331068 0.118160560727119 0.063729427754879 0.119738519191742 0.103827394545078 0.0722378864884377 0.0309273265302181 0.234994947910309 0.121986761689186 0.118265464901924 0.0233635175973177 0.0695080608129501 0.0663495510816574 0.0950456559658051 0.137515410780907 0.0686706453561783 0.0313190706074238 0.120145320892334 0.115306191146374 0.129669070243835
0.0116080511361361 0.0302295442670584 -0.0521825663745403 0.0242334473878145 -0.00461573153734207 0.0589389391243458 -0.0554235093295574 0.00890988297760487 0.156247824430466 0.0116847148165107 0.116854272782803 0.0314226299524307 -0.048815693706274 0.0781971514225006 -0.00835934281349182 0.0322464592754841 0.0775536671280861 0.030755378305912 0.132688522338867 0.0354420095682144 0.0566098801791668 0.0436751283705235 0.0345086082816124 0.183784648776054 0.0605260208249092 0.0703131780028343 0.141169652342796 0.138059869408607 0.0248241014778614 0.113463051617146 0.0884962752461433 0.115730464458466 0.11203595250845 0.105340018868446 0.0310599468648434 0.0442083925008774 0.0758330821990967 0.155751124024391 0.0346852988004684 -0.0179252773523331 0.149113491177559 0.140152245759964 0.114281490445137
-0.0533213205635548 0.119763106107712 0.0286841467022896 0.067300446331501 0.0583618618547916 -0.0743144229054451 0.0705045685172081 0.00087439949857071 0.00804909598082304 0.0237359926104546 0.0415521897375584 0.00027050226344727 0.0112510193139315 -0.011731892824173 -0.000835516955703497 0.112549342215061 0.0538029484450817 0.00132884457707405 0.0420233644545078 0.0776668190956116 0.147636607289314 0.15904937684536 0.0292304567992687 0.134856283664703 0.0831429585814476 -0.0250528231263161 0.0464092865586281 0.0779769346117973 0.0754524022340775 0.136061444878578 0.0749200955033302 0.061538390815258 0.0550909042358398 0.0809540152549744 0.113018810749054 0.139137908816338 0.00183955614920706 0.021008562296629 0.185384169220924 0.120346657931805 0.0937990248203278 0.0179960578680038 0.110122837126255
0.0154993515461683 0.048290491104126 0.0177547857165337 0.019973449409008 0.0375125482678413 0.0525086186826229 -0.110320203006268 0.0216138642281294 -0.0271117575466633 0.0169012080878019 0.0547997802495956 -0.0247031394392252 -0.017310980707407 0.0664917677640915 0.0190226994454861 -0.0116548510268331 -0.0238123536109924 0.0846891030669212 0.0384223833680153 0.185052186250687 0.16341906785965 0.0847335830330849 0.0809334889054298 0.0491656437516212 0.0563027448952198 0.0563370808959007 -0.0304904822260141 0.0302710589021444 0.118309043347836 0.0384975522756577 0.0537800192832947 -0.00746713671833277 0.0726376995444298 0.107634767889977 0.084786057472229 0.0586303621530533 0.0861052647233009 0.170995116233826 0.10259822010994 0.217931196093559 0.126170188188553 0.120929881930351 -0.000151219108374789
