assets/gome_f/processed/ascii/us/gome_sif_US_20110501.asc
NCOLS 116 
NROWS 53 
XLLCORNER -125 
YLLCORNER 24.5 
CELLSIZE 0.5 
NODATA_value -3.4e+38 
[rows 0 to 18 of 53, columns 44 to 87 of 116]
-0.060919675976038 0.297212153673172 0.238621741533279 0.139499798417091 0.294970244169235 0.127287372946739 0.0439524948596954 0.0809211134910583 0.267130136489868 -0.0442804433405399 0.265071094036102 0.14562226831913 0.0227875150740147 0.0259600151330233 0.228300288319588 0.328986138105392 0.14004947245121 0.234002038836479 0.105062015354633 0.221800938248634 0.209977075457573 0.108037166297436 0.155415952205658 0.044922549277544 0.0129924910143018 0.112461365759373 0.172503992915154 0.136226207017899 0.0642913356423378 0.0908020436763763 0.128270447254181 0.180766135454178 0.0538566596806049 0.197884351015091 0.108587726950645 0.152187451720238 0.0678051859140396 0.133549481630325 0.0735940635204315 0.110706269741058 0.103263236582279 0.020132863894105 0.129192143678665 0.121587261557579
0.219459176063538 0.238134250044823 0.189342856407166 0.0960175469517708 -0.0162447430193424 0.138895183801651 0.117424212396145 0.266057580709457 0.131652802228928 0.140732273459435 0.140062898397446 0.119804307818413 0.210295215249062 0.101956084370613 0.106605745851994 0.136975973844528 0.198785796761513 0.209046706557274 0.17329977452755 0.0087052620947361 0.140217006206512 0.181774452328682 0.109686233103275 0.216633468866348 0.120971031486988 0.142575427889824 0.103162318468094 0.138777434825897 0.0848264172673225 0.0545499660074711 0.015398588962853 0.129153177142143 0.187666028738022 0.114632740616798 0.18202830851078 0.237787276506424 0.085150733590126 0.0506655089557171 0.10900154709816 0.178975611925125 0.140289962291718 0.0439269803464413 0.0615685842931271 0.172051936388016
-0.0858947113156319 0.136514917016029 0.164437010884285 0.250093072652817 0.170385405421257 0.0723052248358727 0.120151855051517 0.16393119096756 0.175868451595306 0.225646615028381 0.0822660773992538 0.0133781004697084 0.127481415867805 0.1885796636343 0.121962353587151 0.179520577192307 0.257051199674606 0.196718797087669 0.105966277420521 0.192571967840195 0.129812151193619 0.143847689032555 0.0589828006923199 0.0768521055579185 0.10129039734602 0.124524407088757 0.0796259343624115 0.294806629419327 -0.0278512146323919 0.087727390229702 0.061125673353672 0.0972963497042656 0.167612925171852 0.0546937137842178 0.153429284691811 -0.0424167513847351 0.0928038358688354 0.133525878190994 0.104747295379639 0.19655653834343 0.0773845091462135 0.153292551636696 0.116854064166546 0.157879695296288
0.0563385635614395 0.112785331904888 0.114011146128178 0.150841608643532 0.0227076411247253 0.0482292622327805 0.188250824809074 0.171156421303749 0.130386769771576 0.161142706871033 0.412328749895096 0.0608331486582756 0.311419367790222 0.109452478587627 0.298935830593109 0.221444264054298 0.150429949164391 0.187413319945335 0.182308569550514 0.127405911684036 0.148906916379929 0.171866744756699 0.223531648516655 0.175574824213982 0.230163782835007 0.22067166864872 0.0604347698390484 0.217800319194794 0.127540692687035 0.186329528689384 0.17233407497406 0.190393522381783 0.114786334335804 0.127293616533279 0.142631396651268 0.164808422327042 0.162399783730507 0.129153981804848 0.134775072336197 0.0930175855755806 0.167799651622772 0.124498538672924 0.167067050933838 0.110683307051659
0.207044363021851 0.268412292003632 0.10172363370657 0.0997189059853554 0.115206465125084 0.17918686568737 0.289009749889374 0.128353804349899 0.000315729528665543 -0.0443741790950298 0.00394087284803391 -0.142011120915413 0.0262747779488564 -0.0127720851451159 0.241011679172516 0.292576849460602 0.314078778028488 0.24553394317627 0.157941043376923 0.248101249337196 0.16609625518322 0.163853898644447 0.252458095550537 0.185049921274185 0.176677063107491 0.112892955541611 0.184617131948471 0.207731083035469 0.131672695279121 0.0971260070800781 -0.0176094882190228 0.0468464232981205 0.081671841442585 0.0585081465542316 0.143175184726715 0.266680121421814 0.179773777723312 0.150236517190933 0.117879338562489 0.147542431950569 0.163148418068886 0.161968275904655 0.169171467423439 0.160508140921593
0.027618046849966 0.073144905269146 0.166768491268158 0.171040311455727 0.131281912326813 0.0592992156744003 0.0566317178308964 0.22380593419075 0.204225465655327 0.133440718054771 0.121588863432407 0.185463383793831 0.15326701104641 0.112462565302849 0.307864367961884 0.174456611275673 0.116801500320435 0.124642953276634 0.157870337367058 0.192899286746979 0.127892926335335 0.0972507745027542 0.215628668665886 0.0926670134067535 0.157220661640167 0.179086402058601 0.0891118943691254 -0.00612355628982186 0.145129919052124 0.0318503864109516 0.079450249671936 0.128211334347725 0.0186181087046862 -0.00670717470347881 0.210026547312737 0.169117525219917 0.270419627428055 0.0187404751777649 0.187323048710823 0.112379662692547 0.121550142765045 0.10702770203352 0.195200622081757 0.22372530400753
0.158784449100494 0.205052509903908 0.128800943493843 0.195739433169365 0.219731226563454 0.204483285546303 0.140981435775757 0.200753852725029 0.114325739443302 0.373308569192886 0.0753192231059074 0.0435590073466301 0.225205153226852 0.25141641497612 0.187906846404076 0.220727413892746 0.363733500242233 0.188457489013672 0.26377072930336 0.220056265592575 0.0908378809690475 0.106964066624641 0.17866587638855 0.212912976741791 0.0677462071180344 -0.0194657947868109 0.0404550395905972 -0.0139729576185346 0.03232566639781 0.0357131101191044 -0.0353490374982357 0.0757311806082726 0.0179706960916519 -0.0897009745240211 -0.0473233461380005 -0.0144179491326213 -0.00427637388929725 0.271674811840057 0.149252220988274 0.204126551747322 0.102224491536617 0.170757338404655 0.271307200193405 0.152198389172554
0.238774284720421 0.179182484745979 0.277068376541138 0.342249900102615 0.254061639308929 0.337113797664642 0.194922968745232 0.13049478828907 0.135033026337624 0.127566531300545 -0.0534104555845261 0.151460751891136 0.0990650281310081 0.127772882580757 0.0187242776155472 0.32192400097847 0.344491690397263 0.227588996291161 0.157281890511513 0.364323824644089 0.176716506481171 0.0990319326519966 0.13993564248085 0.156070157885551 0.0336826518177986 0.0521115064620972 -0.0278034023940563 0.0524022802710533 0.117172122001648 0.00345621630549431 -0.0230795200914145 0.0177414435893297 0.0521216951310635 -0.00784516427665949 0.145679816603661 -0.0161659643054008 0.0254187788814306 0.19318063557148 0.248971462249756 0.191278994083405 0.14066119492054 0.07359629124403 0.26959416270256 0.221952989697456
0.207870408892632 0.211456879973412 0.27843901515007 0.224394455552101 0.132130354642868 0.298088282346725 0.308569461107254 0.201831355690956 0.236360520124435 0.176027834415436 0.115184895694256 0.069827675819397 0.0855943486094475 0.283422589302063 0.00198075547814369 0.2796730697155 0.200983166694641 0.301242738962173 0.22166882455349 0.391025215387344 0.324021220207214 0.206074193120003 0.167643740773201 0.0969171449542046 0.223543077707291 0.0864212661981583 0.0243581235408783 0.0976225212216377 0.105201244354248 0.10211031883955 -0.18182098865509 0.156193107366562 0.0850928351283073 0.0693882033228874 0.140189662575722 0.144681289792061 0.146798834204674 0.219481945037842 0.254109919071198 0.285605609416962 0.205145969986916 0.290020525455475 0.100827254354954 0.163623914122581
0.25244203209877 0.135167747735977 0.413419455289841 0.167512878775597 0.218796789646149 0.399825572967529 0.408754855394363 0.225387960672379 0.388553828001022 0.0646904483437538 0.246909812092781 0.279014736413956 0.129152297973633 0.0690482407808304 0.143185317516327 0.311859160661697 0.325852960348129 0.288808584213257 0.306984275579453 0.397221982479095 0.15477629005909 0.301156908273697 0.157515674829483 0.262651294469833 0.183784887194633 0.290379583835602 0.155635491013527 0.187999680638313 0.109485305845737 0.211470797657967 0.0630218908190727 0.11335177719593 0.448158711194992 0.22295069694519 0.279552072286606 0.0527189113199711 0.154674082994461 0.0744908899068832 0.22388918697834 0.147910162806511 0.155232354998589 0.23409104347229 0.0431026965379715 0.0781666040420532
0.321632385253906 0.164600729942322 0.359477043151855 0.218022152781487 0.374057352542877 0.0589573979377747 0.279536157846451 0.172081902623177 0.622920215129852 0.123248547315598 0.225862696766853 0.0999813452363014 0.28105416893959 0.0651418939232826 0.223145559430122 0.189960792660713 0.369498908519745 0.253039240837097 0.25959300994873 0.316833347082138 0.271975964307785 0.414625257253647 0.343359351158142 0.280923992395401 0.235947102308273 0.340454488992691 0.296436220407486 0.294966667890549 0.122350230813026 0.302824229001999 0.116393133997917 0.0739877820014954 0.0544154122471809 0.0899275168776512 0.0894776657223701 -0.0513795726001263 0.0658464729785919 0.178739830851555 0.0866424143314362 0.0149148004129529 0.100105538964272 0.00989995151758194 0.123527482151985 0.157741874456406
0.0486745722591877 0.331097602844238 0.32767841219902 0.287569105625153 0.315395087003708 0.230906590819359 0.318222463130951 0.339952737092972 0.358725935220718 0.165424019098282 0.22774912416935 0.15082836151123 0.37805387377739 0.15730956196785 0.186768069863319 0.222964823246002 0.0949656963348389 0.167310655117035 0.46633517742157 0.302032947540283 0.27824991941452 0.391434401273727 0.50489330291748 0.528443336486816 0.589179158210754 0.301354020833969 0.379516869783401 0.2988041639328 0.26105147600174 0.4456467628479 0.135571122169495 0.0372925773262978 -0.0436167679727077 0.132714107632637 0.20358170568943 -0.0124097112566233 0.167488649487495 0.35530224442482 0.251547932624817 0.145809382200241 0.0169314667582512 0.00208971952088177 0.0595491193234921 0.0796588957309723
0.37974601984024 0.314424276351929 0.345060139894485 0.464140325784683 0.354682862758636 0.270665973424911 0.296667695045471 0.284459322690964 0.459151327610016 0.247170671820641 0.182543620467186 0.253931820392609 0.254978328943253 0.114231735467911 0.189576148986816 0.0861807093024254 0.228374153375626 0.0331020839512348 0.225869581103325 0.164140552282333 0.407099574804306 0.474787980318069 0.462414473295212 0.144354701042175 0.610346972942352 0.304559379816055 0.517061352729797 0.377328425645828 0.46039217710495 0.338193893432617 0.366421073675156 0.51412969827652 -0.0192707907408476 -0.131785318255424 0.121398128569126 0.284363776445389 0.125163525342941 0.261997252702713 0.269186317920685 0.227522328495979 0.0640675947070122 0.0911538749933243 0.00876307487487793 0.115563221275806
0.26336607336998 0.267710536718369 0.428645133972168 0.414315074682236 0.357262849807739 0.456603139638901 0.30634468793869 0.390065789222717 0.276760071516037 0.332146674394608 0.176035985350609 0.291833728551865 0.0746600106358528 0.273205429315567 0.226237520575523 0.113599672913551 0.0259092338383198 0.0302295926958323 0.289430499076843 0.261628419160843 0.27821072936058 0.300851464271545 0.510585069656372 0.398371338844299 0.38161101937294 0.353139400482178 0.418433994054794 0.317541897296906 0.376927644014359 0.195873335003853 0.943422436714172 0.385041028261185 0.115743517875671 0.0944996699690819 0.266348540782928 0.419631749391556 0.418850779533386 0.263403862714767 0.293561071157455 0.203002274036407 0.0520133376121521 0.00757805816829205 -0.0340163037180901 0.310464262962341
0.252034187316895 0.336302042007446 0.32557025551796 0.414861708879471 0.263320982456207 0.549395799636841 0.361625134944916 0.438114523887634 0.350068479776382 0.333061903715134 0.263062834739685 0.172101438045502 0.221778765320778 0.308445453643799 0.109775319695473 -0.017183855175972 0.12391009926796 0.0647278055548668 0.0250600520521402 0.0663488805294037 0.00842898059636354 0.325615525245667 0.494392573833466 0.551955223083496 0.580914497375488 0.308357566595078 0.507704555988312 0.301861256361008 0.325584709644318 0.347725719213486 0.69605278968811 0.121189936995506 -0.00457592355087399 0.114629656076431 0.264374405145645 0.446197897195816 0.507252216339111 0.482001602649689 0.298432946205139 0.334258705377579 0.321348488330841 0.325763911008835 0.124117292463779 0.311083048582077
-0.00369086372666061 0.192068621516228 0.279953479766846 0.261454939842224 0.318601876497269 0.399490356445312 0.370293796062469 0.3627909719944 0.444844216108322 0.504215776920319 0.314003705978394 0.0882366150617599 0.263165533542633 0.231770902872086 0.0700678825378418 0.137523025274277 0.13534215092659 0.155401080846786 0.0233609545975924 0.106794647872448 0.0799777135252953 0.223776832222939 0.351000845432281 0.386892139911652 0.509522497653961 0.403267860412598 0.5532306432724 0.393998056650162 0.432919502258301 0.352774322032928 0.370635539293289 0.0471617095172405 0.0226942505687475 0.28924223780632 0.237671062350273 0.561997771263123 0.410125851631165 0.338055104017258 0.318809658288956 0.357113301753998 0.204027757048607 0.295775502920151 0.312644571065903 0.297656983137131
0.293524116277695 0.292737603187561 0.189754441380501 0.273091167211533 0.0870824381709099 0.172471687197685 0.236171886324883 0.36321833729744 0.332748085260391 0.447859406471252 0.226013109087944 0.272653818130493 0.109579682350159 0.25559276342392 0.234326139092445 0.163234859704971 0.101899780333042 0.0953703299164772 0.114359937608242 0.15346385538578 0.137775868177414 0.174259692430496 0.366984784603119 0.373998910188675 0.373461157083511 0.609232246875763 0.418004840612411 0.481356829404831 0.405355662107468 0.287714183330536 0.286142289638519 0.0103953862562776 0.170336276292801 0.149867728352547 0.350350469350815 0.495859980583191 0.489296317100525 0.571599781513214 0.493802845478058 0.464015454053879 0.304615825414658 0.268577396869659 0.196481093764305 0.269858986139297
0.173412084579468 0.15032784640789 0.301913052797318 0.20039527118206 0.200654223561287 0.264962673187256 0.268823385238647 0.330222100019455 0.366873919963837 0.383725970983505 0.149008378386497 0.254032582044601 0.132749781012535 0.320521086454391 0.169821009039879 0.140244424343109 0.158703714609146 0.144893050193787 0.111142262816429 0.195108160376549 0.232898145914078 0.177528664469719 0.249494627118111 0.301477015018463 0.374929279088974 0.370666056871414 0.400564253330231 0.381024986505508 0.384580701589584 0.255382984876633 0.308949917554855 0.00862756464630365 0.0226466078311205 0.168242931365967 0.407029747962952 0.414028465747833 0.512570440769196 0.360366404056549 0.47528287768364 0.268129825592041 0.380307048559189 0.230532571673393 0.124493710696697 0.0377120450139046
0.238426446914673 0.153210207819939 0.239222049713135 0.0376481600105762 0.327774703502655 0.171953976154327 0.299853533506393 0.31181213259697 0.342835187911987 0.247666001319885 0.306602746248245 0.218564808368683 0.209895387291908 0.215454339981079 0.182887777686119 0.409462004899979 0.406537055969238 0.323116183280945 0.244595035910606 0.353409618139267 0.211866542696953 0.281092256307602 0.396763980388641 0.395195752382278 0.105001121759415 0.233288943767548 0.165631681680679 0.266528517007828 0.262345045804977 0.229335755109787 0.164018839597702 0.126752898097038 0.182754337787628 0.41711413860321 0.308644473552704 0.352009207010269 0.404951751232147 0.488696843385696 0.402437537908554 0.232302933931351 0.223753154277802 -0.0302708279341459 0.139920845627785 0.194976791739464
