assets/gome_f/processed/ascii/us/gome_sif_US_20110701.asc
NCOLS 116 
NROWS 53 
XLLCORNER -125 
YLLCORNER 24.5 
CELLSIZE 0.5 
NODATA_value -3.4e+38 
[rows 0 to 18 of 53, columns 0 to 43 of 116]
-0.151883691549301 -0.0694370716810226 0.275372892618179 0.185557350516319 0.238324299454689 0.203314483165741 0.203725785017014 0.226190775632858 0.277780890464783 0.232279121875763 0.293095380067825 0.4262815117836 0.299337893724442 0.250932514667511 0.318798065185547 -0.0553286261856556 0.322425216436386 0.297644019126892 0.107212372124195 0.271963387727737 0.341261804103851 0.685545682907104 0.837471723556519 1.04334330558777 0.817286968231201 0.58976811170578 0.614849090576172 0.451675295829773 0.453552544116974 0.293407320976257 0.599948644638062 0.554895520210266 0.772878468036652 0.633769869804382 0.710679590702057 0.826754152774811 0.783034861087799 0.726154327392578 0.850492358207703 0.925417602062225 0.918067991733551 0.904053390026093 0.878630459308624 0.7783442735672
0.120154537260532 -0.00664137536659837 0.0756859853863716 -0.0312693528831005 0.168921515345573 0.28866371512413 0.178624838590622 0.304752737283707 0.195973291993141 0.343480408191681 0.319389641284943 0.318157643079758 0.330212265253067 0.264036685228348 0.065797746181488 0.179258123040199 0.245986714959145 0.341627091169357 0.283271133899689 0.286625504493713 0.344324201345444 0.611108839511871 0.737763822078705 0.890600502490997 0.638858497142792 0.695243239402771 0.715252220630646 0.553633213043213 0.497667104005814 0.406302750110626 0.618850588798523 0.653341054916382 0.52734112739563 0.688280344009399 0.876208901405334 0.840466737747192 0.810822308063507 0.721345365047455 0.703859090805054 0.715832948684692 0.628999352455139 0.63224321603775 0.662260234355927 0.695158421993256
0.198815390467644 0.190533190965652 0.155960753560066 0.127680689096451 0.225112810730934 0.299777626991272 0.392174005508423 0.242641612887383 0.274795711040497 0.293358117341995 0.314682841300964 0.274613350629807 0.324438571929932 0.322886854410172 0.369479328393936 0.193975076079369 0.0704604759812355 0.210015386343002 0.301065355539322 0.390570819377899 0.416247725486755 0.386262714862823 0.694066047668457 0.935782670974731 0.85808664560318 0.731613516807556 0.667138040065765 0.678635001182556 0.47216460108757 0.633817374706268 0.650927126407623 0.674978017807007 0.675407111644745 0.652879238128662 0.771988332271576 0.710439205169678 0.688889503479004 0.799409151077271 0.766172587871552 0.607672393321991 0.585001647472382 0.519246459007263 0.487898200750351 0.555514514446259
0.530919849872589 0.407961159944534 0.224863797426224 0.125831961631775 0.160726770758629 0.562217772006989 0.332113713026047 0.357512056827545 0.480123847723007 0.274334996938705 0.212225764989853 0.27390119433403 0.293676108121872 0.380596309900284 0.410888135433197 0.401572287082672 0.309381246566772 0.433978825807571 0.303831487894058 0.386750638484955 0.514615952968597 0.310799896717072 0.597618460655212 0.707953095436096 0.792117238044739 0.819658279418945 0.647223651409149 0.540739357471466 0.369803488254547 0.391200363636017 0.404850691556931 0.479503065347672 0.461263954639435 0.497691422700882 0.596827208995819 0.579512178897858 0.588133096694946 0.756440937519073 0.66437166929245 0.669705808162689 0.657900750637054 0.516449511051178 0.617797911167145 0.528936326503754
0.228648230433464 0.674759566783905 0.470497071743011 0.306163132190704 0.279380083084106 0.435126513242722 0.468041151762009 0.424559503793716 0.366609871387482 0.282582372426987 0.320647597312927 0.255313456058502 0.257229566574097 0.275163620710373 0.547701418399811 0.35895499587059 0.432467311620712 0.435192346572876 0.412154704332352 0.391319990158081 0.326143473386765 0.424707263708115 0.249404639005661 0.372580081224442 0.532283902168274 0.522486865520477 0.373664140701294 0.299997389316559 0.4616739153862 0.501152634620667 0.441454231739044 0.360939055681229 0.425585836172104 0.444021493196487 0.50493198633194 0.431801021099091 0.43487611413002 0.54595410823822 0.646663069725037 0.622500002384186 0.645463705062866 0.635239720344543 0.547785878181458 0.502776503562927
0.00508531322702765 0.20568460226059 0.479318141937256 0.323141902685165 0.269964337348938 0.34612175822258 0.613321006298065 0.269914984703064 0.219703674316406 0.224591061472893 0.287552237510681 0.265026837587357 0.363839477300644 0.204513773322105 0.452920794487 0.476240426301956 0.582217991352081 0.280813962221146 0.454449743032455 0.478333026170731 0.400164037942886 0.497549921274185 0.276506870985031 0.440353035926819 0.547491550445557 0.466564208269119 0.491333097219467 0.260925054550171 0.338659852743149 0.482135057449341 0.433607518672943 0.519618213176727 0.40336674451828 0.432730793952942 0.382399201393127 0.355569869279861 0.339210331439972 0.467979997396469 0.463374674320221 0.677688896656036 0.53869616985321 0.761281728744507 0.50486809015274 0.663768529891968
0.0470348298549652 0.352443873882294 0.403338223695755 0.371785223484039 0.380009174346924 0.594914495944977 0.58188796043396 0.509724140167236 0.391926825046539 0.32847011089325 0.172677084803581 0.204801484942436 0.385802954435349 0.358989596366882 0.542687177658081 0.390570759773254 0.590648353099823 0.479785293340683 0.457754969596863 0.433000773191452 0.48080849647522 0.435124635696411 0.438618689775467 0.346698969602585 0.346604585647583 0.335278034210205 0.308626115322113 0.39183709025383 0.501451075077057 0.540222704410553 0.507711112499237 0.357754111289978 0.34412556886673 0.417917519807816 0.300161600112915 0.405104517936707 0.294601947069168 0.372643917798996 0.465850055217743 0.711551785469055 0.583554029464722 0.613363146781921 0.654929757118225 0.692204535007477
0.135436341166496 0.166215002536774 0.397918909788132 0.714186310768127 0.446561008691788 0.569668412208557 0.468702852725983 0.495819896459579 0.388592213392258 0.31515297293663 0.260551303625107 0.447118401527405 0.271286457777023 0.371358245611191 0.459383875131607 0.504000067710876 0.558737933635712 0.527852237224579 0.53317528963089 0.45524662733078 0.378809481859207 0.285136699676514 0.413991898298264 0.314210116863251 0.448475360870361 0.370333135128021 0.333753079175949 0.505805790424347 0.526153206825256 0.418143093585968 0.586430013179779 0.529951870441437 0.388245433568954 0.403746366500854 0.293594539165497 0.461236000061035 0.384809494018555 0.503569006919861 0.499143928289413 0.562768518924713 0.632447957992554 0.63640171289444 0.61043781042099 0.750579714775085
0.10863122344017 -0.0420211106538773 0.283760637044907 0.508655726909637 0.63053822517395 0.634945034980774 0.429005086421967 0.410688072443008 0.432855427265167 0.322746187448502 0.319681882858276 0.438074827194214 0.359998553991318 0.220698237419128 0.341093242168427 0.436241239309311 0.71305900812149 0.538594007492065 0.630361437797546 0.480011403560638 0.39448344707489 0.431871026754379 0.437044769525528 0.412376672029495 0.466713845729828 0.249571591615677 0.260026276111603 0.43105286359787 0.48164701461792 0.346980303525925 0.401518434286118 0.508086740970612 0.375075817108154 0.318357706069946 0.371336847543716 0.3408442735672 0.385212630033493 0.252097725868225 0.435330301523209 0.471666932106018 0.496966630220413 0.548052847385406 0.580965638160706 0.532394587993622
0.193018719553947 0.119808167219162 0.282168537378311 0.670129537582397 0.549482762813568 0.73541271686554 0.433473587036133 0.421700477600098 0.330657809972763 0.347417205572128 0.272161602973938 0.462627559900284 0.277139127254486 0.477407544851303 0.425306409597397 0.430170327425003 0.396525055170059 0.697325646877289 0.488051772117615 0.448555469512939 0.344249933958054 0.338362783193588 0.388034641742706 0.38707110285759 0.412591934204102 0.262110739946365 0.37501722574234 0.402574986219406 0.520208120346069 0.386579632759094 0.416707694530487 0.443483799695969 0.491902619600296 0.253754734992981 0.391978800296783 0.436223387718201 0.347500801086426 0.291392832994461 0.391694724559784 0.328728497028351 0.515099287033081 0.568021655082703 0.501212477684021 0.645581305027008
0.0705758109688759 0.142993330955505 0.359785318374634 0.593776702880859 0.562129199504852 0.717402279376984 0.447936862707138 0.424551784992218 0.249409183859825 0.205279737710953 0.152477532625198 0.301315099000931 0.382060527801514 0.514326453208923 0.416204333305359 0.490973144769669 0.38430455327034 0.562329769134521 0.431460916996002 0.432480841875076 0.372228890657425 0.313239723443985 0.399481505155563 0.332962036132812 0.321520000696182 0.22648049890995 0.360419690608978 0.535556554794312 0.496419072151184 0.37638720870018 0.400626212358475 0.419975876808167 0.354091048240662 0.368849635124207 0.450126081705093 0.428581893444061 0.620006084442139 0.35085454583168 0.551740527153015 0.423102051019669 0.57888126373291 0.436063528060913 0.555932402610779 0.495099276304245
0.053182914853096 0.126181975007057 0.284978479146957 0.494699150323868 0.747366607189178 0.518514335155487 0.505922079086304 0.342634528875351 0.128052532672882 0.147456526756287 0.287598788738251 0.354823857545853 0.274713009595871 0.378613233566284 0.363321870565414 0.317103385925293 0.365203380584717 0.375273019075394 0.272033244371414 0.288715660572052 0.370715945959091 0.342311263084412 0.387643069028854 0.291180431842804 0.496403962373734 0.405783534049988 0.435586959123611 0.363563179969788 0.326562464237213 0.354982763528824 0.371855169534683 0.459100395441055 0.419180393218994 0.406974226236343 0.449754387140274 0.516652762889862 0.548811554908752 0.452312052249908 0.471623182296753 0.442925751209259 0.471316993236542 0.465069949626923 0.487651973962784 0.408351272344589
-0.0221505276858807 0.227205291390419 0.499739140272141 0.512421071529388 0.738742291927338 0.501137137413025 0.407168805599213 0.286008954048157 0.221314266324043 0.272446572780609 0.262538343667984 0.215597927570343 0.36481574177742 0.433926492929459 0.343622773885727 0.404026716947556 0.442512214183807 0.353110015392303 0.284591555595398 0.260225355625153 0.251761674880981 0.284028768539429 0.219981402158737 0.274647444486618 0.251543641090393 0.412033706903458 0.426928967237473 0.332175642251968 0.332892596721649 0.238094359636307 0.241310819983482 0.241103485226631 0.273721486330032 0.225845664739609 0.227717265486717 0.351680964231491 0.365457385778427 0.354527443647385 0.397880852222443 0.40326651930809 0.360649585723877 0.593822240829468 0.505398869514465 0.526600062847137
0.133634939789772 0.127428486943245 0.47063222527504 0.626527190208435 0.4977747797966 0.482800900936127 0.389016002416611 0.216811433434486 0.321603626012802 0.193033292889595 0.182631745934486 0.292755961418152 0.287269681692123 0.289595544338226 0.243383884429932 0.373612761497498 0.41219899058342 0.418399095535278 0.370862305164337 0.32221457362175 0.201442062854767 0.214824974536896 0.127329170703888 0.263558328151703 0.230773910880089 0.582326471805573 0.545059859752655 0.469197303056717 0.17344668507576 0.364441752433777 0.187458470463753 0.226005852222443 0.110541597008705 0.227620556950569 0.185997113585472 0.22381791472435 0.234246358275414 0.33917099237442 0.293711304664612 0.312657564878464 0.424024611711502 0.512897610664368 0.468559950590134 0.488574683666229
0.178649708628654 0.304916709661484 0.56325763463974 0.485019743442535 0.464549213647842 0.438863635063171 0.44820573925972 0.182203039526939 0.147632971405983 0.226947173476219 0.220930725336075 0.165267050266266 0.289372831583023 0.199649840593338 0.268825232982635 0.190361633896828 0.402646720409393 0.435027897357941 0.476638376712799 0.447128623723984 0.364134788513184 0.256377279758453 0.269349336624146 0.198441863059998 0.275748133659363 0.655346274375916 0.753159582614899 0.722179174423218 0.590906381607056 0.397123694419861 0.200136452913284 0.27839857339859 0.261559665203094 0.188279256224632 0.240086287260056 0.218332707881927 0.32216602563858 0.282808423042297 0.316484183073044 0.278047144412994 0.104181692004204 0.101820647716522 0.372629255056381 0.382693886756897
0.0971009880304337 0.251918464899063 0.607349812984467 0.630630671977997 0.510898649692535 0.420426875352859 0.377834439277649 0.176472768187523 0.130647212266922 0.123087167739868 0.150976434350014 0.118362762033939 0.120869219303131 0.240388959646225 0.138201266527176 0.195994526147842 0.252451211214066 0.249376356601715 0.392871350049973 0.335207372903824 0.41339036822319 0.382550120353699 0.282987922430038 0.130852416157722 0.403507053852081 0.664433896541595 0.604940295219421 0.698527812957764 0.507240414619446 0.504538297653198 0.316127747297287 0.243146255612373 0.255893617868423 0.260827362537384 0.1597560942173 0.251935333013535 0.144098967313766 0.181466162204742 0.172524437308311 0.0993946045637131 0.130682945251465 0.297412842512131 0.244104385375977 0.30758672952652
-0.0561875849962234 0.369605541229248 0.525668323040009 0.532720804214478 0.488867610692978 0.415586233139038 0.273644894361496 0.321841776371002 0.162727862596512 0.080200269818306 0.0719333961606026 0.115021124482155 0.148604020476341 0.217290759086609 0.156366586685181 0.216541841626167 0.169382318854332 0.178243786096573 0.174334406852722 0.180412724614143 0.428308725357056 0.62495493888855 0.621141850948334 0.490296423435211 0.527431011199951 0.588973522186279 0.594131648540497 0.729553043842316 0.436712205410004 0.359777748584747 0.318925470113754 0.183301955461502 0.149006634950638 0.274593025445938 0.0977296978235245 0.132059216499329 0.135466828942299 0.196529299020767 0.268755286931992 0.239832565188408 0.217580780386925 0.244873851537704 0.274142861366272 0.430680215358734
0.115506820380688 0.284813970327377 0.489371925592422 0.513469755649567 0.420460879802704 0.484666377305984 0.424628496170044 0.382486432790756 0.231204017996788 0.323056817054749 0.226539731025696 0.15655928850174 0.237171739339828 0.209171339869499 0.148811310529709 0.12238947302103 0.196754455566406 0.179782375693321 0.200181648135185 0.269577652215958 0.238268598914146 0.387149393558502 0.442159473896027 0.519870758056641 0.449568957090378 0.532319903373718 0.626434147357941 0.637601137161255 0.483581960201263 0.263707160949707 0.269154578447342 0.208914756774902 0.197385534644127 0.19410827755928 0.130960434675217 0.191862374544144 0.0892421305179596 0.255692005157471 0.146610662341118 0.340234041213989 0.350382596254349 0.420232534408569 0.42677715420723 0.338359385728836
0.0628799721598625 0.106492564082146 0.358890473842621 0.355483502149582 0.455912053585052 0.370352894067764 0.345538318157196 0.313842684030533 0.308807045221329 0.189620941877365 0.174199223518372 0.192819565534592 0.163424000144005 0.213941186666489 0.194311529397964 0.11555702984333 0.214754164218903 0.241873845458031 0.360619336366653 0.332949608564377 0.17344057559967 0.214336723089218 0.189489349722862 0.18569153547287 0.263282239437103 0.412219941616058 0.620496153831482 0.372246414422989 0.338681399822235 0.293657690286636 0.268731564283371 0.179304286837578 0.0532417707145214 0.0781973302364349 0.0581393949687481 0.159217953681946 0.195767432451248 0.230533748865128 0.207689970731735 0.281778186559677 0.229439333081245 0.282248347997665 0.445048898458481 0.475168704986572
