assets/gome_f/processed/ascii/us/gome_sif_US_20130201.asc
NCOLS 116 
NROWS 53 
XLLCORNER -125 
YLLCORNER 24.5 
CELLSIZE 0.5 
NODATA_value -3.4e+38 
[rows 0 to 18 of 53, columns 43 to 85 of 116]
-999 -999 -999 -999 -999 -999 -999 -999 -999 -999 -999 -999 -999 -999 -999 -999 -999 -999 -999 -999 -999 -0.103280760347843 0.131098687648773 -0.0317136980593204 -0.109348893165588 -999 -999 -999 -999 0.205864429473877 -999 -999 -0.0305882394313812 -999 0.0566273219883442 0.06229367852211 -999 -999 -999 -999 -999 -999 -999
-999 -999 -999 -999 -999 -999 -999 -999 -999 -999 -999 -999 -999 -999 -999 -999 -0.0863064005970955 -999 -999 -999 -999 -999 -999 -999 -999 -999 -999 -999 -999 -999 0.191582962870598 -0.0205464009195566 0.0993281230330467 0.148145854473114 0.0325908102095127 0.061548326164484 0.1911461353302 -0.0335402227938175 0.0977986752986908 -0.0133943883702159 -0.125938341021538 0.0982571095228195 0.0430517308413982
-999 -999 -999 -999 -999 -999 -999 -999 -999 -999 -999 -999 -999 -999 -999 -999 -999 -999 -999 -999 -999 -999 -999 -999 -999 -999 -999 -999 -999 -999 -999 -999 0.0272159725427628 0.0779055505990982 0.125214919447899 -0.0323982611298561 0.00894949957728386 0.0761239677667618 0.0290322750806808 0.0255743861198425 0.0584660992026329 -0.0581317469477654 0.138643339276314
-999 -999 -999 -999 -999 -999 -999 -999 -999 -999 -999 -999 -999 -999 -999 -999 -999 -999 -999 -999 -999 -999 -999 -999 -999 -999 -999 -999 0.0748719424009323 -0.153103083372116 0.12934410572052 0.0684013366699219 -0.0423779115080833 0.0460244901478291 -0.0172896645963192 0.000356934207957238 -0.0186524093151093 -0.0325395092368126 0.0597878843545914 0.0476066097617149 0.00292157172225416 0.0454994514584541 -0.0370941385626793
-999 -999 -999 -999 -999 -999 -999 -999 -999 -999 -999 -999 -999 -999 -999 -999 -999 -999 -999 -999 -999 -999 -999 -999 -999 -999 0.116411991417408 0.0648008957505226 0.0390958413481712 -0.0533230900764465 -999 0.0981911867856979 0.0196918938308954 0.0173895880579948 0.023886326700449 -0.0762882009148598 0.0357691831886768 -0.0565989427268505 0.0784419998526573 -0.0198935158550739 0.142563432455063 0.119871057569981 -0.0343066230416298
-999 -999 -999 -999 -999 -999 -999 -999 -999 -999 -999 -999 -999 -999 -999 -999 -999 -999 -999 0.0692738592624664 -999 0.470768570899963 -999 0.189032226800919 -999 -0.112830109894276 -999 0.0262362360954285 -0.126446723937988 0.053863737732172 -0.0175849199295044 -0.194464936852455 0.0340937897562981 -0.0391821414232254 -0.0807498320937157 -0.015086567029357 -0.0685953572392464 0.00375117803923786 -0.0131891816854477 0.0432715080678463 0.0760073289275169 0.0264507532119751 0.0211778078228235
-999 -999 -999 -999 -999 -999 -999 -999 -999 -999 -999 -999 -999 -999 -999 -999 -999 -999 -999 -999 -999 -0.0553911924362183 0.0497979857027531 0.147958606481552 0.0920254215598106 0.0701421052217484 0.000919672835152596 -0.065558560192585 0.0426680855453014 -0.11266602575779 0.0751739665865898 -0.102796286344528 -0.0452198684215546 -999 0.113237857818604 -0.0303350817412138 0.014921085909009 -0.111236765980721 0.0694541856646538 0.0478245541453362 0.0420944876968861 -0.0168011784553528 -0.0276318304240704
-999 -0.034791611135006 -999 -999 -999 -999 -999 -999 -999 -999 -999 -999 -999 -999 -999 -999 -999 -999 -999 -999 -999 -999 -0.0656924694776535 -0.0235920436680317 0.0227893758565187 0.0336642563343048 0.00278418371453881 -0.107808448374271 0.111471749842167 0.159852147102356 -0.00836012791842222 -0.0250428766012192 -0.0957604795694351 -999 -0.0294637233018875 0.00769508630037308 0.0236318372189999 -0.0240690186619759 -0.0318113379180431 -0.12536396086216 0.0330861434340477 0.0187389962375164 0.0262966677546501
-0.0288277380168438 -0.233014822006226 0.0208128895610571 -999 -999 -999 -999 -999 -999 -999 -999 -999 -999 -999 -999 -999 -999 -999 -999 -999 -999 -0.193429306149483 -0.114835575222969 0.0462923869490623 0.0787955746054649 0.00328086805529892 0.257084459066391 0.090072862803936 0.110187821090221 -0.0434835068881512 -0.0359054207801819 0.121493473649025 0.0505978092551231 0.00366856902837753 -999 0.0426875129342079 -999 -0.0533148981630802 0.0506729669868946 0.114537455141544 -0.0515894815325737 0.0120180444791913 0.00574267888441682
0.114036776125431 -0.074342742562294 0.109913550317287 0.0308838989585638 -0.165146663784981 0.0731435194611549 -999 -999 -999 -999 -999 -999 -999 -999 -999 -999 -999 -999 -999 -999 -999 0.103285573422909 0.0703252181410789 0.0432468205690384 -0.0434833653271198 0.225581645965576 -0.262715846300125 -0.309464693069458 0.0110540054738522 0.0127732707187533 0.0806141421198845 0.198762789368629 0.0719437971711159 -0.0438505224883556 -999 -0.00317231565713882 -999 -999 -999 -999 0.132260829210281 -999 0.0457521751523018
-0.000915583746973425 0.0101616699248552 0.0772129148244858 -0.0999951362609863 0.0482303984463215 -0.460520476102829 0.00621405616402626 -999 -999 -999 -999 -999 -999 -999 -999 -999 -999 -999 -999 -999 -999 -999 -999 -999 -0.041043046861887 0.0968916416168213 0.00907513871788979 0.0777062997221947 0.0505075007677078 0.0867386162281036 0.107327848672867 -0.00850776862353086 -0.380707234144211 -999 -0.0410756170749664 0.0444747917354107 0.0717881396412849 -999 0.310142308473587 0.0521326549351215 -0.00628946721553802 -0.108566164970398 0.269887715578079
0.0707353353500366 -0.130144938826561 0.00371252000331879 0.084043025970459 -0.0246366914361715 -0.180438205599785 -0.138330727815628 -999 -999 -999 -999 -999 -999 -999 -999 -999 -999 -999 -999 -999 -999 -999 -999 -999 -999 -999 0.0387573651969433 -999 0.387116640806198 0.0330624990165234 0.0347350537776947 0.123843863606453 -999 -999 -0.0729331225156784 -0.138719379901886 -0.186096265912056 -0.181381464004517 -999 0.0167916361242533 -999 -0.00300308433361351 0.106201589107513
-0.00475838873535395 0.0231514126062393 -0.0930228009819984 -0.0800192356109619 0.0828775689005852 -0.0153616210445762 -0.180848330259323 -999 -999 -999 -999 -999 -999 -999 -999 -999 -999 -999 -999 -999 -999 -999 -999 -999 -999 -999 -999 -999 -999 -999 -999 -999 -999 -0.0758917108178139 -0.0323610976338387 0.0414575524628162 -999 -999 -999 0.130249723792076 -0.0606351643800735 -0.0419921316206455 -0.0747010409832001
0.0478527843952179 -0.0215408317744732 0.0383163467049599 -0.00392201310023665 0.0651963427662849 0.103097841143608 -0.0704026967287064 0.112977795302868 -999 -999 0.000233663755352609 -999 -999 -999 -999 -999 -999 -999 -999 -999 -999 -0.243402510881424 -999 -999 -999 -999 -999 -999 -999 -999 -999 -999 0.173305362462997 -0.0468431711196899 -999 -999 -999 -999 -0.00537678971886635 -999 -0.00301195727661252 0.01487647742033 -0.129548192024231
0.0200728829950094 0.0537771247327328 -0.135786756873131 -0.0383433438837528 -0.0466483384370804 0.0128610292449594 -0.135241732001305 -0.00848324969410896 0.00236837938427925 -999 -0.0378608554601669 -999 -0.313624083995819 -999 -0.0252676028758287 -0.00397454015910625 0.0109423622488976 -0.0455182380974293 -0.141274869441986 -0.0522186867892742 -0.174681812524796 0.125473767518997 -0.0684684813022614 -999 -999 -999 -999 -999 -999 -999 -999 -999 0.0378729328513145 -0.182264447212219 -999 -999 -999 -999 -999 -999 -999 -999 0.112967163324356
-0.0229134131222963 -0.0095157278701663 0.0825898051261902 0.00739169213920832 -0.0959019586443901 -0.0370020791888237 -0.048384178429842 -0.0965494215488434 -0.111262820661068 -0.12530417740345 -0.0755892843008041 -0.188439056277275 0.0910243391990662 0.0181214530020952 -0.0241988189518452 -0.061648964881897 -0.101106680929661 -0.0449109226465225 0.00597198028117418 -0.0512159392237663 0.03171157091856 -0.0144451083615422 0.00186043966095895 -999 -999 -999 -999 -999 -999 -999 -999 -999 -0.117350481450558 -0.294277518987656 -0.367239505052567 -999 -999 -999 -0.0927636697888374 -999 -999 -999 -999
-0.0239608269184828 0.00989794731140137 -0.093092069029808 -0.0351337753236294 0.154638573527336 -0.0811119750142097 -0.0953349247574806 -0.129483446478844 0.0569794848561287 -0.0317317396402359 -0.0408659130334854 -0.132405415177345 -0.00270444224588573 -0.051261130720377 0.0928697437047958 0.0203164406120777 -0.000494743639137596 0.0321077555418015 -0.0783796682953835 -0.088123083114624 0.0269986800849438 -0.0365424007177353 0.0275773797184229 -0.0821581184864044 -0.191405445337296 -0.293747842311859 -999 -999 -999 -999 -0.137229204177856 0.0187638029456139 -0.0608556233346462 -0.0310004968196154 -999 -999 -999 -999 0.0134101621806622 -999 0.0644290596246719 -0.154682695865631 -999
-0.0467110499739647 0.0316137373447418 -0.116444706916809 -0.0437303222715855 0.111831240355968 -0.0537398532032967 -0.0906092450022697 0.101045325398445 -0.0855295807123184 -0.0537073239684105 0.0546947792172432 0.0259886439889669 0.0622509010136127 -0.0419351868331432 0.113679714500904 -0.0452716909348965 -0.125605866312981 -0.0887286514043808 0.0869889631867409 0.0725525692105293 -0.0839232429862022 -0.136889845132828 -0.0684541836380959 0.0339272916316986 -0.106944404542446 0.14384937286377 -0.123905032873154 -0.0270387772470713 0.0818007588386536 -0.05973906442523 0.0181718096137047 0.0249034389853477 -0.061972975730896 -0.000580216175876558 -0.338831067085266 -999 0.0159003119915724 0.0746968537569046 -0.000533126294612885 0.160702973604202 0.183949112892151 -0.0577791258692741 -999
-0.00774124264717102 0.0793942362070084 -0.0877925902605057 -0.0409855842590332 0.0543867871165276 -0.0817664861679077 -0.00655676750466228 0.0215087439864874 0.013201754540205 0.00399986188858747 0.158561483025551 0.0654845759272575 0.00783470273017883 -0.0472774878144264 0.00959135312587023 0.102307066321373 0.0792443454265594 -0.0208969060331583 -0.0561556741595268 0.0816024169325829 0.0347195379436016 0.00341127067804337 0.0334103628993034 -0.0537223219871521 -0.0785672664642334 0.0999183654785156 0.00672016758471727 0.10132959485054 0.0334010943770409 -0.0278809051960707 -0.0330012664198875 0.11281119287014 0.0589745342731476 0.105894386768341 -0.150062054395676 0.0793836563825607 0.229267910122871 -0.0173174887895584 0.0833314806222916 0.0562792234122753 0.272699177265167 0.279555320739746 -0.104566380381584
