assets/gome_f/processed/ascii/us/gome_sif_US_20131201.asc
NCOLS 116 
NROWS 53 
XLLCORNER -125 
YLLCORNER 24.5 
CELLSIZE 0.5 
NODATA_value -3.4e+38 
[rows 19 to 37 of 53, columns 43 to 85 of 116]
0.042865976691246 0.0684508308768272 -0.0279477275907993 0.0241384394466877 0.00487861828878522 0.0963516384363174 0.031579528003931 -0.0371416248381138 -0.00147241784725338 0.0572729967534542 -0.00997822731733322 0.00632328540086746 0.0187784433364868 0.0468185320496559 0.0612438358366489 0.104946874082088 0.0847118198871613 -0.0656883865594864 0.112388871610165 -0.108178719878197 -0.019668273627758 -0.0352660603821278 0.074305847287178 -999 -999 -0.0682064965367317 0.0456396378576756 -0.220978632569313 0.0806680172681808 0.0172650404274464 0.0346221998333931 -0.0295626446604729 0.010705585591495 -0.00884880684316158 0.0257493108510971 0.0821371376514435 -0.0790252089500427 0.0443503372371197 -0.00187647645361722 0.08392234146595 0.0660859942436218 0.0186527110636234 -0.0505925305187702
0.00461798766627908 -0.0326748602092266 -0.0156789366155863 -0.0169970113784075 0.0719292685389519 0.0168490950018167 -0.0352333448827267 0.104073770344257 -0.0167972631752491 0.0294168516993523 0.0579689592123032 -0.021790498867631 -0.023854672908783 0.0380352661013603 0.0144278416410089 -0.0206005666404963 -0.0371622145175934 -0.0388456881046295 0.154409751296043 0.00013115257024765 0.0518387295305729 0.0119101935997605 0.0438963919878006 -999 -999 -0.0159520134329796 0.0962246730923653 -0.0288724564015865 0.0591930896043777 0.00867352075874805 0.0812972113490105 -0.00292179174721241 0.0289674084633589 0.0682758241891861 0.0560095198452473 0.143333792686462 0.0431496985256672 0.0349255800247192 0.0288226269185543 0.0184958782047033 0.112655304372311 0.0654760301113129 -999
-0.00763343553990126 0.0465306267142296 -0.00086503237253055 0.0239763762801886 -0.00874732062220573 0.0128328269347548 0.102806679904461 0.0448926463723183 0.0247200690209866 -0.00312824593856931 0.000854802550747991 0.0940217152237892 0.0959936901926994 0.0390326306223869 0.0809568911790848 -0.0418572947382927 0.0675089433789253 -0.0337272956967354 -0.0901786535978317 -0.0232662167400122 0.00933779403567314 -0.00334030762314796 0.110077910125256 0.0469202287495136 0.06851726770401 -0.0755792260169983 0.00190366059541702 0.0141838695853949 0.0931712985038757 0.0393381156027317 0.0846809595823288 0.0318545214831829 0.258068054914474 0.0734683349728584 0.00799787044525146 -0.00831436552107334 -0.048537764698267 0.0408287234604359 0.0193632300943136 0.198179304599762 0.354588687419891 -999 0.0637711510062218
0.0283985156565905 -0.0113907791674137 0.0533589534461498 0.0018903351156041 0.0432370230555534 -0.0524407103657722 0.0541360229253769 0.0576059892773628 0.0418810322880745 0.013157669454813 -0.00475309137254953 -0.0234172567725182 -0.00298462808132172 4.28780913352966e-05 0.0847631171345711 -0.0226882472634315 0.00635792734101415 -0.0121078537777066 0.0170436929911375 -0.0648516565561295 -0.159141585230827 0.0406659245491028 0.12651139497757 0.0977828726172447 0.0519853122532368 0.0923218727111816 0.0207321047782898 -0.0230524968355894 0.00808082148432732 0.0511836335062981 -0.175777480006218 0.0453984253108501 0.0349523052573204 0.0610649064183235 0.0224767830222845 -0.0252791717648506 0.0214253813028336 0.0543074272572994 0.0839425697922707 -999 -999 -0.123049795627594 -0.0934769883751869
0.0318168364465237 0.0271878037601709 0.0239602196961641 0.0288866031914949 0.0290455371141434 -0.0201966445893049 0.0623609833419323 0.0290441568940878 0.0210776813328266 0.0446034520864487 0.0628417208790779 0.00402552681043744 0.0591982156038284 0.0276819467544556 0.00417182268574834 -0.012987220659852 0.0680268034338951 0.0523402690887451 0.0695437118411064 0.0052424636669457 -0.10251597315073 -0.0737887844443321 0.12534362077713 0.0349868126213551 0.092447467148304 -0.0259490385651588 -0.072453074157238 0.0104980068281293 0.113484278321266 0.139584541320801 -0.177092030644417 0.0635269656777382 0.00907836761325598 -0.0200773924589157 -0.041459247469902 0.242002159357071 0.0456326939165592 -0.0166766829788685 0.0407293327152729 -0.0253969077020884 0.0948823094367981 -0.0181006398051977 0.143983766436577
0.055639423429966 0.00739148491993546 0.052228007465601 0.0279571749269962 0.0255827587097883 0.0368039719760418 0.0656957998871803 0.026458976790309 0.0341868288815022 -0.00276865530759096 0.0220773331820965 0.0592477545142174 -0.00133401155471802 0.0565225034952164 0.0218437649309635 0.0673802569508553 0.0223217401653528 0.0359661355614662 0.0465092547237873 0.0728189721703529 0.0662451758980751 0.0395476520061493 0.00622484739869833 0.0181384105235338 0.132701799273491 0.0207392796874046 0.0466144755482674 -0.0754973515868187 2.28198859986151e-05 0.0644555389881134 0.0686415508389473 -0.0488662049174309 0.0411924123764038 0.19410902261734 0.0231004543602467 -0.00991623848676682 0.17610901594162 0.0541934967041016 0.154552459716797 0.150426179170609 0.0433037914335728 0.0340309105813503 0.0181245841085911
-0.0275206193327904 0.0386774577200413 0.0491439439356327 0.0432934165000916 -0.0267202649265528 0.0423726104199886 0.0608322843909264 0.0155285457149148 0.054753091186285 -0.0134291099384427 0.0335643328726292 0.036442194133997 0.0551136955618858 0.0972196310758591 0.0368052572011948 -0.00823685899376869 0.00980847701430321 0.00885934941470623 0.208714440464973 0.121812462806702 0.0343884788453579 0.090630330145359 0.0992778092622757 0.0194532051682472 0.125564977526665 0.0836832970380783 0.0970472097396851 0.0249082576483488 0.0535159148275852 0.0648259967565536 0.0592286176979542 0.102179184556007 0.126644119620323 -0.00307080848142505 0.0254779253154993 -0.0125585272908211 0.301406264305115 0.111182816326618 0.0450967475771904 0.114222228527069 0.0756210014224052 0.109182432293892 -0.0427066162228584
0.0161462780088186 0.0436799339950085 0.0652152672410011 0.0335203632712364 0.0736152976751328 0.0544732995331287 0.0222335495054722 0.0415471382439137 0.0453497022390366 0.0717160776257515 0.170495852828026 0.101975224912167 -0.0166075453162193 0.0287328232079744 0.0422771312296391 -0.00477435858920217 0.0874364748597145 0.0277503002434969 0.010832479223609 0.082669235765934 0.0902522653341293 -0.076153501868248 0.0603522285819054 0.00848293770104647 0.0395828783512115 0.0727333128452301 -0.0377499535679817 0.0252880956977606 0.0825634002685547 0.0220830347388983 0.110648207366467 0.000691156310494989 0.103325568139553 0.029808146879077 0.156327679753304 0.140754148364067 0.106028214097023 0.144522473216057 0.00929471105337143 0.0295317303389311 0.0325649417936802 -0.0259058680385351 -0.0674606636166573
-0.0243807937949896 0.0453117303550243 0.0193244628608227 0.0769618973135948 0.101595185697079 0.0536865070462227 -0.000770732527598739 0.0300476551055908 0.0826954394578934 -0.0343897007405758 0.0508824214339256 0.116896823048592 -0.0555269941687584 0.0256049931049347 -0.0590078048408031 0.100403562188148 0.0794630870223045 0.0748654901981354 0.098140649497509 0.144698679447174 0.0630953386425972 0.111956767737865 -0.0288782231509686 0.168545782566071 0.0487544275820255 0.11141524463892 0.0487339347600937 -0.00982462707906961 0.00117594597395509 -0.0374173559248447 0.129939272999763 0.0471941120922565 0.100670635700226 -0.0250428430736065 0.0680157095193863 0.130931407213211 -0.0218474417924881 0.146984234452248 0.0970464870333672 0.00556667475029826 0.0626657158136368 0.0538273453712463 -0.00769554078578949
0.0635414868593216 0.0500170290470123 0.0222391579300165 0.0753127112984657 -0.0151086477562785 -0.0331675782799721 0.0473082475364208 0.01699548214674 0.0878403708338737 0.103318676352501 0.115201689302921 0.147386193275452 0.0921321213245392 0.0745778232812881 -0.0503552369773388 0.12044570595026 0.101913243532181 0.0246555488556623 -0.0161161161959171 0.0344338081777096 0.0178594291210175 0.0823834389448166 0.120954245328903 -0.0314073972404003 0.15922823548317 0.00687533523887396 -0.000329135364154354 0.0884429886937141 0.0213536005467176 0.0898535773158073 -0.000475774199003354 0.0384125970304012 -0.0342996083199978 0.053587980568409 0.0949176177382469 0.0185053776949644 0.109814569354057 -0.0083738174289465 0.0658111721277237 0.0392737910151482 0.0602971464395523 0.0782144144177437 -0.000978965079411864
0.0119973421096802 0.0840460807085037 0.104085668921471 0.141129493713379 0.0302914138883352 0.0509639196097851 -0.00637093326076865 0.0320721939206123 0.0771151930093765 0.0947181135416031 0.0606464967131615 0.123304709792137 0.0915553495287895 0.0773757696151733 0.0150562161579728 -0.0172934215515852 0.15497724711895 0.0269831903278828 0.0323478318750858 0.0867829844355583 0.0694816783070564 0.0973105952143669 0.0972927808761597 0.0162212550640106 0.0541164465248585 0.0572477728128433 0.0747850239276886 0.103386051952839 0.00385341490618885 0.0268135853111744 -0.00380882620811462 0.0407005026936531 0.0619653947651386 0.0831737518310547 0.227336093783379 -0.0347071513533592 0.0241365972906351 0.128350242972374 0.0431393347680569 -0.0189432688057423 0.0792364776134491 0.0177368391305208 0.111666716635227
0.0478461124002934 0.0400686524808407 0.00435171462595463 0.061474971473217 0.0497571900486946 0.0386311449110508 0.00722599029541016 0.0706652775406837 0.0659209787845612 0.0192856974899769 0.0316994674503803 0.0269001610577106 0.0949698314070702 0.12463166564703 -0.0137748559936881 -0.0609747134149075 0.173828214406967 0.0539012067019939 0.128084689378738 0.0454046502709389 0.00636439165100455 -0.0107135055586696 0.0846178010106087 0.0869594141840935 0.0425317659974098 0.0803107246756554 0.0317773818969727 0.00260575977154076 0.142967492341995 0.163803890347481 0.0764263495802879 0.0451843254268169 0.114907272160053 0.0598594807088375 -0.0236746240407228 0.155943021178246 -0.0335552096366882 0.0409364588558674 0.0121131110936403 0.160131961107254 0.0118285352364182 0.0662262067198753 0.0381319522857666
0.0268173962831497 0.0101570449769497 -0.00412485981360078 0.0860754027962685 -0.0241092126816511 0.021832063794136 -0.00151158182416111 0.0377202928066254 0.0394428782165051 0.0940036252140999 0.136895328760147 0.0290956348180771 0.0723214447498322 0.0135190691798925 0.106576882302761 0.0370763875544071 -0.0590631812810898 0.0386224947869778 -0.0326403230428696 0.102023743093014 0.0813130140304565 0.0727724581956863 0.0314289107918739 0.0237626098096371 0.0587171129882336 0.0566554553806782 0.0712559819221497 0.0657426044344902 0.0479954220354557 0.0686941593885422 0.0667101889848709 0.0193298570811749 0.0834070444107056 0.0653982907533646 0.104955546557903 0.0523899868130684 0.0316752605140209 0.144353047013283 0.0215959381312132 0.00380534585565329 0.0884517803788185 0.0399554893374443 0.00592896668240428
0.0512144900858402 0.0807134211063385 0.0424733832478523 0.005467320792377 0.0219598114490509 0.00529656279832125 0.0713191032409668 0.0120451841503382 0.0637630149722099 0.0799860507249832 0.0315247364342213 0.126143559813499 0.0269187018275261 0.0672554224729538 0.0616847202181816 0.0247118026018143 0.0687724277377129 0.105306059122086 0.150356456637383 0.121332354843616 0.171843826770782 0.0487819947302341 -0.0431404933333397 0.10453449934721 0.0237373821437359 0.0284881070256233 0.0290394853800535 -0.0261419788002968 0.0726655200123787 0.106076903641224 0.0291189700365067 0.00551879545673728 0.0164555683732033 0.0543514937162399 0.0280762817710638 0.0191396251320839 0.0766192153096199 0.0622949302196503 0.00685607874765992 0.0756935030221939 0.13255250453949 0.0889760032296181 -0.0102950939908624
-0.00339341582730412 0.0682016685605049 0.112946942448616 0.0433371178805828 0.031330119818449 0.0729267150163651 0.0123367011547089 0.0563386380672455 0.0808427780866623 0.0319419428706169 0.115148082375526 0.0500093065202236 0.117604583501816 0.0894822925329208 0.0433504693210125 0.0666127055883408 0.142372146248817 0.0707442089915276 0.106806322932243 0.127120107412338 -0.0106446817517281 0.0593853183090687 0.0472417809069157 0.00297270715236664 0.0746180489659309 0.0434988550841808 0.0695586651563644 0.00635998183861375 0.115805648267269 0.0780567899346352 0.0518337748944759 0.100613869726658 0.0489900633692741 0.107996746897697 0.0210758801549673 0.0018724607070908 0.0283743496984243 0.0311599373817444 0.05477499589324 0.111065030097961 0.0648736953735352 0.146288111805916 0.155444994568825
-0.0354556106030941 0.0205786526203156 0.095142275094986 -0.0415069237351418 0.0183906368911266 0.00250475713983178 0.0439505949616432 0.0789156034588814 0.0560907684266567 0.072424404323101 0.0460752695798874 0.0867665782570839 0.0636458620429039 0.0639304593205452 0.11754247546196 0.0991974174976349 0.0671864449977875 0.123852290213108 0.127988442778587 0.166086852550507 0.129821330308914 0.0853279829025269 -0.0275007579475641 0.0747353285551071 -0.00963878910988569 -0.00891578663140535 0.0324610769748688 0.207073748111725 0.032802764326334 0.00923739280551672 0.0934057086706161 0.176161125302315 -0.0259557999670506 0.147590532898903 0.014222058467567 0.0680642873048782 0.189734950661659 0.0856439769268036 0.0330529361963272 0.0844441875815392 0.101697407662868 0.0687373504042625 0.0852493047714233
0.0178420431911945 0.0249038897454739 -0.0124057438224554 0.039000079035759 -0.0279885418713093 0.0453543402254581 -0.0028813888784498 0.0360898971557617 0.087140716612339 0.0845864191651344 0.134282678365707 0.017895270138979 0.121017023921013 0.133858382701874 0.0527066700160503 0.152086839079857 0.150748416781425 0.0863244757056236 0.0713697969913483 0.161532193422318 0.118465207517147 0.0884975343942642 0.138410061597824 0.0771152451634407 0.0820553228259087 0.0732115283608437 -0.00283713731914759 0.191335141658783 0.043604526668787 0.141029983758926 -0.00605906173586845 0.139164790511131 0.076978400349617 0.0351366065442562 0.0121794836595654 0.103602804243565 0.106237187981606 0.157144278287888 0.0954021587967873 0.0910548940300941 0.0608856528997421 0.183296740055084 0.0765326246619225
-0.0308074280619621 0.0607978850603104 0.0620640777051449 0.00545904971659184 0.0434137172996998 -0.0148254251107574 0.0416710451245308 0.0164443254470825 0.118683092296124 0.0404306687414646 0.0368212163448334 0.102362364530563 -0.0154001479968429 0.051094826310873 0.118772186338902 0.200968459248543 0.11161008477211 0.156695872545242 0.0491143092513084 0.124328695237637 0.0775721594691277 0.0525714233517647 0.0800775438547134 0.105304136872292 0.0463596247136593 0.0718031004071236 0.094938337802887 0.142124205827713 0.0644358471035957 0.0580838173627853 0.0445797257125378 0.0291122365742922 0.117318831384182 0.0921465158462524 0.148150131106377 0.0535015985369682 0.109740734100342 0.18831667304039 0.0680312365293503 0.10012724250555 0.0746592879295349 0.101765990257263 0.0911624729633331
0.0508401952683926 0.0526879169046879 0.0317011587321758 0.0744449645280838 0.0160573143512011 0.0609482936561108 0.0274022594094276 0.0138422613963485 0.00275245867669582 0.0930510982871056 0.0871299654245377 0.123629331588745 0.105260029435158 0.155423909425735 0.0876413136720657 -0.041508998721838 0.0142826056107879 0.109510615468025 0.051542192697525 0.0497180856764317 0.180761098861694 0.0842214673757553 0.143979743123055 0.0312974862754345 0.0445002503693104 -0.00363940373063087 0.0435779765248299 0.192830219864845 0.138667419552803 0.101485267281532 0.104419060051441 0.0817720368504524 0.0323056541383266 0.0713077113032341 0.0980562642216682 0.133490577340126 0.142192244529724 0.0942421481013298 0.148458108305931 0.134758293628693 0.156761437654495 0.0289390087127686 0.116650059819221
