assets/gome_f/processed/ascii/us/gome_sif_US_20110201.asc
NCOLS 116 
NROWS 53 
XLLCORNER -125 
YLLCORNER 24.5 
CELLSIZE 0.5 
NODATA_value -3.4e+38 
[rows 19 to 37 of 53, columns 0 to 42 of 116]
0.0395873598754406 0.0886363312602043 0.135786011815071 0.0305879432708025 0.0801153779029846 0.102924875915051 0.029085747897625 0.0964377298951149 0.085522823035717 0.0397919975221157 0.0263648517429829 -0.0673339441418648 -0.0353025868535042 0.00157544703688473 -0.0170483347028494 -0.0351263396441936 -0.191375255584717 0.0125470692291856 -0.0507813207805157 -0.0633839964866638 -0.017624381929636 -0.121649816632271 0.00842048041522503 0.0116803562268615 0.0786352604627609 -0.038302980363369 -0.12569585442543 -999 -999 -999 -999 -999 -999 -999 -999 -999 -999 -999 0.214947059750557 -0.17598569393158 0.0393088385462761 0.0257518440485001 0.000653708993922919
0.101830244064331 0.10172113776207 0.117724865674973 0.0874949917197227 0.139439076185226 0.141929462552071 0.0196064151823521 0.0241371225565672 0.0818080902099609 0.0988853871822357 0.0196479670703411 -0.0594720728695393 -0.0216524284332991 0.0399637036025524 0.0505051724612713 0.0663371011614799 -0.0210367888212204 0.102629438042641 -0.00103581009898335 0.059572771191597 0.0866920351982117 -0.0749889463186264 0.0847308337688446 0.0263212639838457 0.0401407405734062 -0.0194628946483135 -0.05635966360569 -999 -999 -999 -999 -999 -999 -999 -999 -999 -999 -999 0.308429032564163 0.0134890573099256 0.0611510388553143 -0.135643616318703 -0.00908293481916189
-0.0139650302007794 -0.0242973137646914 0.0958615392446518 0.114631906151772 0.12956166267395 0.120964020490646 0.0484191477298737 0.121598705649376 0.0726378336548805 -0.0406425297260284 0.0199360828846693 -0.0343812257051468 -0.00310635613277555 0.0691038593649864 0.0250321310013533 0.0581166632473469 0.0297467950731516 -0.0138333197683096 -0.07243612408638 -0.0209292899817228 0.0473963022232056 0.0437377691268921 -0.00811031274497509 0.0020638108253479 0.0836957767605782 -0.0428032875061035 0.0016452968120575 -999 -999 -999 -999 -999 -999 -999 -999 -999 -999 -999 0.103411838412285 0.0449107028543949 0.0895471349358559 0.00143602921161801 -0.0609604120254517
-0.0207698401063681 0.0312359184026718 0.0756744593381882 0.0936540737748146 0.0405988730490208 0.235026597976685 -0.0141032785177231 0.0522420331835747 -0.0218706764280796 0.116070948541164 0.0411699786782265 0.0465641021728516 0.0167505070567131 0.104453504085541 0.0147280106320977 0.053252287209034 -0.027623089030385 -0.0356487967073917 -0.0182360205799341 0.0174822043627501 0.0502492599189281 0.0612807944417 0.067731074988842 0.0346314869821072 -0.117419593036175 0.04231196641922 -999 -999 -0.180357366800308 -0.220965668559074 -999 -999 -999 -999 -999 -999 -999 -999 0.0289450343698263 0.108735784888268 0.114762701094151 -0.015665777027607 0.0328409634530544
-0.0646770745515823 -0.0639998838305473 0.05616320297122 0.155636191368103 0.147085636854172 0.146920502185822 0.145000949501991 0.198365554213524 0.111252337694168 -0.00537404138594866 0.0196688938885927 0.0426859669387341 -0.0180058348923922 0.0114054623991251 0.0066761951893568 -0.0420294478535652 -0.0173645932227373 -0.0175270158797503 0.048084981739521 -0.130034640431404 -0.10907343775034 0.0332816503942013 0.0755823776125908 0.00371700525283813 0.00274677434936166 -0.0731099173426628 0.0255975220352411 0.0148756224662066 0.0179577693343163 0.0353074930608273 0.0368401668965816 -0.0406310372054577 0.0032927670981735 -0.0752555280923843 -999 -999 -999 -0.0264798905700445 -999 0.206681340932846 0.0902352631092072 0.0392844006419182 0.0197999868541956
-0.0577081628143787 -0.0432978346943855 0.000321096304105595 0.118781886994839 0.0427032373845577 0.232125297188759 0.219116792082787 0.129063963890076 0.0822322815656662 0.0633203983306885 0.0736557468771935 0.117641732096672 0.00937850307673216 -0.0630632191896439 -0.0261950492858887 -0.00325662363320589 0.0103292409330606 -0.0165812037885189 0.0528297200798988 -0.0105690527707338 -0.147620528936386 -0.0843364298343658 -0.0563771352171898 0.0116898752748966 0.122791089117527 0.0588537454605103 0.0362245179712772 0.0152150811627507 0.0597557052969933 0.0223068706691265 0.0495918355882168 0.0487164482474327 -0.0862722471356392 0.0372802540659904 -0.119151927530766 -999 -999 0.0687895268201828 0.11784652620554 -0.00593233993276954 -0.00643166434019804 -0.104027912020683 -0.2194654494524
0.0462534837424755 0.0426804758608341 -0.0452449023723602 0.0184359550476074 0.159118488430977 0.308107256889343 0.25021293759346 0.163210839033127 0.167564675211906 0.0011195627739653 -0.0883696898818016 0.337660729885101 0.0727406218647957 0.0343062095344067 0.00995720643550158 0.0519120246171951 0.0404154248535633 -0.00570121500641108 0.0203438084572554 -0.0222877003252506 -0.05611652135849 -0.0666975677013397 0.0332458540797234 0.0503992289304733 0.0479007363319397 0.00239147734828293 -0.0285388976335526 0.0173277258872986 0.065540723502636 -0.0784440487623215 -0.0556843429803848 -0.0275450274348259 -0.0212808791548014 -0.00672046979889274 0.0650688260793686 -999 0.314949035644531 -0.00130002165678889 0.060490220785141 0.0524013191461563 0.0819462463259697 -0.0409994088113308 0.0303186476230621
-0.0671869963407516 0.000890181865543127 -0.0119330892339349 0.0825232118368149 0.0237665046006441 0.0241125151515007 0.16096268594265 0.190961554646492 0.184999942779541 0.122101649641991 -0.0617817491292953 -0.042192280292511 0.159640803933144 -0.0183180216699839 0.0482402890920639 0.0495952218770981 -0.0181589517742395 -0.0104870907962322 0.0508365035057068 0.0793875753879547 0.057470366358757 -0.0427273698151112 -0.0837804153561592 -0.0401614271104336 0.0704013258218765 0.025600852444768 -0.040211446583271 0.0551874861121178 0.126724302768707 0.0440749675035477 0.0135150197893381 -0.0222629923373461 0.0255410429090261 -0.142633080482483 -999 -999 -0.0187419429421425 0.0756970942020416 0.0138547634705901 -0.0722519159317017 0.0375616066157818 -0.0469081401824951 0.163111567497253
0.0630818977952003 0.0520887188613415 0.0607729032635689 0.0369572229683399 0.0225509628653526 0.03393829241395 0.108349397778511 0.144017666578293 0.178701639175415 0.241872683167458 0.127659693360329 0.084843210875988 -0.00320790708065033 0.0317993760108948 -0.0320308059453964 0.0549471378326416 0.0127652138471603 0.0115223182365298 0.104088760912418 -0.00534542510285974 0.0425657592713833 0.0631559416651726 0.156555250287056 0.0249892417341471 0.0581342615187168 0.113058187067509 0.0629288256168365 -0.0177794639021158 0.0165203418582678 0.0484331846237183 0.0845245718955994 0.116120986640453 -0.0124026434496045 -0.1289182305336 -0.0519910790026188 -0.0629563629627228 0.00537387281656265 -0.129942402243614 -0.0143622774630785 -0.0672731399536133 0.0905050113797188 -0.0311792567372322 -0.0473820418119431
-0.0802927538752556 -0.0246217381209135 0.0864390879869461 -0.118542075157166 0.0478056147694588 -0.0465556867420673 0.0645467564463615 0.221057713031769 0.205535590648651 0.250581860542297 0.216658174991608 0.0968983843922615 0.106161005795002 0.105410173535347 0.032226387411356 0.0108240423724055 -0.0712805315852165 0.0158023871481419 -0.0472894906997681 -0.0288160312920809 -0.0501223355531693 0.0543816089630127 0.113312862813473 -0.0324589274823666 -0.00547814229503274 0.101720571517944 0.0566062927246094 -0.0149609968066216 0.0365268811583519 0.00766354566439986 0.0554010383784771 0.0308853648602962 0.0402798838913441 0.0290515217930079 0.0151599710807204 -0.0338551141321659 -0.132273748517036 0.0829047337174416 0.014653667807579 0.0371147803962231 -0.027795173227787 0.0293676517903805 -0.0295149087905884
-0.00747413095086813 0.0291148126125336 0.0557693392038345 0.0112260999158025 -0.0878806933760643 -0.00820031762123108 -0.0121519146487117 0.043977539986372 0.159902825951576 0.209767132997513 0.217069506645203 0.200230836868286 0.156730756163597 0.00812390353530645 0.0475059896707535 0.0998510494828224 -0.0126134920865297 0.0957934036850929 0.0159246977418661 0.00183917977847159 0.0451563373208046 0.0305975154042244 0.00706221908330917 0.0776711851358414 0.0677033662796021 0.0680377930402756 0.0148423844948411 -0.0314257442951202 -0.0575130619108677 0.033740445971489 0.010541744530201 0.0698895901441574 0.0446969494223595 0.0733163207769394 -0.0526823066174984 -0.0205013826489449 0.162667781114578 -0.0276147350668907 -0.0644789561629295 0.0614685453474522 -0.00902982242405415 0.0477380752563477 0.0254001934081316
-0.0376021973788738 -0.0244903992861509 0.00994441378861666 0.039361659437418 0.0374184474349022 -0.0106831397861242 -0.0174095258116722 0.0256502497941256 0.197283625602722 0.188961893320084 0.250299692153931 0.178645581007004 0.189239114522934 0.0619769059121609 0.0754948481917381 0.0431989803910255 0.0119129540398717 0.0428215824067593 0.0142146423459053 0.0409911945462227 0.0202029142528772 0.0191642791032791 0.0375066138803959 -0.0365449115633965 0.138628870248795 -0.00348748941905797 0.0298017300665379 0.0513815023005009 0.0387284010648727 -0.057075310498476 -0.0991505607962608 0.0410914048552513 -0.0240322481840849 -0.0543430298566818 -0.0538889318704605 -0.00104632205329835 0.017201567068696 0.00219892081804574 0.0263908598572016 -0.0369715169072151 0.0909052342176437 0.0506721474230289 -0.0442698150873184
-0.00536296796053648 -0.0165310241281986 0.0536717101931572 -0.110873818397522 -0.0781374797224998 -0.0255467761307955 3.21501138387248e-05 0.0324250310659409 0.00764691457152367 0.0120035149157047 0.136436954140663 0.14611129462719 0.218031570315361 0.159861266613007 -0.0293272938579321 0.20091424882412 0.0289978869259357 0.0377462655305862 0.0204179249703884 0.0300895813852549 0.0496789775788784 0.0353477746248245 0.0260267164558172 0.00733442977070808 0.0346706658601761 0.0517392344772816 0.0412458144128323 -0.0266522485762835 -0.0268756821751595 -0.015181734226644 -0.0458071902394295 0.00923715997487307 -0.0813253000378609 0.0423892140388489 -0.000689444423187524 0.00899613928049803 0.0154829006642103 0.120518088340759 0.0171040929853916 0.0788614451885223 -0.0404154472053051 0.0874771997332573 -0.0849752053618431
0.0203573573380709 0.0283665843307972 0.0394008494913578 0.0246098414063454 0.0342014692723751 0.0794801115989685 -0.0469038188457489 -0.0175673458725214 0.00408486602827907 0.185510843992233 0.15739369392395 0.125721052289009 0.0653116852045059 0.0651174709200859 0.0984122231602669 0.0733212158083916 0.0597857795655727 0.0313061960041523 0.000710794585756958 0.0422839373350143 0.0377933271229267 0.0549124330282211 -0.0385211110115051 0.00227009621448815 0.0182241797447205 -0.0107649145647883 0.102643668651581 -0.0324572622776031 -0.0419418700039387 -0.0194103270769119 0.038973692804575 0.0675541907548904 0.00798688270151615 -0.0362838320434093 0.0367266088724136 -0.0272152423858643 -0.0727812200784683 0.00113909284118563 0.0414091646671295 0.0871085897088051 -0.00515249045565724 0.0141786839812994 0.025130707770586
0.0343048423528671 -0.00372865167446434 -0.0254546422511339 -0.041849747300148 -0.0336262844502926 -0.15953902900219 0.0545480996370316 0.026686055585742 -0.0412853434681892 0.0279398299753666 0.0625402629375458 0.0363163203001022 0.0406312085688114 0.127682521939278 0.143963977694511 0.124765872955322 0.06226596981287 0.0582955852150917 -0.0107034286484122 0.101581536233425 0.0539599061012268 0.0824727639555931 0.0707347095012665 -0.00411782972514629 0.0467697083950043 0.0500801280140877 0.140705153346062 0.156617254018784 0.0193452797830105 0.0357113964855671 0.0128385722637177 0.148651495575905 0.0315767377614975 0.137082159519196 0.0317845717072487 0.0197476539760828 0.0395740419626236 -0.00116563541814685 -0.0222402140498161 -0.0460563823580742 -0.0210807882249355 0.129527166485786 -0.0178286470472813
0.0228712372481823 -0.0109997596591711 -0.0367813296616077 0.066021516919136 0.0144647601991892 -0.0149945179000497 -0.0554064512252808 0.0128275342285633 0.0162033345550299 0.00310837291181087 0.0341191850602627 -0.00108172046020627 -0.0141368936747313 0.0512535497546196 0.0391623601317406 -0.0738735795021057 0.127381339669228 0.0821591839194298 0.0713654309511185 -0.0706040859222412 0.0290481317788363 0.10196029394865 -0.0304298624396324 -0.0308665744960308 -0.0545690879225731 0.0915513336658478 0.104342617094517 0.0170740466564894 0.069664292037487 0.094029389321804 0.0237381495535374 -0.486780285835266 0.0460849888622761 0.0233643800020218 0.127382919192314 -0.0209625195711851 -0.00987354852259159 -0.0306942313909531 0.111207976937294 0.0300243943929672 0.00689520314335823 0.0953768566250801 0.0277659315615892
-0.0213484410196543 0.0357255823910236 -0.00562791572883725 -0.00414819689467549 -0.0162934996187687 0.00380353233776987 -0.177758157253265 0.031393650919199 -0.0956474989652634 0.0227623302489519 0.0237554274499416 -0.00598635477945209 0.0539269931614399 0.0481347590684891 -0.0426604114472866 0.0445960573852062 0.0675996169447899 0.100450575351715 0.160435736179352 0.161556079983711 0.204331889748573 0.010146657936275 0.00399056309834123 0.0504813864827156 0.0951390191912651 0.19361811876297 0.152228161692619 0.151546001434326 0.000207237899303436 0.0836169719696045 0.0908278524875641 -0.0145307127386332 0.0375345163047314 0.0715450197458267 0.133680552244186 0.0161042511463165 0.0259702894836664 0.00887393578886986 -0.034942876547575 -0.140644207596779 0.00585577823221684 0.0716093778610229 0.0132967913523316
0.0253488048911095 0.0613727569580078 -0.0988998487591743 0.0679542049765587 0.0632738247513771 -0.0668802410364151 0.0126986224204302 -0.0392012111842632 0.0585010461509228 -0.0471642799675465 0.00322317634709179 -0.0844102129340172 0.00200354377739131 -0.0252572298049927 0.000722301017958671 0.0120483236387372 0.116929545998573 0.0299637969583273 0.124126747250557 0.2205900400877 0.174727782607079 0.071636326611042 0.0496117398142815 0.0290839578956366 0.0862456634640694 0.0405340492725372 -0.00839451886713505 0.035047996789217 0.0515874288976192 0.0448756404221058 0.0407648906111717 -0.00973309203982353 0.00413270434364676 0.053929653018713 0.0892730876803398 0.0546673610806465 -0.0199823286384344 0.00449833832681179 -0.0131556848064065 0.173337250947952 0.00833188369870186 0.0310254860669374 0.0252921972423792
0.025815337896347 0.0194182768464088 -0.0541523210704327 -0.0423302091658115 -0.03617799654603 -0.0334538258612156 0.046950351446867 0.194722667336464 -0.0133632747456431 -0.0103625683113933 0.02803367190063 0.020854415372014 0.0404748022556305 -0.0119131086394191 0.0623816698789597 -0.0207496769726276 0.0531524233520031 0.117674872279167 0.0287446696311235 -0.00936484523117542 0.0900079905986786 0.107107795774937 -0.0374001823365688 -0.0514051057398319 0.0548100918531418 0.100704252719879 0.0353227742016315 0.0364611111581326 -0.0567470006644726 0.0328964553773403 -0.109497211873531 -0.0501329116523266 0.0903168320655823 0.0461502149701118 -0.0115398541092873 0.0746632292866707 0.0833273306488991 0.0600545182824135 -0.0929506868124008 0.0323863290250301 0.0287742875516415 0.0373593010008335 0.0501361042261124
