assets/gome_f/processed/ascii/us/gome_sif_US_20120901.asc
NCOLS 116 
NROWS 53 
XLLCORNER -125 
YLLCORNER 24.5 
CELLSIZE 0.5 
NODATA_value -3.4e+38 
[rows 19 to 37 of 53, columns 0 to 43 of 116]
-0.0452064126729965 0.0976487696170807 0.288651585578918 0.361514866352081 0.190045088529587 0.249633312225342 0.134033784270287 0.200996309518814 -0.00374875171110034 0.0766312479972839 -0.0174026358872652 0.0524616204202175 -0.0366509184241295 -0.00389555701985955 0.0476280264556408 0.0161461140960455 0.00855730846524239 0.0180936269462109 0.0368659310042858 0.0235296003520489 0.0568647645413876 0.0842840373516083 0.00244298530742526 0.131380125880241 0.0694586932659149 0.0573718249797821 0.238199591636658 0.043002650141716 0.0751741304993629 0.0142771285027266 -0.0300058163702488 -0.051214225590229 0.0739795118570328 -0.0510232672095299 0.0966582521796227 0.0437932722270489 0.00737620331346989 0.0367956794798374 0.110167324542999 0.0174393579363823 0.0387994796037674 0.0461267083883286 0.102467238903046 0.132226303219795
0.070448100566864 0.111905604600906 0.357466101646423 0.22047732770443 0.258966356515884 0.241483181715012 0.179437592625618 0.0716981589794159 0.11461666226387 0.0980587303638458 0.0120862741023302 0.0954242199659348 0.00781555380672216 -0.086199663579464 0.0432762838900089 0.0839350074529648 0.046465240418911 0.060479398816824 -0.0401192829012871 0.0511799678206444 -0.0542850717902184 0.0289113186299801 0.056891992688179 0.0232067871838808 0.107347384095192 0.0342633128166199 0.147913500666618 0.119206883013248 0.185989215970039 0.0768895447254181 -0.00902920868247747 -0.0118223465979099 0.0626078099012375 0.023800490424037 0.0475467331707478 0.119825378060341 0.145477131009102 0.0107158962637186 0.107707783579826 0.0604022741317749 0.150943353772163 0.110705971717834 0.0661503002047539 0.0669064372777939
0.0339966267347336 0.0757666155695915 0.223873674869537 0.214209094643593 0.274428755044937 0.151665315032005 0.266755819320679 0.12024138122797 0.194585248827934 0.15846461057663 -0.0529632270336151 -0.0130588291212916 0.0359848663210869 0.0653571262955666 0.0485283583402634 0.0105315176770091 0.0228494051843882 -0.0490633510053158 0.0510429814457893 0.0112641137093306 0.0680970922112465 0.128626987338066 -0.0852582827210426 0.0897501707077026 0.0726875066757202 0.0682503432035446 0.195747703313828 0.216341942548752 0.0648588612675667 0.0729335024952888 0.0642191097140312 -0.0126406438648701 0.126195639371872 0.0887643694877625 0.137758761644363 0.0735049247741699 0.136735171079636 0.0370933935046196 0.07355647534132 0.157131880521774 0.119790762662888 0.0964348092675209 0.167004346847534 0.0454733222723007
-0.0135628739371896 -0.0492822267115116 0.283070981502533 0.251988917589188 0.277594715356827 0.199479565024376 0.257543325424194 0.246291548013687 0.255243688821793 0.192122250795364 0.124670587480068 0.0578068941831589 0.048229705542326 0.0196257401257753 -0.0334724858403206 0.0844989866018295 0.00792891345918179 0.0872457772493362 0.0394167900085449 -0.0144740371033549 0.0460876785218716 0.257063746452332 0.018220292404294 0.0202062726020813 0.072820819914341 -0.0150476703420281 0.0685411095619202 0.143182992935181 0.0137073397636414 0.0572376102209091 0.0442518144845963 0.0587772578001022 0.100148797035217 0.178052753210068 0.166596904397011 0.139328107237816 0.145089611411095 0.141494452953339 0.225683897733688 0.123633243143559 0.0637631714344025 0.118390038609505 0.0587586238980293 0.00711531238630414
-0.0426576100289822 0.0772197097539902 0.00309158838354051 0.334697753190994 0.222665667533875 0.192141845822334 0.189839407801628 0.315063118934631 0.250634104013443 0.164480566978455 0.214776948094368 0.089316800236702 0.0528092384338379 0.0141345337033272 0.0589416325092316 -0.0195247046649456 0.0284565109759569 0.0428061187267303 -0.0404017344117165 0.0932200476527214 0.0262929927557707 0.00991018395870924 0.00640499824658036 -0.00589044252410531 0.0909500867128372 0.185376346111298 0.13608855009079 0.100084371864796 0.0637739151716232 0.131401881575584 0.121355883777142 0.0345742627978325 0.0847286581993103 0.142596453428268 0.216247260570526 0.0747949331998825 0.291146039962769 0.00885524787008762 0.0658525601029396 0.132894113659859 0.141820594668388 0.149569138884544 0.0920256227254868 0.0768780410289764
-0.00482551613822579 0.0758225694298744 0.0422287881374359 0.192535310983658 0.268585652112961 0.113434597849846 0.190810903906822 0.257299214601517 0.232926532626152 0.145746916532516 0.0586804710328579 0.0656628310680389 -0.0217800289392471 -0.0220961663872004 0.0682981684803963 0.0307653211057186 -0.0595896020531654 0.0996015816926956 0.0281276497989893 -0.0240796431899071 -0.0444882810115814 0.201667964458466 -0.059684332460165 -0.0237899962812662 0.013718843460083 0.261765748262405 0.0602479055523872 0.0632896721363068 0.0410536043345928 0.182727932929993 0.0240625292062759 0.0183751359581947 0.125049337744713 0.0898287445306778 0.0929174795746803 0.0448287986218929 0.050506517291069 0.0677325204014778 0.0200375691056252 0.0877635180950165 0.099472314119339 0.0548347607254982 0.0332137756049633 0.0455108657479286
-0.10551692545414 -0.145228862762451 0.125001236796379 0.0304858218878508 0.108456678688526 0.111077934503555 0.189690604805946 0.298023283481598 0.105306223034859 0.259547978639603 0.18347179889679 0.0844870656728745 0.0326127782464027 0.0217298250645399 0.00386548577807844 -0.0239095911383629 0.0542049631476402 0.0707734972238541 -0.0320955812931061 0.299893498420715 0.215859934687614 0.0177260674536228 0.00927630625665188 0.0604874566197395 0.0708294287323952 0.111842192709446 0.127546459436417 0.174206390976906 0.00903905555605888 0.0379980131983757 0.0350312739610672 -0.0171894673258066 0.142711415886879 0.20625102519989 0.141325652599335 0.203722476959229 0.102247722446918 0.163207039237022 0.0445206686854362 0.069719061255455 0.107564829289913 0.0844280943274498 0.0193598605692387 -0.0344712845981121
0.00135075126308948 -0.126320913434029 -0.0966169983148575 0.0881660878658295 0.109993971884251 0.105623818933964 0.100040130317211 0.282185107469559 0.205534040927887 0.193912148475647 0.203191116452217 0.119915924966335 -0.0197394918650389 -0.0666164681315422 -0.0430371388792992 -0.0844377726316452 0.0420838594436646 0.0521570816636086 0.0313757956027985 0.250629454851151 0.072113148868084 0.111656405031681 0.0162569284439087 0.184785902500153 0.128756463527679 0.121645122766495 0.0438662357628345 -0.019675737246871 0.182274863123894 0.131418123841286 0.062637560069561 -0.00514302588999271 0.0298304967582226 0.165232628583908 0.0489991046488285 0.0943960398435593 -0.0644841194152832 0.0852958634495735 0.0591526888310909 0.0748817622661591 0.060880996286869 0.0121887736022472 0.0398158170282841 0.0316852480173111
-0.0722909420728683 -0.0282260030508041 0.0373209528625011 -0.00842553842812777 -0.0298654623329639 0.203574553132057 0.118793502449989 0.188112586736679 0.214375913143158 0.284860908985138 0.141630977392197 0.101880334317684 0.0620736330747604 0.0799563899636269 -0.0176864415407181 0.0209134984761477 0.024472763761878 0.116361312568188 -0.0561438985168934 0.16496941447258 0.0279214587062597 0.120827935636044 0.0534358024597168 0.132268354296684 0.143089205026627 0.0969652980566025 0.0880678221583366 0.0443665534257889 0.0141187766566873 -0.00573677010834217 0.0502341575920582 0.153673648834229 0.0925216376781464 0.114849306643009 0.120167180895805 0.197788670659065 0.0996254310011864 0.125995054841042 0.21130645275116 0.106617577373981 0.1200817450881 -0.068209707736969 0.123177193105221 -1.74550550582353e-05
0.139749094843864 0.0568668395280838 -0.28382071852684 0.0605976581573486 0.0169649962335825 0.177951887249947 0.0706352740526199 0.136573687195778 0.185936972498894 0.216344103217125 0.19935417175293 0.0938850268721581 0.1033790782094 0.024952158331871 -0.00838866643607616 0.0273125190287828 0.0218337196856737 0.0896309837698936 0.190395087003708 0.0612192153930664 0.0676016956567764 0.167935311794281 0.220341607928276 0.140687003731728 0.100523307919502 0.0901637226343155 0.081229031085968 0.0529337227344513 0.0951176136732101 -0.0418349243700504 -0.0345079340040684 0.0177558436989784 0.175169557332993 0.0604303106665611 0.198463901877403 0.149695619940758 0.170108675956726 0.0950373634696007 0.115320332348347 0.126807406544685 0.0661897510290146 0.0863806307315826 -0.0123037565499544 0.10121726244688
-0.0847037881612778 -0.0473134443163872 -0.0363473147153854 -0.0273400489240885 -0.161903589963913 0.122161708772182 0.194207578897476 0.14510253071785 0.180966258049011 0.153571784496307 0.312441557645798 0.180983766913414 0.273075461387634 0.132810652256012 0.101757228374481 0.0480150505900383 0.052201259881258 -0.0411115027964115 0.000974137743469328 0.0836424380540848 0.0364777520298958 0.0537677891552448 0.0824416950345039 0.0627646818757057 0.159605771303177 0.0769219845533371 0.0817658454179764 -0.0136125963181257 0.0683325603604317 0.0397448688745499 0.0459950603544712 0.121927417814732 -0.0160295125097036 0.0822081416845322 0.0439480170607567 0.129337534308434 0.118054516613483 0.107318125665188 0.10134781897068 0.0439394526183605 0.14624360203743 0.0644760206341743 0.0444754771888256 0.0444334484636784
-0.0129518341273069 -0.0232020653784275 -0.105936318635941 0.0809403657913208 -0.119314439594746 -0.14732900261879 0.0678180009126663 0.0315320752561092 0.0648609325289726 0.0216379128396511 0.115436881780624 0.166446775197983 0.183449327945709 0.160418584942818 0.137122854590416 0.0319387204945087 0.121940575540066 0.0448448993265629 0.0740326941013336 0.0507246553897858 0.0225194618105888 0.100806199014187 0.187764510512352 0.0374769233167171 0.161917790770531 0.174344092607498 0.150542929768562 -0.0284077133983374 0.0159507934004068 0.105314187705517 0.0646166354417801 0.104292966425419 -0.0270075853914022 0.0579036697745323 -0.00324499467387795 0.182715535163879 0.124783433973789 0.075881227850914 0.0993934571743011 0.143071815371513 0.127494052052498 0.0354172326624393 0.0639239028096199 0.192671567201614
-0.0631297081708908 -0.0237077567726374 0.0534600056707859 -0.0961958318948746 -0.0780622065067291 -0.0691524371504784 0.0786047279834747 -0.0426219627261162 0.055513609200716 0.203555405139923 0.0532262735068798 0.204819113016129 0.143700212240219 0.0540170036256313 0.0615655332803726 0.0319434739649296 0.119879476726055 0.0166096240282059 0.0328971073031425 0.102713137865067 0.0275749079883099 0.106158219277859 0.0759918913245201 0.246433272957802 0.0590343400835991 0.143217533826828 0.134493082761765 0.137634143233299 0.00768671231344342 0.0983267724514008 0.218625575304031 0.154962658882141 0.11028066277504 0.0963644832372665 0.0121408700942993 0.16858483850956 0.118675746023655 0.137834146618843 0.249067083001137 0.109647385776043 -0.0132590122520924 0.116385459899902 0.0544562377035618 0.0638874396681786
0.148606538772583 -0.102394551038742 0.0128243453800678 -0.0242347568273544 0.00240023364312947 0.340643107891083 0.138365224003792 0.116534076631069 0.0521240383386612 0.115322612226009 0.105681300163269 0.152874991297722 0.0986692979931831 0.0502231605350971 0.156669706106186 0.03376305103302 0.102327167987823 0.0986566245555878 0.030126690864563 0.00120773271191865 0.0600734427571297 -0.00159382738638669 0.0842862203717232 0.114414513111115 0.162446811795235 0.255839705467224 0.0519908294081688 0.175073578953743 0.127113938331604 0.119690291583538 0.183248251676559 0.0704287365078926 0.122220560908318 0.0670612975955009 0.0644325092434883 0.0583603605628014 0.0665571242570877 0.125683292746544 0.0904485434293747 0.166923612356186 0.11508022248745 0.0957008004188538 0.0469134412705898 0.20014251768589
0.141350284218788 -0.126581951975822 -0.0597030408680439 -0.00943626184016466 0.0227045845240355 -0.0382606461644173 0.0115717221051455 0.0477979406714439 0.0275284256786108 0.0645358264446259 -0.00632028887048364 -0.00543791567906737 0.0527295470237732 0.103416040539742 0.0904328748583794 0.190188825130463 0.0468587651848793 -0.026498481631279 0.0508451461791992 -0.0246713273227215 0.0678062960505486 0.0943168550729752 -0.0160193685442209 0.0921289473772049 0.302207916975021 0.119035959243774 0.280202031135559 0.177244171500206 0.159000873565674 0.210828959941864 0.198448270559311 0.0775351077318192 0.0501427054405212 0.0985470712184906 0.197695076465607 0.100577101111412 -0.0250718872994184 0.119852870702744 0.18613089621067 0.144232183694839 0.0461585484445095 0.132904514670372 0.0683488547801971 0.0282743759453297
0.0387822538614273 0.119914799928665 -0.0393450409173965 -0.00689783738926053 -0.0655042082071304 0.0706110373139381 0.111440651118755 0.00795561447739601 0.0324020199477673 0.0674435049295425 0.0408478453755379 0.112900756299496 -0.0827441439032555 0.0625053569674492 0.0921519473195076 0.0884575471282005 0.0993918552994728 0.086087629199028 0.0577988363802433 0.026348052546382 -0.0807726979255676 0.0833792015910149 0.2051802277565 0.0190228596329689 0.24644048511982 0.0942393615841866 0.208755314350128 0.180403620004654 0.100897870957851 0.263394057750702 0.212536588311195 0.319924771785736 0.201836213469505 0.0208626892417669 0.123037971556187 0.0982153862714767 0.272365629673004 0.130087435245514 0.278095364570618 0.0833385065197945 0.106841742992401 0.103398375213146 0.107116103172302 -0.0797784775495529
0.0978164672851562 -0.054450873285532 0.0136942267417908 0.0483626425266266 0.145795911550522 -0.0455220751464367 -0.0519714169204235 -0.0359370820224285 -0.0052501019090414 -0.0698009729385376 0.104578964412212 0.0686476603150368 0.0686408951878548 0.0185858402401209 0.0181109476834536 -0.06802037358284 0.15264530479908 0.0855243802070618 0.201872378587723 0.0786779075860977 0.169111013412476 0.0203478932380676 0.102094225585461 0.0242252238094807 0.156118899583817 0.0840320736169815 0.116156943142414 0.195106223225594 0.163951367139816 0.13864640891552 0.173571780323982 0.209261611104012 0.244566693902016 0.157794386148453 -0.00231585185974836 0.0768970251083374 -0.0100826630368829 0.129432290792465 0.165517762303352 0.031150933355093 0.113718181848526 0.131804034113884 0.11050833761692 0.121822327375412
-0.0180511306971312 -0.090198390185833 -0.135387614369392 -0.0596193224191666 -999 0.170169904828072 0.0189804285764694 -0.00779269868507981 0.0640724152326584 0.0667494237422943 -0.0418172925710678 0.116757944226265 -0.0185950174927711 0.0274609699845314 -0.00133389292750508 -0.0200789552181959 0.0292212907224894 -0.102457106113434 0.14560504257679 0.129654869437218 0.136423483490944 0.107082709670067 0.0953699722886086 0.0366466715931892 0.179261744022369 0.0669081434607506 0.172247529029846 0.0631511881947517 0.144922122359276 0.108633495867252 0.34407165646553 0.220074862241745 0.0383308827877045 0.0895421952009201 0.0604922063648701 0.0347750261425972 -0.0218177884817123 0.168721690773964 0.237546399235725 0.14947721362114 0.0641791597008705 0.0937144309282303 -0.0388140082359314 0.130100145936012
-0.0375243611633778 -0.0506874285638332 0.0424247235059738 0.0411652773618698 -0.00457821879535913 -0.0289118587970734 -0.0277872495353222 -0.0527047626674175 -0.0217290576547384 0.0622249990701675 0.130452856421471 -0.042112547904253 0.011350660584867 -0.0575705803930759 -0.044909942895174 -0.014439407736063 -0.0743888318538666 0.032875269651413 0.051787618547678 0.0710403546690941 0.114934965968132 0.112771593034267 0.111238159239292 0.09152452647686 0.0480198934674263 0.130654200911522 0.0991672053933144 0.203004077076912 0.196911349892616 0.129351526498795 0.216646865010262 0.0594178885221481 -0.00436843885108829 0.080351397395134 0.0674978718161583 0.144174546003342 0.115000650286674 0.0625835433602333 0.093252494931221 0.141795754432678 0.148765593767166 0.103174969553947 -0.276301056146622 0.170330584049225
