assets/gome_f/processed/ascii/us/gome_sif_US_20130801.asc
NCOLS 116 
NROWS 53 
XLLCORNER -125 
YLLCORNER 24.5 
CELLSIZE 0.5 
NODATA_value -3.4e+38 
[rows 19 to 37 of 53, columns 0 to 43 of 116]
-0.0259958226233721 -0.0817432776093483 0.388077855110168 0.381138771772385 0.318964838981628 0.211395010352135 0.273887932300568 0.293237268924713 0.0913212075829506 0.129307344555855 0.131003558635712 0.0590016730129719 0.0981711596250534 0.0714558809995651 0.0947944447398186 -0.0386080220341682 0.124352820217609 0.0599380731582642 0.123437710106373 0.0371101126074791 0.16784431040287 0.0136378891766071 0.10740801692009 0.106994822621346 0.0638151615858078 0.183300375938416 0.29731285572052 0.185847863554955 0.0704371854662895 0.0508312284946442 0.0496456697583199 0.0807332694530487 0.0143389161676168 0.0296140369027853 0.183879896998405 0.105032898485661 0.179823249578476 0.145805910229683 0.0971198007464409 0.172055378556252 0.171793237328529 0.0838311761617661 0.195965051651001 0.188573345541954
0.0263981726020575 0.213680192828178 0.321443974971771 0.353200078010559 0.278732419013977 0.29627537727356 0.191115647554398 0.172319337725639 0.194223165512085 0.0444916896522045 0.0762169882655144 0.117251932621002 0.104809150099754 0.0872486159205437 0.136415809392929 0.0171960331499577 0.0993573740124702 0.0318492911756039 0.0619355104863644 0.114245004951954 0.00806836131960154 0.125625848770142 0.029409309849143 0.0976074934005737 0.114553406834602 0.0871547535061836 0.312672048807144 0.387004435062408 0.241924658417702 0.187227204442024 0.11414498090744 0.0831611528992653 0.111591018736362 0.0964132621884346 0.173814758658409 0.229123383760452 0.262395679950714 0.264178514480591 0.158650979399681 0.216181457042694 0.167146056890488 0.166801244020462 0.0988023281097412 0.352525413036346
-0.0481273792684078 0.168308541178703 0.404058545827866 0.320077389478683 0.144639432430267 0.195779919624329 0.33750393986702 0.21687650680542 0.206307575106621 0.135367065668106 0.0628371834754944 0.0747844353318214 0.0956822782754898 0.0488708764314651 -0.0282645113766193 0.0903679877519608 0.0548964813351631 0.118667528033257 0.0856724679470062 0.0051768091507256 0.0446483865380287 0.0488643273711205 -0.012841135263443 0.0558760054409504 0.0687378346920013 0.225102648139 0.248337969183922 0.302593350410461 0.167461544275284 0.240810051560402 0.17986723780632 0.2003333568573 0.0906583815813065 0.203123390674591 0.148754015564919 0.344807356595993 0.236989915370941 0.219577297568321 0.15406122803688 0.175852596759796 0.337689697742462 0.309640496969223 0.325674027204514 0.216620668768883
0.00177933624945581 -0.0612332262098789 0.316966414451599 0.411781072616577 0.194149181246758 0.207340106368065 0.419049054384232 0.328363865613937 0.344971150159836 0.165022939443588 0.0418016090989113 0.0767619013786316 0.0584467649459839 0.0102840922772884 -0.0334782563149929 0.0259942468255758 0.050289012491703 0.0762710943818092 0.123325660824776 0.0940471887588501 0.0721893459558487 0.055322702974081 -0.00999505911022425 0.0254568327218294 0.0588781647384167 0.219453826546669 0.118654310703278 0.251778274774551 0.0889341756701469 0.097002774477005 0.0353940278291702 0.201841548085213 0.172184661030769 0.157454401254654 0.405138224363327 0.250717133283615 0.178210347890854 0.203929886221886 0.288170397281647 0.297889828681946 0.217842683196068 0.151959151029587 0.201690286397934 0.146902248263359
0.0326018594205379 0.115432359278202 0.227014824748039 0.358790934085846 0.219908371567726 0.427600294351578 0.509219706058502 0.3787642121315 0.304782122373581 0.157449901103973 0.169457137584686 0.143026575446129 0.0797421336174011 0.0584463886916637 -0.0145298074930906 0.0941520407795906 0.129318907856941 0.0379298441112041 0.0711497664451599 0.00799470860511065 0.0649682655930519 0.0531454980373383 0.0344127640128136 0.173577263951302 0.128858134150505 0.197820603847504 0.170791625976562 0.273470342159271 0.235662937164307 0.21294204890728 0.0685072243213654 0.120640084147453 0.137555956840515 0.155488833785057 0.329610705375671 0.336221873760223 0.287551403045654 0.132870674133301 0.111334182322025 0.226881578564644 0.212597563862801 0.192674517631531 0.214615494012833 0.23896723985672
0.00468668574467301 0.100655220448971 0.180352583527565 0.33417683839798 0.306979686021805 0.356379956007004 0.519905269145966 0.326749563217163 0.239610627293587 0.275646775960922 0.178615897893906 0.104264974594116 0.00518489675596356 0.038179986178875 0.0248602610081434 0.0531899631023407 0.0638891011476517 0.0635377392172813 0.108720988035202 0.00267723924480379 0.0471907928586006 0.0756228044629097 0.0456412993371487 0.0336550436913967 -0.0134770460426807 0.0072538573294878 0.257866263389587 -4.80272283311933e-05 -0.00668424880132079 -0.00695107644423842 0.100250668823719 0.115347623825073 0.155697494745255 0.251116096973419 0.236691236495972 0.315205514431 0.240036368370056 0.0780295580625534 0.192286491394043 0.226286262273788 0.110382772982121 0.387217611074448 0.137382313609123 0.368829637765884
-0.101739764213562 -0.0390718244016171 -0.0118640447035432 0.122281230986118 0.288344591856003 0.207045197486877 0.350406229496002 0.300794035196304 0.136366501450539 0.291253209114075 0.109502069652081 0.0761409625411034 0.0384276993572712 0.0829592794179916 -0.0336338058114052 0.0907162874937057 0.0047367000952363 0.0513662211596966 0.0407507494091988 0.00200143968686461 0.0793699622154236 0.129272401332855 0.165080904960632 0.103302866220474 0.17449551820755 0.159672006964684 0.142261877655983 0.223485246300697 0.050514604896307 0.143433421850204 0.0429932922124863 0.0367927737534046 0.205894380807877 0.290920615196228 0.258376806974411 0.225717931985855 0.281694561243057 0.15123263001442 0.217957198619843 0.175907045602798 0.131150439381599 0.134579971432686 0.176997467875481 0.26874703168869
0.082310289144516 0.118292227387428 -0.0474702194333076 0.193435952067375 0.0505808144807816 0.163719460368156 0.232015267014503 0.379578173160553 0.316084772348404 0.181942597031593 0.179493874311447 0.161482930183411 0.0859862342476845 0.0729860663414001 0.153495281934738 0.017865726724267 0.112943790853024 -0.0217868536710739 0.126103103160858 0.0573034174740314 0.0253288540989161 0.151198476552963 0.0722708031535149 0.0967570468783379 0.221933811903 0.130450561642647 0.125649034976959 0.0992169976234436 -0.00144801463466138 0.13434936106205 0.0891963914036751 0.104653842747211 0.141682043671608 0.244529381394386 0.209178403019905 0.186903223395348 0.229758188128471 0.263969093561172 0.242432251572609 0.137404665350914 0.165861830115318 0.153174564242363 0.0771837085485458 0.0414810702204704
0.0133201880380511 0.00986668188124895 0.0178649201989174 0.0438900291919708 0.24483448266983 0.277825266122818 0.201955169439316 0.251478433609009 0.382805734872818 0.299946755170822 0.207771733403206 0.256243377923965 0.111712470650673 0.203003004193306 0.0226456057280302 -0.0145279001444578 -0.00406257528811693 0.0461854077875614 -0.0175892170518637 0.0341421589255333 0.153436928987503 0.0240807365626097 0.0824801623821259 0.21789076924324 0.186879828572273 0.104913473129272 0.118203081190586 -0.0578727722167969 0.0690052732825279 -0.026098508387804 0.0815848261117935 0.0535421222448349 0.186883389949799 0.216223567724228 0.211873129010201 0.254480302333832 0.137645274400711 0.207016542553902 0.1832485049963 0.137616381049156 0.212183550000191 0.175299569964409 0.20623092353344 0.152103751897812
-0.0166613236069679 0.142325386404991 -0.136832714080811 0.150774270296097 -0.0582921840250492 0.11731693148613 0.220840439200401 0.0987238064408302 0.258350223302841 0.440777808427811 0.373286545276642 0.220384284853935 0.17393846809864 0.036130353808403 0.062945269048214 0.0521731413900852 0.0910815075039864 0.0321729108691216 0.0625810176134109 0.135658130049706 0.061386339366436 0.015516547486186 0.0149965034797788 0.0144188646227121 0.0278190243989229 0.161344930529594 0.131336912512779 0.014492966234684 0.14823654294014 0.044296320527792 -0.0500565506517887 -0.0399748086929321 0.0998164042830467 0.10697714984417 0.0713016837835312 0.130180180072784 0.285161107778549 0.256470739841461 0.00304370443336666 0.179463669657707 0.283696591854095 0.267097353935242 0.35458916425705 0.2495207041502
0.152594268321991 0.0793361067771912 -0.0611883439123631 -0.0475429780781269 -0.0541474223136902 -0.0298140048980713 0.163781866431236 0.171509757637978 0.0849717408418655 0.228520750999451 0.362310290336609 0.419493854045868 0.213907912373543 0.113844208419323 0.0665295794606209 0.0323926731944084 0.110845044255257 0.0258281640708447 0.0653832852840424 0.0453959591686726 0.0531280525028706 0.144294828176498 0.0842348113656044 0.178199976682663 0.00946677755564451 0.141860961914062 0.184541299939156 0.112307980656624 0.142316162586212 -0.00920569896697998 0.0677667632699013 0.0845620408654213 0.028910331428051 0.0359366871416569 0.102211087942123 0.0730084478855133 0.161306723952293 0.106231287121773 0.136499762535095 0.165367603302002 0.238519996404648 0.300416380167007 0.300865352153778 0.322950094938278
0.028336001560092 -0.072794184088707 0.107975959777832 -0.0705572888255119 0.0831712558865547 0.0736621543765068 0.13841937482357 0.141434282064438 0.10410575568676 0.100369095802307 0.183323442935944 0.334547221660614 0.177275195717812 0.0948991477489471 0.163511976599693 0.0532557480037212 0.0557288266718388 0.0815815478563309 -0.0172005798667669 -0.0633810386061668 0.0379556119441986 -0.0711299329996109 0.142629683017731 0.0276891067624092 0.0930152833461761 0.123172126710415 0.0664445832371712 0.0465476475656033 0.0936694592237473 -0.0169216245412827 0.101760558784008 0.0605815872550011 0.131701648235321 0.0460037365555763 0.0644984617829323 0.192090734839439 0.0836089327931404 0.16524201631546 0.190927848219872 0.172389656305313 0.214974522590637 0.0806106403470039 0.151192083954811 0.202176600694656
-0.0306196250021458 -0.107988648116589 0.0934155732393265 0.0340456813573837 0.14860725402832 0.202187120914459 -0.0704440623521805 0.17445507645607 0.184323027729988 0.192895203828812 0.101165555417538 0.411900609731674 0.205192446708679 0.0324160233139992 0.169318825006485 0.162256643176079 0.0434340462088585 -0.0169295072555542 -0.00577456690371037 0.0612444803118706 0.134050086140633 0.0776673406362534 0.0784286111593246 0.103091299533844 0.199859127402306 0.137651190161705 0.37490701675415 0.211289092898369 0.0330237708985806 0.0128398099914193 0.0862845182418823 0.154752224683762 0.151498854160309 0.150716736912727 0.0364448390901089 0.120626427233219 0.0907888785004616 0.0990842878818512 0.140454083681107 0.1016486287117 0.114802584052086 0.18802136182785 0.219443261623383 0.22878997027874
0.0289512760937214 0.0479258969426155 0.0314243026077747 8.0423429608345e-05 0.0331768691539764 0.113447427749634 0.265479058027267 0.00681456504389644 0.164787247776985 0.163622975349426 0.104471042752266 0.0722495019435883 0.161791115999222 0.0642261654138565 0.0395708754658699 0.0473385527729988 0.14138500392437 -0.0126017639413476 -0.0486393235623837 0.0744485557079315 -0.00625520665198565 0.0803611055016518 -0.0171143859624863 0.220366820693016 0.321134865283966 0.131324112415314 0.126387238502502 0.147018045186996 0.0420319885015488 0.107539527118206 0.0947495698928833 0.156657710671425 0.197944790124893 0.107631549239159 0.14860737323761 0.072232574224472 0.248476460576057 0.237172424793243 0.237476035952568 0.16933199763298 0.148513525724411 0.17737665772438 0.168788120150566 0.250797808170319
0.0679100900888443 -0.0692494735121727 -0.0251815058290958 -0.0655657649040222 -0.0391119867563248 0.0535155311226845 0.142103269696236 0.234451308846474 0.0833764150738716 0.0180647801607847 0.117948651313782 0.139905005693436 0.17871430516243 0.174065083265305 0.1676294952631 0.0852645114064217 0.178710505366325 -0.129859060049057 -0.04847501963377 0.0245801657438278 -0.0979318097233772 0.0381528399884701 0.00350412121042609 0.123436853289604 0.163093611598015 0.117374524474144 0.128888681530952 0.269108861684799 0.320527225732803 0.16513492166996 0.25720152258873 0.23334613442421 0.183546230196953 0.158282190561295 0.147509962320328 0.17253378033638 0.204305082559586 0.229749903082848 0.249428287148476 0.159104406833649 0.185365080833435 0.0859885588288307 0.20247383415699 0.297983437776566
-0.0222523622214794 -0.0199355911463499 0.00600534398108721 0.0513269975781441 0.168832927942276 0.272538095712662 0.00405856780707836 -0.208559811115265 -0.0973182544112206 -0.121479116380215 0.00120490323752165 -0.0169629734009504 0.268331617116928 0.224684149026871 0.231131568551064 0.0616315267980099 0.0991682708263397 0.0509600043296814 0.00616054655984044 -0.0155957490205765 0.0815272480249405 0.179614678025246 0.044305931776762 0.0721883103251457 0.122431419789791 0.175649836659431 0.134384840726852 0.0572604611515999 0.205328375101089 0.194961801171303 0.240043222904205 0.21949078142643 0.24151200056076 0.200592190027237 0.233323588967323 0.257877141237259 0.224183276295662 0.218171268701553 0.211469605565071 0.200589820742607 0.0533641874790192 0.132827758789062 0.316144943237305 0.454389601945877
0.137476608157158 -0.109640590846539 0.0352567173540592 -0.122625440359116 -0.00371284037828445 -0.133800536394119 0.0855268388986588 -0.230774685740471 -0.262087523937225 0.0496799349784851 -0.00594652211293578 0.0529168099164963 -0.0461110733449459 0.0836954191327095 0.056540884077549 0.211349830031395 0.121532894670963 0.0203922502696514 0.0807403475046158 0.258624464273453 0.00699716061353683 0.0575582906603813 0.172687128186226 0.115307822823524 -0.0173364337533712 0.00321187009103596 0.11669122427702 0.149402648210526 0.00978812761604786 0.123036101460457 0.122795529663563 0.265933483839035 0.188309788703918 0.211846932768822 0.201908648014069 0.17850424349308 0.09017014503479 0.167623937129974 0.29181444644928 0.324499070644379 0.148808196187019 0.172973930835724 0.148386001586914 0.349856376647949
0.0530994608998299 0.17998094856739 -0.0079661663621664 -0.0527778081595898 0.00737168127670884 0.0453858114778996 -0.146869719028473 0.027403911575675 -0.234173014760017 -0.134275943040848 0.128972843289375 -0.151972055435181 0.0385202541947365 0.124115869402885 -0.0159773509949446 0.146329015493393 0.0220441222190857 0.0978552177548409 0.115263782441616 0.0704346224665642 0.0392868779599667 -0.170473352074623 0.030717846006155 0.171740517020226 0.184034869074821 0.0884982272982597 0.0929265171289444 0.0845305621623993 0.137728303670883 0.218399330973625 0.178632885217667 0.056244608014822 0.243344813585281 0.355811297893524 0.164384335279465 0.191360086202621 0.150754675269127 0.0753135830163956 0.276726484298706 0.349615722894669 0.264895647764206 0.103031672537327 0.129796057939529 0.226338371634483
-0.0093918489292264 0.0539834164083004 0.0652609243988991 0.240227922797203 -0.0139862038195133 0.0270317066460848 -0.0550735294818878 -0.0906486511230469 -0.0368359163403511 0.198478370904922 0.037063293159008 0.00182576628867537 0.0346911028027534 -0.103909999132156 0.0743595510721207 -0.0410008653998375 0.130379855632782 0.0640527382493019 -0.0259636361151934 0.105924963951111 0.0751384720206261 0.0586995743215084 0.0390812382102013 0.0558224618434906 0.165163800120354 0.172841027379036 0.0860890001058578 0.081661656498909 0.132767483592033 0.203495159745216 0.163636863231659 0.0622388273477554 0.220397278666496 0.189059734344482 0.1445022970438 0.219160333275795 0.173214450478554 0.220186188817024 0.140696600079536 0.314417809247971 0.221552982926369 0.272832453250885 0.272788763046265 0.103262417018414
