assets/gome_f/processed/ascii/us/gome_sif_US_20120801.asc
NCOLS 116 
NROWS 53 
XLLCORNER -125 
YLLCORNER 24.5 
CELLSIZE 0.5 
NODATA_value -3.4e+38 
[rows 19 to 37 of 53, columns 0 to 43 of 116]
0.0263907480984926 0.190428555011749 0.415372610092163 0.392940998077393 0.339200764894485 0.34181347489357 0.281384021043777 0.210310146212578 0.114823818206787 0.0679281577467918 0.0283175650984049 0.0854241475462914 0.0581136308610439 0.0227558668702841 0.120896950364113 0.0941496416926384 0.1557946652174 0.0936380103230476 0.0975537598133087 0.0606995038688183 0.0415179096162319 0.0837140306830406 -0.0117665976285934 0.0819938033819199 0.296872049570084 0.00676639378070831 0.341623157262802 0.21419121325016 0.0650614723563194 0.0857579335570335 0.0690352693200111 0.0328150242567062 0.0119815086945891 -0.0135793620720506 0.106977917253971 0.129336893558502 0.231416374444962 -0.0210914947092533 0.0565052032470703 0.147660210728645 0.0958374366164207 0.14718459546566 0.121940203011036 0.14062762260437
0.0729090645909309 0.32471764087677 0.372455835342407 0.414358705282211 0.300831705331802 0.351187378168106 0.283179521560669 0.296534091234207 0.185670450329781 0.0604071281850338 -0.038872305303812 0.0594120696187019 0.0716155394911766 0.0313919335603714 -0.0108546642586589 0.132355943322182 0.0653435438871384 0.0427560396492481 0.15719148516655 0.142500370740891 0.0538742132484913 0.0264073796570301 0.0825596302747726 0.112065181136131 0.0704712942242622 0.290179967880249 0.252423346042633 0.365745693445206 0.171710178256035 0.0323166660964489 0.0459592454135418 0.223021000623703 0.11204206943512 0.0724953860044479 0.0994423925876617 0.208695977926254 0.193204700946808 0.0542250126600266 0.0796051099896431 0.0890128612518311 0.221921920776367 0.0646570324897766 0.0655498877167702 0.177055522799492
0.0869674831628799 0.355124741792679 0.367060154676437 0.362412869930267 0.308005511760712 0.183919623494148 0.301885724067688 0.264816164970398 0.231560066342354 0.106554917991161 0.0429617129266262 0.0254503227770329 -0.0357818640768528 0.0126469489187002 -0.0121630188077688 0.0637319460511208 0.0584648624062538 0.110312305390835 0.100523322820663 0.0662376433610916 0.0763983353972435 0.194901138544083 -0.0403065010905266 0.0446443296968937 0.0892546623945236 0.129326567053795 0.221626535058022 0.155705317854881 0.190047830343246 0.10617233812809 0.202716782689095 0.183805510401726 0.111008524894714 0.100855402648449 0.158642143011093 0.26125305891037 0.317697256803513 0.17667655646801 0.184394478797913 0.300496250391006 0.254497468471527 0.321468144655228 0.372829526662827 0.311726182699203
0.0327756591141224 0.102711103856564 0.265604704618454 0.354042440652847 0.230370789766312 0.299906045198441 0.357892632484436 0.347458004951477 0.34864267706871 0.25924226641655 0.0130122005939484 0.0732576847076416 0.0481431111693382 0.0408011078834534 0.0713281854987144 0.0497796162962914 0.0653943791985512 -0.0220864191651344 0.0602159276604652 0.12559762597084 0.138294085860252 0.284982234239578 0.0642385706305504 0.0635552555322647 0.102379709482193 0.185200840234756 0.264649599790573 0.238978311419487 0.164588585495949 0.102593317627907 0.0569265075027943 0.085673525929451 0.201438367366791 0.168746203184128 0.226344153285027 0.133579507470131 0.323944330215454 0.284146696329117 0.25758370757103 0.114376462996006 0.145800694823265 0.075348749756813 0.185706734657288 0.256377369165421
0.180803880095482 0.123506106436253 0.254940867424011 0.360897332429886 0.426819980144501 0.31785836815834 0.523808062076569 0.403283566236496 0.367998957633972 0.253477722406387 0.0886716246604919 -0.023760749027133 0.133991926908493 0.108033075928688 0.0231747478246689 0.0584744773805141 0.123518399894238 0.0225189253687859 0.0345371104776859 0.064457468688488 0.293515205383301 0.0905377119779587 0.0433107018470764 0.150023177266121 0.12603172659874 0.125841096043587 0.219601809978485 0.20515388250351 0.164323374629021 0.0787665396928787 0.184037685394287 0.119504645466805 0.126125797629356 0.265239894390106 0.24881412088871 0.346005409955978 0.347394317388535 0.145360261201859 0.172374919056892 0.167584031820297 0.230279669165611 0.16542886197567 0.0715082436800003 0.159549236297607
-0.068200059235096 0.0715667307376862 0.20264658331871 0.321763783693314 0.446917295455933 0.232470393180847 0.46776008605957 0.424557775259018 0.450869977474213 0.308604151010513 0.18726746737957 0.114689312875271 0.0670183151960373 -0.0994158759713173 0.0185648947954178 0.0601400174200535 0.129443988204002 0.0761998221278191 0.101112067699432 0.074346736073494 0.011635142378509 -0.0385391898453236 0.113799154758453 0.0640406981110573 0.09586351364851 0.230176046490669 0.128298759460449 0.118554815649986 0.0488033778965473 0.0692150667309761 0.0670321360230446 0.132689386606216 0.166604906320572 0.239999249577522 0.281936675310135 0.320201635360718 0.174829080700874 0.0946099609136581 0.155706092715263 0.151322871446609 0.190845280885696 0.248335361480713 0.175785973668098 0.0547422729432583
0.260544121265411 0.155495628714561 0.00930487737059593 0.31944152712822 0.289708077907562 0.239293843507767 0.339623540639877 0.396886825561523 0.349531441926956 0.332895845174789 0.22088298201561 0.11747645586729 0.0847566872835159 0.0789253860712051 0.145046800374985 0.00222737342119217 0.0672308355569839 0.0476771853864193 0.0920531004667282 0.0745649635791779 0.0885557308793068 0.145595625042915 0.0862987488508224 0.134574607014656 0.107280626893044 0.169307217001915 0.157162070274353 0.150604322552681 0.0238846205174923 0.0958347022533417 0.0299680959433317 0.131952434778214 0.230280727148056 0.261355131864548 0.312310189008713 0.358585506677628 0.236417636275291 0.178668722510338 0.175949051976204 0.241303339600563 0.147749960422516 0.0176306292414665 0.0922251716256142 0.0647980570793152
-0.00480478629469872 -0.0251996032893658 0.0703530237078667 -999 0.188587412238121 0.269167721271515 0.20845328271389 0.289326131343842 0.34700334072113 0.262379586696625 0.144552737474442 0.160000592470169 0.0517794713377953 0.0260661393404007 0.135003224015236 0.00546915689483285 0.0286585353314877 0.0453690998256207 0.117137029767036 0.115421637892723 0.071607917547226 0.0892719998955727 0.122356273233891 0.230860352516174 0.139508545398712 0.125385895371437 0.204863324761391 0.080307848751545 0.102139718830585 0.158260613679886 0.213849306106567 0.176949977874756 0.155473098158836 0.342220216989517 0.25747087597847 0.199889421463013 0.176277652382851 0.225102812051773 0.193453848361969 0.232357874512672 0.155079036951065 -0.0141213340684772 0.118577174842358 0.124824948608875
0.0953604951500893 0.0872106999158859 0.208179458975792 -0.0577000603079796 0.0236484818160534 0.312790781259537 0.287672460079193 0.305093079805374 0.425314605236053 0.314292788505554 0.221492186188698 0.132561653852463 0.113872662186623 -0.0320479273796082 0.0962566733360291 -0.00179047137498856 -0.0387238413095474 0.0199825745075941 0.0228432230651379 0.0799060389399529 0.0314670316874981 0.194096505641937 0.124498769640923 0.111656174063683 0.144489973783493 0.111815243959427 0.0434081703424454 0.110040798783302 0.0746664330363274 -0.0545070022344589 0.01528075709939 0.182963162660599 0.191686078906059 0.236543998122215 0.217658594250679 0.286057829856873 0.224341064691544 0.307006567716599 0.309053301811218 0.217750728130341 0.117307595908642 0.096307136118412 0.0523656643927097 0.150707840919495
-0.231051415205002 -0.0989618971943855 0.00259191985242069 -0.109955839812756 0.0901087895035744 -0.0019813806284219 0.217736780643463 0.263140916824341 0.117857940495014 0.386109828948975 0.404002904891968 0.11043581366539 0.264745056629181 0.0636893808841705 0.0492212437093258 -0.0300937164574862 0.0621027499437332 0.0558387227356434 -0.0748720839619637 0.0531851463019848 0.101658344268799 0.153802961111069 0.130073189735413 0.20720511674881 0.0858870819211006 0.0372469425201416 -0.0145468413829803 0.0656565725803375 0.0475925132632256 0.0161327682435513 0.0489735901355743 0.105128355324268 0.0244214031845331 0.130216985940933 0.140588045120239 0.194990530610085 0.202470511198044 0.183456107974052 0.223028525710106 0.0902170613408089 0.12636736035347 0.202981129288673 0.148491337895393 0.167620405554771
-0.000556197017431259 0.0226285923272371 0.0854828357696533 -0.0797923654317856 0.0355081483721733 0.093057818710804 0.0787831842899323 0.14747366309166 0.0473497733473778 0.176165014505386 0.359677970409393 0.391429662704468 0.327345550060272 0.119839645922184 0.121017090976238 0.0363734215497971 0.129638537764549 0.00837672781199217 0.353588968515396 0.1139957010746 0.0457820259034634 0.0429347604513168 -0.00156858458649367 0.120536461472511 0.209330052137375 0.169193476438522 0.0763612985610962 0.143204554915428 0.220800295472145 0.080501601099968 0.182398915290833 0.124344900250435 0.15317665040493 0.14654478430748 0.176295235753059 0.0502725131809711 0.193771496415138 0.0860553905367851 0.273598581552505 0.167646199464798 0.152911946177483 0.0909896045923233 0.131878197193146 0.193374618887901
-0.00791005976498127 -0.265087127685547 0.0348666310310364 -0.27122238278389 0.11927580088377 0.00263991905376315 -0.0286926422268152 0.244406387209892 0.0963510498404503 0.143432930111885 0.200277432799339 0.379830598831177 0.261609137058258 0.179588809609413 0.0665303692221642 0.108229279518127 0.00704842107370496 0.0345349498093128 -0.0652852952480316 0.111057616770267 0.0484231375157833 0.084510363638401 0.213138028979301 0.225159868597984 0.222791522741318 0.165771290659904 0.133651837706566 0.0206722617149353 0.151617825031281 0.163193628191948 0.235488668084145 0.0734561458230019 0.107660241425037 0.0943060666322708 0.10179553180933 0.118773028254509 0.182621568441391 0.20774532854557 0.19482097029686 0.111907362937927 0.144911363720894 0.116872444748878 0.12221997231245 0.30356302857399
0.0456285327672958 0.0446403734385967 -0.0280922800302505 0.15265180170536 0.064413420855999 0.25991690158844 -0.0353524759411812 0.0702849179506302 0.130757376551628 0.195008412003517 0.110304571688175 0.251289248466492 0.225620865821838 0.129509747028351 0.0668253898620605 0.0625057741999626 0.0421634204685688 0.0588510408997536 0.0564482361078262 0.167755484580994 0.086463451385498 0.158388689160347 0.0918866544961929 0.177522495388985 0.186585381627083 0.246200427412987 0.121243990957737 0.107216142117977 0.105345591902733 0.0819953307509422 0.215193331241608 0.0811711698770523 0.224371716380119 0.0802056491374969 0.144829273223877 0.159387677907944 0.102756172418594 0.0580439046025276 0.17616406083107 0.0372128337621689 0.0104939779266715 0.129236459732056 0.181256800889969 0.0749063789844513
0.285600036382675 0.0809484645724297 -999 0.0472691804170609 0.095988392829895 -0.0867985412478447 0.0572182945907116 0.107817366719246 0.0783052295446396 0.204822719097137 0.152957811951637 0.133330479264259 0.192664384841919 0.0956113487482071 0.0905458554625511 0.00115441950038075 -0.046512670814991 0.0246051643043756 0.0646650716662407 -0.030237078666687 0.0493212789297104 0.0971728339791298 0.0841565430164337 0.0707021653652191 0.187032699584961 0.221508711576462 0.171103239059448 0.203007459640503 0.0927011594176292 0.142372757196426 0.107069209218025 0.0634827315807343 0.124782778322697 0.101713918149471 0.135665357112885 0.0808256343007088 0.114290349185467 0.106696300208569 0.0796730890870094 0.0337925441563129 0.187158897519112 0.0917885825037956 0.037170123308897 0.138257697224617
0.0499301962554455 -0.0833825618028641 0.0194181241095066 -0.0467714108526707 -0.0105931051075459 -0.124242462217808 0.0541698932647705 -0.0156758259981871 0.109174244105816 0.127426788210869 0.0709920898079872 0.108317442238331 0.0265628788620234 0.171233147382736 0.129939571022987 0.00247655808925629 0.117843076586723 -0.0288881678134203 0.0540018826723099 0.05537124350667 0.154147505760193 0.149437069892883 0.0986401438713074 0.0906569361686707 0.191445901989937 0.287965685129166 0.140602394938469 0.19527979195118 0.135693728923798 0.197290703654289 0.255958259105682 0.193391472101212 0.0670782700181007 0.141957461833954 0.106869667768478 0.0591242089867592 0.176210209727287 0.076046034693718 0.194891840219498 0.0368450693786144 0.217606648802757 0.176482498645782 0.163600713014603 0.166156560182571
-0.201695546507835 0.108062595129013 0.107247948646545 0.270669251680374 -0.0210965368896723 -0.0240258425474167 0.384463369846344 0.0253860745579004 0.0757474526762962 0.0753137171268463 0.107458665966988 -0.00218210928142071 -0.00137454981449991 0.0574079267680645 0.117874160408974 0.117002971470356 0.106673523783684 -0.017373438924551 0.0839207321405411 0.0636793971061707 0.100930780172348 0.171960920095444 0.097705714404583 0.0929673984646797 0.163278684020042 0.157463133335114 0.274443715810776 0.151709601283073 0.143376559019089 0.138891890645027 0.331960737705231 0.306778162717819 0.244339510798454 0.188096597790718 0.179865077137947 0.0587192960083485 0.109186545014381 0.159424155950546 0.00775493355467916 0.208912879228592 0.142013967037201 0.195631593465805 0.0881842374801636 0.169442012906075
-0.00475507462397218 -0.266931027173996 0.043229091912508 -0.129404813051224 0.016992861405015 -0.0675844699144363 -999 0.0769729986786842 -0.0810675770044327 0.0120906569063663 0.110376752912998 0.02135955914855 0.12413564324379 0.0347499363124371 -0.0265928730368614 0.165055215358734 0.140945345163345 -0.0234852936118841 0.196621865034103 0.0899997279047966 -0.131440684199333 0.0673383995890617 0.143799781799316 -0.0215763226151466 0.0129783879965544 0.27703320980072 0.19639889895916 0.21140319108963 0.177158251404762 0.0305750258266926 0.209438815712929 0.219175606966019 0.240253016352654 0.210888415575027 0.0964863821864128 0.0810299441218376 0.275333344936371 0.174366220831871 0.167978122830391 0.190455287694931 0.117943204939365 0.23889034986496 0.166477262973785 0.11142985522747
-0.0782546997070312 0.00292833894491196 -0.0726092383265495 0.0653522908687592 -0.141044124960899 0.15838323533535 -999 -0.107696913182735 0.0750422701239586 -0.0208310075104237 0.00614600768312812 0.00554263824597001 0.0330903753638268 0.116109125316143 0.0848753675818443 0.0503701716661453 0.053249217569828 0.123701356351376 0.256591320037842 0.300022721290588 0.21869570016861 0.134005934000015 0.111344367265701 0.277924656867981 0.0646907538175583 0.114838384091854 0.22592781484127 0.333417564630508 0.201708614826202 0.197900280356407 0.054493997246027 0.124111697077751 0.225851327180862 0.177533134818077 0.000729427789337933 0.127786308526993 0.105662882328033 0.0833189859986305 0.259896606206894 0.114836007356644 0.094466008245945 0.157879784703255 0.187686637043953 0.176047474145889
-999 0.189699560403824 0.164395540952682 0.0498189777135849 -0.69109570980072 -0.0141177251935005 0.0133481696248055 -0.153957724571228 -0.0133380377665162 0.109025366604328 0.0213129222393036 0.347296446561813 0.106824897229671 -0.0787185356020927 0.131692081689835 0.0735783576965332 0.17352057993412 0.0346492007374763 0.123878695070744 0.0966257154941559 0.193869784474373 0.031670019030571 0.0225940216332674 0.0295694917440414 0.123726777732372 0.118818409740925 0.161577686667442 0.236736834049225 0.280303001403809 0.15259276330471 0.327538788318634 0.14601819217205 -0.00757558131590486 0.0724135264754295 0.168746218085289 0.125939950346947 0.124454006552696 0.1073217689991 0.150540798902512 0.0811933428049088 0.153862938284874 0.155447259545326 0.19422747194767 0.180333167314529
