assets/gome_f/processed/ascii/us/gome_sif_US_20121101.asc
NCOLS 116 
NROWS 53 
XLLCORNER -125 
YLLCORNER 24.5 
CELLSIZE 0.5 
NODATA_value -3.4e+38 
[rows 0 to 18 of 53, columns 43 to 85 of 116]
-999 -999 0.0950901880860329 -0.0432795435190201 -999 -999 0.0771734341979027 -999 -999 0.161148607730865 -0.142342150211334 0.104624897241592 -999 -999 0.000183132782694884 0.213020741939545 0.0262422226369381 0.130253687500954 -0.0580123923718929 0.00394747545942664 0.0348867699503899 0.0981460809707642 -0.0388361401855946 -0.0155163556337357 0.117936059832573 0.0594855025410652 -0.063802495598793 0.123781956732273 0.0852523371577263 -0.0970827862620354 -0.00521243177354336 -999 0.226358890533447 0.0517956726253033 -0.0262462347745895 -999 0.0842798203229904 -0.199126914143562 -999 0.0953440144658089 0.238087981939316 0.0394197925925255 -999
-999 0.12417946010828 0.0425445027649403 0.229744642972946 0.033258467912674 -0.0320262610912323 -0.0454819314181805 -999 0.0612854026257992 -999 0.107484877109528 0.0461611561477184 -999 0.0161116570234299 -999 0.093235544860363 0.134760603308678 0.0453126505017281 0.150362625718117 -0.0241323355585337 -0.0407661125063896 0.0487690009176731 0.11938188970089 -0.027067344635725 0.0954019501805305 0.146327912807465 0.0407723598182201 0.133623883128166 0.0461273081600666 0.144494667649269 -0.0382943600416183 0.0690443068742752 -0.00895785354077816 -0.0801909938454628 -0.0348070077598095 0.028751078993082 0.160800829529762 -0.0193087998777628 -0.0445384010672569 0.097065195441246 -0.00730365747585893 0.101829633116722 0.106346227228642
0.1294015198946 0.0254332758486271 0.0551270432770252 -0.00363856507465243 -999 -0.0149685367941856 -0.139729484915733 0.0646748542785645 0.0135009046643972 0.120738700032234 -0.0428992509841919 -999 0.11183675378561 -999 0.183723002672195 0.0973677411675453 0.0229779314249754 0.00776969222351909 -0.0262951515614986 -0.0544087588787079 0.131683379411697 -0.0738784447312355 0.166994094848633 0.00272474903613329 0.0263400468975306 0.0194039158523083 0.073638953268528 0.0366088002920151 -0.0661413818597794 0.0260513480752707 -0.0193355567753315 0.036789808422327 -0.077160157263279 0.0295586232095957 0.14495675265789 0.00209179800003767 0.144670754671097 0.103395000100136 -0.06684610247612 0.124401725828648 0.000155330446432345 -0.0872463658452034 -0.0338535457849503
0.108635924756527 0.180042684078217 0.00494649354368448 0.0898981541395187 -999 0.0707264170050621 0.107911884784698 0.106734752655029 0.174341112375259 0.073055662214756 0.129506215453148 -999 0.0673709437251091 -999 0.179456666111946 -0.02796964161098 0.104952320456505 -0.0154816480353475 -0.00592009210959077 -0.0613342709839344 0.0707690715789795 0.0374426431953907 0.0128792067989707 0.0252810250967741 0.0858170539140701 -0.139323443174362 0.0909833684563637 -0.0371991470456123 -0.000829698517918587 -0.0207573305815458 0.030244754627347 0.0438285320997238 0.00128400698304176 0.160550326108932 0.213088750839233 0.0741916075348854 -0.0739872008562088 -0.0146638173609972 -0.0890659093856812 0.139103561639786 0.0992036834359169 0.0212521124631166 -0.0460287183523178
0.0474155619740486 0.0506431870162487 -0.0781679749488831 0.126371279358864 -0.00412321835756302 -999 0.201788410544395 0.0535789243876934 0.0684694051742554 0.0943507924675941 -999 0.167086288332939 -0.183602690696716 -0.0726544186472893 0.0122842686250806 -0.022328794002533 -0.000861567503307015 0.0635632202029228 0.122298575937748 -0.0372471660375595 0.102464251220226 0.0811605453491211 0.0380997881293297 0.1472098082304 -0.0412136055529118 0.146534994244576 0.0428063236176968 -0.0652643740177155 -0.0306310709565878 0.0307961571961641 0.239897459745407 0.0588679648935795 0.139418169856071 0.0839218497276306 0.0767197981476784 0.0069700269959867 0.0687864422798157 -999 0.0810513943433762 0.0111123248934746 -0.0711193904280663 -0.0537504628300667 -0.133113771677017
0.131933599710464 0.0486443862318993 -0.0960789993405342 0.0139597142115235 0.0174982529133558 -0.0762505158782005 -0.0334882810711861 -0.092486746609211 0.0484846532344818 -999 0.013581401668489 0.12418994307518 0.0220578592270613 0.0124270068481565 0.0505458638072014 -0.0303883589804173 0.0413670763373375 0.0361499413847923 -0.00619735009968281 0.0254761911928654 0.176732301712036 0.00361701473593712 0.094682052731514 0.0605561621487141 -0.159888863563538 0.0474158376455307 -999 0.058011531829834 0.0902938395738602 -0.179939433932304 -0.0151956612244248 -0.0496969595551491 -0.0453942902386189 -0.147756591439247 0.0459908656775951 0.0267533306032419 0.102920144796371 -0.0114092901349068 0.0658677592873573 0.0111212059855461 0.0726936012506485 0.118873536586761 0.0540088340640068
0.00203930330462754 0.232465460896492 -0.0453067123889923 -0.0216203890740871 -0.0672053098678589 -0.0195430666208267 0.0717494115233421 0.0407718606293201 0.209837704896927 0.299731284379959 0.13082067668438 -0.0275001376867294 -0.0220648609101772 0.0270017758011818 0.0394295491278172 -0.0346654951572418 0.100680768489838 0.0664592757821083 0.0505513399839401 -0.010782559402287 -0.00954318977892399 0.098274938762188 -0.00122445297893137 0.0389315597712994 0.0453878343105316 -0.0272722896188498 0.014706939458847 0.0429645180702209 -0.00200565787963569 -0.0377771779894829 0.0589607730507851 0.00218505295924842 -0.107652440667152 0.0092555545270443 -0.120977304875851 -0.0285444110631943 -0.0592970140278339 0.0220049992203712 0.0301501750946045 0.100069060921669 0.0531242899596691 0.0921267867088318 0.0573714300990105
0.186451971530914 -0.0410782992839813 -0.0820963084697723 0.0172367077320814 0.019860340282321 0.0651067793369293 -0.160558417439461 -0.0512425042688847 -0.0405488722026348 -0.117783255875111 0.0647435411810875 0.117189064621925 -0.0141717409715056 -0.0201403256505728 -0.0476950891315937 0.028157165274024 0.0133556975051761 -0.00492859678342938 -0.0270850956439972 -0.0614851079881191 -0.101162731647491 0.0212331563234329 -0.044961828738451 0.109109908342361 0.109464585781097 -0.152445107698441 -0.0153374243527651 -0.00127073680050671 -0.00300098606385291 0.0732762366533279 -0.0245629008859396 -0.0127880442887545 -0.0474050119519234 -0.0886730402708054 0.0723819732666016 0.157749876379967 -0.126364782452583 0.0942082926630974 0.0622252859175205 -0.0451689586043358 0.0439841635525227 0.12607429921627 0.00992729514837265
-0.0329769179224968 -0.0285012014210224 -0.0265248008072376 -0.00653948495164514 -0.00729343295097351 0.0648896843194962 0.0267159454524517 -0.0299852229654789 0.0315198674798012 -0.0825836211442947 -0.0073395180515945 0.044716089963913 -0.013859461992979 0.0110917165875435 0.0838443413376808 0.0233416836708784 -0.0110318353399634 -0.00566458841785789 0.0183594431728125 0.0568442456424236 0.00241586752235889 0.0549696907401085 -0.0415261834859848 0.0842064917087555 -0.0572205558419228 0.0686523392796516 0.131412446498871 -0.00369489192962646 0.0453833267092705 0.0235270783305168 0.0158227737993002 0.18949031829834 0.00578339118510485 0.047778133302927 -0.049611110240221 -0.0202161576598883 0.0653707608580589 0.0263080038130283 0.10080573707819 0.159093007445335 0.0397962145507336 0.00560647994279861 0.0556598603725433
-0.0685703158378601 -0.0858810842037201 -0.0591441579163074 0.0466498807072639 0.071712039411068 0.00945093110203743 0.0928469076752663 0.0611792393028736 0.00679545197635889 0.0610073171555996 0.0553388930857182 0.082880824804306 0.0637766346335411 -0.0576569512486458 -0.00216665863990784 -0.000519511115271598 0.0646085664629936 0.0115695651620626 -0.00350242224521935 0.01142299734056 -0.0234952922910452 0.0453777089715004 0.0955618023872375 0.0382907204329967 0.00625472981482744 -0.00265838019549847 0.0759470388293266 0.0493479482829571 0.0989574044942856 0.0536702275276184 -0.000540606677532196 0.163685157895088 0.0594025850296021 0.0924404338002205 0.0103919338434935 0.0542743168771267 0.0906687751412392 0.0663616731762886 0.0174344349652529 -0.0749336555600166 -0.0577753819525242 0.0920600667595863 0.107504792511463
0.0648211315274239 -0.0155425705015659 0.0489942766726017 0.060381181538105 -0.00755472108721733 -0.075804740190506 -0.0139766084030271 0.00122734403703362 0.0453991033136845 0.0164505168795586 0.0467083975672722 0.00815520528703928 0.0527936927974224 0.0219862498342991 0.00508739612996578 -0.0739972740411758 -0.00494279293343425 0.0619697161018848 -0.0182737298309803 -0.0693914815783501 0.0924481078982353 0.200915396213531 0.000245839357376099 0.127821937203407 0.0044443323276937 0.0622040629386902 0.0118948630988598 -0.0227318275719881 0.0396911539137363 0.0499026030302048 -0.0255938395857811 0.0908660590648651 -0.103580199182034 0.0415452308952808 -0.0852878764271736 0.0213207639753819 0.0512084662914276 -0.0256212037056684 -0.0695232227444649 -0.0298506505787373 -0.0271696895360947 -0.00984568707644939 -0.00764489686116576
0.00425962172448635 -0.00935678090900183 0.0886342078447342 -0.0630854368209839 0.0461316369473934 0.0851801633834839 -0.0620539896190166 -0.0788688585162163 0.00737326731905341 0.0247512124478817 0.0371514782309532 0.022566195577383 0.0105837630107999 -0.0174074973911047 0.0507748275995255 0.00835587456822395 0.0686137676239014 0.0597144216299057 -0.0110805509611964 0.0300865639001131 0.0684745460748672 0.00582877360284328 0.0405986644327641 0.146908104419708 -0.058731310069561 0.0112970825284719 -0.0338434316217899 0.0258653275668621 0.0889027714729309 -0.00169717671815306 0.0449324622750282 0.101156547665596 0.0614068917930126 0.0551049709320068 0.0327553376555443 0.0278812702745199 0.0193464998155832 0.0878780633211136 -0.113562613725662 0.124936334788799 0.00107563147321343 -0.0215792749077082 0.0448381789028645
0.0295298527926207 0.0601146407425404 0.0304641202092171 -0.0195550825446844 -0.0114272441715002 0.0349681340157986 -0.0122278667986393 0.0471836254000664 0.00682394998148084 -0.0269802566617727 0.0649902150034904 -0.00422902777791023 0.0219213124364614 0.0451260581612587 0.0393914729356766 0.0304124932736158 0.0950783714652061 -0.0175512619316578 -0.0454491600394249 0.034060824662447 0.0156735759228468 0.0124052064493299 0.00518754636868834 0.00750076724216342 0.172816336154938 0.0235820226371288 0.0399867333471775 0.0219599977135658 0.0519036203622818 0.11233276873827 0.0961296558380127 0.0258899796754122 -0.00326147675514221 -0.0651784762740135 0.0241047106683254 0.0205194912850857 0.00564007367938757 0.0664213672280312 0.0280087124556303 0.0324939899146557 0.0184831954538822 0.0254899952560663 -0.0206945855170488
0.0130796888843179 0.0351425260305405 -0.00622164690867066 0.0229428708553314 0.0746502280235291 -0.0135305523872375 0.058499563485384 -0.0281204245984554 -0.0226711705327034 0.0856095477938652 0.101036213338375 0.0321803875267506 0.0229607820510864 0.0851000025868416 0.00774261355400085 -0.0491711758077145 -0.0248228088021278 0.0266811940819025 0.0140433441847563 -0.142822593450546 0.0451377555727959 -0.0201055742800236 0.0534912906587124 0.044146191328764 0.0402042008936405 0.0822752937674522 0.00368986721150577 0.038460124284029 0.00747109251096845 0.0316139385104179 0.165165111422539 0.0102606369182467 0.0853883549571037 -0.0352150499820709 0.0368295311927795 0.158308580517769 0.126125678420067 0.00727088004350662 0.0954428389668465 -0.0169174298644066 0.0581100918352604 0.0687723979353905 -0.0348857901990414
-0.00169960258062929 0.00778839271515608 -0.0586196929216385 -0.0138865252956748 0.0156819205731153 -0.0355534106492996 0.00217379443347454 0.0121784787625074 -0.01282465364784 -0.0113176591694355 0.00414827186614275 -0.00353611074388027 0.033708244562149 0.026889419183135 0.0777867883443832 0.00912749022245407 -0.0807633772492409 0.0877120122313499 0.0621702820062637 -0.0280590243637562 0.0361090898513794 0.0400903895497322 -0.0301502626389265 0.110420510172844 0.11702223867178 0.00768741779029369 0.0815614387392998 0.0609214380383492 0.0444016046822071 0.04190269485116 -0.0215088035911322 0.0608752928674221 -0.0176461283117533 0.0290138330310583 0.0413462817668915 0.07880699634552 0.0864753350615501 -0.0229170545935631 0.0458308383822441 -0.0180642697960138 -0.0603456385433674 0.125704556703568 -0.00596504658460617
-0.0249795187264681 0.0774008259177208 -0.0765901505947113 0.032212246209383 0.014130144380033 0.0184955596923828 -3.45930457115173e-05 -0.0384737923741341 -0.000257441395660862 0.0174276102334261 0.0192504618316889 0.035762969404459 0.0250816512852907 0.0197033639997244 0.0673119425773621 -0.0142502784729004 0.0467198863625526 0.0109319314360619 -0.0494821928441525 -0.0142284836620092 -0.0353855602443218 0.0312543995678425 -0.00941816624253988 0.0862436965107918 0.116025097668171 -0.0329031758010387 0.0624968372285366 0.0612475164234638 0.101185813546181 0.0215859226882458 0.0399873927235603 0.0288223084062338 -0.0139449164271355 0.0508272834122181 -0.0498053655028343 0.0415491983294487 0.0445464998483658 0.0480096451938152 0.0778741165995598 0.0430722087621689 0.100114814937115 0.0480618141591549 0.069233313202858
0.0161616522818804 0.0307390447705984 0.0944595634937286 0.0371556729078293 -0.0428233928978443 -0.0249667689204216 0.0303188245743513 0.133172050118446 0.0651867315173149 0.0615040212869644 0.0835551023483276 0.00566227082163095 0.0589824840426445 0.0549154840409756 0.0188934542238712 0.102564238011837 0.0637477859854698 0.0211525205522776 -0.0455140098929405 0.00526079582050443 -0.0225090738385916 -0.00645720725879073 0.0726676806807518 0.0151083013042808 0.0823859348893166 0.029791496694088 0.116418428719044 0.125835597515106 0.0473256520926952 0.0391313284635544 0.0268830042332411 0.111066557466984 0.0289964247494936 -0.0121323503553867 0.0188965182751417 0.0724989324808121 0.0662947669625282 0.0676893666386604 0.118044652044773 -0.01542679220438 0.113172210752964 0.0872285813093185 -0.0103209391236305
0.0832895338535309 -0.0426672957837582 -0.0550746507942677 -0.00619831075891852 0.0809106305241585 -0.0307158716022968 0.0398476906120777 0.0451427176594734 0.000486736447783187 0.0350961722433567 -0.0272548403590918 0.0415750481188297 0.0220114048570395 0.0426818616688251 -0.00413292180746794 0.0501884892582893 0.0240072645246983 0.11812025308609 0.0470592342317104 0.0640567690134048 0.02699532546103 0.10048558562994 0.00818342715501785 -0.0222610905766487 -0.00732314866036177 0.127778127789497 0.0726630017161369 0.0316790044307709 0.0465133860707283 0.107595480978489 0.0951479822397232 0.0292600970715284 0.0130460495129228 -0.0646269991993904 0.0755164921283722 0.0887079387903214 0.0146965608000755 0.0709253326058388 0.0959708318114281 0.120833784341812 -0.0221602581441402 0.0616401247680187 0.065018393099308
0.0783573165535927 0.0142698688432574 0.0162169728428125 0.0664255321025848 0.0565781146287918 -0.0408648774027824 0.105956263840199 0.0328311026096344 0.00548224709928036 0.0435241647064686 0.0456203073263168 0.138270199298859 -0.0116885975003242 -0.00775624252855778 0.0603428073227406 0.0561331249773502 0.0685027688741684 0.0252529624849558 0.0668997317552567 -0.0534996837377548 -0.0193881783634424 0.11408331990242 0.0595404617488384 0.0907379537820816 -0.00810004118829966 0.0480893179774284 0.0297751538455486 0.0798377394676208 -0.0139495329931378 0.0252560023218393 0.061109934002161 0.0852379724383354 0.118849635124207 0.0242981407791376 0.0516043789684772 0.0790528804063797 0.0364978983998299 0.0939947366714478 0.0328261181712151 0.110801458358765 0.0943362712860107 0.0185300149023533 0.0431072078645229
