assets/gome_f/processed/ascii/us/gome_sif_US_20120101.asc
NCOLS 116 
NROWS 53 
XLLCORNER -125 
YLLCORNER 24.5 
CELLSIZE 0.5 
NODATA_value -3.4e+38 
[rows 19 to 37 of 53, columns 43 to 85 of 116]
-0.00456930603832006 0.0777072459459305 0.0802556574344635 -0.000906020752154291 0.0742380321025848 -0.0431212745606899 -0.0238772891461849 0.0370249450206757 -0.0119403507560492 0.0923908948898315 0.0622913464903831 0.0248784851282835 0.0390769653022289 0.0293118916451931 -0.00611721212044358 -0.0311166439205408 0.0461868681013584 -0.00299950200133026 -0.00533726438879967 0.0748043954372406 -0.00496732909232378 0.0227539800107479 0.0410556234419346 0.0581361763179302 0.0316046625375748 -0.0402948893606663 0.00305821560323238 0.0422806963324547 0.0756454542279243 -0.0154058132320642 0.0317357964813709 0.0381301194429398 -0.00867725536227226 0.0100885257124901 0.17974328994751 0.105965241789818 0.0032231779769063 0.0845194235444069 -0.00234698690474033 0.241097971796989 0.147697046399117 0.0747826173901558 -0.0277934148907661
-0.024581266567111 0.00470759579911828 -0.0136857377365232 0.00246148486621678 0.0168576948344707 0.0476956441998482 0.0517673976719379 0.025863029062748 0.103672921657562 0.0438823103904724 0.038943562656641 -0.0290441941469908 0.0200550258159637 0.0873379185795784 0.0164740588515997 -0.0164121184498072 0.00394934928044677 0.0483628660440445 -0.0180866625159979 -0.025037556886673 0.0136966286227107 0.109350569546223 0.0238750446587801 0.034172173589468 0.0406384356319904 0.0435588881373405 0.0597468987107277 -0.01517971791327 0.176250830292702 0.00351582886651158 -0.0333857648074627 -0.0152644440531731 -0.0210226643830538 0.123561047017574 0.0386803410947323 0.0828877314925194 0.0019507227698341 0.0704770535230637 0.0232891235500574 -0.0269218999892473 -0.00634327298030257 0.137993961572647 -0.0737603455781937
0.0148911783471704 -0.00782635994255543 -0.0153641020879149 0.0298337340354919 -0.0102308802306652 -0.0245345178991556 0.0323570556938648 0.0543981902301311 -0.0499382726848125 0.043538186699152 -0.0309350993484259 -0.0123386802151799 0.060429647564888 0.0544332042336464 0.0471469387412071 0.00337851606309414 0.00584760261699557 0.0494937710464001 0.066657193005085 0.0146278338506818 -0.037083737552166 0.0143602471798658 0.0251324884593487 0.0331519395112991 0.109355717897415 0.0321155749261379 0.106753498315811 -0.0429173223674297 -0.00318909157067537 -0.0325726754963398 0.0241187792271376 -0.0918401107192039 0.00205297488719225 0.0892017409205437 0.209675312042236 0.0913029983639717 0.117633156478405 -0.0177619885653257 0.0982020497322083 -0.0559118092060089 0.0631333217024803 0.0781450420618057 0.0454910844564438
0.0291326995939016 0.0279779974371195 0.0554502829909325 -0.0241149831563234 0.00117190962191671 0.0297319814562798 0.0469952523708344 -0.00567163759842515 0.0629974752664566 0.0447422713041306 -0.001507906941697 -0.0449281744658947 0.0102393804118037 0.00409976858645678 0.0149755692109466 0.0689917579293251 0.0575162433087826 0.0353603363037109 0.041788998991251 -0.0697261020541191 0.0402695089578629 0.0617277547717094 0.0591168031096458 0.0293469280004501 0.0564396381378174 0.03404800593853 0.00838451739400625 0.0472078733146191 -0.0116235064342618 0.0603818036615849 0.051865141838789 0.0813794210553169 -0.00811976660043001 0.0893453508615494 0.0724517479538918 0.0508283786475658 0.13510750234127 -0.0403830707073212 0.0397548526525497 0.132292598485947 0.0624343752861023 0.0797758251428604 -0.0109766758978367
-0.0106242541223764 0.0230684019625187 0.00125477928668261 0.0644583255052567 0.00848472025245428 0.0513858981430531 0.0856485292315483 0.0430793166160583 0.0428045690059662 0.0576253831386566 0.0057599563151598 0.0223349034786224 -0.00724250730127096 0.0549369044601917 -0.00753761827945709 0.0478084422647953 -0.0847166106104851 0.0783137455582619 0.0682019144296646 0.0121735520660877 0.0558713153004646 0.0294102802872658 0.024566201493144 0.103837385773659 0.0784842222929001 0.071622833609581 -0.00694090314209461 0.0366454906761646 0.00656827539205551 0.0588928647339344 -0.00212818942964077 -0.0277965795248747 0.0177861414849758 0.109621934592724 0.0721523463726044 0.049029853194952 0.0636966302990913 0.0108119081705809 -0.0460571274161339 0.00326066627167165 0.101867698132992 0.0423198603093624 0.0528568625450134
0.0610902234911919 0.0588063299655914 0.0422927364706993 0.0919458717107773 0.0772669166326523 0.0976505279541016 0.0264222323894501 0.046176839619875 0.100276753306389 0.00416280422359705 0.086308941245079 0.0617495961487293 0.0303339120000601 0.043717049062252 -0.0421213135123253 0.0253465548157692 0.0841959491372108 -6.13640440860763e-05 0.125704228878021 0.0116023765876889 0.0196234751492739 0.0654539540410042 0.0169200487434864 0.0167960394173861 0.083698496222496 0.0889639258384705 0.0209476556628942 -0.00354163465090096 0.048597052693367 0.0137500511482358 -0.0379325300455093 -0.106629632413387 0.130381286144257 0.0902896821498871 0.107382133603096 0.119637250900269 0.0659698396921158 0.0681556910276413 0.0876489803195 0.132232815027237 0.0378307551145554 0.115814052522182 0.0122516192495823
-0.0301096811890602 0.0814343988895416 0.00357158854603767 0.0386417098343372 0.0810183733701706 0.0526855252683163 -0.000964958569966257 -0.0142312506213784 0.0725396275520325 0.112205550074577 0.0482317097485065 0.0453168675303459 0.0712902173399925 0.0973160639405251 0.105677179992199 0.0712621137499809 0.0622110143303871 0.0611659102141857 0.0201283972710371 0.118841961026192 0.0219847522675991 0.0503819473087788 0.0109336171299219 0.101172924041748 0.111268647015095 0.00541033362969756 0.00428740587085485 0.0470710881054401 0.140643298625946 0.0877262279391289 -0.117022879421711 0.0353855825960636 0.0172260794788599 0.0410836935043335 0.164006546139717 0.0115553950890899 0.0892230719327927 0.114141285419464 0.120564199984074 -0.0796238034963608 0.107625961303711 0.0645747259259224 0.0696291252970695
0.00891139451414347 0.0558477453887463 -0.0235196389257908 -0.0475108027458191 0.082687571644783 -0.0239274706691504 0.0573700442910194 0.0638870894908905 0.00945844501256943 0.10871434956789 0.029636237770319 0.0580440945923328 -0.0151795679703355 0.0671659409999847 0.0378139577805996 0.0417468100786209 0.0838901847600937 0.0405207239091396 0.0759456381201744 0.0257305037230253 0.102666288614273 -0.0286871250718832 0.0391028001904488 0.118940986692905 0.0151196802034974 0.00400132685899734 0.0798565223813057 0.0312605313956738 0.0377787128090858 0.0762883424758911 -0.114992842078209 -0.0173171740025282 0.112925492227077 -0.00366177805699408 0.0274388678371906 0.0818828940391541 0.133094474673271 0.0876485779881477 0.0641682669520378 0.0836921036243439 0.0275314897298813 0.0399875231087208 -0.00373837118968368
0.00188302993774414 0.0292220618575811 0.0907381549477577 0.04789974167943 0.0238560065627098 0.0031426683999598 0.0704634264111519 0.0175744201987982 0.00375420297496021 0.0514749884605408 0.0736263692378998 0.169575348496437 0.112344279885292 0.0489142723381519 -0.00557429855689406 0.0397755019366741 0.116223968565464 0.0794935375452042 0.0342808961868286 0.114641755819321 0.0781659260392189 0.0425933562219143 0.0973867624998093 0.013706486672163 0.0567170791327953 0.0504622980952263 0.0276492387056351 0.0546556003391743 0.035603754222393 -0.0270017180591822 -0.0268701631575823 0.100797049701214 0.0521215461194515 0.058614082634449 0.0973386019468307 0.0255692061036825 0.0627212449908257 0.127814754843712 0.0652130469679832 -0.0311965402215719 -0.0287592671811581 0.0881551206111908 0.0458733290433884
0.0270637013018131 0.0225250031799078 0.0784029811620712 -0.0305519793182611 -0.0188140962272882 -0.0149353304877877 -0.0485537275671959 -0.0090856896713376 0.0057740225456655 0.10429423302412 0.0831631869077682 0.154630765318871 0.182402580976486 0.0989857390522957 0.029328903183341 0.0713071674108505 0.0592671632766724 0.0222535543143749 0.106492899358273 0.113296695053577 0.0370006449520588 0.0537731237709522 0.0190587043762207 0.107169769704342 0.120931386947632 0.0707278847694397 0.0925870388746262 -0.00795073062181473 0.0878468528389931 0.0546497367322445 0.0423182882368565 0.0822150111198425 0.071923203766346 0.114084377884865 0.109176836907864 0.223615646362305 0.106427036225796 -0.0424725785851479 -0.0359523147344589 0.0141636347398162 -0.025297662243247 0.0155366100370884 0.049106165766716
-0.0239482279866934 0.0615232065320015 0.0170775074511766 0.0452849082648754 0.0487614683806896 -0.0254004243761301 0.0491110868752003 0.0182457435876131 0.0691594034433365 0.0206967331469059 0.115950651466846 0.186205118894577 0.11360502243042 -0.0339398384094238 0.0138120269402862 0.0368143804371357 0.102985180914402 0.101857148110867 0.0903569981455803 0.0774823054671288 0.060659009963274 0.0860779583454132 0.00804032757878304 -0.0264861807227135 0.0667590722441673 0.0110719576478004 0.0725529119372368 -0.0159690249711275 0.0780656188726425 0.165357917547226 0.0175664890557528 0.000727787613868713 0.0675377026200294 0.124121785163879 0.122041746973991 0.0961405336856842 0.0218049995601177 0.0367713868618011 0.0336217246949673 0.101389408111572 0.0405693650245667 0.1035191193223 0.0272614937275648
0.00420509930700064 0.0248806569725275 -0.0215410999953747 -0.0219518225640059 -0.0140286833047867 0.0201627071946859 0.0331740714609623 -0.00157239427790046 0.0585532188415527 0.119430109858513 0.203762397170067 0.139898210763931 0.0200029164552689 0.0321521945297718 0.0393078699707985 0.0991317257285118 0.0930768772959709 0.0516159273684025 0.0311867967247963 0.0155852995812893 0.134769186377525 0.0516867525875568 -0.0336638428270817 0.0927876979112625 0.0483949556946754 0.048823531717062 0.124867670238018 -0.000413270929129794 0.0348299667239189 0.105950698256493 0.0127270566299558 0.0441891029477119 0.109590277075768 0.0117026744410396 0.0325351692736149 0.139114111661911 0.326597392559052 0.136403068900108 -0.000958138261921704 0.0227971244603395 0.0510036014020443 0.0109397359192371 0.0799118801951408
0.00857678707689047 0.0338885523378849 -0.0173612274229527 0.0204914025962353 0.0771476328372955 0.0432097539305687 0.00513143325224519 0.0293472204357386 0.118333227932453 0.156447559595108 0.0983937755227089 0.153372630476952 -0.00913154240697622 0.121203683316708 0.0458188652992249 -0.00511832814663649 0.0118081839755177 0.0942918285727501 0.0356634557247162 0.135797008872032 0.0925679579377174 0.0648357793688774 -0.0388708673417568 -0.0661011934280396 0.195951282978058 0.0573190450668335 0.0205047484487295 0.0563404932618141 0.0704363062977791 0.0869378000497818 0.0295717101544142 0.061979740858078 0.0579979941248894 0.0957437381148338 0.302731424570084 0.0777058005332947 0.0874316170811653 0.0790574178099632 0.0408475659787655 0.00109345884993672 0.0825756937265396 0.180691003799438 0.0423029027879238
0.0381700769066811 0.0571786984801292 0.0676278322935104 0.0120400479063392 -0.0115972124040127 0.0130975525826216 0.0623295120894909 0.102423653006554 0.154470860958099 0.0760709419846535 0.166390717029572 0.0681582763791084 0.124200090765953 0.0514011904597282 0.0898236930370331 0.0557314865291119 0.0221290476620197 0.0960077941417694 0.115346029400826 0.0802241563796997 0.00133246020413935 0.0656827017664909 0.0248483866453171 0.0425334088504314 -0.0222875662147999 0.0816864222288132 0.0688327774405479 0.0680106058716774 0.0779064446687698 0.0949860438704491 0.0688677504658699 0.0763201713562012 0.186000064015388 0.114703893661499 0.0316081494092941 0.0611365251243114 0.105013363063335 -0.0108760837465525 -0.0175457000732422 0.0876205563545227 0.091056689620018 0.0608083046972752 0.133033066987991
0.00244299182668328 0.0733778923749924 -0.0343690924346447 0.0155130475759506 0.0512725822627544 0.0283726062625647 0.0715562626719475 0.0213399454951286 0.158677369356155 0.181519523262978 0.207972526550293 0.188298672437668 0.162106052041054 0.0989205986261368 0.0073625254444778 0.216495051980019 0.096624918282032 0.183237105607986 0.0476779900491238 0.1327805519104 0.132310569286346 -0.0103170927613974 0.0957026407122612 0.021342920139432 0.117086820304394 0.0467968508601189 0.0262966919690371 0.0913263559341431 0.209869623184204 0.116781800985336 0.0439710840582848 0.0848654136061668 -0.0295339040458202 0.0279380660504103 0.0202173907309771 0.166504546999931 0.0994807630777359 0.0839050933718681 0.0321721136569977 0.111340664327145 0.102905727922916 0.0881731510162354 0.131941139698029
0.0600061006844044 0.0219233520328999 -0.00786617118865252 -0.00763486512005329 0.0195618588477373 0.0234941691160202 0.0885237157344818 0.167258754372597 0.11671207100153 0.164459735155106 0.191763684153557 0.0863901749253273 0.130046918988228 0.0923571437597275 0.0929203629493713 0.0578966289758682 0.234557703137398 0.0520468279719353 0.100753903388977 0.0780466571450233 0.164998546242714 0.151326552033424 0.0426134131848812 0.12337863445282 0.0436523742973804 0.0330818481743336 0.100628159940243 0.0928224548697472 0.0607162080705166 0.0838836878538132 0.131871104240417 0.0323089472949505 0.0418561585247517 0.0652812868356705 0.052712868899107 -0.0214317142963409 0.110061220824718 0.0254502147436142 0.00383545458316803 0.0747654661536217 0.0805676802992821 0.145469278097153 0.0749653801321983
0.0568495541810989 0.0670126751065254 0.0474446527659893 0.11210223287344 0.0387582033872604 0.095779225230217 0.0668030977249146 0.0123119531199336 0.147633954882622 0.161244168877602 0.1104421839118 0.129443019628525 0.163252398371696 0.0982404500246048 0.175139993429184 0.13966491818428 0.11482011526823 0.092457227408886 0.078260563313961 -999 0.17017674446106 0.118212200701237 0.112518556416035 0.124436616897583 0.14690987765789 0.102561742067337 0.0578195936977863 0.0974380671977997 0.0890596508979797 0.092068612575531 0.13975715637207 0.0875183939933777 0.0501048602163792 0.141163289546967 0.114984005689621 0.110297314822674 0.054112259298563 -0.00442165834829211 0.13593590259552 0.0903132408857346 0.0492995642125607 0.085287518799305 0.0504591166973114
0.0463768690824509 -0.00954335648566484 0.0770085006952286 0.119302369654179 0.0277263280004263 0.0465484745800495 0.0706011950969696 0.138410046696663 -0.0449545010924339 0.0802240744233131 0.022756589576602 0.0648272484540939 0.0968555882573128 0.0235489327460527 0.0812986493110657 0.114278830587864 0.128233417868614 0.104449473321438 0.134732991456985 0.128548264503479 0.0953665971755981 0.105566203594208 0.177090808749199 0.157907277345657 0.0849142074584961 0.0521605499088764 -0.0283509492874146 0.116155363619328 0.194674462080002 0.0924301072955132 0.121478393673897 0.0572638399899006 0.150003120303154 0.158511832356453 0.022827235981822 0.098769024014473 0.0472278967499733 0.00190689531154931 0.121924251317978 0.165436625480652 0.131616920232773 0.173639252781868 0.103762365877628
0.032885916531086 -0.104554422199726 0.039592981338501 0.0600270666182041 0.0490822792053223 0.10176594555378 -0.109597124159336 0.0363068990409374 0.034565307199955 0.0822042971849442 0.142597734928131 0.137982711195946 0.115891046822071 0.164643555879593 0.065798431634903 0.180625453591347 0.074085958302021 0.169559180736542 0.0942782163619995 0.139193832874298 0.0594902448356152 0.127345085144043 0.0889360457658768 0.116608344018459 0.0255609266459942 0.143122628331184 0.0900220274925232 0.225627139210701 0.220712631940842 -0.0308032743632793 0.0646954253315926 0.0716763138771057 0.102598451077938 0.0640066936612129 0.0932823345065117 0.138168752193451 0.0257205963134766 0.019197016954422 0.0754336789250374 0.097169317305088 0.0934943482279778 0.0623385198414326 0.0859948322176933
