assets/gome_f/processed/ascii/us/gome_sif_US_20120101.asc
NCOLS 116 
NROWS 53 
XLLCORNER -125 
YLLCORNER 24.5 
CELLSIZE 0.5 
NODATA_value -3.4e+38 
[rows 0 to 18 of 53, columns 43 to 85 of 116]
-999 -999 -999 -999 -999 -999 -999 -999 -999 -999 -999 -999 -999 -999 -999 0.185963153839111 -999 0.359876722097397 -0.0848459377884865 -999 0.329146057367325 -999 -999 -0.00547917559742928 0.0800036862492561 -999 -999 -999 0.162341758608818 0.019881883636117 -999 -999 -999 -999 -999 -999 0.058172170072794 -999 -999 -999 -999 -999 -999
-999 -999 -999 -999 -999 -999 -999 -999 -0.146977752447128 -999 -999 -999 -999 -999 -999 -999 0.224615320563316 0.108902171254158 -999 -999 -999 -999 -999 -999 -999 -999 -999 -999 -999 -999 -999 -999 -999 -999 0.0648205354809761 -0.0358100943267345 0.0726975128054619 -999 -999 -999 -999 -999 -999
-999 -999 0.0854954794049263 -999 0.0385539531707764 -999 -999 -0.104482963681221 -999 -0.0231734868139029 0.0134632783010602 -0.202578529715538 -999 -999 -999 -999 -0.135393410921097 -999 -999 -999 -999 -999 -999 -999 -999 -999 -999 -999 0.0360787212848663 -999 -999 -999 -999 -999 -999 0.164394900202751 0.034545049071312 0.138959482312202 -999 0.130646780133247 -999 0.0271550789475441 -0.0545346848666668
-0.081985130906105 -999 -0.265411734580994 -0.195693299174309 -0.0814158618450165 -0.0430493094027042 0.141039624810219 0.0584228485822678 0.041527908295393 -0.0795067101716995 0.174325853586197 0.0225403234362602 0.0295763537287712 -999 -999 0.207961589097977 0.180678680539131 -999 -999 -999 -999 -999 0.0504213608801365 -999 -999 -999 -0.0130349397659302 -0.10407330840826 -0.152459070086479 -999 -999 -0.198824346065521 -999 -999 -999 -999 -999 -0.0640170723199844 0.103810422122478 0.0184613186866045 -999 0.183582589030266 -999
0.104499474167824 -0.00133991055190563 -0.0297972857952118 0.220326647162437 0.114369690418243 -0.0144277792423964 -0.00936338491737843 -999 0.116791374981403 -999 -0.0905487537384033 0.283083587884903 0.0733881294727325 -0.0273082386702299 -999 0.0643462613224983 -0.0294782947748899 -0.108126409351826 0.0387533977627754 0.00469548488035798 0.0092715248465538 -999 -999 -999 -999 0.0576456896960735 -999 -0.0604882165789604 -999 -0.202921375632286 -999 -0.147004216909409 0.0343881584703922 0.12918695807457 -0.163293614983559 -999 -0.20635487139225 -0.211271807551384 -0.0872229486703873 -0.090664803981781 -0.0343511626124382 0.038614746183157 0.0165202151983976
0.105226196348667 -0.130833223462105 -0.0177582632750273 0.0449120551347733 -0.0930790156126022 0.00628136843442917 0.00766994245350361 0.0657481551170349 0.107637144625187 -0.0310038644820452 0.0149618787690997 -999 -0.0700302496552467 -0.0962754338979721 0.179153442382812 -0.0347248017787933 0.0588700287044048 0.0923618227243423 0.0432982034981251 0.0634220689535141 0.114379376173019 0.0362445451319218 0.0344061739742756 -0.0430522486567497 0.00254767015576363 -999 0.118886113166809 -0.110839694738388 -0.0243374183773994 0.107919834554195 0.0337934345006943 -0.195784360170364 0.0229087546467781 0.144289612770081 0.100394673645496 -999 -0.0445600859820843 -999 -0.0028933584690094 0.154324874281883 0.00279670068994164 0.0108425989747047 0.0198997128754854
-0.0423128604888916 0.00967005640268326 0.0390719026327133 0.0340736918151379 0.192590311169624 -0.0295647047460079 0.0283338204026222 0.0280264876782894 0.0474834889173508 -0.166588693857193 0.118110716342926 0.0481981821358204 -0.0790107846260071 -999 -0.0364238210022449 -0.0280096493661404 0.0543730556964874 0.0457662492990494 0.0531327091157436 0.0852611511945724 0.0201731435954571 0.00599300255998969 -0.169995203614235 0.0490524172782898 0.0234797839075327 0.0690468102693558 -0.0961853489279747 -999 -0.118533097207546 -999 -999 -0.235816389322281 -0.13292396068573 -0.230742752552032 -999 0.0596377775073051 -0.0628588423132896 -999 -999 -999 0.0649406164884567 -999 -0.086211659014225
0.064766064286232 0.0130017222836614 0.0479153245687485 0.0388422720134258 -0.0328996330499649 -0.0430266633629799 -0.0686916261911392 0.00595177710056305 0.00999307632446289 -0.0309558492153883 0.0822980031371117 0.115904375910759 0.04387516528368 0.0389003492891788 0.0624372027814388 0.255801916122437 0.0434125661849976 0.0554778538644314 0.0606102384626865 0.0595131739974022 0.0744885727763176 -0.0314425081014633 -0.0934210419654846 0.0122513109818101 -0.0712769031524658 0.00465041678398848 0.0525987222790718 -999 -0.0644857585430145 -999 0.196923315525055 0.0428652875125408 -999 -999 -0.164208367466927 -999 -999 -0.0706616789102554 -999 -0.0648742616176605 -0.0105895400047302 -0.26592430472374 -999
-0.0032741182949394 0.01235431432724 0.0815151408314705 -0.00744947046041489 0.0336798541247845 -0.0114477276802063 0.0227515436708927 -0.0728823617100716 0.15800429880619 0.000909477472305298 0.0631927326321602 -0.055323600769043 0.120473124086857 -0.0710786283016205 -0.000875021622050554 0.0995693877339363 0.0699320659041405 -0.0508052483201027 -0.0209184102714062 0.00916947610676289 -0.0783995613455772 0.00664958357810974 0.0375962778925896 0.038073293864727 0.0160502977669239 0.00374907255172729 0.0464941635727882 -0.0570259690284729 -999 0.111337289214134 0.207681834697723 -999 -0.133216068148613 -0.0233903806656599 0.0735045894980431 0.0101029323413968 -999 -0.0407989248633385 -999 -0.0433379746973515 -999 0.139413774013519 -999
0.0801090896129608 0.0252794120460749 0.0958830714225769 0.0685104727745056 0.0452998578548431 0.0722855031490326 0.0261695440858603 0.0744359046220779 0.0930856987833977 -0.00821387022733688 -0.0266569666564465 -0.0188554115593433 0.0577359423041344 0.046735443174839 0.0194429401308298 -0.0515918210148811 -0.0194131601601839 0.194163843989372 0.0111247869208455 -0.010822937823832 -0.062836080789566 -0.086454339325428 0.0248043350875378 0.0741873532533646 -0.00834916066378355 0.0731746181845665 0.000800348818302155 0.0284777842462063 -999 -0.0435860902070999 0.0861261039972305 0.0603860132396221 0.125676989555359 0.0990641266107559 0.0262511074542999 -0.272677809000015 -0.0311830677092075 -999 -999 -999 0.0877607688307762 -999 -0.0336678065359592
0.0561338402330875 -0.0289072226732969 5.88268048886675e-05 -0.0144133353605866 0.0369285382330418 -0.00359576288610697 0.056458692997694 0.0503066852688789 -0.0233200863003731 0.0141508188098669 0.0216947048902512 0.0499626435339451 -0.00604758085682988 -0.0993293970823288 -0.178769752383232 0.00342989852651954 0.068161204457283 0.0419768989086151 0.0156783908605576 0.14494001865387 0.0171701237559319 -0.0885230675339699 -0.00463441852480173 -0.0345546118915081 0.0802729576826096 0.179500862956047 0.00405084853991866 0.0110083529725671 -0.000992387533187866 0.124516598880291 -0.0131222084164619 -0.0403964668512344 0.0170968119055033 0.0109051894396544 0.0353660359978676 -0.0687494426965714 0.121927462518215 -0.208549052476883 -0.00566399469971657 -0.0808362811803818 0.0686232224106789 -999 0.15081462264061
-0.0499322451651096 -0.0130690513178706 0.0359778068959713 -0.0328559689223766 0.0333886258304119 0.11079914867878 0.0276712644845247 -0.00202469527721405 0.0144167533144355 -0.043662503361702 -0.039398442953825 0.0650281608104706 0.211077332496643 -0.0249594580382109 -0.0433535426855087 0.0183408930897713 0.0605585724115372 0.00831172429025173 -0.0422666072845459 0.0800103172659874 0.113394036889076 -0.0981031134724617 -0.0375832356512547 0.0799460709095001 0.0763911604881287 0.109674923121929 0.111954294145107 0.118985794484615 -999 0.00807438790798187 0.0222267359495163 -0.013645370490849 -0.0370080359280109 -0.0204879455268383 -0.0152927031740546 -0.0328860245645046 -0.312886774539948 0.00147980637848377 0.0209235716611147 0.254424184560776 0.0221201628446579 -999 0.080014280974865
-0.0348147936165333 0.0559903457760811 0.017566105350852 -0.00456555467098951 0.0225819442421198 -0.0261454004794359 0.0264438185840845 -0.029203075915575 0.107513003051281 0.114730201661587 0.014550881460309 -0.0784633159637451 0.0836527347564697 0.0623048730194569 0.0304875038564205 0.0725528076291084 -0.0193900372833014 0.126741737127304 -0.0270073972642422 0.0656565800309181 0.0627082958817482 -0.0701265409588814 0.0479003973305225 -0.0270824655890465 -999 -0.0769206285476685 -0.058776069432497 -0.0673710778355598 -999 -0.0212257374078035 -0.178041860461235 0.0946292132139206 -0.00549271842464805 -0.0214887224137783 -0.216681689023972 -0.110699199140072 -0.0394255332648754 -999 -0.0428423434495926 0.0741689950227737 0.0783747732639313 -0.135046809911728 -0.0149159803986549
0.0268867537379265 0.0581212677061558 0.0334631614387035 0.0352303944528103 -0.0530212745070457 -0.0596658512949944 0.0773933529853821 -0.0384324565529823 -0.00774508202448487 -0.0141312126070261 0.0185686014592648 0.0668112710118294 -0.00864180270582438 0.0106602245941758 -0.0451284795999527 0.0470942258834839 0.103425115346909 -0.0485680140554905 -0.0632792115211487 0.0528903231024742 0.0387601591646671 0.0207338239997625 -0.0327463820576668 0.138729557394981 -0.119367361068726 0.143712431192398 -0.0834674760699272 0.0246450863778591 -0.164997264742851 -0.0752493068575859 -0.0485250204801559 0.0315103195607662 -0.020012503489852 -0.0421282351016998 0.00961759686470032 0.00884866621345282 -0.00155957124661654 0.0282140076160431 0.0278080943971872 0.0511423274874687 0.0106351748108864 -0.17463855445385 -0.0783318281173706
0.0132392346858978 -0.0723900571465492 0.0356033034622669 -0.0542385019361973 0.0797231271862984 -0.0154554164037108 -0.0364931635558605 0.0447455756366253 -0.125872194766998 -0.0397329144179821 0.0491643212735653 0.0323313549160957 0.0347643718123436 -0.0031646229326725 -0.0777237862348557 -0.0202541742473841 0.0677081421017647 0.0154932038858533 -0.154208213090897 0.118315294384956 -0.00355269480496645 0.0502156130969524 0.0281014200299978 0.0517959482967854 0.0830533728003502 -0.0555051639676094 0.151559084653854 0.0191254261881113 -0.0651789978146553 0.129073038697243 0.0906969904899597 0.103434436023235 -0.0457646921277046 -0.0597402788698673 -0.0368615053594112 0.0522953979671001 -0.175274595618248 0.190086856484413 -0.0289565958082676 -0.00634274305775762 -0.0650628805160522 -0.000330794835463166 0.128871008753777
-0.0371730998158455 0.0502438507974148 0.018122585490346 0.0798348486423492 -0.0111440820619464 -0.00309694837778807 0.0145162492990494 0.0856501236557961 0.0187340583652258 -0.0228240005671978 -0.0730466991662979 -0.0119904642924666 0.0383263975381851 0.0760143920779228 -0.0521411411464214 -0.029991177842021 0.0443118698894978 -0.00451677152886987 -0.101786591112614 0.00860500335693359 -0.0502097085118294 -0.0500708669424057 -0.0253531280905008 0.106859907507896 -0.0485501550137997 -0.0168616380542517 -0.0563089959323406 0.0312262587249279 0.0320189222693443 0.108359977602959 0.15256080031395 0.000594337529037148 -0.132695481181145 -0.0320329815149307 0.0542183518409729 0.0807151049375534 0.0579039826989174 -0.0538696646690369 0.111298479139805 0.0192463044077158 -0.0145608531311154 0.167572394013405 0.117708794772625
0.067962221801281 0.0417854115366936 -0.000670567154884338 -0.0443943925201893 -0.0235008094459772 0.0495471134781837 -0.0246644075959921 0.0277710389345884 0.042445957660675 0.0146938841789961 0.0467565283179283 0.0466943681240082 0.0406609624624252 -0.01948032528162 0.00100982934236526 0.0474755354225636 0.0233925133943558 0.0767985284328461 -0.0383639968931675 0.00965211261063814 -0.0678868666291237 -0.0469384305179119 -0.00311092287302017 0.0134415347129107 -0.0236326213926077 0.0131822330877185 0.0673192217946053 -0.0181114636361599 0.00658297538757324 0.0298265796154737 0.0232041627168655 0.114860408008099 -0.00564919039607048 -0.0405649952590466 -0.163084000349045 -0.248710811138153 0.179556772112846 0.163017272949219 0.0407317504286766 0.00163657870143652 0.0781210511922836 0.0134260933846235 -0.143681362271309
-0.0526410490274429 0.0294897239655256 0.127470210194588 0.0027831275947392 0.0385743677616119 0.0147797195240855 -0.0386035963892937 -0.00370559492148459 0.061989426612854 0.035269595682621 0.0117243388667703 0.0438083037734032 0.0608082301914692 0.0814321935176849 0.0249018520116806 0.0646248683333397 0.0634474083781242 0.0379174798727036 0.0698695257306099 -0.00671384716406465 -0.0495420880615711 -0.00634384388104081 -0.0654455870389938 0.0328392796218395 0.0467091724276543 0.0510450042784214 0.13218005001545 0.103583335876465 0.0577327944338322 0.106865145266056 0.0759713277220726 -0.0466940179467201 -0.0161962732672691 -0.0178721435368061 0.0805230811238289 0.0683467909693718 0.0685845538973808 0.127991110086441 -0.0109624145552516 0.0207269322127104 -0.0152927916496992 0.00614234060049057 -0.105764538049698
0.0401750393211842 -0.00118113413918763 0.0518720895051956 -0.0189342722296715 0.00580391567200422 -0.0250956621021032 0.0954332500696182 0.0333744511008263 -0.000140282427310012 0.00850253272801638 -0.0471557155251503 0.0786172673106194 0.0213311798870564 0.0408793352544308 0.10085067898035 0.0669364631175995 0.0721888989210129 -0.0432637929916382 -0.0258396882563829 0.0186192020773888 0.0170245207846165 -0.088462620973587 0.103498294949532 0.0253676529973745 0.0235753394663334 -0.00759292580187321 -0.042939804494381 -0.038822278380394 0.0158042535185814 0.00561304297298193 0.0458404421806335 0.0133247943595052 0.00319273397326469 -0.0367866009473801 0.096921905875206 0.133557140827179 0.0648323595523834 0.0365219339728355 0.11963863670826 0.0740727186203003 0.0383125655353069 0.0274872500449419 0.15832607448101
