assets/gome_f/processed/ascii/us/gome_sif_US_20130201.asc
NCOLS 116 
NROWS 53 
XLLCORNER -125 
YLLCORNER 24.5 
CELLSIZE 0.5 
NODATA_value -3.4e+38 
[rows 19 to 37 of 53, columns 43 to 85 of 116]
0.0345781780779362 -0.0452640950679779 -0.0775534734129906 -0.0143318325281143 0.0642848238348961 0.0197108499705791 0.0988498255610466 0.0275656878948212 -0.0724803581833839 0.0550711788237095 0.044807493686676 0.008785055950284 0.00227613793686032 0.0127648105844855 0.00592320784926414 0.0133222658187151 -0.0358769148588181 -0.0430088825523853 -0.0493752136826515 -0.0137394871562719 -0.21288974583149 0.00281366612762213 -0.0711397379636765 0.0525408387184143 -0.0626942589879036 -0.186419740319252 -0.00750892702490091 0.0572922714054585 -0.0330683328211308 -0.0811425074934959 -0.0729112550616264 0.137158274650574 -0.0238020718097687 0.0716378688812256 -0.274860560894012 -0.08660027384758 -0.130029991269112 0.0910879224538803 0.0878501534461975 0.182590216398239 0.0788479298353195 -0.0764002799987793 -0.040542796254158
-0.0982198864221573 -0.0184133667498827 -0.00610772939398885 0.0334675684571266 -0.0161638185381889 0.0336179845035076 0.0126073155552149 0.000317956495564431 0.0324911400675774 0.0567843541502953 -0.0545050501823425 0.079127810895443 -0.0745253264904022 0.00924829579889774 0.0120296841487288 0.0718434900045395 -0.0133425798267126 0.051289014518261 0.0116469785571098 0.127741172909737 -0.0738084390759468 0.0132377939298749 -0.00956781394779682 -0.00151269265916198 -0.0982779562473297 0.0079826433211565 0.0285111293196678 0.0890179574489594 0.0829701125621796 0.0713075622916222 -0.0343402810394764 0.00934110768139362 -0.112433537840843 0.107837811112404 0.0662059336900711 -0.059496209025383 -0.0575001128017902 -0.0321870408952236 0.0933030694723129 0.311320036649704 0.102446779608727 -999 0.0716129392385483
-0.0590521916747093 0.150063842535019 -0.0724057704210281 0.00354323885403574 0.0538349114358425 0.0450370237231255 -0.043460488319397 -0.0323258861899376 -0.0190356373786926 -0.0487051829695702 0.0853148698806763 -0.0303386114537716 -0.0239521246403456 0.00655796518549323 0.0771965608000755 -0.082070454955101 0.0971627309918404 0.0671093165874481 0.0346292592585087 0.229034423828125 -0.00526256859302521 0.0787165239453316 0.135873839259148 -0.0615001507103443 -0.000685464066918939 0.0761661231517792 0.0169237181544304 0.127816498279572 0.0297321695834398 -0.0441443920135498 0.0281478893011808 -0.0356724411249161 0.110277079045773 -0.0427592545747757 -0.00502427294850349 0.131363421678543 -0.0324617028236389 -0.0275882892310619 -0.0649414286017418 -0.002907395362854 0.0475084781646729 -0.0244348850101233 0.152454704046249
-0.000390855886507779 -0.0197465103119612 -0.0103228967636824 -0.018939571455121 0.023867366835475 -0.0163298081606627 -0.01895497366786 0.00866672582924366 0.0656025484204292 -0.0111820781603456 -0.00451287347823381 -0.00672492943704128 0.065147653222084 0.114975363016129 0.0186897125095129 -0.0310334600508213 0.0345915220677853 0.0201045423746109 -0.0803662687540054 0.0142662646248937 0.0957666039466858 0.0384436957538128 0.0860834643244743 0.00930687971413136 0.148061707615852 0.0226308200508356 0.0552383288741112 0.0411128625273705 0.0040215621702373 -0.0219649784266949 -0.00137091835495085 0.0264429748058319 0.000143473414937034 -0.0187537390738726 0.0882468074560165 0.0877451822161674 0.0365025699138641 0.0423607788980007 0.169634580612183 0.0447442270815372 0.156035393476486 0.101975612342358 0.0659116581082344
0.0330832749605179 0.00732474261894822 -0.00626885006204247 0.00407912954688072 0.0181311424821615 -0.0249890014529228 0.0624447390437126 -0.0235948357731104 0.00976536329835653 0.0684749111533165 0.141937226057053 0.0144022013992071 0.113339744508266 0.065544031560421 0.0632656291127205 0.121718183159828 0.0266995076090097 0.0181569010019302 -0.00712103489786386 0.102882653474808 0.0608807615935802 0.0296919122338295 0.145238623023033 0.0701916143298149 0.0933901891112328 0.150504216551781 0.0335841625928879 0.00181836390402168 0.00926942471414804 0.00207733479328454 0.0774284601211548 -0.00629480136558414 0.0795085728168488 0.0616857707500458 -0.0424467325210571 -0.13398303091526 0.0874179974198341 -0.00127606221940368 0.0297124739736319 0.00337720010429621 -0.127154499292374 0.043882854282856 0.0669825971126556
0.0177596174180508 0.0898086205124855 0.0800720155239105 0.0817394405603409 0.0388767495751381 -0.0444027744233608 0.0548080019652843 0.0861267000436783 0.0789748579263687 0.0121544785797596 0.0353840552270412 0.149307951331139 0.0259122960269451 0.0139175252988935 0.0387789607048035 0.0548731312155724 0.00770090287551284 0.0407849960029125 0.0458133183419704 0.0361109152436256 0.0395797193050385 0.0706983506679535 0.130022272467613 -0.0394331179559231 0.021138921380043 0.0914631187915802 -0.0212351698428392 0.0806879773736 0.0287686213850975 0.0169131420552731 0.0641900971531868 0.0746820122003555 -0.0446275919675827 0.0378917567431927 -0.011274591088295 0.0691861137747765 0.0349325723946095 0.0301276091486216 0.0646298229694366 0.0397932603955269 0.0742458254098892 0.10577304661274 0.0541163831949234
-0.00380413862876594 0.0316729061305523 0.045068047940731 -0.00839915219694376 0.0385305695235729 0.0748168453574181 0.0619907937943935 0.0481726229190826 0.0904044285416603 0.0826678425073624 0.0612359866499901 0.132149681448936 0.0853058397769928 0.104449041187763 0.0101650459691882 0.0444150865077972 -0.0557243712246418 0.143506675958633 0.0843326076865196 0.1380984634161 0.0499185919761658 0.00434810295701027 0.116635620594025 0.0360544063150883 0.149050205945969 0.0855925306677818 0.0394464395940304 0.0468191467225552 -0.0242422167211771 0.0855237022042274 0.0670250579714775 0.0710775554180145 0.0939577370882034 0.109094336628914 0.0344708301126957 0.0760536044836044 0.123378999531269 -0.0506372824311256 0.0554170869290829 0.10187342017889 0.201853156089783 0.0589687637984753 -0.00415791850537062
0.0517095178365707 0.0909765660762787 0.0138626843690872 0.0103148957714438 0.0506524369120598 0.108440540730953 0.0487127900123596 0.0317491888999939 0.0976412668824196 0.0934572219848633 0.0603834986686707 0.171385407447815 0.106356382369995 0.0644521415233612 0.04287139326334 0.0586781650781631 0.136537835001945 0.00894597638398409 0.157019689679146 0.0876821354031563 0.226301267743111 0.0776416659355164 0.0370454676449299 0.0927362963557243 0.164584875106812 0.0632702633738518 0.127265051007271 0.120047174394131 0.0487899072468281 0.11429999768734 0.100964844226837 0.111052118241787 0.0886104553937912 0.0874276831746101 0.16505429148674 -0.0359886661171913 0.151468858122826 0.106897197663784 0.132748275995255 -0.0102885365486145 0.0375323295593262 0.0506287887692451 -0.00425036996603012
-0.0264344029128551 -0.0248672422021627 -0.00226666405797005 0.0192154459655285 0.0601959340274334 0.00880937837064266 -0.0418142192065716 0.102220490574837 -0.0091797960922122 0.0438695065677166 0.0549509711563587 0.130624711513519 0.0398198366165161 0.00213486747816205 0.0742440298199654 0.102726794779301 0.0779498070478439 0.0378679074347019 0.165564194321632 0.166766956448555 0.0955878496170044 0.100180640816689 -0.00402178894728422 0.170300126075745 0.0583839192986488 0.108001418411732 0.0499914512038231 -0.000146925449371338 0.213242709636688 0.130321517586708 0.184714809060097 0.17412443459034 0.0893060117959976 0.105095632374287 0.0177278853952885 0.0733685567975044 0.219271957874298 0.160584062337875 0.00180715986061841 0.0531671047210693 -0.0249226242303848 0.0140348430722952 -0.110791422426701
0.0526116080582142 0.0401750355958939 -0.0403191968798637 0.0394614599645138 0.0586335472762585 -0.0197953246533871 0.108547940850258 -0.00650281505659223 0.0913763865828514 0.123595781624317 0.180891439318657 -0.0169717948883772 0.0090547101572156 0.11079403758049 0.00528687424957752 0.0268318448215723 0.11637544631958 0.12303102761507 0.0878582745790482 0.107702881097794 0.0708427354693413 0.140011951327324 -0.0462035126984119 0.170766115188599 0.142008244991302 0.123062714934349 0.118034824728966 -0.00726343737915158 0.0297963637858629 0.0334748476743698 0.080319918692112 0.12891548871994 0.165896221995354 0.139045387506485 0.117794774472713 0.0506996288895607 -0.00335235265083611 0.020454278215766 0.0196257401257753 0.0465506911277771 -0.134069293737411 0.052651971578598 0.181695252656937
-0.00715330895036459 -0.000492090010084212 0.125027850270271 0.0244145449250937 -0.0017018998041749 0.0327984429895878 0.00846486911177635 -0.00606517493724823 0.0716821849346161 0.0869939252734184 0.121061250567436 0.0354836918413639 0.0208220351487398 0.0996391251683235 0.0856084153056145 0.0581678450107574 -0.00320878718048334 -0.00850923079997301 0.0274314805865288 0.18661367893219 0.106084868311882 0.0403976887464523 0.0947130247950554 0.165674075484276 0.0921530649065971 0.0562484934926033 0.181903719902039 0.00287193432450294 0.127771347761154 0.0915950387716293 0.147046267986298 0.00397822028025985 0.122984617948532 0.108214683830738 0.0341855138540268 0.195329919457436 -0.00159616768360138 0.0394153818488121 0.12369354814291 -0.0304663702845573 0.014686762355268 0.162054345011711 0.068689726293087
-0.0417229421436787 -0.0430731177330017 0.0360307246446609 -0.00305034569464624 0.0717974156141281 -0.0386120714247227 -0.0532306358218193 0.0172677505761385 0.177837252616882 0.11249141395092 0.217884957790375 0.0147472377866507 0.137189999222755 0.103900671005249 0.0784725323319435 0.0286867581307888 0.0440083667635918 -0.00139970704913139 0.0902722179889679 -0.0333533026278019 0.0240797735750675 0.0469776652753353 0.00809585675597191 0.0379825048148632 0.0605014637112617 0.0135726174339652 0.253450751304626 0.122326612472534 0.106148459017277 0.093092180788517 0.0947187766432762 0.0923231318593025 0.0710547268390656 0.085749439895153 0.142245054244995 0.103361502289772 0.244273662567139 0.113123767077923 0.174565702676773 0.0291806515306234 0.00917870830744505 0.00331117212772369 0.0965503305196762
0.0615496635437012 -0.020416185259819 0.0597160272300243 0.00408412190154195 0.0447368957102299 0.0198353324085474 0.105362921953201 0.0338233336806297 0.109187267720699 0.160546600818634 0.113812819123268 0.11597865074873 0.070795439183712 0.106581792235374 0.071476012468338 -0.000403444195399061 0.0781544223427773 0.0282534081488848 0.192293643951416 0.135020866990089 0.0524298660457134 0.110921643674374 0.061074860394001 0.171349987387657 0.162074729800224 0.0848652571439743 0.0865900367498398 0.122692719101906 0.197752401232719 0.234239652752876 0.0517477579414845 -0.0109162731096148 0.22356903553009 0.118517808616161 0.480804532766342 0.114671222865582 0.0848323479294777 0.0460078343749046 0.116038545966148 0.0277037378400564 0.118911504745483 0.0750600248575211 0.0280953217297792
0.0260010734200478 0.0752894356846809 0.076263815164566 0.127438187599182 0.098940409719944 -0.00500037940219045 0.0876621156930923 -0.0276259183883667 0.076349176466465 0.144327148795128 0.0692941173911095 0.178102016448975 0.147834569215775 0.0891692191362381 0.129066377878189 0.0533695966005325 0.136777341365814 0.13218928873539 0.0730488300323486 0.189352482557297 0.0889337733387947 0.0386452339589596 0.0270338710397482 0.147246792912483 0.0533978082239628 0.0344585254788399 0.0422248356044292 0.105509236454964 0.0782376304268837 0.0850130170583725 0.000182843214133754 0.183779403567314 0.0428506694734097 0.109505161643028 0.140183091163635 -0.00821298360824585 0.0905049368739128 0.132190093398094 0.178383007645607 -0.0856821909546852 0.121469974517822 0.146060734987259 0.0642024129629135
0.027489896863699 0.068003848195076 0.0265015307813883 0.0619679763913155 0.00989497546106577 0.0117703303694725 0.0455495193600655 0.15115050971508 0.150373339653015 0.0269405245780945 0.145747616887093 0.0835439115762711 0.0624916665256023 0.0613803043961525 0.131333217024803 0.116794407367706 -0.253763467073441 0.125905007123947 0.246674090623856 0.093192532658577 0.0973575860261917 0.0771462842822075 0.0283248126506805 -999 0.0108557343482971 -0.000351113936631009 0.139473706483841 0.0347001142799854 0.173517405986786 0.153665482997894 0.033685814589262 0.118620671331882 0.0671950429677963 0.089817687869072 0.0954779088497162 0.191782012581825 0.193232238292694 0.0536060407757759 0.0286213271319866 0.223835304379463 0.14335460960865 0.0521796457469463 0.0880102440714836
-0.0219886749982834 0.0364531464874744 0.082850456237793 0.0914297327399254 -0.0068778283894062 0.0371035039424896 0.0393800251185894 0.30073493719101 0.104848772287369 0.0624413266777992 0.111622229218483 0.126672640442848 0.13594925403595 0.116289041936398 0.18290650844574 0.0887978374958038 0.0809134915471077 0.116901382803917 0.124769598245621 0.104501783847809 0.185897350311279 -999 0.142825469374657 0.128501534461975 0.0984254255890846 0.112778648734093 0.0967266410589218 0.14209833741188 -999 0.0799153223633766 0.0334895625710487 0.190998509526253 0.113315433263779 -0.170045644044876 -0.0148305594921112 0.142990425229073 0.146018892526627 0.0790247991681099 0.123210914433002 0.135640770196915 0.00345247122459114 0.0725190043449402 0.08132354170084
-0.00778215657919645 0.0646519735455513 0.0326863899827003 0.0676310658454895 -0.0119041902944446 0.0901606753468513 -0.00618006335571408 0.066107302904129 0.139374077320099 0.105502255260944 0.0225482732057571 0.0975671485066414 -0.00841193459928036 0.111551605165005 0.186310216784477 0.197704121470451 0.159314095973969 0.145881772041321 0.0694413110613823 -0.022483492270112 0.157032698392868 0.0875097885727882 0.099834032356739 0.127011522650719 0.119735784828663 0.0793288201093674 0.108949601650238 0.174282267689705 0.158894568681717 0.149007961153984 0.0997148752212524 0.0408760495483875 0.128731310367584 0.0189466681331396 0.107839249074459 0.0478235110640526 0.0716393887996674 0.0431121364235878 0.209572732448578 0.116134501993656 0.0569048784673214 0.0869375690817833 0.12657268345356
-0.00285916519351304 0.00189819629304111 0.0483285412192345 0.0278500858694315 0.0144088510423899 0.0109038408845663 0.00254077254794538 0.182306468486786 0.0980509668588638 0.0239198785275221 -0.021230012178421 -0.00474787643179297 0.010818219743669 0.188467398285866 0.217130780220032 0.269413381814957 0.0620357617735863 0.269218564033508 0.0827657878398895 0.122899770736694 0.258650422096252 0.0874482393264771 0.220285654067993 0.158036336302757 0.185408115386963 0.0980650037527084 0.167545109987259 0.11394389718771 0.188936248421669 0.259404093027115 0.0795844942331314 0.177158057689667 0.190833657979965 0.194570958614349 0.116710685193539 0.0787136182188988 0.123697839677334 0.131477281451225 0.1662477850914 0.1547562032938 0.128990441560745 0.19666962325573 0.140001490712166
-0.0193824861198664 -0.00623787380754948 0.0374606773257256 0.0559313520789146 0.0284231808036566 0.119688875973225 0.175060003995895 0.129868134856224 0.0351068302989006 0.0846321135759354 0.0680348947644234 0.0743138417601585 0.0798779353499413 0.229727417230606 0.167057707905769 0.1439039260149 0.150307476520538 0.157053679227829 0.203293234109879 0.150581508874893 0.251218557357788 0.224772945046425 0.0181419756263494 0.155118584632874 0.235021039843559 0.126686602830887 0.181685969233513 0.364314317703247 0.24439412355423 0.214986115694046 0.185082122683525 0.032552607357502 0.0919172316789627 0.180107533931732 0.0799628421664238 0.0957457721233368 0.0389882996678352 0.147402435541153 0.160208091139793 0.184176295995712 0.199958652257919 0.249305129051208 0.0896484777331352
