assets/gome_f/processed/ascii/us/gome_sif_US_20120201.asc
NCOLS 116 
NROWS 53 
XLLCORNER -125 
YLLCORNER 24.5 
CELLSIZE 0.5 
NODATA_value -3.4e+38 
[rows 0 to 18 of 53, columns 43 to 85 of 116]
-999 -999 -999 -999 -999 -999 -999 -0.0167481973767281 -999 -999 -999 -999 0.249798879027367 -999 0.132862448692322 0.164170235395432 -0.0524801649153233 0.135433107614517 0.0833472535014153 0.125299468636513 0.0480440072715282 0.0745112225413322 0.0401388667523861 0.0893996059894562 0.0174503736197948 -0.22770468890667 -0.0109944213181734 -999 -0.0283709838986397 0.0820782780647278 -0.0372909978032112 0.139223262667656 -999 0.149211257696152 0.0518398731946945 0.233481526374817 -999 0.249832212924957 -999 -999 -999 -999 -999
-999 -999 -0.105199933052063 -0.0531056448817253 -999 -999 -999 -0.0872122347354889 -999 -0.123990073800087 -999 -0.0118207614868879 -999 0.151916727423668 -0.120773464441299 -999 -0.0509296655654907 0.0270487107336521 0.127628415822983 -999 0.0219436287879944 0.0449271872639656 -999 -999 -999 -999 0.190908119082451 -999 0.0298739150166512 -0.0245414320379496 0.302447825670242 -999 0.114958740770817 0.205625027418137 0.0692779794335365 0.021509300917387 -0.0245370473712683 -0.0491590090095997 0.018397705629468 -0.0594009160995483 -0.0190814230591059 -0.0438214428722858 0.313408762216568
-0.0229868534952402 -0.553589940071106 0.0819514468312263 0.0547020845115185 -0.00741602201014757 -0.0739781036973 -0.20730684697628 -0.0620486885309219 0.061927855014801 0.0357601791620255 -0.107323013246059 0.182528182864189 -0.242163509130478 -0.0024418942630291 0.0138710662722588 -0.0053184381686151 -0.0440827012062073 0.0044089462608099 0.120389699935913 -999 -0.0698675215244293 0.0518861971795559 0.0966257601976395 -999 -0.0977625325322151 -999 -999 -999 0.0586686059832573 -0.0475147776305676 -999 0.0986551567912102 0.0295449942350388 0.0363309495151043 -0.026672225445509 0.0936233773827553 -0.00812354497611523 0.140918344259262 0.0902257189154625 0.0016066818498075 -0.0425673611462116 0.133380398154259 0.131531551480293
0.0824038088321686 -0.14044713973999 -999 -0.0968024507164955 -0.0316125154495239 0.0342691317200661 0.0379450395703316 0.100736349821091 0.0411842279136181 -0.0238567292690277 -0.0489751324057579 -0.0664582550525665 -0.00796418450772762 0.156994685530663 0.010945382528007 0.0370685011148453 -0.159083753824234 0.284089595079422 -999 0.11745297908783 0.140229448676109 0.0324317701160908 0.52316015958786 -999 0.124040216207504 0.108010090887547 0.0850745812058449 -0.0304371286183596 -0.0318233594298363 -0.00921156257390976 -999 0.282941699028015 -0.114776194095612 0.10448294878006 -0.12063467502594 -0.0172363743185997 0.0730850398540497 0.00102372746914625 0.0774705931544304 0.123073987662792 0.0173172689974308 0.0281661618500948 0.0337406694889069
0.0285112299025059 -0.0795233994722366 -0.024449834600091 -0.0783916413784027 -0.0543027333915234 -0.0735709667205811 0.133844599127769 0.343874514102936 -0.0114570213481784 0.242389738559723 -0.0963028371334076 -0.00153738015796989 -0.0303658843040466 -0.0293450150638819 -0.116431832313538 0.0257715377956629 0.0232071112841368 0.0567297302186489 -999 -0.0141100101172924 -999 -999 -999 -999 -999 0.0072465562261641 -0.0586079359054565 0.0747099965810776 0.0379877761006355 -0.00233890861272812 -0.00314561580307782 -0.0157325267791748 -0.0385590121150017 0.000283010973362252 -0.111223526299 0.102129101753235 0.111488252878189 0.00913618132472038 -0.0178147479891777 0.129820987582207 0.0696482360363007 0.131945699453354 0.00521554611623287
-0.0170078482478857 -0.0329173058271408 0.0145573429763317 0.0806359276175499 -0.0439266376197338 -0.00748785305768251 -0.00948751252144575 0.0149619681760669 -999 -0.162164524197578 -0.0630352348089218 -999 0.100968115031719 -0.038219690322876 0.169621258974075 -0.0743092745542526 0.0734238922595978 0.103016793727875 0.0505252480506897 0.0807036608457565 0.0745366439223289 0.0159504972398281 -999 0.117433004081249 -999 0.0337355434894562 0.0894193649291992 -0.0210594050586224 -0.102449908852577 -0.0490810684859753 0.0655630230903625 -0.0914457887411118 0.00522357691079378 0.0106298197060823 0.0500547550618649 0.00634360732510686 0.0212718155235052 0.163447722792625 0.119047723710537 0.134286776185036 0.0485792867839336 0.0104499571025372 0.109071910381317
-0.0202917382121086 -0.0161345675587654 0.0374483652412891 0.0416118465363979 0.0617297999560833 -0.0291537269949913 0.0360957458615303 -0.0104043167084455 -0.00122871436178684 -0.0311501622200012 0.00124964013230056 -0.0139374136924744 -0.00765354931354523 -0.179346963763237 -0.0694237798452377 -999 -999 -999 0.0234653260558844 0.0603875145316124 0.0366156846284866 -0.0488197915256023 0.0970682799816132 -0.0750424265861511 0.0477532334625721 0.000375277362763882 0.020318204537034 0.00746553717181087 -0.0606841221451759 0.0477623902261257 0.105693191289902 -0.0287987273186445 -0.00522290170192719 -0.0252061374485493 -0.0020669549703598 -0.0315749906003475 -0.0560431890189648 -0.0662830099463463 -0.0634542927145958 0.0214736871421337 0.00145526230335236 0.204479575157166 0.0411967448890209
-0.0194504018872976 0.0249879509210587 -0.0663521438837051 0.0295759011059999 0.0629891902208328 -0.0517229475080967 -0.033499788492918 0.0708966627717018 0.0339347459375858 0.00866042170673609 0.0554683096706867 0.00490656681358814 -0.0753710195422173 -0.145732030272484 0.225458890199661 0.213140025734901 0.0149480029940605 0.102795772254467 -0.0479522235691547 0.152136623859406 0.0503611117601395 -0.0186755862087011 0.156845286488533 0.0129815759137273 0.0799060389399529 -0.0548859797418118 -0.00192718440666795 -0.0436651110649109 -0.0102631999179721 -0.0280337873846292 0.0385940633714199 0.0861458107829094 0.07273218780756 0.0687071681022644 -0.0756110474467278 -0.00430287141352892 -0.0246536526829004 -0.0893504247069359 -0.0561651587486267 0.0594337172806263 0.0443191155791283 0.118495546281338 0.179366692900658
0.0312491748481989 -0.0305557604879141 -0.00282105896621943 0.0474829338490963 -0.0542432330548763 -0.0031402800232172 0.0834981054067612 0.0692428797483444 -0.0253563430160284 0.0567275360226631 0.0308085363358259 -0.10854709148407 0.072368711233139 -0.072956271469593 0.18598173558712 0.13023042678833 0.110327854752541 -0.00321498257108033 0.0530921369791031 0.115601003170013 -0.0241177901625633 0.0480751842260361 0.0499677136540413 0.168763354420662 0.0318763814866543 0.150475651025772 0.0453898869454861 0.0707470625638962 0.087459959089756 -0.020337276160717 0.200969904661179 0.297538071870804 0.0803918763995171 -0.101769112050533 -0.0498922057449818 0.076517716050148 0.116854965686798 0.0161902830004692 0.0486758686602116 0.0580178201198578 0.0216873083263636 0.0600896812975407 0.0356030613183975
0.0310742668807507 0.0944705158472061 -0.0256617031991482 -0.0069294860586524 0.033016063272953 0.00910261273384094 -0.0477481782436371 0.0564262270927429 -0.0488390550017357 0.0131762437522411 0.0692237094044685 -0.0370184294879436 -0.0411296188831329 0.0342194214463234 -0.0926968306303024 -0.0131160859018564 -0.0336433388292789 -0.0877615809440613 0.0123635744675994 0.0219785254448652 -0.0275486521422863 0.00839758571237326 0.0816253572702408 0.0243174266070127 0.0423180311918259 0.0632591918110847 0.050470557063818 0.0488196164369583 0.053289994597435 -0.00203614868223667 0.0850097984075546 0.0973127707839012 -0.125096917152405 0.0625611245632172 -0.0205367617309093 -0.029601227492094 -0.0670462250709534 -0.0585455633699894 -999 -0.0983442142605782 -0.3498255610466 0.0400026328861713 -0.0972731858491898
0.00334039051085711 0.0771612897515297 -0.00609154067933559 0.00709720700979233 -0.0609931834042072 0.062993049621582 0.0333017557859421 -0.0176104586571455 -0.0105817448347807 0.0370177179574966 -0.087459109723568 0.0102015808224678 0.20460008084774 0.0205663051456213 -0.0380516797304153 -0.10303258895874 -0.0314850732684135 -0.037020318210125 0.256089478731155 -0.001536815892905 -0.050731498748064 -0.038336630910635 -0.0113654136657715 -0.0630741119384766 0.0735162496566772 0.0404163859784603 0.0539846755564213 0.0413376353681087 0.00750750303268433 -0.0790130868554115 0.0793482065200806 0.0809607803821564 0.178263619542122 -0.103664740920067 0.0047678011469543 0.0857568234205246 -0.00681581906974316 -0.0290633887052536 0.0256997905671597 -0.0657537877559662 -0.0351334027945995 -0.186623096466064 -0.197550907731056
-0.00794652756303549 -0.0217687748372555 0.0276860240846872 -0.0239682123064995 0.0285003185272217 0.179892539978027 -0.029278852045536 -0.000101120524050202 0.0948342308402061 0.0105738556012511 -0.036561943590641 -0.0835354030132294 0.0757809355854988 0.0261536929756403 -0.03707330301404 0.0326506197452545 0.0486170649528503 0.110261380672455 -0.0815657153725624 0.0638422518968582 0.0242425352334976 -0.0777558162808418 0.0733657404780388 0.139728412032127 0.0410501584410667 0.00776555016636848 0.13254751265049 0.0660594701766968 0.155352905392647 -0.0146588170900941 0.0904589593410492 -0.0026305359788239 0.117063850164413 0.0553465746343136 -0.000459359202068299 0.0525572896003723 0.029953433200717 -0.0083965715020895 0.0472525097429752 0.123749487102032 0.114240393042564 0.0706454813480377 -0.0218851994723082
0.0218390803784132 0.00890697352588177 0.0736226215958595 0.0609875433146954 0.0623377896845341 0.0847311690449715 0.094352662563324 0.0146187404170632 0.0944855064153671 0.0545145533978939 -0.0180443804711103 -0.0716903433203697 -0.037210114300251 0.000420432537794113 0.0397666953504086 -0.01115130353719 0.0084701981395483 0.00816292129456997 -0.00190542987547815 0.0651974231004715 -0.0453406423330307 -0.0575525760650635 -0.00773822097107768 0.0426758155226707 0.18983319401741 0.014934916049242 0.00589106231927872 -0.325002312660217 0.0516245625913143 0.0684064254164696 -0.0358271338045597 0.132711634039879 -0.0603787191212177 0.0278848949819803 0.0809108540415764 0.211483180522919 -0.024687685072422 0.0659908354282379 0.0393664166331291 -0.0249590333551168 0.107595287263393 -0.0880323201417923 0.00256196293048561
0.0515712462365627 0.0431983470916748 0.0137780541554093 -0.0483411960303783 0.0229079946875572 -0.0106579372659326 0.056853324174881 0.0493530854582787 0.0464364737272263 -0.0345914848148823 0.00647041015326977 0.0765713006258011 -0.0167288463562727 0.00297927856445312 0.00768519751727581 0.162534192204475 0.096020795404911 0.0649855211377144 -0.0937333628535271 0.00646212184801698 -0.0324042476713657 0.0766012966632843 0.0445644818246365 0.163352936506271 -0.0489440560340881 0.0352741964161396 -0.0116433743387461 -0.0824674367904663 0.119295075535774 -0.0112787680700421 0.0351767353713512 0.123887084424496 -0.0691849738359451 -0.114671252667904 -0.0482731871306896 0.00721678230911493 0.0564798302948475 -0.0269593726843596 0.0141675714403391 0.0183463115245104 0.010733867995441 -0.000277906656265259 -0.0367698259651661
0.0249978639185429 -0.0653972700238228 -0.0300740469247103 0.101331263780594 -0.06267199665308 -0.108767159283161 0.0297619178891182 -0.0438026040792465 -0.0327062122523785 -0.0201031602919102 0.0922192558646202 0.000456199049949646 -0.0159812159836292 0.103673063218594 0.0573178790509701 0.0778023451566696 0.177470818161964 -0.088923841714859 0.0645875558257103 0.0229454971849918 0.0393781401216984 0.0194503851234913 -0.0654718801379204 -0.0303654819726944 -0.0431218072772026 0.0329534485936165 0.159055754542351 0.116965487599373 0.00617063557729125 0.136520877480507 0.0391026474535465 0.00593435624614358 0.0692442059516907 -0.00740484707057476 -0.00148050242569298 -0.0655680000782013 0.0683306977152824 0.0796394199132919 -0.0592550784349442 0.0943048596382141 0.0609965659677982 0.0916711241006851 0.0467817783355713
0.0433160290122032 0.0182815529406071 0.0259553529322147 0.0069986586458981 0.0155714303255081 0.0147445062175393 -0.00939439423382282 0.0223730728030205 0.0217218734323978 -0.0379807874560356 0.0601372569799423 0.0884824767708778 0.0264886319637299 0.174733132123947 0.0528844408690929 0.00110802054405212 0.0756123960018158 -0.0518283657729626 0.0846520885825157 -0.0652469471096992 -0.0249904990196228 -0.123455375432968 -0.0842335894703865 -0.203732416033745 0.110099673271179 0.136940240859985 -0.216994151473045 -0.026532769203186 -0.0894248783588409 -0.0762384757399559 0.138275519013405 0.123667538166046 -0.0217949710786343 -0.0206782910972834 0.101204991340637 0.0291273705661297 -0.0189095381647348 0.091949574649334 0.159537002444267 0.153448030352592 -0.0347015783190727 0.165595591068268 0.00148529803846031
0.0321758836507797 -0.000248895201366395 0.0516683496534824 -0.0697852075099945 0.029698122292757 0.0040870881639421 0.0549872554838657 0.0722912847995758 -0.0371302291750908 -0.0542715936899185 0.215448513627052 0.0339560471475124 0.161387786269188 -0.0215146522969007 0.0430121198296547 -0.0885452628135681 0.121317088603973 -0.00956002343446016 0.00891799107193947 -0.0114402677863836 0.0565488748252392 0.0237072929739952 0.0267467107623816 -0.0573760718107224 0.152463346719742 0.00382453203201294 -0.135770201683044 -0.17338165640831 0.00701061636209488 0.0839792117476463 0.039915457367897 0.0574853532016277 0.00673235673457384 0.105559855699539 0.0244013052433729 0.186996430158615 0.0831614807248116 0.0405713990330696 -0.0138762993738055 0.129278004169464 0.0752923563122749 0.0833409503102303 -0.0892434418201447
-0.0522276684641838 0.104080438613892 0.0736919939517975 0.116292782127857 0.095307357609272 -0.104577518999577 0.0977121368050575 0.129664584994316 -0.0233475919812918 0.0659520849585533 0.0516943633556366 0.213666975498199 0.0110004600137472 0.0297477152198553 -0.0212974697351456 0.0652869418263435 0.24243289232254 0.0562460534274578 0.119679003953934 -0.137930691242218 -0.00571118667721748 0.0357284694910049 -0.0232023354619741 -0.0407186523079872 -0.0125624733045697 0.0441140048205853 0.0503791943192482 0.0592129230499268 0.117309503257275 -0.0871732756495476 0.000333235220750794 -0.0494299978017807 0.0332457609474659 0.0588847100734711 0.139398187398911 0.198690891265869 0.0756861120462418 0.0212956760078669 0.103734344244003 0.0965399295091629 0.0619124956429005 0.0156222283840179 -0.0384746380150318
-0.0254877079278231 0.0475546717643738 0.0653321370482445 0.0467443466186523 0.0673781856894493 -0.0656913667917252 0.0771129205822945 0.305822163820267 0.137279018759727 0.0384358279407024 0.0600164495408535 0.0961002334952354 0.12548340857029 -0.0450021922588348 0.0487105995416641 -999 -0.0299468897283077 0.130507931113243 0.325650572776794 0.0849873870611191 -0.0272304825484753 0.0518069975078106 0.124862216413021 -0.0393618121743202 0.0603818781673908 0.0677429661154747 0.0200506541877985 -0.0610413663089275 0.0108182393014431 0.0145928952842951 -0.0571831241250038 -0.152215898036957 0.00169608846772462 -0.0422847010195255 0.0945356488227844 0.0183856971561909 -0.0321591012179852 -0.0175597239285707 0.11202609539032 0.144633501768112 0.0536466054618359 0.0384953953325748 -0.0802982673048973
