assets/gome_f/processed/ascii/us/gome_sif_US_20110601.asc
NCOLS 116 
NROWS 53 
XLLCORNER -125 
YLLCORNER 24.5 
CELLSIZE 0.5 
NODATA_value -3.4e+38 
[rows 19 to 37 of 53, columns 44 to 87 of 116]
0.373645335435867 0.389375567436218 0.36724129319191 0.498770952224731 0.619646310806274 0.498315632343292 0.526719748973846 0.484834969043732 0.549538791179657 0.411390334367752 0.469221472740173 0.575401663780212 0.393614441156387 0.4526586830616 0.461471796035767 0.656211733818054 0.642482101917267 0.807986915111542 0.7328822016716 0.748651564121246 0.906669199466705 0.674031019210815 0.730417668819427 0.436552196741104 0.998126924037933 0.600733518600464 0.573475122451782 0.713759124279022 0.734742343425751 0.600012123584747 0.456400901079178 0.541824162006378 0.724615752696991 0.612024128437042 0.659849166870117 0.610293745994568 0.584207773208618 0.512671113014221 0.453228563070297 0.466339111328125 0.619214653968811 0.58653712272644 0.608390033245087 0.830325841903687
0.393293499946594 0.357883512973785 0.372127383947372 0.527523636817932 0.529553472995758 0.444199174642563 0.434692829847336 0.501307189464569 0.521920800209045 0.518687129020691 0.520533084869385 0.486768543720245 0.402960777282715 0.5044224858284 0.309553056955338 0.726821064949036 0.758892834186554 0.872067272663116 0.867323696613312 0.708075165748596 0.883474290370941 0.72499668598175 0.945836067199707 0.727325320243835 0.730230033397675 0.576096475124359 0.773184061050415 0.655996739864349 0.748877108097076 0.449882805347443 0.618337392807007 0.543859601020813 0.528142631053925 0.662919938564301 0.578745126724243 0.508817136287689 0.484956502914429 0.348688274621964 0.43729168176651 0.489514857530594 0.618376076221466 0.813356518745422 0.932364165782928 1.0084456205368
0.285070210695267 0.387985736131668 0.321112096309662 0.291814029216766 0.395231485366821 0.533645868301392 0.463292002677917 0.503629803657532 0.433053433895111 0.444789618253708 0.54895156621933 0.483141452074051 0.417831212282181 0.635660827159882 0.571264147758484 0.70111745595932 0.717743396759033 0.767354011535645 1.02582597732544 0.978948473930359 0.96350508928299 0.977378308773041 0.758945286273956 0.5528764128685 0.786564469337463 0.696081697940826 0.601081430912018 0.881492137908936 0.816033065319061 0.527795076370239 0.506041765213013 0.557239592075348 0.594513893127441 0.608511507511139 0.524182498455048 0.481283128261566 0.44441893696785 0.468666702508926 0.519717752933502 0.412653625011444 0.47765702009201 0.862441182136536 0.758983969688416 0.913830280303955
0.341555416584015 0.304426580667496 0.403416961431503 0.428748548030853 0.31653419137001 0.317716181278229 0.382977873086929 0.459222853183746 0.620832324028015 0.581256806850433 0.55978387594223 0.552902102470398 0.494743317365646 0.735258758068085 0.758207261562347 0.753933489322662 0.929281413555145 0.814080119132996 0.735001802444458 0.681557655334473 0.921591997146606 0.814852952957153 0.838527619838715 0.850858986377716 0.837793052196503 0.661862254142761 0.652711629867554 0.917142927646637 0.478615552186966 0.619808256626129 0.589767575263977 0.899666130542755 0.828481078147888 0.687484562397003 0.587311685085297 0.503804504871368 0.533945500850677 0.636861145496368 0.632400512695312 0.289284735918045 0.75111848115921 0.779933512210846 0.778466105461121 0.983394145965576
0.378036648035049 0.307783037424088 0.276690274477005 0.224595546722412 0.316431134939194 0.247402861714363 0.365743458271027 0.371448963880539 0.305167883634567 0.483752459287643 0.438359379768372 0.636108696460724 0.592891037464142 0.921371042728424 0.743353843688965 0.814309000968933 0.751513719558716 0.810770511627197 0.97397118806839 0.673399686813354 0.683275461196899 0.804436981678009 0.644091367721558 0.999573528766632 0.752304553985596 0.833027541637421 0.642153739929199 0.656274378299713 0.401614844799042 0.672680258750916 0.611763656139374 0.736067771911621 0.921602129936218 0.935839474201202 0.671304881572723 0.646033406257629 0.76338267326355 0.722518801689148 0.612391352653503 0.803352117538452 0.90995728969574 0.935324847698212 1.00279712677002 0.930899202823639
0.236001506447792 0.30609729886055 0.265686452388763 0.209964767098427 0.180470764636993 0.091340996325016 0.265791296958923 0.299445569515228 0.343460321426392 0.474867433309555 0.462064146995544 0.56696891784668 0.817768752574921 0.627792954444885 0.815128862857819 0.823222100734711 0.689064741134644 0.707150816917419 0.922187983989716 0.81707900762558 0.712985515594482 0.998254299163818 0.841891705989838 0.925102591514587 0.64202618598938 0.7280592918396 0.643024384975433 0.510835230350494 0.518202602863312 0.534414947032928 0.462115794420242 0.586071789264679 0.838557481765747 0.864668071269989 0.754733562469482 0.79192328453064 0.888461172580719 1.00316154956818 0.87119072675705 0.967570960521698 0.859991073608398 0.816101670265198 0.810958445072174 0.959979832172394
0.103930868208408 0.142634570598602 0.137952998280525 0.0975913256406784 0.174852684140205 0.167009115219116 0.272790402173996 0.335262596607208 0.312798410654068 0.246488109230995 0.399003475904465 0.544281482696533 0.708441853523254 0.752735733985901 0.903333961963654 0.642336666584015 0.934143304824829 0.721420228481293 0.911478877067566 0.958032786846161 0.97571337223053 0.973622977733612 0.896416306495667 0.975324630737305 0.846087992191315 0.622045934200287 0.620525717735291 0.521011888980865 0.572298288345337 0.592080414295197 0.656036913394928 0.585407555103302 0.670372843742371 0.689326047897339 0.785925269126892 0.916035890579224 0.97172611951828 0.846677780151367 0.82529628276825 0.94020015001297 0.921823740005493 1.01188743114471 0.999331057071686 0.845443367958069
0.135290816426277 0.0944601818919182 0.0579880550503731 0.142705827951431 0.225743412971497 0.204636290669441 0.251086533069611 0.184876456856728 0.366656810045242 0.343405574560165 0.473899483680725 0.391745150089264 0.798348009586334 0.615374684333801 0.790523946285248 0.750273048877716 0.876701951026917 0.810561060905457 0.867875635623932 1.00845420360565 0.808758795261383 0.993158578872681 0.962824165821075 1.09142780303955 0.836060404777527 0.883431196212769 0.842572152614594 0.702093660831451 0.766289234161377 0.518916547298431 0.686049103736877 0.57547128200531 0.753512382507324 0.766625463962555 0.802369832992554 0.931302070617676 0.887227356433868 0.89625483751297 0.909364998340607 1.00679636001587 0.804857194423676 0.977682411670685 1.02950894832611 1.03228163719177
0.0272405315190554 0.141506761312485 0.0199929233640432 0.191597163677216 0.187934249639511 0.22232511639595 0.145699322223663 0.302498400211334 0.316359102725983 0.183393135666847 0.306438326835632 0.272670239210129 0.601629316806793 0.545437932014465 0.808432698249817 0.75884473323822 0.564331829547882 0.853508591651917 0.854330122470856 1.06668317317963 0.849266409873962 1.01494181156158 0.882170975208282 0.975594699382782 0.822997748851776 0.746477961540222 0.853927731513977 0.469114452600479 0.830173432826996 0.732992589473724 0.618207812309265 0.943007588386536 0.817768812179565 0.834175527095795 0.656315922737122 0.918654322624207 0.847047209739685 0.777368307113647 0.730765640735626 0.920336246490479 1.01693844795227 0.799400508403778 0.939195275306702 0.974609076976776
0.106715932488441 0.0242960024625063 0.162348687648773 0.142076998949051 0.0712460950016975 0.219758927822113 0.110767364501953 0.179857581853867 0.296048730611801 0.281919181346893 0.352622628211975 0.264370769262314 0.66886705160141 0.664303183555603 0.66694301366806 0.911881029605865 0.621132671833038 0.990656912326813 0.784503042697906 0.916719734668732 0.883291721343994 0.848806023597717 0.881872534751892 0.766745567321777 0.806016147136688 0.549909055233002 0.433393567800522 0.456490069627762 0.634084284305573 0.83086758852005 0.808933019638062 0.682040393352509 0.665493369102478 0.803098380565643 0.854352593421936 0.913586378097534 1.0294748544693 0.917526245117188 1.04600596427917 0.861659049987793 0.961533725261688 0.961024343967438 1.08230233192444 1.01626074314117
0.133669003844261 0.18276634812355 0.130334660410881 0.158789411187172 0.1655253469944 0.0936536565423012 0.188854515552521 0.1308863312006 0.244504705071449 0.316834300756454 0.475975841283798 0.553961038589478 0.507663249969482 0.825316190719604 0.526098787784576 0.948123157024384 0.835133790969849 0.990819871425629 0.809401869773865 0.810610711574554 0.981309950351715 0.6373570561409 0.760742783546448 0.64121675491333 0.60287469625473 0.519388854503632 0.396379053592682 0.519965887069702 0.684816956520081 0.708802342414856 0.762593865394592 0.984577894210815 0.82673305273056 0.789127826690674 0.971493005752563 0.953728377819061 0.959164440631866 0.804596722126007 0.900052726268768 0.705658078193665 0.861800134181976 0.949567437171936 0.776267051696777 0.978570997714996
0.0816647633910179 0.126398965716362 0.0730596482753754 0.0801672860980034 0.147784605622292 0.0225188005715609 0.24653747677803 0.26693394780159 0.224516093730927 0.352510005235672 0.405394703149796 0.629183769226074 0.525662899017334 0.73232638835907 0.607701182365417 0.75695663690567 0.840902328491211 0.896741509437561 1.06223440170288 0.928430795669556 0.859784841537476 0.723130345344543 0.808473825454712 0.60005795955658 0.510164201259613 0.423105895519257 0.381141096353531 0.58055454492569 0.554176092147827 0.750485777854919 0.82745236158371 0.923358559608459 0.7885662317276 0.786179482936859 0.97336083650589 0.637762308120728 0.861092388629913 0.809363901615143 0.849629759788513 0.878587961196899 0.865871429443359 1.09767949581146 0.780540883541107 0.814319849014282
0.0722268968820572 0.0735369846224785 0.0429604090750217 0.0528307072818279 0.115469619631767 0.0428900122642517 0.162189394235611 0.236089795827866 0.286456555128098 0.44783341884613 0.423050433397293 0.597545742988586 0.527253568172455 0.677495837211609 0.677440226078033 0.72951352596283 0.750133991241455 0.698024451732635 0.860828816890717 0.494360953569412 0.799097001552582 0.739974617958069 0.623709261417389 0.487866699695587 0.510227143764496 0.576234579086304 0.452312648296356 0.67062520980835 0.704525232315063 0.845708608627319 0.894355773925781 0.72438371181488 0.886914491653442 0.759398281574249 1.06791806221008 0.773857712745667 0.814266383647919 0.91943633556366 0.821304142475128 0.96269416809082 0.758855938911438 0.914650678634644 0.756113946437836 0.787033975124359
0.189510002732277 0.0787554234266281 0.0793768540024757 0.166437223553658 0.106646873056889 0.330523610115051 0.159841254353523 0.204494014382362 0.223018780350685 0.396516442298889 0.502647936344147 0.532524347305298 0.45536595582962 0.741892397403717 0.721145570278168 0.536558449268341 0.815009355545044 0.572348356246948 0.826881051063538 0.66026782989502 0.750308990478516 0.713167309761047 0.438590317964554 0.58868819475174 0.59029221534729 0.581644773483276 0.55782151222229 0.823212265968323 0.912536025047302 0.715857744216919 0.737252235412598 0.532597482204437 0.666685879230499 0.796812236309052 0.745518863201141 0.707750856876373 0.656642556190491 0.936944186687469 0.741471707820892 0.890942692756653 0.592149376869202 0.763016521930695 0.805586516857147 0.659514129161835
0.129308223724365 0.233296439051628 0.160677850246429 0.166427329182625 0.143978327512741 0.321986556053162 0.194181352853775 0.159313187003136 0.202723607420921 0.194168940186501 0.3550725877285 0.583594977855682 0.549528837203979 0.476114362478256 0.631328284740448 0.616993188858032 0.783182680606842 0.596246600151062 0.729392826557159 0.692481875419617 0.633562326431274 0.737195551395416 0.405965268611908 0.690219759941101 0.632847487926483 0.661322116851807 0.827073276042938 0.681667625904083 0.75634378194809 0.669680714607239 0.743625938892365 0.771662652492523 0.787245154380798 0.720045685768127 0.672144770622253 0.701359450817108 0.548261046409607 0.74929016828537 0.772898316383362 0.737400710582733 0.706376910209656 0.507678925991058 0.692773520946503 0.579540312290192
0.0527732968330383 0.00322081358171999 0.0804233178496361 0.0992761999368668 0.170764774084091 0.0772944763302803 0.191195085644722 0.159275591373444 0.171071887016296 0.21870943903923 0.432763367891312 0.313813209533691 0.583602249622345 0.420905292034149 0.664252102375031 0.517681181430817 0.636910855770111 0.699774146080017 0.602257549762726 0.735174000263214 0.592245161533356 0.730927526950836 0.600052356719971 0.662808299064636 0.586500287055969 0.790574610233307 0.770594537258148 0.862199783325195 0.723480641841888 0.652393400669098 0.81370335817337 0.753541827201843 0.667972922325134 0.829122483730316 0.490770131349564 0.735492587089539 0.562175989151001 0.595230460166931 0.633650779724121 0.626814544200897 0.686427295207977 0.546472311019897 0.546094357967377 0.646780431270599
0.078246183693409 0.0960892736911774 0.202215075492859 0.126612216234207 0.126263275742531 0.0455387979745865 0.0970322340726852 0.140578374266624 0.213214010000229 0.329784125089645 0.455419957637787 0.399573773145676 0.463217735290527 0.366132527589798 0.559809684753418 0.586808264255524 0.738275229930878 0.667581021785736 0.614401757717133 0.685852527618408 0.548358976840973 0.686022281646729 0.768447697162628 0.907695055007935 0.760842740535736 0.673442125320435 0.816561222076416 0.605335295200348 0.726154446601868 0.660131096839905 0.745170116424561 0.702904105186462 0.913549602031708 0.698174774646759 0.754208445549011 0.786576509475708 0.628339648246765 0.673239946365356 0.614328503608704 0.544618666172028 0.653597831726074 0.32857346534729 0.62792295217514 0.643052637577057
0.0464658960700035 0.0440593287348747 0.197777524590492 0.073072075843811 0.232100576162338 0.0833915248513222 0.18485726416111 0.25482115149498 0.267076700925827 0.494303673505783 0.427078068256378 0.417180389165878 0.439119577407837 0.46811443567276 0.528116762638092 0.627483606338501 0.755937218666077 0.650848090648651 0.632464587688446 0.758891701698303 0.631508946418762 0.782100319862366 0.688463628292084 0.754019975662231 0.748873651027679 0.561574220657349 0.666613578796387 0.589313149452209 0.689847886562347 0.684719324111938 0.79932302236557 0.755688726902008 0.634952783584595 0.776352882385254 0.672347784042358 0.555233538150787 0.687919020652771 0.47714951634407 0.573448896408081 0.41954430937767 0.595918715000153 0.590569615364075 0.484243929386139 0.554566085338593
0.226793467998505 0.101683788001537 0.0768450275063515 0.12950636446476 0.138741284608841 0.252935826778412 0.229453012347221 0.198244377970695 0.371423900127411 0.19987890124321 0.381615906953812 0.348095059394836 0.485311061143875 0.477711856365204 0.431882441043854 0.650844991207123 0.553894698619843 0.61853963136673 0.491347700357437 0.765306055545807 0.58718866109848 0.6680988073349 0.423489362001419 0.893050372600555 0.837472259998322 0.622756123542786 0.797088503837585 0.681343615055084 0.588057696819305 0.6673623919487 0.594898819923401 0.801835119724274 0.598173141479492 0.595701932907104 0.724819958209991 0.612370848655701 0.565888464450836 0.582986533641815 0.607855916023254 0.556884765625 0.558629930019379 0.610202431678772 0.249735593795776 0.476856768131256
