assets/gome_f/processed/ascii/us/gome_sif_US_20131201.asc
NCOLS 116 
NROWS 53 
XLLCORNER -125 
YLLCORNER 24.5 
CELLSIZE 0.5 
NODATA_value -3.4e+38 
[rows 19 to 37 of 53, columns 0 to 42 of 116]
0.0365470722317696 0.0257271137088537 0.108836181461811 0.0844183415174484 0.0583585686981678 0.0369486734271049 0.0159778073430061 0.0531843937933445 -0.0509838610887527 0.0319068059325218 0.111237913370132 -0.0158569663763046 -0.0165172703564167 0.0246558524668217 0.0265657305717468 -0.0431209430098534 0.0760172158479691 -999 -999 -999 0.106608770787716 -0.211247459053993 -0.0109670674428344 -0.0321473181247711 0.0435987785458565 0.131516337394714 -0.217650547623634 -999 -999 -999 -0.498394727706909 -999 -999 -999 -999 -999 -999 0.002593033015728 -0.128879070281982 0.0922716036438942 -0.0562997125089169 0.071957103908062 -0.000486302946228534
0.0815922766923904 -0.00842599850147963 0.091306559741497 0.0299091003835201 0.151743873953819 0.0696493983268738 0.0870170816779137 0.0117426924407482 0.0620635487139225 0.0608253255486488 0.0122234951704741 0.0360540524125099 -0.0441196039319038 -0.0634523034095764 0.105481415987015 -0.00888528116047382 -0.125492319464684 -999 -999 -999 0.0734843015670776 -0.0345577783882618 0.096272736787796 -0.0825812816619873 -999 -0.064854770898819 0.0767866894602776 -999 -999 -999 -999 -999 -999 -999 -999 -999 -999 -999 -0.0596006959676743 0.00778908794745803 0.0388092175126076 0.0228277295827866 -0.0143008381128311
-1.70368693943601e-05 0.0460084676742554 0.139600321650505 0.106341324746609 0.0148882605135441 0.0836849212646484 0.0516451708972454 -0.00976632814854383 0.118829667568207 0.00287600862793624 -0.0375047512352467 -0.0330368764698505 0.0371184162795544 -0.0901916921138763 0.0340101718902588 0.102300688624382 -0.0479651615023613 0.106211416423321 -999 -999 -999 0.0389675758779049 0.163344442844391 -999 -999 -999 0.274596333503723 -0.14170728623867 -0.0131212994456291 -999 -999 -999 -999 0.0493267402052879 0.047035314142704 -999 -999 -999 -0.0834268480539322 -0.0282958298921585 0.0367875173687935 0.014133321121335 0.00807724334299564
-0.00936558470129967 0.122599571943283 0.00412956392392516 0.140590190887451 -0.0314411595463753 0.0381819605827332 0.115011364221573 0.052624586969614 0.0843721702694893 0.0544289760291576 0.0275237299501896 0.20732082426548 -0.111638255417347 0.107535108923912 0.0496118851006031 0.0887955352663994 0.0334243923425674 -999 -999 -999 -999 0.0776373594999313 -999 -999 -999 -0.034824326634407 0.0296826995909214 0.160012066364288 -0.0260228551924229 0.0593235492706299 0.106956019997597 -0.137989267706871 0.0439663641154766 -0.0895492658019066 -999 -999 -999 0.165124088525772 0.227748900651932 0.0424603410065174 0.0261773131787777 0.0859398320317268 0.0342021621763706
0.0477701686322689 0.0691313892602921 0.0501207374036312 0.168509930372238 0.0135003188624978 0.0360879600048065 0.0838802382349968 0.0577849932014942 0.0722200646996498 0.0888305157423019 -0.0813337489962578 -0.0071742944419384 0.0364060439169407 0.0792063102126122 -0.00421636644750834 0.029697859659791 -0.00685826828703284 -0.0488158576190472 -0.288767099380493 -0.0443759858608246 -0.0944549143314362 -0.124828517436981 -0.046993549913168 -0.227859765291214 -999 0.0141775785014033 -0.085628904402256 -999 0.0582641437649727 0.0438138321042061 0.0969722494482994 -0.0421860702335835 -999 0.0479088984429836 0.0746474117040634 0.17277230322361 0.0941291227936745 -999 0.178568586707115 0.00361389620229602 0.00514099700376391 0.118736028671265 0.0179516207426786
0.0389363244175911 0.00663649570196867 -0.0115471044555306 0.0447194315493107 0.0585233233869076 0.0196594763547182 0.0173409134149551 0.0197590831667185 0.0728236883878708 0.103782340884209 -0.0272599421441555 -0.0775573998689651 0.0112801650539041 -0.0308416485786438 0.0164715237915516 -0.0600985549390316 0.0820352509617805 0.129000723361969 0.090799517929554 0.136177062988281 0.0786077082157135 0.0986069366335869 -0.000533029437065125 -0.00457097589969635 -999 0.163262858986855 -0.0791850388050079 0.21019421517849 -0.150274619460106 0.299921333789825 0.234941422939301 0.155670702457428 -0.12620584666729 0.0426048152148724 0.20416159927845 -999 -999 -999 -999 -0.0111755346879363 0.0630099177360535 0.0228779185563326 -0.0723034888505936
0.0712943375110626 0.00923929736018181 -0.00310785975307226 0.02379360049963 0.0609560199081898 0.0405266024172306 0.0275110471993685 0.0667477771639824 0.0216022171080112 0.0334898978471756 0.00226141745224595 0.0318922065198421 0.0221545565873384 -0.0383106283843517 0.0526445955038071 0.0131877595558763 -0.0785542279481888 -0.0200474187731743 0.131241410970688 -0.078576996922493 -0.0946974456310272 -0.0643594563007355 -0.0658270046114922 -0.0359946303069592 0.070264533162117 0.0774938091635704 0.113237135112286 -0.0217656549066305 -0.0186113119125366 0.0286122467368841 -0.0731209740042686 0.0084838904440403 -0.00583271915093064 -0.0990344509482384 -999 -0.0508069023489952 0.235744848847389 0.103114157915115 0.04683892801404 0.0549937002360821 -0.0574051812291145 0.0283895079046488 -0.00424017058685422
0.0373839922249317 -0.14405956864357 0.0165044963359833 0.0467093326151371 0.0615353286266327 0.0349523946642876 0.0225638411939144 0.157448440790176 0.0269645396620035 0.105536065995693 0.109514854848385 -0.0149998413398862 -0.0327368006110191 0.0217452049255371 0.0323009043931961 -0.0249451864510775 -0.0918089151382446 0.0253981966525316 0.00495282001793385 -0.108993194997311 -0.0333382189273834 0.0432383604347706 -0.0814324468374252 -0.0361127443611622 -0.161108955740929 -0.0384458936750889 0.0499748550355434 0.0240921545773745 0.0254099573940039 -0.100455597043037 0.0315409600734711 0.0277254860848188 0.161222100257874 -0.00843902863562107 0.02604079246521 -999 -999 -999 -999 -0.0192484203726053 0.00500030163675547 0.00703154550865293 -0.0529951862990856
-0.0456039682030678 0.0998798608779907 -0.00622649909928441 0.0559494942426682 -0.0548317320644855 0.0699686035513878 0.160772040486336 0.0302494652569294 0.0843387022614479 0.104701213538647 0.00813915021717548 0.015825767070055 0.0967295467853546 -0.0531272292137146 -0.00544024119153619 0.000536787789314985 -0.0263114087283611 -0.0361320301890373 0.0635433942079544 -0.0115620344877243 -0.0314236581325531 0.0369116626679897 0.0228691976517439 -0.0325339064002037 0.000217020511627197 0.0644663274288177 0.0410449430346489 0.0167092774063349 -0.0591909363865852 -0.00394979724660516 0.0229741968214512 0.0154368653893471 -0.00750767719000578 -0.0389062315225601 -0.022385997697711 0.00756762130185962 -0.0162713285535574 -999 -999 0.00278744800016284 0.0301296561956406 -0.0110259354114532 -0.00981014408171177
0.0410416349768639 0.0837390497326851 -0.0137983681634068 0.0475217178463936 0.0538197159767151 -0.00445251353085041 0.00622511096298695 0.034501887857914 -0.0107457609847188 0.041207741945982 0.0506792068481445 0.0443492010235786 0.0266985669732094 0.0452150329947472 -0.0291656628251076 -0.00369930057786405 0.0311089511960745 0.0234744232147932 -0.0448535196483135 0.11744349449873 0.00765100354328752 -0.0375027470290661 0.0533052980899811 -0.0406403280794621 -0.00923100765794516 0.0192109011113644 -0.0320779383182526 0.0340052247047424 0.0763968154788017 -0.018666809424758 0.00301910238340497 0.0374094732105732 -0.00297250342555344 0.0746548622846603 0.0353473387658596 -0.0421913526952267 -0.101873904466629 0.00719095719978213 0.0120098544284701 0.0547744557261467 0.0572417937219143 -0.00268734735436738 0.0192589573562145
0.0749833285808563 0.0108800875023007 -0.104237951338291 0.0533203482627869 0.0124905109405518 0.00877945777028799 -0.0208038743585348 0.00391634507104754 0.0267483405768871 -0.0353637598454952 0.018931532278657 0.0921293944120407 0.0967764258384705 0.0140690291300416 -0.00178785796742886 -0.00482798554003239 0.00968040153384209 0.0353432632982731 0.0107714319601655 -0.0201626252382994 0.0713107883930206 -0.0459586419165134 0.0174581110477448 0.00780299911275506 -0.00865223165601492 -0.00805597938597202 -0.0176809951663017 0.00657797791063786 0.0333847068250179 -0.0281241983175278 0.0378124639391899 0.0126852113753557 0.0635327622294426 -0.133162021636963 -0.0245793387293816 -0.0696901232004166 0.0193716287612915 0.0125308996066451 0.0209950376302004 -0.0579194948077202 -0.0213226284831762 -0.0585644692182541 -0.025181706994772
-0.017154186964035 0.0721713975071907 0.0452459342777729 -0.0807030871510506 -0.02967718988657 -0.0124022988602519 -0.0130958165973425 -0.0466280467808247 0.043755978345871 -0.00011355202877894 0.034578163176775 0.107416883111 0.101569578051567 0.0444974526762962 -0.00580882653594017 -0.035028200596571 0.0286797620356083 0.0460067391395569 0.00716833118349314 0.029735404998064 -0.0198215208947659 -0.0233443472534418 0.0351572819054127 0.00240508816204965 0.0118594821542501 0.0735047236084938 0.0535335838794708 -0.0630301013588905 0.0210774727165699 0.0709823742508888 -0.0700375661253929 -0.00190003728494048 0.0214487239718437 -0.0360357686877251 -0.0780967548489571 -0.100777626037598 0.0110421823337674 0.0141391754150391 0.0114675676450133 0.0280860718339682 -0.0130988154560328 -0.0161147247999907 0.00320602557621896
0.0519697442650795 -0.0652414411306381 0.0360862538218498 -0.00160401477478445 -0.00398085918277502 -0.0420047603547573 0.00716667249798775 -0.0794286355376244 -0.0745430663228035 0.00722559355199337 0.010115610435605 0.0293966587632895 0.0683093592524529 -0.0335054807364941 0.014486781321466 0.0730207338929176 0.0393456183373928 0.0516404695808887 -0.0306152999401093 -0.0162348598241806 0.0180120542645454 0.0264623686671257 0.0161073058843613 0.013737378641963 0.078231617808342 0.0574823059141636 -0.0091700991615653 0.0271391291171312 0.0439822375774384 -0.0108296796679497 -0.0681950747966766 0.0131853017956018 0.0341582857072353 -0.0121090142056346 0.00459233205765486 0.0634414851665497 -0.0479813553392887 0.0443067587912083 0.0639401823282242 0.0590380616486073 0.0720523595809937 0.0531689189374447 0.000894094293471426
0.072129875421524 -0.0892501100897789 0.0991566404700279 0.0850346609950066 0.0495804660022259 0.0288563445210457 -0.0335217341780663 -0.0385711789131165 -0.0531387105584145 0.0578329972922802 -0.0382369756698608 0.0454729273915291 0.0531577803194523 -0.0182572286576033 0.0111073134467006 0.0488384440541267 0.0332995876669884 -0.0114246578887105 0.0578734427690506 0.061502780765295 0.0255103930830956 0.043694656342268 0.0326320007443428 0.0398083962500095 0.0704110041260719 0.0299704391509295 -0.0164322517812252 0.000745581230148673 -0.00364452530629933 -0.0615616962313652 0.0440598800778389 0.0236985720694065 0.0515524446964264 0.0042161145247519 0.0921098813414574 -0.0011019284138456 0.0308806225657463 0.0138186113908887 0.0348698422312737 0.00695792213082314 0.051643393933773 0.0376931242644787 0.0487749315798283
0.0163609888404608 0.0300496332347393 -0.0754329189658165 0.00732825323939323 -0.0309646595269442 0.10895399749279 0.0206665564328432 0.0120223546400666 -0.0588459894061089 0.0362124145030975 0.0455446168780327 -0.0160236041992903 0.0148637229576707 0.123040094971657 0.100675113499165 0.0248052533715963 -0.0154119348153472 0.0378969646990299 -0.00663373526185751 0.100120045244694 0.0143953189253807 0.0414610430598259 0.0382382161915302 0.0417564734816551 0.0866371914744377 0.0368224233388901 0.0380000621080399 0.0730302035808563 0.0641252025961876 -0.00198949384503067 -0.0620846748352051 0.0204208940267563 0.0291508194059134 -0.0232301503419876 0.0184674356132746 -0.00149750849232078 -0.065398171544075 0.0339821167290211 0.0381284058094025 0.0240291617810726 0.060481384396553 -0.0439149439334869 0.0405188500881195
-0.0265216771513224 -0.0856136083602905 -0.0202849339693785 0.00179952080361545 -0.103657111525536 -0.0759302526712418 0.0730523243546486 0.00096347916405648 0.0275930650532246 -0.0432878136634827 0.0512503497302532 -0.0500343032181263 -0.0835170149803162 -0.0586261637508869 0.0275419075042009 0.0473688691854477 0.0569371767342091 0.036555327475071 0.00749924592673779 0.0124843865633011 0.0214137956500053 -0.00536728510633111 0.0184246879070997 0.0336342342197895 0.117957189679146 0.0899702981114388 0.0659116879105568 0.152929127216339 0.00906595308333635 0.0881990343332291 -0.0701414793729782 0.0411535911262035 -0.0329220220446587 0.105663642287254 0.00651720585301518 0.00816245283931494 0.0857426002621651 -0.00314086116850376 0.0315057933330536 0.00663686310872436 0.0767689496278763 -0.00245566619560122 0.0403000824153423
0.0448198951780796 0.083210863173008 0.0235457941889763 0.0277538895606995 0.0327453576028347 0.00750691676512361 -0.0104354284703732 0.0124500161036849 -0.0848122984170914 0.0105538675561547 0.0455196760594845 -0.0164978876709938 0.0334125347435474 -0.0527152121067047 -0.0267387088388205 -0.00640643481165171 0.0348411649465561 0.0136811463162303 0.106952592730522 0.130642548203468 0.0371177271008492 -0.0107905436307192 0.042076364159584 0.129114270210266 0.00658818241208792 -0.00482660625129938 0.0325918942689896 0.0512282997369766 -0.0200578179210424 0.0365586467087269 0.0231280121952295 0.0621629692614079 0.0209170393645763 0.0818790048360825 0.0265931077301502 0.0600633509457111 0.0145808849483728 0.0866727083921432 0.0185457989573479 0.025299109518528 -0.0172642190009356 0.0498176328837872 -0.0362002104520798
-0.0690837949514389 -0.0141354436054826 -0.0583671145141125 -0.0270597729831934 -0.0519929639995098 -0.0763518139719963 -0.0468504093587399 0.0242168363183737 0.0413072295486927 -0.0474407896399498 -0.0138648338615894 0.0938481315970421 -0.109376884996891 -0.0346065163612366 0.122720047831535 -0.0342910923063755 0.041445754468441 -0.0115608423948288 0.0800208672881126 0.0113260094076395 0.0786470919847488 0.0129839638248086 0.0107986945658922 0.0815765783190727 0.046003021299839 0.0235574245452881 0.124660804867744 0.0694570243358612 0.0695147961378098 0.0405272804200649 0.0636235922574997 0.103643357753754 0.0898950919508934 0.033088456839323 0.0455646254122257 0.0350850708782673 0.0146396849304438 -0.0329633764922619 0.116970740258694 0.0147213917225599 0.0485432334244251 0.0159731768071651 0.0131668960675597
-0.0644032508134842 0.0761438235640526 0.00140636705327779 -0.0398600324988365 0.144277811050415 0.0149434227496386 -0.0794940888881683 0.0187678225338459 -0.0765747800469398 -0.0339599139988422 0.089635819196701 0.075722761452198 0.0538634806871414 0.0810186117887497 0.00944321230053902 0.0350571200251579 0.000652535120025277 0.133870467543602 0.0636014118790627 -0.0100230379030108 -0.0554770343005657 0.0209697019308805 0.0639490187168121 -0.00380051881074905 0.0566885881125927 -0.0316107831895351 -0.0188470557332039 0.142908990383148 0.010855003260076 0.0319392867386341 0.0602567940950394 -0.0786656364798546 -0.0417141020298004 0.0507328435778618 -0.0318774059414864 0.039246030151844 0.0441390015184879 0.0732031911611557 0.00216797925531864 0.0129201803356409 0.0497859083116055 0.084313690662384 0.015165894292295
