assets/gome_f/processed/ascii/us/gome_sif_US_20110601.asc
NCOLS 116 
NROWS 53 
XLLCORNER -125 
YLLCORNER 24.5 
CELLSIZE 0.5 
NODATA_value -3.4e+38 
[rows 19 to 37 of 53, columns 0 to 43 of 116]
0.0583166070282459 0.151307016611099 0.346158802509308 0.380260497331619 0.264494359493256 0.450424700975418 0.380398809909821 0.318763107061386 0.260875403881073 0.277433693408966 0.195566326379776 0.197525322437286 0.127991065382957 0.256163120269775 0.180611491203308 0.173259854316711 0.174562513828278 0.23569293320179 0.226550221443176 0.408149868249893 0.323724746704102 0.0949399992823601 0.0818497985601425 0.242686286568642 0.144784614443779 0.22663950920105 0.404865860939026 0.412795960903168 0.309968322515488 0.130829900503159 0.200704768300056 0.239361122250557 0.123434737324715 0.166693776845932 0.194366350769997 0.365085959434509 0.166634991765022 0.316287010908127 0.142478495836258 0.276590287685394 0.365165621042252 0.445787906646729 0.329536467790604 0.414007663726807
0.0299026016145945 0.182066097855568 0.325059801340103 0.44431734085083 0.333522707223892 0.406386643648148 0.49181005358696 0.333060950040817 0.2878497838974 0.265733063220978 0.135719433426857 0.0065147876739502 0.14665199816227 0.00106146209873259 0.135446161031723 0.249906733632088 0.164384603500366 0.284367859363556 0.246955513954163 0.328703671693802 0.284633904695511 0.06698027998209 0.0870751142501831 0.0277441684156656 0.358985066413879 0.328132301568985 0.372242420911789 0.403954863548279 0.344505190849304 0.334428817033768 0.166779592633247 0.202667415142059 0.295472234487534 0.295674830675125 0.372739851474762 0.400977045297623 0.336735665798187 0.446277886629105 0.315182685852051 0.269244313240051 0.466708719730377 0.398941665887833 0.383671641349792 0.413753181695938
0.00725734373554587 0.182085573673248 0.294058799743652 0.453356891870499 0.480709254741669 0.471945375204086 0.372926503419876 0.357373297214508 0.388405501842499 0.242445468902588 0.0789839252829552 0.0363743118941784 0.00440105050802231 0.159942999482155 0.0726321488618851 0.125722482800484 0.266146034002304 0.187859088182449 0.186403661966324 0.102157384157181 0.115398742258549 -0.107079550623894 0.0718121603131294 0.14114060997963 0.24712710082531 0.172342672944069 0.214273050427437 0.28763335943222 0.311041176319122 0.316039592027664 0.274789571762085 0.246546372771263 0.337525397539139 0.303789585828781 0.442558526992798 0.508966147899628 0.446042537689209 0.24853053689003 0.207261994481087 0.400575399398804 0.395965307950974 0.33046481013298 0.341411769390106 0.370854407548904
0.0730539038777351 0.00991810485720634 0.279638350009918 0.550252735614777 0.38533341884613 0.265344351530075 0.344922602176666 0.348113983869553 0.397827357053757 0.269758373498917 0.271006435155869 0.0784354507923126 0.219454169273376 0.118649773299694 0.0676049515604973 0.179535418748856 0.087764672935009 0.211715504527092 0.27266189455986 0.195243239402771 0.0822337046265602 0.0845589488744736 0.133679494261742 0.0891915857791901 0.146293491125107 0.324250042438507 0.256189435720444 0.430549114942551 0.278611123561859 0.147963970899582 0.248493045568466 0.306899279356003 0.325704663991928 0.286411732435226 0.326338768005371 0.308145701885223 0.285638391971588 0.256938755512238 0.322449296712875 0.294893771409988 0.489245414733887 0.301270663738251 0.459351599216461 0.410749405622482
0.108169868588448 0.0222700983285904 0.194707825779915 0.484739363193512 0.379387140274048 0.371637284755707 0.536452353000641 0.449387222528458 0.453691482543945 0.32482236623764 0.121008388698101 0.119827568531036 0.146482467651367 0.117643021047115 0.117038235068321 0.132815465331078 0.196614056825638 0.294168800115585 0.166814491152763 0.130696639418602 0.268563210964203 0.184929892420769 0.1408781260252 0.131432458758354 0.217887312173843 0.28118970990181 0.340956449508667 0.133386507630348 0.0277581382542849 0.138736724853516 0.267092555761337 0.269137471914291 0.25065952539444 0.30993589758873 0.40439572930336 0.373319000005722 0.259582489728928 0.293035358190536 0.129939302802086 0.224169731140137 0.284345060586929 0.319334983825684 0.139978334307671 0.392385184764862
0.0127373356372118 0.0463143587112427 0.130708664655685 0.400352150201797 0.486499458551407 0.391200423240662 0.608355641365051 0.329095244407654 0.442316055297852 0.433369576931 0.109603866934776 0.211478590965271 0.0823322162032127 0.047345444560051 0.105029374361038 0.162696093320847 0.117791943252087 0.128699600696564 0.134132102131844 0.187133684754372 0.277662932872772 0.156425625085831 0.0812063068151474 0.208047747612 0.263986349105835 0.318148583173752 0.236053243279457 0.149655371904373 0.0579036213457584 0.104138426482677 0.236041963100433 0.199666410684586 0.254092782735825 0.123057469725609 0.382027894258499 0.326030999422073 0.193672597408295 0.29099914431572 0.142211377620697 0.161457985639572 0.172043159604073 0.131550282239914 0.221006885170937 0.197800293564796
0.0394695550203323 -0.0358307622373104 0.06155651435256 0.0652424693107605 0.322333067655563 0.270068794488907 0.49981477856636 0.350948870182037 0.471018940210342 0.354288905858994 0.0293939895927906 0.235153198242188 0.0512485206127167 0.049655843526125 0.0709400102496147 0.0522254556417465 0.060677781701088 0.156018272042274 0.0510258190333843 0.151859492063522 0.129543304443359 0.170051842927933 0.185620173811913 0.273546069860458 0.181612148880959 0.298127502202988 0.205022975802422 0.168938860297203 0.100703217089176 0.0934796780347824 0.102822959423065 0.14390617609024 0.328546971082687 0.267566800117493 0.481872200965881 0.446723222732544 0.236994087696075 0.255445033311844 0.188091337680817 0.189385309815407 0.0136993201449513 0.137373834848404 0.0831804201006889 0.131167322397232
0.0769383311271667 0.174330964684486 0.14335110783577 -0.0267674401402473 0.0972106531262398 0.170626372098923 0.392567783594131 0.363526880741119 0.372690588235855 0.404751569032669 0.241144984960556 0.131219089031219 0.158750161528587 0.112491443753242 0.0655210688710213 0.0634527876973152 0.0189962815493345 0.160646259784698 0.173257946968079 0.309984505176544 0.0873091220855713 0.248168587684631 0.153100341558456 0.277575224637985 0.26633220911026 0.194143295288086 0.129156678915024 0.174092158675194 0.0936188623309135 0.131292790174484 0.188365668058395 0.194367602467537 0.224999532103539 0.455360233783722 0.219769194722176 0.220757529139519 0.108492806553841 0.239022225141525 0.217956885695457 0.112197436392307 0.0122082568705082 0.129960551857948 0.15576958656311 0.159283846616745
0.00245649483986199 0.172458231449127 0.110938854515553 -0.00294511183165014 0.0690310820937157 0.169207587838173 0.393288850784302 0.358672887086868 0.340507924556732 0.489930123090744 0.260068506002426 0.278752565383911 0.189968511462212 0.097544938325882 0.0947477892041206 -0.0151668228209019 0.14685682952404 0.092504046857357 0.0616615451872349 0.113267153501511 0.0796096324920654 0.124937303364277 0.163260728120804 0.253195852041245 0.187648966908455 0.191273301839828 0.130046725273132 0.0754327476024628 0.103652484714985 0.0402176007628441 0.0486302748322487 0.193935245275497 0.235068038105965 0.37089678645134 0.28720760345459 0.494545549154282 0.270738065242767 0.31134894490242 0.297215431928635 0.0791135057806969 0.181190371513367 0.104382760822773 0.015076900832355 0.0728812143206596
0.0584228038787842 0.105310641229153 0.0556205436587334 0.0823787003755569 -0.0542168729007244 0.0754461511969566 0.0724839866161346 0.211642265319824 0.306450992822647 0.352306634187698 0.470849812030792 0.382071882486343 0.327932894229889 0.0697980225086212 0.00352353858761489 0.0423855371773243 0.0797426626086235 0.181441217660904 -0.0791844353079796 0.0822773277759552 0.166349560022354 0.20746611058712 0.102136239409447 0.188531339168549 0.0819900408387184 0.0401774533092976 0.166443437337875 -0.00173051469027996 0.0661513656377792 0.0148742841556668 0.0436584651470184 -0.0140359159559011 0.112521588802338 0.168768987059593 0.147558391094208 0.209239199757576 0.325445920228958 0.271484315395355 0.189528837800026 0.200398460030556 0.184852674603462 0.0873537287116051 0.0421463884413242 0.111956723034382
0.082671046257019 -0.0291765928268433 0.162345424294472 -0.0432158783078194 -0.0615220069885254 -0.0479718111455441 0.270271867513657 0.352961808443069 0.328001499176025 0.32635909318924 0.517719089984894 0.235740765929222 0.358888655900955 0.115293987095356 0.0893380343914032 0.0939487218856812 0.0999751910567284 0.0369614735245705 0.0524633154273033 0.194057285785675 0.0595043115317822 0.145939692854881 0.0924186483025551 0.153829470276833 0.167745307087898 0.122829765081406 0.0418314412236214 -0.00139556161593646 0.12957838177681 0.100283674895763 0.0462571978569031 0.195156261324883 0.133135348558426 0.028037691488862 0.207602962851524 0.239642933011055 0.330955326557159 0.271430224180222 0.173883616924286 0.142872110009193 0.0785911902785301 0.0344883240759373 0.0630315616726875 0.177469968795776
-0.0309163015335798 -0.0540491007268429 0.0937271490693092 0.0336649417877197 -0.13346990942955 -0.0994117632508278 -0.00457143923267722 0.196555197238922 0.273827522993088 0.226967513561249 0.291314154863358 0.238726481795311 0.33145198225975 0.268873244524002 0.175293371081352 0.145485639572144 0.0798443108797073 0.0657149106264114 0.0090320622548461 0.198226019740105 0.105664603412151 -0.00287645333446562 0.202199891209602 0.140756160020828 0.146209239959717 0.0376846604049206 0.105048432946205 0.0897118002176285 0.0782148689031601 0.0577606447041035 0.149139150977135 0.142547085881233 0.0601946040987968 0.00198428425937891 -0.0033624223433435 0.0155691187828779 0.194409608840942 0.169195458292961 0.174494177103043 0.0532643795013428 0.0222520865499973 -0.0149120381101966 0.111512251198292 0.171431839466095
-0.00858508516103029 -0.0957422479987144 0.0842384248971939 -0.00409957068040967 -0.0296512003988028 0.0602744892239571 0.0182050168514252 0.225794479250908 0.213374763727188 0.259935617446899 0.221129775047302 0.345891326665878 0.231715947389603 0.28354012966156 0.156157106161118 0.0820744559168816 0.197479367256165 0.0656481385231018 0.0763491690158844 0.140801295638084 0.0299449935555458 0.106086134910583 0.13396629691124 0.258794099092484 0.209390506148338 0.21015240252018 0.158511593937874 0.0516726262867451 0.0659829452633858 0.0481116659939289 0.0143633307889104 0.164749547839165 0.176322594285011 0.0510297678411007 -0.0264174770563841 0.0489230118691921 0.1358303129673 0.152775034308434 0.118301697075367 0.164723247289658 0.0257182233035564 -0.065901979804039 0.0127565655857325 0.0574179291725159
-0.326859146356583 -0.0714631304144859 0.0897903144359589 0.0659827068448067 -0.0139864291995764 -0.0755039900541306 -0.130058452486992 -0.143383115530014 0.0390828587114811 0.400640547275543 0.33440488576889 0.219178289175034 0.269011825323105 0.284543007612228 -0.125019133090973 0.0594986826181412 0.139350533485413 0.0201807618141174 0.0788815766572952 0.115499280393124 0.0759890526533127 0.109693862497807 0.0971301272511482 0.259997457265854 0.298417627811432 0.164501309394836 0.151913180947304 0.227476626634598 0.0243110898882151 -0.00804797373712063 0.0180190652608871 0.0179501716047525 0.0194224156439304 0.1274024695158 0.0940697193145752 -0.0229186695069075 0.0700069218873978 0.0942460000514984 0.105520702898502 0.0487788319587708 0.0694274753332138 0.0285655669867992 -0.0449955053627491 0.0658108443021774
0.0530016049742699 -0.0637219324707985 0.039433978497982 0.0990762338042259 -0.0303947161883116 -0.14039246737957 -0.0504826866090298 -0.0295121315866709 0.049138281494379 0.0270842351019382 0.230711087584496 0.227482661604881 0.00396186858415604 0.343192338943481 0.287807375192642 0.28836977481842 0.12997929751873 0.0266583804041147 0.0981747880578041 0.0778684318065643 0.0867333114147186 0.0881634578108788 0.0431058220565319 0.112646445631981 0.157239139080048 0.162761941552162 0.274794727563858 0.269656628370285 0.246812805533409 0.189629286527634 0.149297252297401 -0.00569763034582138 0.116923280060291 0.143528744578362 -0.000759394664783031 0.0635528042912483 0.0470570363104343 0.0523916110396385 0.0244836080819368 -0.0272506568580866 -0.0949889868497849 0.0331001318991184 0.0702969953417778 0.133247882127762
0.0531444363296032 0.0617604479193687 0.052647028118372 -999 -0.0896717607975006 -0.0235495697706938 -0.100445471704006 0.0052061453461647 0.134078741073608 0.0852592810988426 0.0911696627736092 0.05801996961236 0.253480523824692 0.222653046250343 0.300546765327454 0.0347775258123875 0.250781446695328 0.0977010354399681 0.119147323071957 0.0777563080191612 0.0248017534613609 0.0789071023464203 0.0818854719400406 0.0731120631098747 0.135435625910759 0.1496212631464 0.113826885819435 0.134620249271393 0.146128103137016 0.133553266525269 0.153031021356583 0.119177877902985 0.156321376562119 0.0530175343155861 0.0315469279885292 0.0664940476417542 -0.114767976105213 0.00871095526963472 -0.240797787904739 0.0591678470373154 0.060196440666914 0.0891872495412827 0.0654449388384819 0.207766428589821
0.0704919770359993 0.165950834751129 -0.0358353927731514 0.00312712183222175 -0.0573276057839394 0.0370187424123287 0.123240180313587 0.101472802460194 -0.383662164211273 0.033345740288496 0.0204334501177073 0.0541791990399361 0.0595001950860023 -999 0.131718367338181 0.196623370051384 0.316119015216827 0.101209916174412 0.105064131319523 0.248711511492729 0.042088970541954 -0.0190100930631161 0.154648587107658 0.131299331784248 0.119111903011799 0.0730518102645874 0.229140311479568 0.0820471867918968 0.087702214717865 0.11190290749073 0.0894157886505127 0.145875588059425 0.249619111418724 0.142237484455109 0.126228228211403 -0.00344436895102262 0.132882639765739 0.0777121484279633 0.0604413747787476 0.197127446532249 0.0657773688435555 0.0278874039649963 0.0417033806443214 -0.0585485249757767
-0.0221821330487728 0.0425344295799732 0.422675490379333 -0.0471661314368248 0.0331045500934124 0.17335270345211 -0.0621186494827271 0.0194186996668577 0.181191653013229 -0.0591748729348183 0.0538638345897198 0.136310070753098 0.138672471046448 -999 -0.0913631916046143 0.168459340929985 0.256631642580032 0.134288474917412 0.202795669436455 0.259555250406265 0.1298548579216 0.137991458177567 0.120933748781681 0.173062965273857 0.0839314088225365 0.121091857552528 0.0715391635894775 0.194766715168953 0.144059687852859 0.0671401247382164 0.040789071470499 0.0648498386144638 -0.0329168289899826 0.067980632185936 0.102309115231037 0.0400916934013367 -0.0202514082193375 0.100167348980904 0.223365142941475 0.236944586038589 0.0519710183143616 0.145209833979607 0.133059933781624 0.133868873119354
-0.0430794060230255 0.0575660206377506 -0.253522723913193 0.0177186820656061 0.0872071534395218 -0.109619326889515 0.196897685527802 -0.0111485086381435 -0.0373970083892345 0.102608181536198 0.0962456986308098 0.063439853489399 0.0636073276400566 -0.155362397432327 -0.150144532322884 0.114119112491608 0.0641599074006081 0.21404293179512 -0.0145165286958218 0.192654430866241 0.111129052937031 0.180350095033646 0.0624175406992435 0.0227113161236048 0.0668609365820885 0.177965268492699 0.12408259510994 0.0586068965494633 0.136256068944931 0.0955936685204506 0.121842235326767 0.0813570618629456 -0.0202324595302343 0.0706473886966705 -0.0118341809138656 0.138130098581314 -0.0388725474476814 0.087019257247448 0.0790830105543137 0.15710161626339 0.0750933736562729 0.111166082322598 0.0265517309308052 0.0215941090136766
