assets/gome_f/processed/ascii/us/gome_sif_US_20121001.asc
NCOLS 116 
NROWS 53 
XLLCORNER -125 
YLLCORNER 24.5 
CELLSIZE 0.5 
NODATA_value -3.4e+38 
[rows 0 to 18 of 53, columns 0 to 42 of 116]
0.029508581385016 0.04542600736022 -0.043440829962492 0.0449731573462486 0.133767575025558 0.0804833397269249 0.0507238134741783 0.0563123114407063 0.102174736559391 0.120103381574154 -0.0119419544935226 0.0920728892087936 0.0727195367217064 -0.0140257254242897 0.0702103823423386 0.0705040916800499 -0.0291595552116632 0.0837040096521378 -0.00675903121009469 -0.0099386228248477 -0.168684020638466 0.0534012541174889 0.0649420171976089 0.0316430851817131 0.062508687376976 0.0257112085819244 0.164368808269501 0.0979378148913383 0.0739224255084991 -0.0347170121967793 0.0825949236750603 0.0222410280257463 0.0122206518426538 0.0172009263187647 -0.0119222663342953 -0.109593108296394 0.0474149584770203 0.150136232376099 0.0375193879008293 0.0204068329185247 0.0193611793220043 0.00592824397608638 -0.0806519463658333
0.106823682785034 0.069871723651886 0.150574788451195 0.11417531222105 0.0516922064125538 0.0545663200318813 0.0309693869203329 0.0282535348087549 0.0612227879464626 0.0200013145804405 0.0729133412241936 0.0707238987088203 0.140615418553352 0.177102863788605 0.0272866785526276 0.087734080851078 0.0958553776144981 -0.0116335824131966 0.0511791184544563 -0.0573072098195553 0.00298801064491272 0.0268806163221598 0.25788339972496 0.0350728332996368 -0.139227822422981 0.0235082991421223 -0.0406229496002197 0.107132315635681 0.0633121877908707 0.0385247729718685 -0.0581259727478027 0.029665257781744 0.0961272567510605 -0.0461803190410137 0.0422398075461388 0.0527196377515793 0.00150577491149306 0.0598820745944977 -0.0110946241766214 -0.0195300579071045 -0.0133141782134771 -0.0718363747000694 0.024358844384551
0.0746259316802025 -0.0431096516549587 0.0898836329579353 0.0236438922584057 0.158565133810043 0.123005717992783 0.159869730472565 0.1821328997612 0.250164091587067 0.174747198820114 0.0835212916135788 0.102268487215042 0.121483452618122 0.15295897424221 0.10297729820013 0.0407705083489418 0.0548614077270031 -0.0252453852444887 0.104810103774071 -0.151814535260201 0.0396374017000198 0.082934744656086 -0.0301948320120573 0.0585411116480827 0.054304663091898 0.00315305264666677 0.0762559771537781 0.0752984434366226 0.0113744344562292 0.0847435817122459 0.129182636737823 -0.00124295055866241 0.0268028825521469 0.0563481263816357 0.079874150454998 0.0203310698270798 -0.0416824407875538 0.0422926135361195 0.0621382333338261 -0.00847466010600328 0.00228502065874636 0.0466503836214542 0.0160614363849163
0.25244352221489 0.245448112487793 0.185153275728226 0.0531380325555801 0.11831671744585 0.0993505194783211 0.192108377814293 0.101940594613552 0.123908065259457 0.0594245046377182 0.160308837890625 0.0608533248305321 0.0476962737739086 0.141464278101921 0.0670491009950638 0.127147898077965 0.133993789553642 0.137024730443954 0.0980770736932755 0.00887389294803143 0.135523229837418 0.171898379921913 -0.0268723536282778 0.0990499556064606 -0.0575287342071533 0.013329278677702 0.0260272826999426 -0.00548330741003156 0.00455144699662924 -0.0169395543634892 0.140466794371605 -0.0515244007110596 0.0418173149228096 -0.104413509368896 -0.0241544749587774 -0.0236196853220463 0.0256112087517977 0.0104554565623403 0.000680865894537419 0.00271938531659544 0.00374757242389023 0.0340593531727791 0.0238213092088699
0.142457649111748 0.150544598698616 0.244352370500565 0.196174785494804 0.00454046903178096 0.0523947328329086 0.16525587439537 0.126557767391205 0.144612491130829 0.0756852105259895 0.0362020321190357 -0.00481001939624548 0.124169155955315 0.150455310940742 0.0750235319137573 0.24736051261425 0.0930152982473373 0.194262430071831 0.134862095117569 0.055237140506506 0.0904757007956505 0.197999969124794 0.0471709929406643 -0.0459509529173374 -0.0130545571446419 -0.0279526151716709 0.0270645096898079 0.00813914276659489 0.0406558886170387 -0.128994539380074 -0.0255763661116362 0.0145346652716398 -0.0415989607572556 0.0115977292880416 -0.132339552044868 -0.0555643551051617 -0.0148440124467015 -0.024703236296773 -0.101802684366703 0.0438587851822376 0.0227055158466101 0.209468320012093 0.00775838224217296
0.0020004257094115 0.0329875461757183 0.112868763506413 0.240003183484077 0.0293859168887138 0.0234533436596394 0.223398551344872 0.148197948932648 0.0833003744482994 0.0580360479652882 0.0946449413895607 0.114050351083279 0.00493039190769196 0.0533699691295624 0.124483086168766 0.158427521586418 0.183963626623154 0.165381044149399 0.0667978599667549 0.0533079132437706 0.178211316466331 0.109448805451393 0.0269350707530975 0.0454350337386131 -0.0173229984939098 -0.137705937027931 0.0182164646685123 -0.0808192417025566 0.123654671013355 0.0480442307889462 -0.0340655855834484 -0.00892396923154593 0.00739432545378804 -0.0146790696308017 0.00961509626358747 0.0280823837965727 0.0668735206127167 0.030844634398818 -0.0430684983730316 0.0639745518565178 -0.0306963380426168 0.0162781924009323 -0.0536424852907658
0.0751113221049309 0.0369643121957779 0.170987546443939 0.133316978812218 0.160078600049019 0.155646651983261 0.163571730256081 0.173661753535271 0.119781605899334 -0.056630652397871 0.0256585422903299 0.0384380929172039 0.0770328044891357 -0.0104834735393524 0.215455204248428 0.146960467100143 0.264197409152985 0.242876142263412 0.0339131839573383 0.0842305421829224 0.119532868266106 0.0772770717740059 0.150936141610146 0.0922848880290985 -0.0314439311623573 0.0627807527780533 0.0937476232647896 0.0399234928190708 0.0556541122496128 0.0108474837616086 0.00256599602289498 0.0577624514698982 0.0311616603285074 -0.0586801506578922 0.0595684684813023 0.0355685018002987 0.0450517311692238 0.0471574701368809 0.0563316382467747 0.0510228909552097 -0.0206051524728537 0.00709766848012805 0.00180315971374512
0.075499527156353 -0.00080810982035473 0.276060581207275 0.227338552474976 0.21166355907917 0.181185349822044 0.228104054927826 0.0922106504440308 0.126247420907021 0.0635466873645782 0.128650978207588 0.139033496379852 0.117975868284702 0.030130410566926 0.11458295583725 0.0800277441740036 0.192642644047737 0.111925907433033 0.19479738175869 0.0315481163561344 -0.0085489908233285 0.132133603096008 -0.0173535514622927 0.00422807270660996 0.0680681690573692 0.131639540195465 -0.0122767984867096 0.127110317349434 -0.122096933424473 0.0247642956674099 0.167974203824997 0.105528570711613 0.0304857771843672 -0.00327483075670898 0.0567837208509445 0.0685624852776527 -0.00248793628998101 0.0581387728452682 -0.0258667320013046 0.0384583249688148 0.0232171900570393 0.0503302998840809 0.042684443295002
-0.0136237815022469 0.0113806240260601 0.135212242603302 0.286444902420044 0.119246140122414 0.145500168204308 0.195116072893143 0.12277814745903 0.140482410788536 0.0171676818281412 0.0757609158754349 0.221682161092758 0.118621110916138 0.0819549337029457 0.000176911547896452 -0.110930472612381 0.0263711083680391 0.230341404676437 0.182288140058517 0.0858147367835045 0.14826899766922 0.0679019838571548 -0.018195353448391 0.0422924384474754 0.0778274834156036 0.0580550208687782 0.00390379130840302 0.0660431534051895 0.0433475486934185 0.108120784163475 0.0298626311123371 0.0875707939267159 0.131170213222504 -0.0191993117332458 0.0766118913888931 -0.00128522887825966 0.0319971032440662 0.0307193826884031 -0.0502119474112988 -0.0203599892556667 0.0197926256805658 -0.0076593947596848 -0.0327726975083351
-0.0176739823073149 0.0307315085083246 0.0774280205368996 0.171162381768227 0.207286342978477 0.233829826116562 0.258678078651428 0.0915612429380417 0.113932870328426 0.113561943173409 0.134772971272469 0.0734175369143486 0.0882720649242401 0.0539136454463005 0.0823593735694885 -0.0193494819104671 -0.00660498719662428 0.0977943912148476 0.102489575743675 0.115314811468124 0.0929348766803741 -0.0191763583570719 0.00246037426404655 0.0218490343540907 0.138436406850815 -0.00402498245239258 0.0567901097238064 0.044457595795393 -0.118477948009968 -0.144538015127182 0.133396580815315 -0.0117547176778316 0.0307657215744257 0.0488793104887009 0.0260094851255417 0.0270010605454445 0.11181927472353 0.0702099874615669 0.0468335300683975 0.0590232238173485 0.0517417341470718 -0.00858485884964466 0.0872261598706245
0.0391258001327515 -0.00355378608219326 0.0428504981100559 0.11658800393343 0.13406166434288 0.313543409109116 0.0912468433380127 0.151269197463989 0.0041988124139607 0.0671082809567451 0.039234571158886 0.146848499774933 0.10198325663805 0.0353639535605907 0.172837421298027 -0.00579274259507656 0.0797436386346817 0.124915882945061 0.144858002662659 -0.00299802515655756 0.09433513879776 0.0955256298184395 -0.029258431866765 -0.0113853635266423 0.136695802211761 0.0276980437338352 0.0354767069220543 0.115433499217033 0.0735453218221664 0.0572280362248421 0.0857967510819435 0.0141164157539606 -0.0213540960103273 0.00298740598373115 0.0417582727968693 0.0483795739710331 -0.00693097012117505 0.0147501137107611 0.12237061560154 0.0946091040968895 0.0762752741575241 -0.0167618915438652 0.0753410682082176
0.0373720973730087 0.0250338260084391 0.163772970438004 0.363494366407394 0.224666357040405 0.225696742534637 0.190800607204437 0.111182682216167 0.0154269365593791 -0.0148916505277157 0.0197637286037207 0.0451708063483238 0.0511392503976822 0.0945246741175652 0.0654756799340248 0.18936288356781 0.0600521601736546 0.0603754855692387 0.079558864235878 -0.00624390924349427 0.0477488860487938 -0.00485587539151311 -0.00611646519973874 -0.0054471748881042 0.0581356212496758 0.0585499294102192 0.00940196588635445 0.0144072370603681 0.0570851787924767 -0.0202242825180292 -0.0224904045462608 0.0932140648365021 0.0324816405773163 0.0108390348032117 0.0110464934259653 0.0562592819333076 -0.0275087039917707 -0.0515910424292088 0.01649110019207 0.00271896948106587 0.0365859866142273 -0.00905776023864746 0.0646876990795135
0.0256179459393024 -0.0342080555856228 0.234091714024544 0.188190579414368 0.219043388962746 0.254753977060318 0.128716856241226 0.00538228219375014 0.0246072076261044 0.0727199390530586 0.0468631014227867 0.0571685507893562 0.0151539323851466 -0.038794856518507 0.0893282443284988 0.117197178304195 0.114350572228432 0.0676292553544044 0.030389217659831 0.0207063145935535 0.0189772341400385 0.0022845093626529 0.0136729488149285 0.0456676557660103 0.0470977053046227 -0.0110130589455366 -0.133839726448059 -0.0412093810737133 0.0660935789346695 -0.0588221997022629 0.0397435501217842 -0.0244035422801971 0.0593474730849266 0.135168880224228 -0.0160486921668053 -0.0356636457145214 0.0737374946475029 0.0396245941519737 0.00291629531420767 0.0585839226841927 0.0623310804367065 0.0136162741109729 -0.0408238247036934
0.0607701651751995 -0.0467580780386925 0.179940581321716 0.202819555997849 0.142213568091393 0.190780431032181 0.141574218869209 0.0560737252235413 -0.0215899758040905 0.0261579100042582 0.0767998397350311 0.00358724361285567 0.048462551087141 0.168828263878822 -0.0361090414226055 0.0508438348770142 0.0525181330740452 0.158862218260765 0.0986210033297539 0.0455268882215023 0.023204181343317 -0.0293947886675596 -0.0547013990581036 0.0550707653164864 0.0546966642141342 0.0954292044043541 0.00366650125943124 0.0527293384075165 0.0706001073122025 -0.015731206163764 0.0193461999297142 -0.0218739435076714 0.0248163249343634 0.0373670421540737 0.0740627348423004 -0.0354919731616974 0.0228502415120602 0.0126385623589158 0.0703554973006248 0.0193360671401024 0.0500409044325352 0.0104724736884236 0.119287550449371
-0.0544380769133568 0.0296322982758284 0.18757139146328 0.29441249370575 0.251043975353241 0.158925384283066 0.155906990170479 0.0400643199682236 0.094970166683197 0.0401416681706905 0.0440310128033161 0.0805642902851105 0.068273738026619 0.0374622754752636 0.048558697104454 0.0734421536326408 0.095286525785923 0.0420674495398998 0.0686234310269356 -0.00156692916061729 0.0145093547180295 0.0982082635164261 0.0041108401492238 0.00334491394460201 -0.0572547912597656 0.062708780169487 0.0493071861565113 -0.0110563319176435 -0.0348923206329346 0.00689200032502413 -0.0405574701726437 -0.0182327441871166 0.107865288853645 -0.0491233728826046 0.0322094559669495 0.114924922585487 0.0432043112814426 0.0549102313816547 0.0279937833547592 0.0557088181376457 0.0134934587404132 -0.0322907827794552 -0.0177232641726732
0.00175061263144016 0.156229883432388 0.212600097060204 0.188433319330215 0.191425666213036 0.183703452348709 0.0812211185693741 0.112936466932297 0.0223095528781414 0.0867128148674965 0.0155651196837425 -0.00418751826509833 -0.0168789345771074 -0.0217623505741358 -0.0100316479802132 -0.03515350446105 -0.0358536653220654 0.0800791680812836 0.114355161786079 0.0668384954333305 0.0754191726446152 0.00970587972551584 0.034181896597147 -0.0420332923531532 -0.0343436039984226 0.0318370386958122 0.0492487139999866 0.0885493233799934 -0.00994324870407581 0.102608278393745 0.00677544996142387 0.0213678572326899 0.0293205231428146 0.011683396063745 0.0467208065092564 -0.0284996032714844 0.0447069630026817 -0.0477260984480381 -0.0597460716962814 -0.0256777368485928 0.0920817852020264 -0.0601119361817837 -0.0417215414345264
0.0044175973162055 0.0799063593149185 0.160000339150429 0.191046938300133 0.241746842861176 0.150231048464775 0.0818031877279282 0.0687938705086708 0.0653931275010109 0.0590345785021782 0.0299494080245495 0.0258787982165813 -0.0248962361365557 0.07540662586689 0.0349577553570271 -0.000176125831785612 0.0175289381295443 0.0438747815787792 -0.0172112435102463 0.0397022590041161 0.119227759540081 0.0386129952967167 0.0757998451590538 0.0633786171674728 0.129271984100342 0.0585624165832996 0.0173076298087835 0.031085442751646 0.0742123275995255 -0.0237735621631145 0.046761330217123 -0.00666414201259613 -0.00931356102228165 0.0114644654095173 -0.0120708327740431 -0.035772729665041 -0.0442311316728592 -0.0069486116990447 0.065372422337532 -0.0064776698127389 -0.00288975611329079 -0.0148893101140857 0.0511124171316624
0.00177176622673869 -0.019471226260066 0.112109057605267 0.250200718641281 0.162608966231346 0.100276425480843 0.131292268633842 0.160526946187019 0.129747480154037 0.0898626819252968 -0.00768477050587535 -0.0027871064376086 0.00643834751099348 -0.00288583454675972 -0.0105645321309566 -0.0630557090044022 0.0124618140980601 0.0586084760725498 0.0771005898714066 0.0243133790791035 0.0246351882815361 0.0775519162416458 0.0819621905684471 0.00646125804632902 -0.00889360159635544 -0.0106510110199451 0.0652228742837906 0.0278115961700678 0.00777116790413857 0.0350879803299904 0.0189297404140234 -0.0225096344947815 0.0265888348221779 0.0272128712385893 0.0426103211939335 -0.0549511574208736 -0.0375344082713127 0.0136090368032455 0.043813306838274 -0.00393438804894686 0.0631454586982727 0.112569205462933 0.0677992105484009
0.0431356765329838 0.151866540312767 0.158506408333778 0.114334531128407 0.135429888963699 0.161910638213158 0.0987928807735443 0.031391616910696 0.0031156346667558 0.0344451516866684 -0.0531271398067474 -0.0440554171800613 -0.0221218783408403 0.0302702225744724 0.0791490450501442 -0.0178248062729836 0.0158261451870203 0.0733972191810608 0.0273973494768143 -0.00122042489238083 0.00698951445519924 0.0823163986206055 0.0759491547942162 -0.0358105264604092 0.0214127749204636 0.1371860653162 0.0668155699968338 -0.0307045858353376 -0.0417380407452583 -0.00340500054880977 -0.0189596582204103 -0.0481437891721725 -0.00940924696624279 -0.0580141320824623 -0.0766791924834251 -0.0485760271549225 0.0228440389037132 -0.0474298931658268 0.0316772274672985 -0.00702129676938057 0.0765850320458412 0.00575145799666643 0.088920883834362
