assets/gome_f/processed/ascii/us/gome_sif_US_20121001.asc
NCOLS 116 
NROWS 53 
XLLCORNER -125 
YLLCORNER 24.5 
CELLSIZE 0.5 
NODATA_value -3.4e+38 
[rows 19 to 37 of 53, columns 43 to 85 of 116]
0.101695545017719 0.0834690555930138 0.00727078970521688 0.0249513126909733 0.0761415660381317 0.00257404940202832 0.019572151824832 0.0723838731646538 0.0487565919756889 0.0839071124792099 0.000759460031986237 0.100268572568893 0.0771603435277939 0.090188167989254 0.0552762001752853 0.0833362862467766 0.0319128632545471 0.11603569984436 0.0916758626699448 0.158889964222908 0.0725387707352638 0.133354216814041 0.161846816539764 0.13051350414753 0.0974246561527252 0.162622511386871 0.0840407088398933 0.123650260269642 0.0639669299125671 0.0929496139287949 0.0829369947314262 0.087565153837204 0.119473710656166 0.0792851224541664 0.013521864078939 0.0581462234258652 0.106049731373787 -0.0117166163399816 0.186867639422417 0.142741963267326 0.211170792579651 0.133345827460289 0.123879596590996
-0.00977117288857698 0.033810943365097 -0.0176717415452003 0.0505203641951084 0.0332378447055817 0.0974285006523132 0.056431882083416 0.0608352981507778 -0.0152184497565031 0.171431988477707 0.0857696533203125 0.086266040802002 0.0132957957684994 0.12092250585556 0.0836113020777702 0.0329021997749805 0.153301328420639 0.26342585682869 0.147934943437576 0.261141210794449 0.115036085247993 0.120183624327183 0.136654540896416 0.106696091592312 0.0666951462626457 0.06412123888731 0.100380130112171 0.104549333453178 0.129392996430397 0.012774521484971 0.0653507858514786 0.111819729208946 0.0918150693178177 0.108625926077366 0.0733822956681252 0.183225333690643 0.151968255639076 0.11072713881731 0.161580473184586 0.0712168887257576 0.0814381465315819 0.189847558736801 0.174346670508385
0.0552840419113636 0.0733799710869789 -0.0321510955691338 -0.0095911268144846 0.0240915510803461 0.053990688174963 -0.0113436756655574 0.0712664872407913 0.0155573561787605 0.0174072068184614 0.102330714464188 0.0325997658073902 0.0949968546628952 0.0233339630067348 0.0373362377285957 0.114717148244381 0.149721577763557 0.224460795521736 0.111255742609501 0.154244601726532 0.211323112249374 0.22873093187809 0.216955721378326 0.237075507640839 0.197676748037338 0.0510528795421124 0.248452663421631 0.0423902980983257 0.0961579829454422 0.0462543405592442 0.0730768665671349 0.122544072568417 0.0897582694888115 0.128029018640518 0.14932031929493 0.0953375101089478 0.12026222795248 0.147694706916809 0.119069956243038 0.078573189675808 0.24654321372509 0.0935424566268921 0.196420684456825
0.0166532676666975 0.0328793078660965 0.0508389994502068 -0.0143692083656788 -0.0071232314221561 0.0565248876810074 0.0442836992442608 0.125080808997154 0.0883489996194839 0.0513492375612259 0.0257128197699785 0.161928713321686 0.0821088850498199 0.0567318685352802 0.111125990748405 0.0757299512624741 0.00162814336363226 0.147937178611755 0.160729750990868 0.253131151199341 0.1849524974823 0.205832183361053 0.185962796211243 0.183804422616959 0.172564908862114 0.234971940517426 0.0876840427517891 0.124948903918266 0.0401802845299244 0.0901157557964325 0.0786324888467789 0.0306675955653191 0.111003115773201 0.177512228488922 0.121592320501804 0.208717256784439 0.124193035066128 0.115117214620113 0.183231890201569 0.158525958657265 0.173420414328575 0.0529865249991417 0.21315062046051
-0.0414730198681355 0.0496868155896664 0.0970413684844971 -0.0370357073843479 0.0359456837177277 0.0556378252804279 0.00600279588252306 0.0735310912132263 0.0605991892516613 0.0752730295062065 0.143840715289116 0.0177278965711594 0.0724939182400703 0.0915836691856384 0.163861244916916 0.145500183105469 0.133595779538155 0.218489021062851 0.18954174220562 0.19059020280838 0.186138764023781 0.317598640918732 0.208083480596542 0.167599752545357 0.256611078977585 0.196527197957039 0.180228441953659 0.0931613072752953 0.145091146230698 0.15412400662899 0.0766217410564423 0.218555271625519 0.148167043924332 0.242202162742615 0.269700080156326 0.167002499103546 0.136400565505028 0.253617405891418 0.165438741445541 0.307016432285309 0.208027005195618 0.259421557188034 0.259377509355545
0.00292892078869045 0.0664931088685989 0.0099883284419775 -0.00652561755850911 0.0159692671149969 0.0814035162329674 0.120203822851181 0.00924801081418991 0.17171223461628 -0.00566199421882629 0.163746476173401 0.0273390710353851 0.10905185341835 0.205060139298439 0.128815144300461 0.158406987786293 0.248910412192345 0.330902427434921 0.342118293046951 0.279448390007019 0.271940410137177 0.226612448692322 0.311839431524277 0.166659384965897 0.26179826259613 0.186449021100998 0.256297290325165 0.210026815533638 0.195478618144989 0.145867899060249 0.207266807556152 0.220217362046242 0.208164945244789 0.229603633284569 0.307362675666809 0.171842977404594 0.199766308069229 0.248627796769142 0.272137045860291 0.237667113542557 0.189534038305283 0.259282946586609 0.171815365552902
0.0187364649027586 0.100651748478413 0.0360715128481388 0.0465946830809116 0.0475963391363621 0.0487233996391296 0.0526289157569408 0.0760763809084892 0.0386243797838688 0.0832277461886406 0.132799535989761 0.137061208486557 0.141331240534782 0.131900981068611 0.118752874433994 0.176641136407852 0.148860201239586 0.283890068531036 0.405948549509048 0.304018050432205 0.322515219449997 0.170890614390373 0.293863713741302 0.322815150022507 0.208704859018326 0.332951873540878 0.1694415807724 0.258548974990845 0.224979624152184 0.234197959303856 0.235088422894478 0.0998529270291328 0.249523133039474 0.242903545498848 0.19409154355526 0.254720598459244 0.24210949242115 0.168020501732826 0.359637290239334 0.318916112184525 0.250532060861588 0.239566490054131 0.293423771858215
0.0422813408076763 0.121252954006195 0.0514751076698303 0.0438131242990494 0.0378617607057095 0.0505866855382919 0.122871682047844 0.103090822696686 0.166637942194939 0.0678100734949112 0.164622932672501 0.147983580827713 0.125986114144325 0.161106795072556 0.0723659470677376 0.218491405248642 0.251627624034882 0.383643746376038 0.367002427577972 0.290713042020798 0.468269675970078 0.300532042980194 0.253946125507355 0.3250752389431 0.157116860151291 0.287520706653595 0.253810048103333 0.260229915380478 0.24681830406189 0.276885956525803 0.259614706039429 0.143882840871811 0.225115835666656 0.197187185287476 0.20059797167778 0.304076820611954 0.395946890115738 0.315901577472687 0.429617911577225 0.368299007415771 0.227240473031998 0.181358352303505 0.100919485092163
0.0868166089057922 -0.0181161407381296 0.0385509431362152 0.0460467822849751 0.0934487506747246 0.063571959733963 0.0924781709909439 -0.0290819555521011 0.0963460430502892 0.0144722228869796 0.041285015642643 0.105430208146572 0.0663436502218246 0.16588968038559 0.172756999731064 0.156263142824173 0.307606518268585 0.305720955133438 0.238429084420204 0.295393884181976 0.351902961730957 0.411937803030014 0.23286871612072 0.259606212377548 0.194238722324371 0.28872486948967 0.167717069387436 0.217712596058846 0.279616296291351 0.246975898742676 0.2538041472435 0.187061339616776 0.286394000053406 0.186046808958054 0.19556650519371 0.313558608293533 0.240169629454613 0.471700727939606 0.282128274440765 0.213683351874352 0.162239998579025 0.275741070508957 0.309600412845612
0.00223323795944452 0.00703020300716162 0.0319428630173206 0.0293044596910477 0.0922717973589897 0.0206374023109674 0.106567680835724 0.0628796294331551 0.0168351251631975 0.118138782680035 0.0977899059653282 0.182914033532143 0.0820690393447876 0.0792152881622314 0.120901443064213 0.199638932943344 0.247710257768631 0.267489701509476 0.34157919883728 0.347116410732269 0.324273079633713 0.309233874082565 0.269322782754898 0.36356583237648 0.249923139810562 0.242468655109406 0.322271645069122 0.225434318184853 0.282368719577789 0.227271556854248 0.282696455717087 0.147789493203163 0.226257547736168 0.205104529857635 0.218216389417648 0.27205017209053 0.282462626695633 0.31913885474205 0.198707163333893 0.249705582857132 0.284465670585632 0.162623435258865 0.300728976726532
0.0829809308052063 0.0780003890395164 0.10858291387558 0.0216697305440903 0.109065525233746 0.089815266430378 0.0444559939205647 0.185251995921135 0.11367829144001 0.12008061259985 0.17568401992321 0.103018634021282 0.107582300901413 0.131281718611717 0.21624881029129 0.171003967523575 0.291460543870926 0.318474382162094 0.262267231941223 0.370316326618195 0.224635943770409 0.181433066725731 0.241340413689613 0.273553341627121 0.202896937727928 0.232595458626747 0.218612536787987 0.172863617539406 0.240081652998924 0.203093469142914 0.175155580043793 0.251101315021515 0.220723167061806 0.260109037160873 0.226670533418655 0.333763688802719 0.202045142650604 0.246547669172287 0.208937495946884 0.224580690264702 0.292242586612701 0.213238820433617 0.176511645317078
0.0655930787324905 0.0528132133185863 0.070363312959671 -0.000993569847196341 0.0684413015842438 0.0685673654079437 0.141027584671974 0.134424790740013 0.235072135925293 0.188161104917526 0.234356671571732 0.164048716425896 0.195849359035492 0.210441991686821 0.2791548371315 0.33239084482193 0.352961152791977 0.267661541700363 0.213909655809402 0.327009528875351 0.212714478373528 0.299961239099503 0.204762130975723 0.274397701025009 0.257748335599899 0.22684583067894 0.15453240275383 0.0956073775887489 0.215146884322166 0.328608930110931 0.283492535352707 0.177658945322037 0.23646579682827 0.273435175418854 0.276234090328217 0.244430735707283 0.300517648458481 0.290154814720154 0.296086370944977 0.228622928261757 0.260474681854248 0.198078781366348 0.206596657633781
0.0601873584091663 0.0263508465141058 0.0536434799432755 0.128662884235382 0.0712346732616425 0.0407251827418804 0.0441089794039726 0.131392657756805 0.241848781704903 0.195193409919739 0.107743702828884 0.233939290046692 0.2425616979599 0.164993911981583 0.220647811889648 0.245032638311386 0.187853157520294 0.192051991820335 0.131937846541405 0.188802853226662 0.250729233026505 0.282706767320633 0.249603241682053 0.171121701598167 0.193791478872299 0.301222831010818 0.165849253535271 0.212385162711143 0.305131882429123 0.252982646226883 0.193003103137016 0.208922132849693 0.170267537236214 0.234486281871796 0.173345059156418 0.252520680427551 0.238750696182251 0.1451066583395 0.224834755063057 0.234680578112602 0.201148599386215 0.134136393666267 0.286835849285126
0.0199505090713501 0.127741932868958 0.0599394552409649 0.0639617145061493 0.0332985855638981 0.16883285343647 0.225904867053032 0.157794445753098 0.148546278476715 0.198863729834557 0.216925784945488 0.202085688710213 0.206558465957642 0.318133413791656 0.237087920308113 0.206147477030754 0.263981610536575 0.213577449321747 0.499097019433975 0.246700823307037 0.29333284497261 0.227389380335808 0.156522825360298 0.29040738940239 0.253705143928528 0.330005973577499 0.179688274860382 0.338016331195831 0.222772508859634 0.341714948415756 0.0800978690385818 0.219864502549171 0.164288386702538 0.203057378530502 0.257383942604065 0.264044314622879 0.24751777946949 0.206087827682495 0.176885396242142 0.091596357524395 0.266126334667206 0.280475825071335 0.239893481135368
0.0471231304109097 0.0546043552458286 0.0618139356374741 0.134558647871017 0.115907117724419 0.13811981678009 0.0759839788079262 0.139456793665886 0.0967454314231873 0.0864330008625984 0.226209312677383 0.128533542156219 0.260599374771118 0.291411340236664 0.165659740567207 0.172960191965103 0.244444414973259 0.166291803121567 0.13074916601181 0.15222992002964 0.253247380256653 0.283154547214508 0.216912373900414 0.264719188213348 0.13928847014904 0.00792956538498402 0.146217301487923 0.217629790306091 0.179349198937416 0.214740723371506 0.144854336977005 0.279736310243607 0.105058588087559 0.257535129785538 0.267023116350174 0.214098066091537 0.238127142190933 0.167361795902252 0.243918851017952 0.321482479572296 0.268628180027008 0.310372173786163 0.18961426615715
0.180383756756783 0.0436861626803875 0.0859770104289055 0.134042635560036 0.134405270218849 0.243177011609077 0.17866912484169 0.241031467914581 0.117118939757347 0.238513991236687 0.276337414979935 0.19947338104248 0.201593682169914 0.121958456933498 -0.0221082717180252 0.160369917750359 0.185046255588531 0.244702041149139 0.201649621129036 0.223875373601913 0.177394330501556 0.138789907097816 0.237723723053932 0.249116376042366 0.183775469660759 0.129468813538551 0.105888538062572 0.278875231742859 0.494453221559525 0.231430515646935 0.259334206581116 0.284691482782364 0.242561489343643 0.18376824259758 0.244291886687279 0.235107213258743 0.207946464419365 0.182965576648712 0.297974675893784 0.259773284196854 0.164049431681633 0.276932924985886 0.182426333427429
0.106447294354439 0.0690163224935532 0.129329085350037 0.178820550441742 0.0712635442614555 0.17115381360054 0.0917214080691338 0.178124994039536 0.169748455286026 0.243779018521309 0.277373671531677 0.196171179413795 0.244142264127731 0.246923685073853 0.261769890785217 0.188703447580338 0.250415802001953 0.267313539981842 0.270337373018265 0.230383306741714 0.317717671394348 0.292002081871033 0.330135673284531 0.225402370095253 0.316584497690201 0.14263042807579 0.141694873571396 0.254706770181656 0.225010350346565 0.303942710161209 0.233544200658798 0.125087782740593 0.260403990745544 0.0563316866755486 0.244777366518974 0.219684585928917 0.188621029257774 0.266029208898544 0.185143128037453 0.345729768276215 0.213564604520798 0.194692254066467 0.337601095438004
0.0880410969257355 0.124762944877148 0.114363305270672 0.20696297287941 0.168298274278641 0.118411868810654 0.133360639214516 0.177815660834312 0.240790531039238 0.184609845280647 0.210215136408806 0.148277133703232 0.169323101639748 0.307203471660614 0.264621615409851 0.351183980703354 0.285567432641983 0.340719670057297 0.21391387283802 0.224987119436264 0.345265805721283 0.238580197095871 0.25857475399971 0.165851548314095 0.34013843536377 0.138736709952354 0.24278299510479 0.233491942286491 0.296781182289124 0.195640578866005 0.236340880393982 0.211327731609344 0.321330279111862 0.172325134277344 0.220625653862953 0.266804695129395 0.280064225196838 0.265146940946579 0.260831028223038 0.205188453197479 0.235579997301102 0.23194183409214 0.26455944776535
0.136315554380417 0.158636629581451 0.139112547039986 0.25979483127594 0.0634089037775993 0.196950197219849 0.265376538038254 0.108027510344982 0.102232679724693 0.273504137992859 0.18750736117363 0.224599197506905 0.268419831991196 0.180798843502998 0.287843763828278 0.242941558361053 0.361039698123932 0.339168071746826 0.322987288236618 0.261857807636261 0.240063801407814 0.238112270832062 0.180774569511414 0.22272002696991 0.22751396894455 0.281540989875793 0.225386574864388 0.276511341333389 0.265092968940735 0.228348612785339 0.254508972167969 0.232035309076309 0.36041122674942 0.240022346377373 0.245774924755096 0.187660381197929 0.251801609992981 0.223240464925766 0.224069088697433 0.1696657538414 0.208531603217125 0.236473977565765 0.266244173049927
