assets/gome_f/processed/ascii/us/gome_sif_US_20130601.asc
NCOLS 116 
NROWS 53 
XLLCORNER -125 
YLLCORNER 24.5 
CELLSIZE 0.5 
NODATA_value -3.4e+38 
[rows 0 to 19 of 53, columns 43 to 85 of 116]
0.545353293418884 0.548333525657654 0.502522706985474 0.663909018039703 0.562256217002869 0.461634457111359 0.507791578769684 0.60477477312088 0.43430495262146 0.333797544240952 0.297379404306412 0.351733207702637 0.389915257692337 0.286204427480698 0.406206756830215 0.29062432050705 0.272208690643311 0.230767786502838 0.215133130550385 0.344726860523224 0.363965511322021 0.182675391435623 0.230104997754097 0.217360511422157 0.321261197328568 0.252750128507614 0.230989649891853 0.197699308395386 0.110019184648991 0.35283163189888 0.349107325077057 0.239947497844696 0.315237879753113 0.248623296618462 0.253897607326508 0.307809174060822 0.36619645357132 0.143639922142029 0.254010945558548 0.266285061836243 0.213005483150482 0.246422633528709 0.275929689407349
0.49305847287178 0.333458751440048 0.589464366436005 0.499044120311737 0.560373723506927 0.553738236427307 0.353421598672867 0.455859690904617 0.472699522972107 0.463293075561523 0.348668366670609 0.461492329835892 0.546986997127533 0.452693164348602 0.561847805976868 0.331909030675888 0.412314802408218 0.444127529859543 0.365513265132904 0.353467553853989 0.323413014411926 0.351480692625046 0.316625654697418 0.318537086248398 0.207899853587151 0.321329474449158 0.255752712488174 0.18538536131382 0.281664043664932 0.362490385770798 0.362521409988403 0.124512121081352 0.179528772830963 0.44457745552063 0.329761624336243 0.321686565876007 0.287632405757904 0.267423748970032 0.216652601957321 0.331622391939163 0.402567178010941 0.215141505002975 0.349480986595154
0.547961533069611 0.386793434619904 0.485934674739838 0.403824239969254 0.564989864826202 0.517069458961487 0.495205014944077 0.386669963598251 0.516919434070587 0.521662533283234 0.539736926555634 0.409494817256927 0.40799668431282 0.583682656288147 0.539758741855621 0.47395133972168 0.504117846488953 0.231209710240364 0.32440173625946 0.282270908355713 0.395398378372192 0.447360694408417 0.358438432216644 0.300212323665619 0.238039702177048 0.395123481750488 0.272336363792419 0.377137184143066 0.305783152580261 0.298918634653091 0.240214735269547 0.308105677366257 0.286853730678558 0.318986535072327 0.245055198669434 0.302477478981018 0.257283002138138 0.344993680715561 0.280018210411072 0.430763959884644 0.450623750686646 0.394683599472046 0.478978306055069
0.501984238624573 0.374074697494507 0.359716325998306 0.535761654376984 0.487131863832474 0.436882138252258 0.542867839336395 0.303210288286209 0.454278618097305 0.380746215581894 0.323250532150269 0.575324535369873 0.344390660524368 0.531229615211487 0.486773699522018 0.443667560815811 0.294166833162308 0.35746768116951 0.317196726799011 0.365206569433212 0.425173908472061 0.488691806793213 0.380973517894745 0.354122012853622 0.248564720153809 0.361449897289276 0.260066986083984 0.471609890460968 0.427208095788956 0.376721858978271 0.146320074796677 0.324019908905029 0.222508698701859 0.527735531330109 0.29093524813652 0.388758271932602 0.367152273654938 0.301375657320023 0.433226317167282 0.493947356939316 0.548869550228119 0.419173717498779 0.444365620613098
0.410531520843506 0.580519199371338 0.476011246442795 0.315895825624466 0.321974605321884 0.39308175444603 0.479198157787323 0.372613400220871 0.223897352814674 0.212248638272285 0.313591748476028 0.318987011909485 0.323450088500977 0.284778743982315 0.548814058303833 0.411382764577866 0.493977963924408 0.593040466308594 0.339309692382812 0.552540957927704 0.575739204883575 0.445971131324768 0.413163393735886 0.601544559001923 0.393142908811569 0.401771754026413 0.477561891078949 0.373163014650345 0.436425536870956 0.23752386868 0.283115923404694 0.0883557200431824 0.0178311597555876 0.0846025124192238 0.259262681007385 0.367418557405472 0.368590265512466 0.458639293909073 0.413441181182861 0.455416679382324 0.479513376951218 0.43946647644043 0.527518510818481
0.504757225513458 0.438448011875153 0.417378813028336 0.395039588212967 0.501520991325378 0.344848304986954 0.470424950122833 0.238851860165596 0.2436333745718 0.160500839352608 0.270552098751068 0.410745203495026 0.28929141163826 0.483086884021759 0.32962891459465 0.354339182376862 0.541032493114471 0.396180331707001 0.463282316923141 0.579967617988586 0.535609900951385 0.606238722801208 0.592120707035065 0.364487886428833 0.390679329633713 0.381830334663391 0.37128883600235 0.402961820363998 0.166076079010963 0.171145617961884 0.122689753770828 0.047025553882122 -0.0244233403354883 0.0573586151003838 0.129616215825081 0.211838826537132 0.35610431432724 0.57812774181366 0.557053864002228 0.445059657096863 0.415891349315643 0.589518845081329 0.393691271543503
0.503982841968536 0.689331114292145 0.434233754873276 0.496147483587265 0.423653692007065 0.497660398483276 0.399525940418243 0.355053514242172 0.341481029987335 0.413151383399963 0.459354788064957 0.242204859852791 0.435989767313004 0.410250812768936 0.668695092201233 0.498862028121948 0.720283210277557 0.635904550552368 0.655731976032257 0.67194789648056 0.647042036056519 0.621005117893219 0.77480137348175 0.389762252569199 0.470109194517136 0.405906021595001 0.172351658344269 0.142160311341286 0.0325715504586697 0.138471677899361 0.124134935438633 0.0247491151094437 0.0657319203019142 0.0385952591896057 0.115428529679775 0.0531340837478638 0.112031079828739 0.200340390205383 0.444902151823044 0.49092960357666 0.518780112266541 0.532336115837097 0.368107169866562
0.501836061477661 0.565494894981384 0.647217869758606 0.67703902721405 0.54927271604538 0.676470458507538 0.57917845249176 0.489535421133041 0.410911977291107 0.304106503725052 0.322372943162918 0.356666773557663 0.346029222011566 0.372426807880402 0.45656955242157 0.497065365314484 0.802070617675781 0.712788224220276 0.827885448932648 0.522159337997437 0.751800775527954 0.541266202926636 0.72253805398941 0.499822825193405 0.352866679430008 0.187672704458237 0.0160161294043064 0.188215360045433 0.205872401595116 0.216927856206894 0.234225004911423 0.179747402667999 -0.106269873678684 0.0520107597112656 0.270011961460114 0.0502818897366524 0.0992425382137299 0.338850051164627 0.683189392089844 0.530172526836395 0.416054546833038 0.507834434509277 0.351532518863678
0.719354212284088 0.702959597110748 0.489305257797241 0.638704717159271 0.589503169059753 0.691668927669525 0.549922525882721 0.594119966030121 0.605423033237457 0.443148285150528 0.410334199666977 0.306478291749954 0.247497960925102 0.358839333057404 0.402748733758926 0.484750956296921 0.668135702610016 0.633897006511688 0.769802033901215 0.552059829235077 0.8417928814888 0.732861161231995 0.890087246894836 0.45032787322998 0.551888465881348 0.465703547000885 0.677552461624146 0.403266936540604 0.705305635929108 0.657109081745148 0.704649329185486 0.548999130725861 0.444586366415024 0.405823320150375 0.333758115768433 0.275443881750107 0.228528141975403 0.498256832361221 0.592620313167572 0.687658548355103 0.684489071369171 0.464033424854279 0.512122511863708
0.533208906650543 0.595228374004364 0.704710483551025 0.651849150657654 0.673101663589478 0.668428182601929 0.523432970046997 0.580071210861206 0.423238933086395 0.547026515007019 0.286065340042114 0.468599408864975 0.398210078477859 0.352227389812469 0.306983888149261 0.45246285200119 0.56875878572464 0.532744705677032 0.584636449813843 0.666383147239685 0.778018832206726 0.799320101737976 0.849951982498169 0.714292466640472 0.770093977451324 0.671115696430206 0.87034672498703 0.58246123790741 0.824079871177673 0.602137625217438 0.758875548839569 0.638129413127899 0.540437877178192 0.664620339870453 0.585761547088623 0.467718422412872 0.341307908296585 0.457859516143799 0.485948264598846 0.349441796541214 0.290307372808456 0.412003844976425 0.491450667381287
0.647399604320526 0.520812332630157 0.597263872623444 0.494986772537231 0.503514468669891 0.465159922838211 0.555136382579803 0.627175450325012 0.513559818267822 0.513254404067993 0.428512632846832 0.371807485818863 0.429753363132477 0.410248607397079 0.36060756444931 0.473827630281448 0.393447786569595 0.564170956611633 0.535165727138519 0.640537202358246 0.792572796344757 0.623631656169891 0.936773121356964 0.769260764122009 0.796347618103027 0.791144549846649 0.89329981803894 0.734484910964966 0.649522721767426 0.828468441963196 0.779770195484161 0.555742025375366 0.579752326011658 0.242601126432419 0.24120020866394 0.0109332296997309 0.260163575410843 0.249340534210205 0.463925004005432 0.0787408873438835 -0.00541201885789633 0.194132775068283 0.166704222559929
0.383471697568893 0.373678892850876 0.602550327777863 0.375308126211166 0.479217529296875 0.538815140724182 0.454598277807236 0.494866132736206 0.463873118162155 0.454577594995499 0.532909274101257 0.306872397661209 0.461356461048126 0.420190095901489 0.326463133096695 0.429976165294647 0.432346254587173 0.381336212158203 0.456795901060104 0.555981695652008 0.740380465984344 0.721548676490784 0.756614089012146 0.801832854747772 0.909321248531342 0.91566264629364 0.775876462459564 0.855593979358673 0.657426953315735 0.766135513782501 0.981802225112915 0.479488998651505 0.242077827453613 0.0176363978534937 0.164055973291397 0.0879652351140976 0.384826868772507 0.520919799804688 0.692122578620911 0.542340695858002 0.276510983705521 -0.00312451319769025 0.0691775903105736
0.514308452606201 0.413758456707001 0.618635594844818 0.36008483171463 0.501443684101105 0.451948076486588 0.320917665958405 0.577603936195374 0.495760589838028 0.513315916061401 0.517829537391663 0.483395785093307 0.521633386611938 0.399913251399994 0.430008977651596 0.294766247272491 0.40067246556282 0.372730195522308 0.379308700561523 0.40872859954834 0.625905454158783 0.53047513961792 0.649159133434296 0.528327703475952 0.645269393920898 0.788126587867737 0.582835793495178 0.720138370990753 0.595971643924713 0.801799476146698 0.441254168748856 0.592508018016815 0.407571107149124 0.198428109288216 0.317245006561279 0.453863829374313 0.642478346824646 0.576553881168365 0.69243186712265 0.35879322886467 0.360924005508423 0.0832692235708237 0.18014132976532
0.466054707765579 0.395668864250183 0.53113716840744 0.551909744739532 0.539004921913147 0.467763185501099 0.492325484752655 0.516055703163147 0.642703235149384 0.761552333831787 0.521313309669495 0.590038359165192 0.454165369272232 0.434453099966049 0.3414566218853 0.332053452730179 0.386344701051712 0.398257046937943 0.37526074051857 0.286967486143112 0.201162055134773 0.561584174633026 0.578715324401855 0.644397437572479 0.590660214424133 0.792190551757812 0.616362333297729 0.676098644733429 0.611478865146637 0.701332151889801 0.43237441778183 0.475624293088913 0.222910195589066 0.180024951696396 0.361469864845276 0.791628658771515 0.5661900639534 0.814426422119141 0.553837954998016 0.517393469810486 0.433850228786469 0.0416068509221077 0.110186405479908
0.371663838624954 0.333567827939987 0.516929507255554 0.474753588438034 0.610888600349426 0.554359674453735 0.436679869890213 0.528438627719879 0.540411710739136 0.600703120231628 0.577216923236847 0.424143046140671 0.475419580936432 0.366102486848831 0.40815794467926 0.32051557302475 0.228866100311279 0.382372498512268 0.252511322498322 0.202832147479057 0.375752240419388 0.295455753803253 0.391092121601105 0.694679856300354 0.654100179672241 0.72799688577652 0.6151482462883 0.638009965419769 0.654179990291595 0.730182766914368 0.510466516017914 0.437103927135468 -0.0236991196870804 0.212805405259132 0.382065266370773 0.884629189968109 0.614421665668488 0.714893996715546 0.575048327445984 0.365627527236938 0.43237978219986 0.408760607242584 0.285589009523392
0.303265154361725 0.50636088848114 0.480244606733322 0.568171501159668 0.583788633346558 0.551355004310608 0.68890392780304 0.770665049552917 0.832303702831268 0.617099106311798 0.601277709007263 0.383774518966675 0.59231299161911 0.399814754724503 0.274750471115112 0.313376218080521 0.365916073322296 0.369631737470627 0.3121457695961 0.293607264757156 0.307905912399292 0.209524348378181 0.497121542692184 0.494871228933334 0.610219240188599 0.854883015155792 0.858697652816772 0.893498182296753 0.449388802051544 0.610030114650726 0.495525658130646 0.695769786834717 0.0850846692919731 -0.00169920618645847 0.339861363172531 0.495721340179443 0.65419739484787 0.640809834003448 0.593457102775574 0.557493805885315 0.653082489967346 0.526415228843689 0.280754148960114
0.44209423661232 0.608523786067963 0.465066403150558 0.387349128723145 0.47007229924202 0.327889859676361 0.465534210205078 0.530569612979889 0.662025392055511 0.616509258747101 0.607101321220398 0.541083157062531 0.506486415863037 0.513523399829865 0.462448269128799 0.281044125556946 0.34660530090332 0.324855834245682 0.283046394586563 0.219272494316101 0.30651581287384 0.451999992132187 0.340687274932861 0.432201266288757 0.985501527786255 0.843016684055328 0.843662619590759 0.71236777305603 0.638165414333344 0.543527126312256 0.618318498134613 0.455053091049194 0.0708966851234436 0.0139966467395425 0.363273113965988 0.610269069671631 0.605964183807373 0.657820463180542 0.606714367866516 0.564162790775299 0.692510187625885 0.586865842342377 0.36639392375946
0.269945293664932 0.467647761106491 0.455728977918625 0.454856306314468 0.276655793190002 0.3530413210392 0.456184923648834 0.387387961149216 0.579290747642517 0.503783047199249 0.353089064359665 0.737088739871979 0.380940467119217 0.385088562965393 0.435708463191986 0.557278633117676 0.337489813566208 0.498645216226578 0.405289709568024 0.2557532787323 0.306889444589615 0.573879301548004 0.324451804161072 0.449623137712479 0.486142069101334 0.763047337532043 0.7359259724617 0.635318756103516 0.550182104110718 0.507749915122986 0.741630971431732 0.406228125095367 0.065046451985836 0.174966052174568 0.402135044336319 0.78583151102066 0.65630179643631 0.654364049434662 0.553218960762024 0.587582349777222 0.569797992706299 0.149549752473831 0.2008006721735
0.338274270296097 0.487290024757385 0.396176606416702 0.280856341123581 0.384314447641373 0.379650831222534 0.586542725563049 0.467739254236221 0.56110692024231 0.622671604156494 0.599689602851868 0.568045973777771 0.498193085193634 0.402857154607773 0.437798947095871 0.564650118350983 0.546578645706177 0.615637838840485 0.355922609567642 0.672362387180328 0.443556547164917 0.507302582263947 0.611346840858459 0.562446296215057 0.555603563785553 0.474394261837006 0.532700836658478 0.488005638122559 0.479744553565979 0.487494796514511 0.644902110099792 0.419513046741486 0.419885694980621 0.437631517648697 0.50874936580658 0.532755136489868 0.543892860412598 0.629652440547943 0.715154349803925 0.603838443756104 0.463540554046631 0.31440669298172 0.136906310915947
0.418011099100113 0.40295821428299 0.379274487495422 0.445017635822296 0.478322178125381 0.530458509922028 0.595041155815125 0.674904644489288 0.644489943981171 0.607391238212585 0.617866337299347 0.49431586265564 0.386239409446716 0.445982128381729 0.496845364570618 0.703944385051727 0.487105369567871 0.622853994369507 0.636105954647064 0.652133226394653 0.718384504318237 0.612520039081573 0.667284429073334 0.539756834506989 0.485992282629013 0.392616748809814 0.315912693738937 0.39496037364006 0.426116943359375 0.508960723876953 0.604508996009827 0.431660354137421 0.382870018482208 0.744353592395782 0.477120906114578 0.438897788524628 0.471804231405258 0.460870057344437 0.424958437681198 0.438755959272385 0.396212309598923 0.37258192896843 0.547842144966125
