assets/gome_f/processed/ascii/us/gome_sif_US_20131101.asc
NCOLS 116 
NROWS 53 
XLLCORNER -125 
YLLCORNER 24.5 
CELLSIZE 0.5 
NODATA_value -3.4e+38 
[rows 19 to 37 of 53, columns 0 to 42 of 116]
-0.0131795657798648 0.0602252222597599 0.127807781100273 0.0800238475203514 0.060206163674593 0.0979573279619217 0.0314527191221714 0.00734237302094698 0.0278989877551794 0.0295840501785278 0.0346644148230553 0.0150214936584234 0.0217766426503658 0.0709040611982346 0.0150610543787479 0.0576391741633415 0.0563729852437973 -0.0267600659281015 -0.021695414558053 -0.0311740320175886 0.0465665832161903 -0.0505701154470444 -0.0644419640302658 0.023011377081275 -0.017175380140543 0.015724116936326 -0.0333493761718273 0.0366699323058128 0.0281310677528381 0.0303998906165361 0.00860955659300089 -0.0326420329511166 0.0689953863620758 -0.0112407812848687 0.0626877918839455 -0.0238253902643919 0.0212638042867184 0.0723422840237617 -0.0305521264672279 0.034004345536232 -0.0152846006676555 0.0878274813294411 0.0133592300117016
-0.0481954105198383 0.03136046230793 0.18506184220314 0.140266448259354 0.0974113121628761 0.111748151481152 0.0905587077140808 0.013851803727448 0.0536384135484695 0.00172339798882604 -0.0420925170183182 0.0821894481778145 -0.00457183597609401 -0.0583196692168713 -0.000747274840250611 0.0472615696489811 0.019334627315402 0.0148572362959385 0.0154685080051422 0.0274324044585228 0.0496857687830925 -0.072589322924614 -0.00702075054869056 0.0504519604146481 0.0943590104579926 0.0490351729094982 -0.0146142775192857 0.0561403669416904 0.0121648497879505 0.0871338546276093 0.0573233850300312 0.020372498780489 -0.0170215740799904 -0.0162080191075802 -0.0444549843668938 0.0898485705256462 0.0884730964899063 0.0124650895595551 0.0858713388442993 -0.015594657510519 -0.00576730631291866 0.0581442229449749 0.00694237742573023
0.0108563918620348 -0.00937613844871521 0.15634049475193 0.039004273712635 0.0717995390295982 -0.0335188396275043 0.0730388984084129 0.11304983496666 0.0504236593842506 -0.0120653249323368 -0.00683317054063082 0.0214499309659004 -0.0846252962946892 0.0361799784004688 0.0437010787427425 0.0748335793614388 0.00551888952031732 0.0169011950492859 0.00708146253600717 0.0188376661390066 -0.0292918626219034 0.0663394406437874 -0.00670337863266468 0.10878024995327 0.0938442423939705 0.133840188384056 0.0259110610932112 -0.0141660291701555 -0.0328275226056576 0.142554014921188 0.111748762428761 -0.0203640032559633 -0.0249056667089462 -0.00202216883189976 0.014747180044651 0.0678618475794792 0.0705373883247375 0.0640461668372154 -0.0636397898197174 -0.00232264841906726 0.00692059192806482 -0.00459391763433814 0.0651084184646606
-0.00532877538353205 0.130824699997902 0.0569537431001663 0.0777428150177002 0.0569460690021515 0.0112676918506622 0.0730725899338722 0.0930080488324165 0.0936336070299149 0.0659372583031654 -0.000340013328241184 0.0188044793903828 -0.0303002595901489 0.0532581582665443 0.00821395590901375 -0.0677484348416328 -0.00473673269152641 -0.00339876511134207 0.0249233059585094 -0.0259770322591066 0.0815235450863838 0.0225683860480785 0.0209390129894018 0.127121761441231 -0.0233892966061831 0.0512269251048565 0.0674159452319145 0.0424602776765823 -0.013005462475121 -0.0196783430874348 0.0179526619613171 -0.0115211112424731 0.0379530601203442 0.00398391578346491 0.00419957516714931 0.00710226595401764 0.0508432127535343 -0.0280679482966661 0.0469364263117313 0.0320315398275852 0.065119206905365 0.0753745138645172 0.0975847542285919
-0.0155878886580467 0.0128216333687305 0.0563143938779831 0.110016398131847 0.0772620961070061 0.00947583559900522 0.075834222137928 0.095328114926815 0.0857454389333725 0.0203300137072802 0.0256815738976002 -0.00363807752728462 0.0040664067491889 -0.0333337746560574 0.0314012840390205 -0.0279869697988033 0.00727101042866707 0.0118989096954465 0.0170928686857224 -0.00623847637325525 0.0438264012336731 0.105791069567204 0.0184940900653601 0.0360086709260941 0.0542286783456802 0.0322168283164501 0.0477677024900913 0.009528205730021 0.00736625492572784 -0.00751387979835272 0.0888124257326126 0.0816085934638977 0.0418459810316563 0.0159485805779696 -0.0111312065273523 0.0983426421880722 0.103067092597485 0.083572119474411 0.0334178879857063 0.0781063511967659 -0.018829420208931 0.00096327846404165 0.0213057585060596
-0.0731697902083397 0.039328545331955 0.0353765971958637 0.00975055806338787 0.0390454679727554 0.0587925761938095 0.066416323184967 0.151044964790344 0.114964842796326 0.0983450263738632 -0.0237772427499294 0.0564460828900337 0.0160002261400223 -0.0163250807672739 -0.0183427892625332 0.0288548413664103 -0.0513149574398994 0.0112056145444512 0.0219445005059242 0.067206121981144 0.0121748391538858 0.0295257177203894 -0.00345901842229068 0.00556628266349435 0.052699439227581 -0.0502431020140648 0.00821610912680626 -0.0482643879950047 0.0449127480387688 -0.0409786887466908 0.0477187521755695 0.0260343905538321 -0.0182935576885939 0.00371129997074604 0.0695982575416565 0.0174329169094563 0.0501658394932747 -0.0220020543783903 0.00156098778825253 -0.0319885015487671 0.0424381233751774 0.0188493877649307 0.0458999611437321
0.00689107086509466 -0.0303453858941793 0.0299979671835899 0.00431179907172918 0.0558255463838577 0.0660026594996452 0.0806080177426338 -0.00324902799911797 0.130301475524902 0.0718065723776817 0.0273156948387623 0.000594814773648977 0.00339252990670502 -0.00908539351075888 -0.0665950030088425 0.104336552321911 0.0624214671552181 0.0250043403357267 -0.0414656437933445 -0.0150759192183614 0.0344239287078381 0.097326435148716 0.0128325633704662 0.0526190735399723 0.0719401612877846 0.000394235888961703 0.0281244236975908 -0.0343876704573631 0.110262811183929 0.0641253367066383 0.0496498011052608 0.0986164063215256 -0.014965770766139 -0.0598368272185326 0.0199707671999931 -0.0359259955585003 -0.0525630377233028 0.0513140298426151 -0.0238804090768099 0.0874106287956238 0.0398297756910324 0.017302667722106 0.0737170726060867
-0.0551935955882072 -0.00199336023069918 -0.0311523675918579 -0.0749910846352577 0.0538727380335331 0.00957899820059538 0.0738916620612144 0.0867869108915329 0.0832202211022377 0.0651913285255432 0.0442549400031567 -0.0460690073668957 0.0452994368970394 0.0595585107803345 0.0159784816205502 -0.0375785157084465 -0.0107388403266668 0.0327277630567551 0.0136861465871334 -0.00204859185032547 0.026501415297389 0.054847065359354 0.0134119968861341 0.0680117830634117 0.0933583676815033 0.0393680222332478 0.0162940174341202 0.0625180155038834 0.0849400460720062 0.148398831486702 0.0621149204671383 -0.00559212081134319 0.110021650791168 0.0418568067252636 -0.147187978029251 -0.0759411603212357 0.00790416821837425 -0.0160607788711786 0.0297742448747158 0.00838205404579639 -0.0434854403138161 0.0173548143357038 0.00345291732810438
0.0554682984948158 0.0451341457664967 -0.000206489945412613 0.0513171963393688 0.0385523922741413 0.0081078177317977 -0.0103727066889405 0.0185867622494698 0.107578597962856 0.0366452932357788 0.0475095734000206 0.0109035791829228 -0.0645219534635544 -0.0131720639765263 -0.0343780480325222 0.0565028041601181 -0.0190040245652199 0.0558672361075878 0.00561269233003259 0.0838111788034439 0.0622544586658478 0.0462285839021206 0.0547743253409863 0.0319301523268223 -0.00607910379767418 -0.0578392557799816 -0.0106705548241735 0.0608503483235836 -0.0250201933085918 0.0506673902273178 -0.0881624072790146 0.0581164360046387 0.0862035751342773 0.0156971551477909 -0.0539284199476242 0.0580809079110622 -0.0656143128871918 0.0556850135326385 -0.00510452128946781 0.073427215218544 0.084305576980114 -0.105111382901669 0.0343369133770466
0.0772998556494713 0.0294084548950195 0.0563920512795448 0.0664680600166321 -0.0872964411973953 -0.00138092413544655 -0.0351986326277256 0.0124851493164897 0.0429680719971657 0.112404577434063 0.0632200092077255 0.059894148260355 0.0394557155668736 0.0641955137252808 0.00519678695127368 0.0439464263617992 -0.0570669546723366 -0.00161818705964833 -0.0466940104961395 0.0421481318771839 -0.0273319482803345 0.028894666582346 0.0196350943297148 -0.0732495114207268 0.0833396464586258 0.0346017330884933 0.0136062949895859 0.0847801119089127 -0.0111398696899414 -0.0157135222107172 -0.0167853385210037 0.0053084515966475 0.034729115664959 0.0447033382952213 0.0356007665395737 0.0731691345572472 0.0219078902155161 0.0323601551353931 0.0368814505636692 0.0305488705635071 0.0554153732955456 0.0203368384391069 0.00436736084520817
-0.0393393561244011 -0.0496496595442295 -0.026828920468688 0.00974844768643379 0.0300102178007364 -0.0236455090343952 -0.00407940102741122 0.0379244387149811 0.0336484909057617 -0.0126765407621861 0.0687733367085457 0.0739371627569199 0.0972921699285507 0.00168277218472213 0.0392009168863297 -0.0264868810772896 0.0268384218215942 -0.0183767639100552 0.0498433709144592 0.0418145917356014 0.0759015008807182 -0.02921137586236 -0.00488812336698174 0.034404069185257 0.0756232663989067 0.0350736007094383 0.0822090730071068 0.0905731171369553 0.0186237059533596 -0.00449514668434858 -0.00563862035050988 0.0809502005577087 0.0142516763880849 0.0102307572960854 0.0878907740116119 0.0211241841316223 0.049485482275486 0.10338356345892 0.0676285177469254 -0.0104606477543712 0.119722314178944 0.0652791932225227 -0.0132693834602833
0.0485958643257618 -0.0417179130017757 -0.0560213401913643 -0.0847535580396652 -0.0157759133726358 0.024061581119895 -0.0548342056572437 0.0432171821594238 0.00434456905350089 -0.00296932249329984 0.0750349760055542 0.0617575086653233 0.0397787019610405 0.0173679608851671 0.00779296737164259 0.0273494403809309 -0.0110513139516115 0.0141488388180733 0.0290878880769014 0.0951879620552063 0.0770926401019096 0.0486918687820435 0.0547771565616131 0.0320675633847713 0.0546931885182858 -0.0266325324773788 0.0214502196758986 -0.0253031328320503 0.0350620076060295 0.00239027640782297 0.0391264222562313 0.0202348977327347 0.0890245363116264 -0.0850509703159332 -0.017760556191206 0.0212744083255529 0.0263759195804596 0.0349875763058662 0.0696586295962334 0.042935810983181 0.0206368137151003 0.0353255830705166 -0.0355403758585453
0.00338676292449236 0.0415026731789112 0.00196356326341629 0.0782246142625809 0.0574108734726906 -0.0413760654628277 0.0611535049974918 0.0364299602806568 -0.0135573549196124 -0.0178148522973061 0.0734026953577995 0.0247548315674067 0.0572363473474979 0.062297273427248 0.078272856771946 0.0455144867300987 0.0089701721444726 -0.00472698826342821 0.0311827696859837 -0.0270901806652546 0.00960529781877995 -0.000971195113379508 0.0806927531957626 0.0235053543001413 -0.00103953317739069 0.0542092360556126 0.0987319275736809 0.0345439016819 -0.0134816085919738 0.0649266764521599 0.0526471063494682 0.0345503278076649 0.0430070646107197 -0.0137288449332118 0.0439112223684788 0.0727802366018295 0.0439097248017788 0.0171954538673162 0.090033583343029 0.0634056106209755 0.0202345531433821 0.00182791368570179 0.0405436716973782
-0.020013440400362 -0.0420763827860355 0.0656791925430298 -0.09054184705019 -0.0146339051425457 0.0573752075433731 -0.0321742370724678 0.0225476790219545 -0.0190046485513449 0.0654547363519669 -0.0610264390707016 0.0173026621341705 0.0328535065054893 -0.0572355054318905 0.0412864610552788 -0.0171292368322611 0.0176485292613506 0.0328882522881031 0.0771244019269943 0.0689090564846992 0.0314904674887657 0.0346656925976276 0.0326226577162743 0.0729427710175514 0.0578526593744755 -8.69131545186974e-05 0.0335281640291214 0.079292468726635 0.000944188621360809 -0.00582921458408237 0.0176747646182775 -0.0258514322340488 0.0101187145337462 0.00212858081795275 0.0427209138870239 0.0253607090562582 0.0658742189407349 -0.0456761941313744 0.0354105308651924 0.120655685663223 0.0561279691755772 0.0946713238954544 0.0570059195160866
0.0190732218325138 0.0458926521241665 -0.00100589741487056 -0.00934699084609747 0.016596857458353 -0.000347013265127316 0.0179306231439114 0.0671912729740143 -0.0612516738474369 0.0266949348151684 -0.0361963137984276 0.0549575909972191 -0.0319907292723656 0.0153277767822146 0.0238624718040228 0.0177029017359018 0.0547989904880524 0.00811508297920227 0.0325108356773853 -0.0428369045257568 0.0516685917973518 0.0101917237043381 0.0683404803276062 0.016254523769021 0.041581179946661 0.0504871234297752 0.0690648853778839 0.107877291738987 -0.00481349928304553 0.134495422244072 -0.025136535987258 0.0182830989360809 0.0391921848058701 0.0473093241453171 0.0181628372520208 0.0128171369433403 0.082734227180481 0.0637520551681519 -0.00237093633040786 0.0154747292399406 0.0631089508533478 0.0945468172430992 0.0233164075762033
-0.00842396914958954 0.00894471723586321 0.00256473943591118 0.0591028705239296 -0.00586409773677588 -0.00907854549586773 0.0215941648930311 -0.0411770865321159 0.0148239275440574 -0.0433035790920258 -0.0462011247873306 0.0845440700650215 0.0307666063308716 0.0165041200816631 -0.026627304032445 0.0470544919371605 0.0572165921330452 0.0194554179906845 0.024282231926918 0.0405856370925903 0.00639088405296206 0.0556919649243355 0.0728837251663208 0.0836781412363052 0.0892721191048622 0.0742054358124733 0.0827199071645737 0.0782880932092667 0.0407221876084805 0.0634007528424263 0.108511410653591 0.0642462447285652 0.0441509075462818 0.0612650662660599 0.0515120439231396 0.0393372364342213 0.036396112293005 0.0917386561632156 0.0156547836959362 -0.083031065762043 0.0436157584190369 0.0500099174678326 0.127064526081085
-0.0202567409723997 -0.0309131499379873 0.00493221962824464 0.0655711144208908 0.0268383845686913 -0.00922582112252712 0.0715439319610596 0.0714504569768906 0.131907686591148 0.0303548779338598 0.0738084763288498 0.0208215396851301 0.000206471886485815 0.0298808757215738 0.0369651541113853 0.00788544770330191 0.181687667965889 0.0635640844702721 0.062407124787569 0.0581008642911911 -0.0312210414558649 0.0886247903108597 0.0667471885681152 0.0591986291110516 0.0349404998123646 0.0856948345899582 0.0546206533908844 0.08835519105196 0.0605007261037827 0.0301265064626932 0.137609228491783 0.0108430935069919 0.00833481550216675 -0.0042948336340487 0.0899405479431152 0.0560023374855518 0.0307154823094606 0.00580908264964819 0.0232513751834631 0.0656010061502457 0.0193192064762115 -0.00357624376192689 0.133944392204285
0.0440787933766842 0.116322964429855 0.0587957464158535 0.0230184867978096 -0.0903878659009933 -0.0113949608057737 0.0196204353123903 -0.0545455813407898 0.0558835864067078 0.048144306987524 -0.0119864167645574 -0.0609370544552803 0.0433026142418385 0.061966460198164 -0.048059307038784 -0.0616309568285942 0.282349556684494 0.0257670450955629 0.093113511800766 0.0829296484589577 -0.0275564175099134 0.0692986473441124 0.141196012496948 0.0246286932379007 0.0881138294935226 0.0344130620360374 0.111322797834873 0.0230857022106647 0.0276201590895653 -0.00821965839713812 0.0925727263092995 0.065984420478344 0.12775507569313 0.0374009348452091 0.0169751308858395 0.0668080300092697 -0.012935453094542 -0.00437732366845012 0.0494159944355488 0.0256414860486984 0.0811624675989151 0.0825930163264275 0.0458466522395611
-0.0331396199762821 -0.0657981708645821 0.0256475619971752 -0.057548675686121 -0.0328887701034546 -0.0523021556437016 0.0508414544165134 0.000701169192325324 -0.0287402179092169 0.0286340191960335 -0.0405746325850487 -0.0101980064064264 0.0694190934300423 -0.0158960726112127 -0.00221948768012226 0.0389972291886806 0.0672646909952164 0.0841386914253235 0.0443693809211254 0.0124983517453074 0.0678247883915901 0.0541051477193832 0.0504222437739372 0.0603335797786713 0.0590793825685978 0.0548127330839634 0.0648028627038002 0.0215073470026255 0.0535274334251881 0.0591682195663452 0.0430138930678368 0.00400834856554866 0.0122161116451025 0.0437957234680653 0.0313549637794495 0.0605983734130859 0.0539968498051167 0.051273237913847 0.0304295793175697 0.191476583480835 0.0816337019205093 -0.0769499838352203 0.0114419581368566
