assets/gome_f/processed/ascii/us/gome_sif_US_20130201.asc
NCOLS 116 
NROWS 53 
XLLCORNER -125 
YLLCORNER 24.5 
CELLSIZE 0.5 
NODATA_value -3.4e+38 
[rows 0 to 18 of 53, columns 0 to 42 of 116]
-999.000000000000000 -999 -999 -999 -999 -999 0.0440495163202286 -0.0193395894020796 -0.0699069648981094 0.120121821761131 0.143006876111031 -0.194308578968048 0.0661205425858498 -999 -999 -999 -999 -999 -0.123099520802498 0.0631115362048149 -0.188288271427155 -0.0120915360748768 0.0221691094338894 0.0519655346870422 0.284505128860474 -999 -999 -999 -999 -999 -999 -999 -999 -999 -999 -999 -999 -999 -999 -999 -999 -999 -999
0.0689736008644104 0.027571177110076 -999 -999 -999 -999 -999 0.0191394742578268 -0.0606497079133987 0.070097416639328 -0.216067790985107 0.0208158120512962 -0.0617450699210167 -999 -0.0831683278083801 -999 -999 0.166013821959496 -0.0114745181053877 -0.0813659802079201 -999 0.143230721354485 0.0034278491511941 -0.050880741328001 -0.113994680345058 0.116634704172611 -0.137445777654648 -0.173028975725174 0.0226702429354191 -999 -999 -999 -999 -999 -999 -999 -999 -999 -999 -999 -999 -999 -999
-999 -0.0241917874664068 -999 0.0274191107600927 -999 -999 -999 0.0525351241230965 -0.0321874246001244 0.0898452699184418 -0.0123576568439603 0.159290000796318 0.0150851346552372 0.0524066910147667 -999 -0.0462131351232529 -999 0.15543358027935 0.121053300797939 0.00785099063068628 -0.0616360269486904 0.170119509100914 0.107714176177979 0.00276920199394226 0.00656887982040644 0.0574295930564404 0.0557187125086784 -0.0479274690151215 0.208386689424515 -999 -999 -999 -999 -999 -999 -999 -999 -999 -999 -999 -999 -999 -999
0.0758813172578812 0.1111199259758 0.110830992460251 0.19680267572403 0.0262476205825806 0.0188649483025074 -0.0269195046275854 0.0956691280007362 -0.0374135710299015 -0.0497511960566044 0.0344226658344269 0.085421085357666 -0.0313164778053761 0.0392859578132629 -0.0982412546873093 -0.0185895971953869 0.17060412466526 -0.00624853372573853 0.108774416148663 0.0579673908650875 0.105493105947971 -999 0.0491214543581009 -0.0400352142751217 -0.00126084499061108 -0.0290418304502964 0.122551895678043 -999 -999 -999 -999 -999 -999 -999 -999 -999 -999 -999 -999 -999 -999 -999 -999
-0.0808014273643494 -0.218979299068451 0.174257099628448 -0.0873320996761322 -0.0994252413511276 0.0713540464639664 -0.02528534270823 -999 -999 -999 -999 -999 0.274567693471909 0.0250239446759224 -0.00999382138252258 -0.0247708559036255 0.0854504257440567 0.0953897535800934 -0.00561053305864334 -0.0525920391082764 0.0206735469400883 -999 -999 0.0427405424416065 0.112154945731163 -0.00757888797670603 -0.0442554615437984 -0.0326807536184788 -0.0911671072244644 -999 -0.268549263477325 -999 -999 -999 -999 -999 -999 -999 -999 -999 -999 -999 -999
0.126867562532425 -999 0.0562462508678436 0.0166214909404516 0.0836498588323593 0.08052047342062 0.0172819327563047 -0.0594221577048302 -999 -999 -999 -999 -0.0612408183515072 0.0656252503395081 0.0385509468615055 0.158660441637039 0.0574028454720974 -0.0408882983028889 -0.161336153745651 0.200473114848137 0.0214453190565109 -0.0292865782976151 0.106870636343956 -999 -0.0244128592312336 -0.0441860407590866 0.010038654319942 -0.0129216993227601 0.0491428412497044 -0.160282984375954 -999 -999 -999 0.205265447497368 0.138288050889969 -999 -999 -999 -999 -999 -999 -999 -999
-0.0499284453690052 0.00257328408770263 0.0533212684094906 -0.00174412876367569 -0.0873706862330437 0.0658744871616364 -0.0152685754001141 0.0699965134263039 -0.00484181940555573 -0.0495598278939724 -999 -999 -999 0.350483983755112 -0.150645822286606 0.113421723246574 0.23065747320652 -0.00854318309575319 -999 0.148345410823822 0.0586465522646904 0.00683017075061798 -0.13773038983345 -999 -0.312725841999054 0.173112496733665 -0.0455267280340195 0.00504777813330293 0.116132237017155 -0.0677173808217049 0.165779575705528 -0.123287029564381 -0.0436693578958511 0.0726727172732353 -0.0928522050380707 0.000185832381248474 -0.0513093806803226 -0.18341663479805 0.0448750182986259 -999 -999 -999 -999
0.0745089799165726 -0.0516586191952229 0.111697532236576 0.0644313246011734 0.175933822989464 0.104584909975529 0.0464256443083286 0.0355172902345657 -0.0490810126066208 0.0945422649383545 -0.00795542355626822 -0.00127105077262968 0.0962726771831512 0.0173687655478716 -0.0913932546973228 -0.070562481880188 0.0372196733951569 0.04394406452775 -0.097136102616787 0.312550097703934 0.0640242993831635 0.0131472544744611 -999 -999 0.0336338803172112 0.0687252134084702 0.0777036100625992 0.132812067866325 -0.164336830377579 -0.031397633254528 -0.00452896161004901 0.0424312092363834 0.0984588265419006 -0.0563073866069317 -0.0141553087159991 0.0488702394068241 -0.0525053590536118 -0.152884855866432 -0.0718857049942017 -0.0590785704553127 -0.032732717692852 -0.00180519372224808 0.126686692237854
-0.0720014721155167 -0.029019532725215 0.126243755221367 -0.0279896482825279 -0.047798965126276 0.0654244944453239 -0.0357634648680687 0.03008315525949 0.200021475553513 0.0686951205134392 0.046799048781395 0.0354105643928051 0.0400038883090019 0.0691982284188271 0.0633872076869011 0.138124972581863 -0.0459175296127796 -0.130508705973625 -0.166085302829742 -999 -0.112579099833965 0.425232529640198 -0.0209615230560303 0.12734442949295 -999 -999 0.15833355486393 0.099571019411087 -0.0352880023419857 -0.0996325239539146 0.0614907555282116 -0.0298942029476166 0.0452359728515148 0.0379665829241276 0.0676847621798515 0.0564631335437298 -0.0433008037507534 0.0397875756025314 0.0516082420945168 0.00738683436065912 -0.141220584511757 0.0624018050730228 -0.205264702439308
0.056372307240963 -0.0117525216192007 0.0507926866412163 -0.00122390442993492 0.113815508782864 0.108321443200111 0.17913855612278 0.168640375137329 0.0687306076288223 0.180845335125923 0.0370200201869011 0.0403123162686825 0.139661759138107 0.126031190156937 0.0536372140049934 0.0394032262265682 -0.0271729752421379 -0.0604378916323185 0.0273435488343239 0.111777640879154 -999 -999 0.106268130242825 -0.260738670825958 -0.0924268960952759 -0.0303547251969576 -0.118496112525463 -999 -999 0.117552004754543 0.0525362677872181 -0.0217547733336687 0.00117839034646749 -0.014359095133841 0.0354157723486423 0.0884995684027672 0.0781571269035339 0.00558348093181849 0.0486324466764927 0.0449076928198338 -0.018269931897521 -0.0688291490077972 -0.0425117462873459
-0.0913627445697784 0.0235006269067526 0.0973398610949516 -0.0632001832127571 -0.0136633263900876 0.233000949025154 0.0710804387927055 0.0532747358083725 0.038144938647747 0.0341912917792797 -0.00134189776144922 0.066663570702076 0.0637332275509834 0.0571391843259335 0.039064034819603 0.00457598036155105 -0.0105922091752291 -0.0177248325198889 0.0822987705469131 0.0679925978183746 -0.133778095245361 0.203838795423508 -999 0.010096731595695 -0.0924334824085236 0.0352603644132614 0.0807953774929047 -0.0820989161729813 -999 0.0759408697485924 -0.0170914139598608 0.0611616969108582 0.0916581451892853 0.0797570273280144 0.0364412106573582 0.195923164486885 0.0930941253900528 -0.0987186655402184 0.0792987197637558 0.0131417298689485 0.129829049110413 0.0863640904426575 0.0249682925641537
0.0141829792410135 -0.102215573191643 0.0149080278351903 0.0575006641447544 0.0703209489583969 0.265902370214462 0.176582142710686 0.151855677366257 0.0835690423846245 0.0538101680576801 0.155928999185562 0.0935804843902588 0.00194161536637694 0.0932652130723 0.0543959923088551 -999 -0.0773739740252495 0.142645448446274 0.24092735350132 -999 0.00508155673742294 0.121576979756355 0.24707667529583 -999 -0.117528714239597 0.202424943447113 -999 -999 -999 -999 -999 -999 0.164381116628647 -999 -999 -999 -999 0.183639526367188 0.0578542165458202 0.0995246320962906 0.0142384665086865 -0.0110669238492846 0.020234065130353
-0.00254278187640011 -0.109398223459721 0.119706958532333 0.0673322454094887 0.072157621383667 -0.0267665088176727 0.154271200299263 0.119960315525532 -0.00738788582384586 -0.0302775707095861 0.0185415130108595 -0.0158090088516474 -0.0618489012122154 0.133451506495476 -0.35949245095253 -0.153082489967346 0.179782658815384 -999 -999 -0.032954066991806 0.0650233253836632 0.0495929978787899 -0.508675396442413 -999 -999 -999 -999 -999 -999 -999 -999 -999 -0.106062352657318 -999 -999 -999 -999 -0.136354595422745 -999 -0.184715002775192 -0.0148217752575874 0.0669887438416481 -0.00799459032714367
-0.00904068350791931 0.10101456195116 0.0275595486164093 0.0780184417963028 0.162948578596115 0.0986428484320641 0.088143952190876 0.141477480530739 -0.0506381392478943 -0.112798690795898 0.0843370854854584 0.0254159681499004 -0.0570952892303467 0.107680693268776 0.0782728046178818 -0.0396243780851364 0.0285524241626263 0.0017533958889544 -0.120978698134422 -0.111351110041142 -999 -999 -999 -999 -999 -999 -999 -999 -999 -999 -999 -999 0.0378793627023697 -999 -999 -999 -999 0.0674032643437386 -0.141915768384933 -0.0913473889231682 -999 -999 -0.0910797640681267
-0.0738305076956749 -0.0336758084595203 -0.110706113278866 0.129059389233589 0.110940672457218 0.137413427233696 0.0396959111094475 -0.0398359410464764 0.0371033884584904 -0.0263475887477398 -999 -0.212323069572449 0.169145181775093 -0.034862469881773 0.0118050053715706 -0.142490938305855 0.140822216868401 0.159315690398216 -0.0463762879371643 1.35898590087891e-05 -999 -999 -999 -999 -999 -999 -999 -999 -999 -999 -999 -999 -0.264618635177612 -999 -999 -999 -999 0.171122580766678 0.019987914711237 0.0418005250394344 -0.0446762964129448 -0.0756568759679794 -0.0800624787807465
-0.0207140557467937 -0.00068216712679714 0.127542763948441 0.0976859331130981 0.161769449710846 0.0554267726838589 0.0764770358800888 0.07288958132267 0.0320519357919693 -0.0676668137311935 -0.0650686919689178 0.0671554431319237 0.0427620261907578 0.0524080470204353 -0.0759389623999596 0.0803275406360626 0.0479945950210094 -0.0397404320538044 -0.0696233287453651 -0.00880420580506325 0.0530445277690887 -0.335188776254654 -0.371650010347366 -999 -999 -0.246172443032265 -999 -999 -999 -999 0.0355647429823875 -0.12236513197422 0.0303610134869814 -0.144202649593353 -999 -0.198899686336517 0.171477362513542 -0.0449003949761391 0.0217201709747314 0.070629745721817 0.0122153284028172 -0.0729838982224464 -0.011297732591629
-0.0189195163547993 0.0629852861166 0.096228800714016 0.0968706980347633 0.167696803808212 0.018887210637331 0.0184515304863453 0.0375727117061615 0.0513731390237808 0.0166294779628515 -0.0382900387048721 -0.255731016397476 0.0670221522450447 -0.0150823621079326 -0.0378602147102356 -0.0401567071676254 -999 -0.0193380657583475 0.109692476689816 0.000911392620764673 0.127977386116982 0.0822601541876793 -0.0115740122273564 -0.0690725967288017 0.172585174441338 -999 -999 -999 -999 -999 -999 -999 -999 0.0556937158107758 -0.220515727996826 0.120604947209358 -0.178707644343376 -0.021991303190589 0.085610993206501 0.117144845426083 0.0561777763068676 0.0820823311805725 0.0253298282623291
0.0208060555160046 -0.0471534319221973 0.0488072670996189 0.0158681999891996 0.078024797141552 0.108633540570736 0.0893767476081848 0.0192687902599573 0.141263350844383 -0.00839888583868742 0.0997684597969055 0.111449241638184 0.0442288853228092 0.154887095093727 0.02309675142169 0.0842684805393219 0.0503498390316963 -999 0.111950591206551 0.127773329615593 0.129924044013023 0.25983989238739 0.180503368377686 -999 -999 -999 -999 -999 -999 -999 -999 -999 -999 -999 -0.108004175126553 0.126079723238945 -0.0551934503018856 -0.0234738178551197 0.171531960368156 -0.30636665225029 -0.185861453413963 0.0800315588712692 0.130576431751251
0.107785068452358 -0.0436274595558643 0.0128116942942142 0.115949712693691 0.0913612172007561 0.0686310008168221 0.0040805502794683 0.0638802051544189 0.110802248120308 -0.0843738242983818 -0.280166268348694 -999 -0.0880655869841576 -0.0247841812670231 -0.0882192030549049 -0.0624681934714317 -0.0246113408356905 0.101065494120121 -999 -999 -999 -999 -999 -999 -999 -999 -999 -999 -999 -999 -0.158670276403427 0.0547137372195721 -0.0142833516001701 0.0437620729207993 -0.0579835623502731 -999 0.145918786525726 0.138983517885208 -0.177695974707603 0.101544208824635 -0.0887599661946297 -0.170129090547562 0.0895363688468933
