assets/gome_f/processed/ascii/us/gome_sif_US_20130701.asc
NCOLS 116 
NROWS 53 
XLLCORNER -125 
YLLCORNER 24.5 
CELLSIZE 0.5 
NODATA_value -3.4e+38 
[rows 19 to 37 of 53, columns 44 to 87 of 116]
0.479315280914307 0.374389946460724 0.497919291257858 0.379288405179977 0.445987582206726 0.647539258003235 0.608592092990875 0.785837888717651 0.728514730930328 0.919680178165436 1.04382741451263 1.02203905582428 0.988747239112854 0.847107946872711 0.95374596118927 0.804165184497833 0.833593308925629 0.77183723449707 0.743560016155243 0.710788369178772 0.853579998016357 0.876523077487946 0.906048774719238 0.921592593193054 0.762638092041016 0.712481915950775 0.809335172176361 0.9076327085495 0.693400979042053 0.979893922805786 0.887350916862488 0.815989196300507 1.09369575977325 1.03554677963257 0.923874855041504 0.847157597541809 0.754377365112305 0.739539325237274 0.784565269947052 1.04461181163788 0.87100738286972 0.649856269359589 0.685834228992462 0.683339357376099
0.260930508375168 0.397659093141556 0.499322593212128 0.443772494792938 0.463448375463486 0.524578988552094 0.765077233314514 0.847938716411591 0.954570174217224 1.04441070556641 1.07532727718353 0.970195770263672 0.847464501857758 0.825330257415771 0.959722399711609 0.797875225543976 0.847191333770752 0.589374125003815 0.724563837051392 0.734055578708649 0.878620982170105 0.66337913274765 0.924359202384949 1.01171588897705 0.88000875711441 0.742163896560669 0.86882871389389 1.05304050445557 0.755135059356689 1.04678189754486 1.0128048658371 1.07117688655853 0.99069744348526 0.858431220054626 1.15628135204315 1.00485062599182 1.00888788700104 1.03352522850037 1.02744340896606 0.982020556926727 0.761433660984039 0.927549779415131 0.668071925640106 0.87863826751709
0.415909081697464 0.386549890041351 0.467003226280212 0.31804284453392 0.365722686052322 0.321312695741653 0.498098939657211 0.559511244297028 0.762896597385406 0.685272872447968 0.768244564533234 0.945202231407166 0.776610910892487 0.726643145084381 0.680411875247955 0.720506906509399 0.819643676280975 0.686305105686188 0.745085895061493 0.79393482208252 0.79979008436203 0.844670414924622 0.777922570705414 0.893476605415344 0.794586539268494 0.927662193775177 0.807311654090881 0.933000504970551 0.910807371139526 1.07369077205658 1.12151002883911 1.13080990314484 1.09687376022339 1.1859222650528 1.0991278886795 0.88175892829895 0.950449347496033 1.14529180526733 0.972068250179291 0.897364735603333 0.786725103855133 0.780754446983337 0.803366482257843 0.682149052619934
0.241377770900726 0.269364148378372 0.210566833615303 0.228818938136101 0.237510189414024 0.283790111541748 0.303110957145691 0.481573462486267 0.440498530864716 0.503897786140442 0.553695201873779 0.605803787708282 0.474159389734268 0.681627810001373 0.681234359741211 0.782016277313232 0.807711541652679 0.817085921764374 0.707241654396057 0.725265800952911 0.688382148742676 0.742734253406525 0.872385263442993 0.67950302362442 0.857650101184845 1.00292491912842 0.97203516960144 0.952538013458252 0.76590359210968 1.01854777336121 0.982381820678711 1.01038122177124 1.1647082567215 0.837243497371674 0.868555784225464 0.785360872745514 1.04160404205322 0.851103186607361 0.961279571056366 1.13510310649872 0.888987302780151 0.871473371982574 0.727544903755188 0.686712443828583
0.184853672981262 0.187272369861603 0.241845205426216 0.225757375359535 0.328502416610718 0.273913264274597 0.10459853708744 0.265129297971725 0.358205527067184 0.476712018251419 0.475163072347641 0.552875757217407 0.430889964103699 0.583901047706604 0.586154162883759 0.653857290744781 0.702359974384308 0.720639705657959 0.708943903446198 0.8648841381073 0.744689226150513 0.81384664773941 0.751585125923157 0.762258589267731 0.779070198535919 1.0192848443985 0.881282866001129 0.756489634513855 0.707568049430847 0.949023962020874 1.01160037517548 0.849106788635254 0.928112328052521 0.792672276496887 0.893435657024384 0.762183845043182 0.856220543384552 0.801110029220581 0.799315333366394 0.785853147506714 0.975178003311157 0.886146247386932 0.921741187572479 0.827840864658356
0.121714279055595 0.194819584488869 0.229598075151443 0.161567538976669 0.232499688863754 0.290653973817825 0.234590008854866 0.111267402768135 0.261412709951401 0.508646070957184 0.407403200864792 0.574005365371704 0.469093322753906 0.637919425964355 0.579488456249237 0.572694063186646 0.592789947986603 0.64226895570755 0.856380820274353 0.720730006694794 0.831929564476013 0.617561042308807 0.843158066272736 0.814677059650421 0.535180687904358 0.746830224990845 0.670328497886658 0.736078977584839 0.892281532287598 0.603519678115845 0.929312348365784 0.86900395154953 0.94370573759079 0.847408592700958 0.981898069381714 0.736910998821259 1.04999017715454 0.861796319484711 0.960169494152069 0.886687994003296 0.753287374973297 0.796058475971222 0.891040444374084 0.768864274024963
0.022897370159626 0.0449419729411602 0.0946467965841293 0.258834809064865 0.185721725225449 0.170685186982155 0.197582066059113 0.25650691986084 0.419222921133041 0.529211103916168 0.357666850090027 0.354115962982178 0.393874078989029 0.456334173679352 0.58601051568985 0.481829613447189 0.55714350938797 0.598862528800964 0.635631442070007 0.629470467567444 0.844612419605255 0.730576574802399 0.753498017787933 0.875393211841583 0.706044614315033 0.846436023712158 0.823930323123932 0.739627838134766 0.775335907936096 0.866178154945374 0.850804507732391 0.918008863925934 0.824655830860138 1.00229573249817 0.778339147567749 0.810429513454437 0.869327783584595 0.736797869205475 0.857597291469574 0.892729818820953 0.80794495344162 0.711434006690979 0.818625152111053 0.63604199886322
0.11711847037077 -0.0237965174019337 0.0713741630315781 0.30817312002182 0.454541057348251 0.117375187575817 0.176176398992538 0.361921042203903 0.342273354530334 0.339512825012207 0.453365325927734 0.470033526420593 0.515886664390564 0.393202275037766 0.454501152038574 0.526654839515686 0.591427862644196 0.540557742118835 0.566959738731384 0.65053379535675 0.689275085926056 0.805487155914307 0.736098289489746 0.961728930473328 0.714068591594696 0.702420294284821 0.722799837589264 0.672628998756409 0.84759920835495 0.800710797309875 0.800442576408386 0.846689760684967 0.925960540771484 0.646241068840027 0.780765473842621 0.790325045585632 0.943994641304016 0.969319939613342 0.754712879657745 0.916286945343018 0.795425772666931 0.858177125453949 0.701269924640656 0.708658456802368
0.0934404656291008 0.188151404261589 0.204869642853737 0.38579523563385 0.225801035761833 0.313834577798843 0.323428690433502 0.254938811063766 0.233326196670532 0.258006036281586 0.267198622226715 0.295728951692581 0.512503564357758 0.456595808267593 0.644767820835114 0.564442574977875 0.413072168827057 0.632627725601196 0.626125276088715 0.609076619148254 0.648082196712494 0.712892293930054 0.743057310581207 0.818553507328033 0.744704842567444 0.757817625999451 0.722709774971008 0.745338797569275 0.732453525066376 0.968131601810455 0.785192370414734 0.821525931358337 0.873726725578308 0.854883432388306 0.754540205001831 0.913203120231628 0.881851017475128 0.796647131443024 0.951808393001556 0.922227501869202 0.877832114696503 0.744971454143524 0.941251277923584 0.773551821708679
0.122166387736797 0.0402111373841763 0.106670454144478 0.260230034589767 0.19380658864975 0.327422052621841 0.186061978340149 0.262401551008224 0.261037677526474 0.223465502262115 0.388718098402023 0.391917884349823 0.549221158027649 0.42542353272438 0.469460427761078 0.496059358119965 0.559935748577118 0.629593253135681 0.698106706142426 0.565606474876404 0.604136943817139 0.584857702255249 0.666882455348969 0.749782085418701 0.64383339881897 0.662571430206299 0.833630263805389 0.505902528762817 0.731622636318207 0.710789501667023 0.668622136116028 0.653035223484039 0.697194635868073 0.668080687522888 0.902266979217529 1.02284467220306 0.629854261875153 0.764277160167694 0.986919045448303 0.81226509809494 0.88907790184021 0.736652255058289 0.900275111198425 0.829889059066772
0.230604067444801 0.291387051343918 0.15042607486248 0.224002256989479 0.151682689785957 0.247651621699333 0.298711836338043 0.337638109922409 0.275979459285736 0.3515445291996 0.589756548404694 0.405271738767624 0.509936213493347 0.507933557033539 0.631275057792664 0.588116407394409 0.698336124420166 0.635755836963654 0.587759971618652 0.631704151630402 0.573855519294739 0.489748448133469 0.643122494220734 0.635197341442108 0.728079199790955 0.572595953941345 0.592942655086517 0.622997164726257 0.688797354698181 0.651199519634247 0.728803813457489 0.76091867685318 0.720603108406067 0.73540598154068 0.77428013086319 0.776993930339813 0.737208604812622 0.637409090995789 0.732858777046204 0.660226702690125 0.768560945987701 0.773369252681732 0.697134971618652 0.778655648231506
0.204189017415047 0.317591547966003 0.282660663127899 0.217816635966301 0.262225925922394 0.14151132106781 0.289644837379456 0.167445451021194 0.261836141347885 0.435060739517212 0.403887450695038 0.590913414955139 0.548388719558716 0.645494520664215 0.568193435668945 0.608679533004761 0.679224729537964 0.58533900976181 0.74863862991333 0.558195233345032 0.653878271579742 0.626213133335114 0.66454005241394 0.615707278251648 0.712100863456726 0.727522492408752 0.589155375957489 0.701842367649078 0.588201820850372 0.837055623531342 0.705684304237366 0.686511158943176 0.410500764846802 0.721804738044739 0.903176367282867 0.694842755794525 0.57714980840683 0.775698959827423 0.720633089542389 0.803816199302673 0.767757594585419 0.740560829639435 0.725087463855743 0.825769543647766
0.188040181994438 0.196075558662415 0.152742505073547 0.281828939914703 0.291071355342865 0.235082432627678 0.208806082606316 0.133289933204651 0.118008114397526 0.473721891641617 0.563296675682068 0.556033134460449 0.574858248233795 0.529497385025024 0.490016311407089 0.513616383075714 0.585028827190399 0.554988086223602 0.646617233753204 0.475977212190628 0.655470728874207 0.466024875640869 0.628654003143311 0.772539138793945 0.671070039272308 0.574037730693817 0.597833335399628 0.645447134971619 0.458880364894867 0.595411658287048 0.702801108360291 0.767886698246002 0.884241282939911 0.844963788986206 0.595574855804443 0.761311769485474 0.62823474407196 0.71112471818924 0.76214063167572 0.625976979732513 0.670552492141724 0.574478149414062 0.698378384113312 0.583509922027588
0.30008390545845 0.178642585873604 0.134557619690895 0.164922550320625 0.298426300287247 0.243177011609077 0.321028172969818 0.0915011540055275 0.273945152759552 0.286285430192947 0.51227879524231 0.521288216114044 0.447862476110458 0.599474012851715 0.605479180812836 0.508293271064758 0.654706299304962 0.778110980987549 0.633123338222504 0.517923414707184 0.625798285007477 0.645444750785828 0.610218644142151 0.847596406936646 0.517598211765289 0.661007463932037 0.728614568710327 0.846742868423462 0.70988655090332 0.569785594940186 0.589071571826935 0.455885589122772 0.625521421432495 0.650264799594879 0.814323544502258 0.612447619438171 0.560304641723633 0.464032649993896 0.644756197929382 0.731090426445007 0.617485225200653 0.71206921339035 0.549034118652344 0.51449853181839
0.377074837684631 0.483041405677795 0.389930069446564 0.326586991548538 0.307237893342972 0.322165459394455 0.238378375768661 0.161268755793571 0.201866775751114 0.293103754520416 0.492400735616684 0.505241692066193 0.67479008436203 0.602545440196991 0.665261030197144 0.503177583217621 0.632004976272583 0.421637147665024 0.714441001415253 0.490598142147064 0.608611881732941 0.564111471176147 0.554749429225922 0.865257382392883 0.655393898487091 0.691569864749908 0.667976498603821 0.682869076728821 0.549612879753113 0.696327328681946 0.729731976985931 0.52330619096756 0.564870297908783 0.552421808242798 0.614253878593445 0.702508687973022 0.582667827606201 0.562785565853119 0.447940200567245 0.89084529876709 0.668116569519043 0.430945307016373 0.542588233947754 0.513334035873413
0.218301549553871 0.288521498441696 0.242785975337029 0.265149563550949 0.324960052967072 0.229541152715683 0.157241731882095 0.122804917395115 0.219265595078468 0.23583847284317 0.394030839204788 0.51000964641571 0.628635287284851 0.549535870552063 0.570918560028076 0.543560147285461 0.599414050579071 0.51952588558197 0.755146741867065 0.681232869625092 0.552710473537445 0.583940207958221 0.628918826580048 0.790473282337189 0.791342198848724 0.90743213891983 0.621101260185242 0.473889797925949 0.583646714687347 0.685684084892273 0.615512609481812 0.739236414432526 0.520353138446808 0.721027612686157 0.473633646965027 0.648273229598999 0.697123646736145 0.411113560199738 0.626215696334839 0.639586269855499 0.514854788780212 0.704201459884644 0.468154639005661 0.5562704205513
0.298394173383713 0.19749890267849 0.218807056546211 0.263762265443802 0.254625737667084 0.331307470798492 0.240530714392662 0.228888183832169 0.19186943769455 0.291687518358231 0.448685556650162 0.357377201318741 0.36355921626091 0.488664627075195 0.56845897436142 0.62525486946106 0.461504459381104 0.589337944984436 0.475277423858643 0.623753070831299 0.420794695615768 0.577618479728699 0.567924201488495 0.619297921657562 0.69876229763031 0.791174411773682 0.624314069747925 0.699995636940002 0.782525658607483 0.492542564868927 0.496285915374756 0.477218687534332 0.509308636188507 0.6320720911026 0.782419919967651 0.442058891057968 0.527290761470795 0.483335703611374 0.589342832565308 0.570135235786438 0.587795078754425 0.526131153106689 0.527487993240356 0.612428247928619
0.210538789629936 0.0925931707024574 0.15482996404171 0.197987094521523 0.303827315568924 0.184869408607483 0.304674208164215 0.136295989155769 0.267943888902664 0.359583407640457 0.466950953006744 0.347504913806915 0.331905126571655 0.386503934860229 0.417732208967209 0.537325978279114 0.378128677606583 0.688469231128693 0.40836763381958 0.56773316860199 0.594705283641815 0.64465469121933 0.754743754863739 0.603272259235382 0.776930272579193 0.710907340049744 0.722067713737488 0.670415043830872 0.566534876823425 0.711948394775391 0.322686910629272 0.674111723899841 0.58061283826828 0.485586106777191 0.616732954978943 0.415599822998047 0.571877419948578 0.51198011636734 0.533804953098297 0.577325642108917 0.739000618457794 0.492796331644058 0.632106363773346 0.536922574043274
0.0763301327824593 0.0802778452634811 0.130598366260529 0.16691067814827 0.225525856018066 0.169816866517067 0.227734878659248 0.3364277780056 0.297390878200531 0.24313548207283 0.352194547653198 0.367806911468506 0.338108360767365 0.311913639307022 0.473254531621933 0.519370198249817 0.573283195495605 0.441791325807571 0.432603478431702 0.71586549282074 0.644482672214508 0.482108980417252 0.766532063484192 0.51453959941864 0.725686132907867 0.666746139526367 0.629064559936523 0.612006843090057 0.615786910057068 0.666685044765472 0.462204843759537 0.618831515312195 0.646473109722137 0.705950736999512 0.507175147533417 0.615840435028076 0.686821579933167 0.563346803188324 0.552653253078461 0.625182271003723 0.6875039935112 0.537890732288361 0.474520713090897 0.438451111316681
