assets/gome_f/processed/ascii/us/gome_sif_US_20130101.asc
NCOLS 116 
NROWS 53 
XLLCORNER -125 
YLLCORNER 24.5 
CELLSIZE 0.5 
NODATA_value -3.4e+38 
[rows 0 to 18 of 53, columns 0 to 42 of 116]
-999.000000000000000 -999 -999 -999 -999 -999 0.00503611285239458 0.021727504208684 0.00307052209973335 0.0353966429829597 -0.0160972941666842 0.0960414111614227 -0.0314518809318542 0.00760203041136265 -999 -999 -999 -999 -0.051196064800024 -999 0.0838040113449097 0.0826355367898941 -0.00181728508323431 -0.102527529001236 -999 -999 -999 0.0604569800198078 -999 -0.0468806475400925 -999 -999 -999 -999 -999 -999 -999 -999 -999 -999 -999 -999 -999
-0.14570714533329 -0.0466817505657673 0.152318865060806 -999 -999 -999 0.0679039880633354 -0.0569604709744453 -0.000458662718301639 -0.0287325587123632 0.0808481425046921 0.143972456455231 0.00309384264983237 -0.0460674241185188 -999 -0.0934008359909058 0.0481887646019459 -0.0723793059587479 -999 -0.139125838875771 0.0989022925496101 0.0403303690254688 -0.0101426336914301 -0.0221310872584581 -0.0314356572926044 0.0273295920342207 0.0532648749649525 -999 0.0632819756865501 -999 -999 -0.0566190741956234 -999 -999 -999 -999 -999 -999 -999 -999 -999 -999 -999
0.0613249838352203 0.0832902938127518 -0.0222472362220287 0.030262777581811 -0.193899765610695 0.0236288215965033 0.00680231023579836 0.0600711330771446 0.124171942472458 -0.0101873762905598 0.0934233814477921 -999 -0.0621613264083862 0.1019207239151 -0.00955150276422501 -0.041720487177372 -0.0505969636142254 -0.0426788032054901 -999 -0.0132476268336177 -999 -0.00329395150765777 0.0775124728679657 0.0213374458253384 0.081245131790638 0.0143974609673023 0.0192945711314678 0.0588621459901333 0.0366098843514919 -999 -999 0.0550562329590321 -999 -999 -999 -999 -999 -999 -999 -999 -999 -999 -999
0.0187804233282804 0.0232864357531071 0.0909510478377342 0.0565541237592697 0.0574361979961395 0.0269322637468576 0.0497315898537636 0.0580931231379509 0.000639259815216064 -0.0188538935035467 0.118868120014668 -999 0.0766595974564552 -0.055954571813345 -0.00888754613697529 0.0993059724569321 0.0810465961694717 -999 -0.0659587904810905 0.037813313305378 -999 0.010514248162508 0.048645842820406 0.0696252211928368 -0.0408335141837597 0.0526024997234344 0.0298868697136641 -999 0.0485733263194561 -0.066444031894207 0.0758945792913437 -999 -999 -999 -999 -999 -999 -999 -999 -999 -999 -999 -999
-0.00589284300804138 0.0298843588680029 -0.00322162453085184 0.0974208191037178 -0.0185332670807838 0.0623678751289845 0.0193558018654585 0.0920181274414062 0.00990800186991692 -0.0283690486103296 0.0675857812166214 -0.0888325497508049 0.0309682805091143 0.137192785739899 -0.0019016811857 0.124004475772381 -0.0231387801468372 0.0689694881439209 0.0153022967278957 0.0976534932851791 0.102512896060944 0.00814287271350622 -999 -999 0.0705967992544174 0.012214575894177 -0.118325315415859 -999 0.0376804545521736 -999 0.0592948459088802 -999 0.0832036808133125 -999 8.94032418727875e-05 -999 -999 -999 -999 -999 -999 -999 -999
0.0977163761854172 0.0303954314440489 -0.0966901034116745 0.0621081441640854 0.123463116586208 0.0292141698300838 0.136875331401825 -0.0191544145345688 0.0496011450886726 -999 0.00920636672526598 0.024106128141284 -0.0045574028044939 -0.0120604634284973 0.00494988868013024 0.0868483185768127 0.102068521082401 0.0246507041156292 -999 0.00869550555944443 -0.0564800016582012 -0.0599174313247204 -0.0296945944428444 -999 -0.113089069724083 0.0143418265506625 -0.0202923808246851 -0.0160195119678974 -0.0526155941188335 -0.0110157420858741 -0.00704976171255112 -999 -0.0531447380781174 -999 -0.0528503283858299 0.0602954588830471 -0.0018926301272586 -999 -999 -999 -999 -999 -999
-0.0382404886186123 -0.041689470410347 0.0671801790595055 0.016818655654788 0.0502726845443249 0.0750028043985367 0.0987958535552025 -0.0486825667321682 -0.0304061230272055 0.0862712040543556 0.0843825563788414 -0.0584870204329491 -0.00742597412317991 -0.0261975899338722 0.0864931344985962 -999 0.17936584353447 0.0333052240312099 0.0672635436058044 -0.0952579900622368 -999 0.0169795379042625 -999 -999 -0.0297953356057405 0.0221855267882347 -0.32401841878891 -0.0324656888842583 0.0891945213079453 0.0194895099848509 -0.0515977144241333 0.0616352260112762 -0.0529287159442902 0.0241637323051691 -0.00443326681852341 -999 -0.0284868218004704 -999 0.0430351831018925 -999 -999 -999 -999
0.0275804940611124 0.155941724777222 0.0373269952833652 -0.0137673690915108 0.00554493442177773 0.150481671094894 0.0598831586539745 0.000443427677964792 -0.0849937796592712 -0.0252369623631239 0.0292664170265198 0.0734018608927727 0.0972927063703537 -0.067523293197155 0.0888662338256836 -999 -999 0.151458382606506 0.0792203843593597 0.0381499528884888 -0.0983162820339203 0.171364635229111 -999 -999 0.093464158475399 0.208520248532295 -0.0831677541136742 0.0837441086769104 0.0659963637590408 -0.0305017605423927 0.0843986868858337 -0.0219212342053652 -0.0138487154617906 0.0627125948667526 0.0321980640292168 0.00621158396825194 -0.0614422149956226 -999 -0.034613311290741 -999 -0.083066388964653 0.0147618539631367 0.0746981725096703
0.0728773847222328 0.147752434015274 0.0154928108677268 0.0657296031713486 0.0814602971076965 0.0580967180430889 0.0114011270925403 -0.0585973262786865 0.147015392780304 0.137475222349167 0.0694597065448761 0.0613188855350018 0.170636788010597 0.224084705114365 -999 -999 0.108346462249756 0.198114082217216 0.0664402842521667 0.0534458644688129 -0.023651871830225 -0.173159778118134 0.156232312321663 -0.060398668050766 -999 -0.00226401165127754 -999 -0.100877895951271 0.0492385216057301 -0.044072687625885 -999 -0.0319389402866364 -0.000202015042304993 0.0176048688590527 -0.027606850489974 -0.0721171647310257 -0.103585943579674 0.0298148971050978 -999 0.109352216124535 -0.0285810437053442 -0.00364563940092921 0.0498200058937073
0.0619783699512482 0.0168346893042326 -0.013578787446022 0.0416325777769089 0.078332744538784 0.00835397467017174 0.039290688931942 -0.0538778491318226 0.0710486397147179 0.0290480516850948 0.137578338384628 0.189677566289902 0.0625607892870903 -0.0321221016347408 0.00823063589632511 0.130027323961258 -999 -0.0372968465089798 0.180620670318604 0.0151924043893814 -0.00595373660326004 -999 -0.00699914246797562 -0.0867126062512398 0.118415288627148 -999 -0.0813984051346779 -0.0270258225500584 -999 -0.0380468294024467 0.124896213412285 0.110163375735283 0.143929868936539 0.119811810553074 -0.00598492473363876 -0.017460785806179 -0.0442940667271614 0.0383923463523388 -999 0.131866067647934 -0.0255877412855625 -0.0783381909132004 -999
-0.0184500366449356 -0.00019985344260931 0.131788372993469 0.021172221750021 0.0522290170192719 0.110443294048309 0.0462641902267933 -0.0140142180025578 0.0122212525457144 0.157384648919106 0.0576804727315903 0.100922666490078 0.138681575655937 0.0172645188868046 0.0553756840527058 0.0962945446372032 0.162015035748482 -0.0810990780591965 0.0830877348780632 0.138784155249596 -0.12977322936058 -0.108722180128098 -999 -0.211253806948662 0.11711335927248 -999 0.293707519769669 -999 -999 0.0501648932695389 -0.0315019637346268 0.140529155731201 0.0264970324933529 0.0275457613170147 0.0270809289067984 -0.158661812543869 0.0987406969070435 0.0931142866611481 0.013867249712348 -0.100525930523872 -999 -0.0308543816208839 -999
0.0760211497545242 0.0495623052120209 0.0121376076713204 0.0546811334788799 0.071303203701973 0.0575218200683594 0.133182555437088 0.113465413451195 0.0227677784860134 -0.0274399239569902 -0.0377420000731945 0.0708263069391251 0.120721101760864 0.0244151968508959 -999 -999 -999 0.0353779159486294 -999 0.106811158359051 0.0553618744015694 -999 -999 -999 -0.0430263467133045 -999 -999 -999 -999 -999 0.147763311862946 -999 0.0456791296601295 -0.0892043113708496 -0.0595355555415154 -0.0845975801348686 0.0304765235632658 -0.241875410079956 -0.0676118135452271 0.114795841276646 -0.053911667317152 -999 -0.0712044164538383
0.0415677279233932 0.00805447623133659 0.0989968329668045 0.000804627314209938 0.0945491939783096 0.0833645462989807 0.0258061457425356 0.00476661650463939 0.0775539055466652 -0.0426258593797684 0.0300892647355795 0.0525444708764553 -999 0.0133919743821025 -999 0.00129914097487926 -999 -999 -999 -999 -0.192000016570091 -999 -999 -999 -999 -999 -999 -999 -999 -999 -999 -999 0.080860510468483 0.19217137992382 -0.176311075687408 -999 0.00279463385231793 -999 0.0307359006255865 -0.0763393342494965 0.0757664740085602 -0.01250911783427 0.0183685179799795
0.0560385175049305 -0.0614178292453289 0.0371233336627483 0.06005859375 0.0733706504106522 -0.022054810076952 0.0314322933554649 0.0135012054815888 0.0019227818120271 -0.176138311624527 0.0853080078959465 0.185796946287155 0.151522979140282 -0.0522827841341496 0.0607780776917934 -0.0258205663412809 0.00715152453631163 -0.0568706952035427 -999 0.013084982521832 -999 -999 -999 -999 -999 -999 -999 -999 -999 -999 -999 -999 0.074495404958725 -999 -0.1849365234375 -999 0.111906595528126 -0.0417575500905514 -0.0441021956503391 -0.179856136441231 -999 -999 0.195718884468079
-0.0153101673349738 0.0306737907230854 0.0254999045282602 0.0918517783284187 0.0187995806336403 0.0787244960665703 -0.0246053822338581 -0.000389177352190018 0.0235016439110041 0.0538128390908241 -999 0.061134971678257 -999 0.0831400379538536 0.066924512386322 0.0517778471112251 0.155107334256172 0.0988234430551529 0.0765752345323563 -0.101311162114143 -999 -999 -999 -0.0152441365644336 0.192502588033676 -0.137973889708519 -999 -999 -999 -999 -999 -999 -999 0.0737865716218948 -999 -0.179033979773521 0.0541674271225929 -0.0916804298758507 -0.0334854908287525 -0.0870483890175819 -0.109998941421509 -0.0593973062932491 0.205788627266884
0.00625734403729439 0.0720747113227844 0.0487590134143829 0.0595492459833622 0.0445630773901939 -0.0470663048326969 0.0603152848780155 0.129598408937454 0.0143625913187861 0.0814010724425316 -999 0.0159103684127331 0.278923541307449 0.0460167787969112 -0.000206255048396997 -0.0378058664500713 0.0473124496638775 -999 0.0171299185603857 -0.0160117950290442 0.160424143075943 0.0575697906315327 -0.097102627158165 -0.0194371454417706 0.168664917349815 -0.166867554187775 -999 -999 -999 -999 -999 -999 -999 0.034965455532074 -0.106815584003925 0.131652325391769 -0.167753428220749 0.0127812707796693 -0.0248423833400011 -0.00597665784880519 -0.0177047550678253 -0.116494692862034 -0.118461906909943
0.0853745490312576 0.0883811116218567 0.120650969445705 0.105861641466618 0.105497993528843 -0.017437532544136 0.0590244755148888 0.117793314158916 0.110898047685623 -999 0.0631909295916557 -999 -0.0328650996088982 0.0279374271631241 -0.096014715731144 -999 0.0564046017825603 -999 -0.0644226968288422 -999 0.114613778889179 0.090775303542614 0.0736211314797401 0.045611385256052 0.323800653219223 -0.138885453343391 -999 -999 -999 -999 0.0883063971996307 -0.127559274435043 0.109049923717976 0.0667335689067841 0.0644447132945061 0.0523181855678558 -0.0183899812400341 -0.00817588809877634 0.0352903604507446 -0.0416483543813229 -0.0488453358411789 -0.0247218273580074 -0.141009598970413
0.0907751172780991 0.00963050406426191 0.0540848150849342 0.0765123218297958 0.0945245027542114 0.0207015052437782 -0.0623968914151192 -0.0480229035019875 0.22431568801403 -999 0.159648790955544 -999 -0.0497882403433323 -0.0959383025765419 -0.0155842760577798 -999 0.139619290828705 -999 0.00993228331208229 -999 -0.0647204741835594 0.1288201212883 -0.0801074206829071 -0.0657579600811005 -0.0950844213366508 0.00832499843090773 0.101375937461853 -999 -999 -999 -0.0880994573235512 0.00401574280112982 -0.0165298357605934 0.0517034307122231 0.0701738297939301 0.145969152450562 -0.10670018941164 0.0348802283406258 0.0465295277535915 0.0333533883094788 -0.00273175281472504 -0.0676442831754684 0.0856837779283524
0.122162334620953 0.0286197979003191 0.0554225370287895 0.0268025174736977 0.0191902909427881 0.0414513386785984 0.0388441868126392 0.0998489484190941 0.00227048969827592 -0.0708562210202217 0.0457665361464024 0.117821715772152 0.0702446326613426 -0.00545888254418969 -0.0418334007263184 -999 0.11884193867445 -999 -0.087729424238205 -999 -0.0660326778888702 0.0832585766911507 -0.076311469078064 0.119778275489807 0.0358055047690868 0.0991489067673683 -0.104553781449795 0.190489649772644 -999 -0.25860670208931 0.00226535391993821 -0.168737545609474 0.049394141882658 -0.161217004060745 0.0511751770973206 0.07569719851017 0.140019312500954 -0.066932424902916 -0.0430429615080357 0.132253110408783 0.02137072943151 -0.0359519943594933 -0.025563757866621
