assets/gome_f/processed/ascii/us/gome_sif_US_20110201.asc
NCOLS 116 
NROWS 53 
XLLCORNER -125 
YLLCORNER 24.5 
CELLSIZE 0.5 
NODATA_value -3.4e+38 
[rows 0 to 18 of 53, columns 0 to 42 of 116]
-999.000000000000000 -999 -999 -999 -999 -999 0.00523605197668076 0.00705183064565063 0.0917080566287041 -0.00203023198992014 0.103470951318741 -0.0349219217896461 -0.0562114007771015 0.400722026824951 -0.133239075541496 -999 -999 -999 0.0731538608670235 -999 -999 -999 -999 -999 -999 -999 -999 -999 -999 -999 -999 -999 -999 -999 -999 -999 -999 -999 -999 -999 -999 -999 -999
0.0185738448053598 -0.11782868206501 0.160238027572632 -999 -999 -999 0.174309000372887 0.0646686777472496 -0.02826695330441 0.0184427406638861 -0.18179015815258 -0.0352271720767021 -0.102550268173218 0.071015365421772 -0.166380524635315 0.104625515639782 -0.0290496423840523 -999 0.0405000485479832 -0.0847325250506401 -0.296453684568405 -999 -999 -999 -999 -999 -999 -999 -999 -999 -999 -999 -999 -999 -999 -999 -999 -999 -999 -999 -999 -999 -999
0.0720874890685081 0.0805150121450424 -0.0541551224887371 -0.151307508349419 0.378405749797821 -0.068495124578476 -999 0.116560310125351 0.041058886796236 0.0554688349366188 0.0497320927679539 0.00336021068505943 -0.0679203271865845 0.0866947844624519 0.0395759828388691 -0.0349221415817738 -999 -999 -0.0379024669528008 0.0862200632691383 0.0429237633943558 -999 -0.0740279629826546 -999 -999 0.246979162096977 -999 -999 -999 -999 -999 -999 -999 -999 -999 -999 -999 -999 -999 -999 -999 -999 -999
0.139548137784004 0.00339441862888634 0.122472584247589 -0.0574073791503906 0.0509547367691994 0.0254945810884237 0.145158857107162 -0.0632334053516388 0.194086313247681 -0.0193562302738428 0.156619414687157 0.0434802547097206 0.0534406825900078 0.102975428104401 0.146542236208916 0.104243598878384 -0.0512725822627544 -0.0225788336247206 -0.0191867165267467 0.0365606062114239 0.00878494884818792 -999 -999 -999 0.282673478126526 -999 -999 -999 -999 -999 -999 -999 -999 -999 -999 -999 -999 -999 -999 -999 -999 -999 -999
0.0731773674488068 0.04625154286623 0.125068932771683 0.00718711083754897 0.0389014221727848 0.0559161156415939 -0.0463635697960854 0.0861902609467506 -0.0343407578766346 -999 0.248578667640686 0.043560191988945 0.0750457122921944 0.0592263340950012 0.16690319776535 -0.00592756317928433 0.192049264907837 0.175856679677963 0.13239923119545 0.0161566212773323 -0.0166890118271112 0.108423888683319 -999 -999 -999 -999 0.133857652544975 -999 -999 -999 -999 -999 -999 -999 -999 -999 -999 -999 -999 -999 -999 -999 -999
0.0269892551004887 0.14125894010067 0.0108348540961742 -0.0703372806310654 0.067513532936573 0.0635561421513557 0.0600517019629478 0.0305163264274597 -0.0371707603335381 -999 0.0539280027151108 0.0344636701047421 0.125001475214958 -0.0406075119972229 -0.0613028816878796 0.15652896463871 0.0264052841812372 0.123158305883408 -0.0202708970755339 0.0258136186748743 -999 -999 -999 -999 0.117800138890743 0.255350917577744 -999 -999 -999 -0.0152824930846691 -999 -999 -999 -999 -999 -999 -999 -999 -999 -999 -999 -999 -999
0.0172768272459507 -0.00999987684190273 0.108480513095856 0.0697096586227417 0.177820712327957 0.0262637436389923 0.0938026681542397 0.0250320043414831 0.206198453903198 0.0948090627789497 -0.13846255838871 0.183073535561562 0.31882044672966 0.0570088773965836 -0.0414660386741161 0.162716969847679 0.0869187116622925 -0.0257298145443201 0.0663245320320129 0.160181894898415 0.0108138993382454 0.229106962680817 -999 -999 0.0748749300837517 -0.177997544407845 0.289778798818588 -0.111091732978821 -0.00153461098670959 0.0784857571125031 -0.169210702180862 -999 -999 -999 -999 -999 -999 -999 -999 -999 -999 -999 -999
0.0899715572595596 0.0609318353235722 0.00590783590450883 0.106113031506538 0.165692642331123 0.127420946955681 0.0450631380081177 0.191268652677536 -0.0874842628836632 0.0409209430217743 -0.0102222710847855 -0.0225263144820929 0.0792564451694489 0.00773977721109986 -0.0403348244726658 0.0269851554185152 -0.035376887768507 -0.0167008582502604 0.219173789024353 0.0138433082029223 0.114828497171402 -999 -999 -999 -999 0.382729947566986 -0.0679456442594528 0.140952184796333 0.117851711809635 -0.143945634365082 0.137395799160004 0.0239698309451342 0.0923780649900436 -999 -999 -999 -999 -999 -999 -999 -999 -999 -999
-0.0246620532125235 -0.000322264095302671 0.0494559220969677 0.124493569135666 0.0747828781604767 0.200692817568779 -0.0237202253192663 -0.0611887387931347 -0.0162282884120941 0.0325283408164978 -0.0031521103810519 0.0388178043067455 0.0830578431487083 0.00950487516820431 0.111233159899712 0.0380481854081154 0.0281854774802923 0.256650000810623 0.131050363183022 0.0601435303688049 0.198339462280273 0.0995600670576096 -999 -999 -999 -999 0.0512050502002239 -999 -999 -999 0.0285595096647739 0.276412129402161 0.197079539299011 -0.125765904784203 -0.338906168937683 -999 -999 -999 -999 -999 -999 -999 -999
-0.00563397305086255 0.00462096510455012 0.0363955274224281 0.0894142165780067 0.12998865544796 0.167549163103104 0.169015944004059 0.0171910133212805 0.00684972945600748 0.117335200309753 0.0200518555939198 0.0515125095844269 0.0627584159374237 0.0349517352879047 -0.0659124329686165 -0.0143235512077808 -0.0286477413028479 0.108971484005451 0.150741383433342 -0.000631873786915094 0.166544228792191 -999 0.322300672531128 0.0590250790119171 -999 -999 -0.132782191038132 -999 -999 0.0959985181689262 0.0469173491001129 -999 0.0462787188589573 -0.272591978311539 0.149369612336159 0.198166280984879 0.0474363900721073 -999 -0.211129829287529 -999 -999 -999 -999
0.0683279931545258 -0.0426933318376541 0.0159835033118725 0.000995251000858843 0.098662756383419 0.042885210365057 0.192007839679718 -0.0312086045742035 -0.0163106415420771 0.139240130782127 0.139071211218834 0.0460588932037354 -0.0564566142857075 0.0791836902499199 0.031364731490612 0.0787716060876846 0.167736247181892 0.00305469776503742 0.163563206791878 0.195964172482491 0.0372820720076561 -999 -999 -999 -999 0.206638038158417 -999 0.12224318087101 -999 0.015973299741745 -0.118055246770382 -0.174105450510979 0.13813191652298 0.00594857335090637 -0.0517837852239609 0.069622203707695 0.0501296073198318 -0.131405830383301 -0.0733358711004257 -999 -999 -999 -999
0.0692578330636024 0.0323607511818409 0.0755346938967705 0.0840739980340004 0.0984640419483185 0.0873956903815269 0.143211841583252 0.105746850371361 0.0844999998807907 -0.0226206053048372 0.014808957464993 -0.000131072476506233 0.311268955469131 0.269889861345291 -0.0630393996834755 0.146382957696915 0.126928567886353 0.095336064696312 0.0154892979189754 0.0423201695084572 -999 -999 -0.0261252354830503 -999 -999 -999 -999 -999 0.263367027044296 -999 -999 0.266472190618515 -0.0735844522714615 0.276025056838989 -0.000338912010192871 0.0891823917627335 0.0440825819969177 -0.14654053747654 0.197537168860435 -999 -999 -999 -999
-0.0562336444854736 0.101140297949314 0.0525071620941162 0.112063735723495 0.146505370736122 0.0886122584342957 0.18657711148262 -0.0397522337734699 0.00811753887683153 0.0182417277246714 -0.00437985872849822 0.221807584166527 -0.0777569711208344 0.0709434747695923 -0.0585493631660938 -999 -999 -999 -999 -0.0376713499426842 -999 -999 -999 -999 -999 -999 -999 -999 -999 -999 -999 -999 -999 -0.0366085767745972 -999 0.225142002105713 -999 0.00443837558850646 -999 -999 -999 0.00854402035474777 0.0813585370779037
-0.00166653597261757 -0.0140961157158017 0.00133047997951508 0.00666067935526371 0.147872552275658 0.166883632540703 0.0354810655117035 0.0243044272065163 0.0202309936285019 0.10445686429739 -0.00972553435713053 0.0897857695817947 -0.0389328598976135 -0.114581257104874 0.0663205981254578 -999 -999 -999 0.073308102786541 -999 -999 0.0215663257986307 -999 -999 -999 -999 -999 -999 -999 -999 -999 -999 -0.258429437875748 0.22892090678215 -999 -999 -0.0175209902226925 -0.112553179264069 -999 -999 -999 -999 0.155928835272789
0.0467042587697506 0.00763586675748229 0.122282698750496 0.0713643357157707 0.0644113346934319 0.0404477417469025 0.112632565200329 0.0545176975429058 0.0295196250081062 0.0608575753867626 -0.067429706454277 -999 0.148946836590767 0.134321466088295 0.00113070278894156 0.0438256338238716 0.159859418869019 0.0188654828816652 -0.0512864962220192 -999 -999 -999 -999 -999 -999 -999 -999 -999 -999 -999 -999 -999 -999 -999 -999 -999 0.0964751839637756 -0.00894819758832455 0.0887736901640892 -0.0719623491168022 0.000350579619407654 -0.123399555683136 0.0154525507241488
-0.113205075263977 0.0210215281695127 0.11761587113142 0.205717802047729 0.149429649114609 -0.00868325866758823 0.0183574128895998 0.0589314997196198 0.0306164771318436 0.110033988952637 0.0247303415089846 -0.0155600653961301 0.0207623932510614 0.0761152878403664 0.0404790937900543 0.0637975484132767 0.0160587634891272 0.107558824121952 0.0197378192096949 0.0110734924674034 -999 -999 -999 -999 -999 -999 -999 -999 -999 -999 -999 0.287045925855637 -0.0395614020526409 -999 -999 -999 -0.080934464931488 0.0507973618805408 -0.0353779532015324 0.0714757442474365 0.0655149221420288 -0.0648505166172981 -0.106527335941792
0.047173298895359 0.146316349506378 0.117585971951485 0.109878323972225 0.145644843578339 0.0993168354034424 0.042827520519495 0.102785035967827 0.0763531401753426 -0.0271058604121208 0.132083564996719 -0.0334046259522438 -0.103630110621452 0.129873275756836 -0.00639512296766043 -0.0815281793475151 -0.046298936009407 -0.00813817139714956 0.0574304014444351 -0.0456246249377728 0.0624288022518158 -0.0545107424259186 0.0353904031217098 0.0717161074280739 -0.311829149723053 -999 -999 -999 -999 -999 -999 -999 -999 -999 -999 -999 -0.0488451644778252 0.224771663546562 0.183705493807793 -0.015029733069241 -0.178408458828926 0.0135150523856282 -0.0139783900231123
-0.0291956961154938 0.0370423011481762 0.191034346818924 0.201944813132286 0.181456312537193 0.0639801770448685 0.0464159958064556 0.072149246931076 0.06463922560215 0.0570494569838047 0.0300536789000034 0.0475368201732635 0.0170822665095329 -0.00818314123898745 -0.00156066881027073 -0.103834129869938 0.0712424963712692 0.0990130826830864 0.122141547501087 0.112861193716526 -0.0183993317186832 0.0241796784102917 0.0789563879370689 -0.0130137875676155 -999 -999 -999 -999 -999 -999 -999 -999 -999 -999 -999 0.153873473405838 -999 -999 -999 0.0104259354993701 0.0771404206752777 0.105467200279236 0.046043898910284
0.0319832749664783 0.00225492031313479 0.146362036466599 0.037687424570322 0.142553210258484 0.0533939674496651 0.0949236005544662 0.0811507254838943 0.0599043108522892 -0.00298670097254217 0.00807739328593016 0.0152184851467609 -0.0119171552360058 0.074171669781208 -0.027653943747282 -0.0286766551434994 -0.0525491945445538 -0.128817200660706 0.024005264043808 -0.174951985478401 0.0403437800705433 -0.123832404613495 0.0907011479139328 -0.0234381053596735 -0.0158550478518009 -0.219709560275078 -999 -999 -999 -999 -999 -999 -999 -999 -999 -999 -999 -999 -999 -999 -0.0848849564790726 0.15772520005703 0.0396213829517365
