assets/gome_f/processed/ascii/us/gome_sif_US_20120401.asc
NCOLS 116 
NROWS 53 
XLLCORNER -125 
YLLCORNER 24.5 
CELLSIZE 0.5 
NODATA_value -3.4e+38 
[rows 0 to 18 of 53, columns 44 to 87 of 116]
-0.0035757957957685 0.0079759294167161 0.0369435511529446 0.0870752185583115 -0.0279404781758785 0.0975276604294777 0.0401073656976223 0.119007371366024 0.0712532848119736 0.0309466868638992 0.0962132811546326 0.0538470447063446 0.0426495596766472 0.0371943414211273 -0.00846343208104372 0.105736650526524 0.187582761049271 0.0201661624014378 0.0783778503537178 0.128137022256851 0.00528950663283467 0.0778990909457207 0.0757907330989838 0.124912120401859 0.126237764954567 0.063069261610508 0.0296888779848814 0.0728823021054268 0.0503265559673309 0.0395847298204899 0.0555019378662109 0.116439647972584 0.0856871977448463 0.0621634125709534 0.155562549829483 0.0762049853801727 0.161914870142937 0.0817549899220467 0.0660493969917297 0.100739166140556 0.0162030775099993 0.0659525543451309 0.168680965900421 0.102994963526726
0.061715092509985 0.0765543133020401 -0.024861728772521 0.027619956061244 0.0824393630027771 -0.0510355606675148 -0.00156003353185952 0.068387858569622 0.0469841323792934 -0.0200821720063686 -0.0562780499458313 -0.0132563542574644 0.0788427740335464 0.12303701788187 0.0780136957764626 0.0449385084211826 0.0897262766957283 0.0734235867857933 0.0917022526264191 0.120668843388557 0.0326079688966274 0.0347816944122314 0.120308913290501 0.0791891142725945 0.127156436443329 0.0322135128080845 0.0625375509262085 0.174842581152916 -0.0232868026942015 0.122563481330872 0.0145421642810106 0.101931072771549 0.097274586558342 0.0334531329572201 0.066826619207859 0.140038102865219 0.0821868926286697 0.0614149160683155 0.122895695269108 -0.0152985714375973 -0.0055357962846756 0.0499977841973305 0.100854106247425 0.167302668094635
0.0978272035717964 0.00309892697259784 0.0757858231663704 0.11847872287035 0.0806451290845871 0.12071269005537 0.0500910952687263 0.104669615626335 0.0158256590366364 0.0595264695584774 0.0498299114406109 0.126763314008713 0.0158616676926613 0.0739093422889709 0.154480695724487 0.0327305011451244 0.0957061573863029 0.19883069396019 0.0634348541498184 0.00645134318619967 0.0844712480902672 0.146987408399582 0.0696756988763809 0.0643025636672974 0.109147943556309 0.0378465130925179 0.135015249252319 0.197505101561546 0.0796391740441322 0.0443856976926327 0.0565744563937187 0.0854492336511612 0.0659591108560562 0.150151208043098 0.0432510040700436 0.211061015725136 0.185916870832443 0.126547783613205 0.275305360555649 0.162657544016838 0.180849611759186 0.122792974114418 0.0647519081830978 0.0508289188146591
0.0471119172871113 0.0487779974937439 0.099480114877224 0.0602185614407063 -0.00618459098041058 0.0507608652114868 -0.0142285106703639 0.0074566537514329 0.125598400831223 0.0142446430400014 0.0800143927335739 0.0919830650091171 -0.00614963844418526 0.0315072648227215 0.153829082846642 0.281897395849228 0.191241398453712 0.0579673685133457 0.0768793523311615 0.198624595999718 0.0385241620242596 0.100698128342628 0.193792119622231 0.0749518051743507 0.0535217672586441 0.16794790327549 0.156948700547218 0.0719473883509636 0.0482375621795654 0.1202073097229 0.113164022564888 0.0959468334913254 0.114639222621918 -0.0528378635644913 -0.00794424116611481 0.0970608368515968 0.0363161750137806 0.0729868188500404 0.209309905767441 0.102014027535915 0.0883124992251396 0.182437136769295 0.137713804841042 0.241360172629356
-0.0130831254646182 0.0983992740511894 0.0983985960483551 0.144601374864578 0.0227882154285908 0.0712343901395798 0.103624157607555 0.00530773028731346 -0.0362781994044781 0.0646956264972687 0.0716796740889549 -0.000652492046356201 0.0265686847269535 0.113132640719414 0.0913839116692543 0.0268188882619143 0.0355782434344292 0.0738600715994835 0.104513511061668 0.0455288365483284 0.186040282249451 0.0877150371670723 0.09554073959589 0.111612841486931 0.107103854417801 0.186861678957939 0.144076034426689 0.0305528193712234 0.14240263402462 0.0879851058125496 0.033864188939333 -0.0537659451365471 0.0481203012168407 0.0562123991549015 0.0849772393703461 0.062380313873291 0.192486882209778 0.0394086986780167 0.0808410421013832 0.206841915845871 0.102233909070492 0.17963482439518 0.0637537240982056 0.173760056495667
0.0986752212047577 0.0538357980549335 0.0335687808692455 0.0345406606793404 0.146361738443375 -0.0284617654979229 0.0692925304174423 0.0148945925757289 0.00085545756155625 0.0496884435415268 0.0201874598860741 0.154812753200531 0.0834364518523216 0.145997866988182 0.0757075250148773 0.0867516174912453 0.13578574359417 0.00977729540318251 0.0387092866003513 0.101354084908962 0.109292909502983 0.161423847079277 0.0985395163297653 0.107517749071121 0.0944074690341949 0.0841108784079552 0.00339628988876939 -0.00754534360021353 0.0562284849584103 0.0601320117712021 0.0835684239864349 0.0432160906493664 0.058313112705946 -0.0212511066347361 0.067934162914753 0.129904389381409 0.0717348381876945 0.0862426310777664 0.123068854212761 0.201382204890251 0.179503336548805 0.083809494972229 0.102140359580517 0.104974009096622
0.115092702209949 0.106641910970211 0.122844912111759 0.0532368496060371 0.00338055402971804 0.0927139595150948 0.101998969912529 0.113377526402473 0.107647679746151 0.0731002986431122 0.110287427902222 0.022054398432374 -0.0747365579009056 -0.100819565355778 0.0754211992025375 0.120490714907646 0.196738064289093 0.0839987471699715 -0.00702120922505856 0.124143727123737 0.109509624540806 0.0721688494086266 0.0883388221263885 0.150551170110703 0.0558095313608646 0.0598596781492233 0.0186200384050608 0.0165915358811617 -0.0314920619130135 -0.0102759692817926 0.0450779274106026 0.0759918540716171 0.042185053229332 -0.0352871157228947 -0.0409252643585205 -0.0259382985532284 -0.0609323121607304 0.0852923020720482 0.0559882372617722 0.00116019695997238 0.187079131603241 0.133017525076866 0.134490057826042 0.0863921493291855
0.0808380991220474 0.20301665365696 0.0503397807478905 0.0997465997934341 0.206872954964638 0.0675192177295685 0.156252473592758 0.0767975673079491 0.0635318085551262 0.059271477162838 0.028073301538825 0.037869043648243 0.120848573744297 -0.0693582594394684 0.0476866215467453 0.100289143621922 0.117799296975136 0.0612981244921684 0.159611627459526 -0.00678673246875405 0.0621552765369415 0.0698297023773193 0.160187050700188 0.133472770452499 -0.0118474941700697 0.0240617711097002 -0.0946674719452858 -0.00273107388056815 0.0850477814674377 0.183263406157494 -0.0355182662606239 0.0670743510127068 -0.05666284263134 -0.104524612426758 0.0437090359628201 -0.00919961091130972 -0.00753290066495538 0.0103698233142495 0.190504968166351 0.166561588644981 0.141551718115807 0.141539052128792 0.255199491977692 0.0575816556811333
0.132871553301811 0.122865632176399 0.129283994436264 0.15498460829258 0.0909304320812225 0.126990020275116 0.188286602497101 0.178029283881187 -0.0632927045226097 0.0260398611426353 0.0492092743515968 0.0803263038396835 -0.00789220258593559 0.118600144982338 -0.00650378409773111 0.0183734241873026 0.123283430933952 0.0362822227180004 0.146030873060226 0.0279359519481659 0.0915421098470688 0.152689784765244 0.0939899832010269 0.0951859652996063 0.113616459071636 0.138698697090149 0.0819762349128723 -0.00689034350216389 0.0803094133734703 0.143603771924973 0.210058376193047 0.154707759618759 0.218766242265701 0.104374907910824 0.0843695849180222 0.141628578305244 0.066693514585495 -0.0293076112866402 0.0943687781691551 0.0624044574797153 0.104432865977287 0.200380653142929 0.110685124993324 0.14842863380909
0.0268752388656139 0.141525581479073 0.150238454341888 0.0339822582900524 0.15829510986805 0.228475123643875 0.17165070772171 0.113683640956879 0.066166914999485 0.0910597071051598 0.119644373655319 0.0594843216240406 0.0818457752466202 0.0943369120359421 -0.0769129544496536 0.0279459785670042 0.0622971765697002 0.129654347896576 0.154794067144394 -0.00215771677903831 0.130439057946205 0.246511429548264 0.0823702961206436 0.107687585055828 0.179858490824699 0.0909048095345497 0.0226537454873323 0.20508536696434 0.10944452136755 0.087529830634594 0.108632028102875 0.208748042583466 0.322934061288834 0.0826777815818787 0.0613648146390915 0.105817198753357 0.0443917773663998 0.0918200984597206 -0.0407739691436291 0.157188281416893 -0.00427419878542423 0.0859250649809837 0.0604773014783859 0.159576758742332
0.0871496796607971 0.238539516925812 0.222722813487053 0.145140796899796 0.0862249583005905 0.105225034058094 0.134560599923134 0.02541758492589 0.0850115120410919 0.124804101884365 0.0794471651315689 0.0804543644189835 0.218612045049667 0.123982109129429 0.0279751885682344 0.142500832676888 0.130024820566177 0.211199074983597 0.0521518364548683 0.110854253172874 0.11712459474802 0.139884814620018 0.182827115058899 0.0290029048919678 0.109464563429356 0.0983165204524994 0.114835232496262 0.180882915854454 0.0982898697257042 0.179446920752525 0.134727224707603 0.213207587599754 0.129209116101265 -0.0530078634619713 0.041181743144989 0.0107227638363838 0.0269099026918411 0.163964867591858 -0.0145943071693182 0.009214180521667 -0.0900400578975677 -0.0315791219472885 -0.0650860965251923 0.00715257227420807
0.057585347443819 0.172321781516075 0.266924828290939 0.101217396557331 0.223944932222366 0.148686483502388 0.170821279287338 0.0470812506973743 0.202926963567734 0.097091980278492 0.126683220267296 0.140605628490448 0.0867460817098618 0.0742109045386314 0.0783914849162102 0.0651985257863998 0.0262362249195576 0.134524464607239 0.190660864114761 0.211960881948471 0.170173913240433 0.107494950294495 0.215931102633476 0.245326846837997 0.128055453300476 0.307737737894058 0.0991940200328827 0.273681044578552 0.168673142790794 0.0970564186573029 0.230095162987709 0.348943918943405 0.0587108470499516 -0.030179662629962 -0.0582409203052521 0.0796623826026917 0.185825005173683 0.105098120868206 0.113248363137245 0.103671126067638 0.0356541238725185 0.0355894006788731 -0.0655950307846069 0.0295196902006865
0.16464364528656 0.0568155236542225 0.0585952997207642 0.116617925465107 0.0988711416721344 0.0437033958733082 0.286537021398544 0.242001175880432 0.243351966142654 0.0837301909923553 0.10616909712553 0.156823366880417 0.152435228228569 0.107269376516342 0.158126816153526 0.0405586324632168 0.0615022741258144 0.0155032090842724 0.158973649144173 0.113280080258846 0.178187727928162 0.228102937340736 0.22397655248642 0.281140565872192 0.137287169694901 0.279361933469772 0.265597850084305 0.254154622554779 0.196799233555794 0.29218789935112 0.280716210603714 0.354291826486588 -0.0668114572763443 -0.0152879627421498 0.102186962962151 0.205840870738029 0.14893713593483 0.153109028935432 0.184412062168121 0.137255504727364 0.0333625003695488 -0.0277152676135302 0.0215423237532377 0.113029010593891
0.076623260974884 0.0479815900325775 0.225681081414223 0.197742596268654 0.371668964624405 0.193930685520172 0.309951663017273 0.257939010858536 0.230971589684486 0.192153617739677 0.246784031391144 0.147656589746475 0.155035778880119 -0.00664030713960528 0.0361080877482891 0.150969922542572 -0.0109454337507486 0.026792386546731 0.122022077441216 0.0541648752987385 0.240562245249748 0.220742538571358 0.264933884143829 0.234788745641708 0.268819689750671 0.159320577979088 0.208220988512039 0.18102653324604 0.297169148921967 0.173489898443222 0.0195134915411472 0.0496519170701504 0.00916220806539059 0.00774945737794042 0.0115858484059572 0.138581246137619 0.238349243998528 0.232039019465446 0.0811196640133858 0.0998265296220779 0.0444869436323643 -0.00439295824617147 -0.0215724557638168 0.148938745260239
0.157793328166008 0.16092836856842 0.16439650952816 0.138147041201591 0.126904562115669 0.285428285598755 0.244769811630249 0.321560502052307 0.332671701908112 0.277421146631241 0.243590593338013 0.205968141555786 0.14535841345787 0.132134273648262 0.0956082567572594 0.0718013346195221 0.0635233521461487 -0.0495983995497227 0.128562554717064 0.0654723644256592 0.128160819411278 0.220611229538918 0.22667995095253 0.324247449636459 0.310698449611664 0.283650040626526 0.28105440735817 0.124925129115582 0.202306196093559 0.178853109478951 -0.036666352301836 0.0343646593391895 0.0341621711850166 0.237284719944 0.188085064291954 0.196349084377289 0.276358425617218 0.206586703658104 0.160662710666656 0.21868160367012 0.396465480327606 0.132596239447594 -0.0327292904257774 0.0352148897945881
0.149236053228378 0.176796779036522 0.120741926133633 0.035150233656168 0.220385283231735 0.235296100378036 0.338364839553833 0.273660093545914 0.267786711454391 0.234713524580002 0.143555968999863 0.0712725892663002 0.0795010328292847 0.132706373929977 0.0383416227996349 0.060778770595789 0.0889901667833328 0.0129337310791016 0.0605248808860779 0.171438366174698 0.128497049212456 0.103109687566757 0.313777297735214 0.312837034463882 0.24109373986721 0.377092182636261 0.226338893175125 0.202209383249283 0.222267389297485 0.296227157115936 0.230815768241882 0.0632207617163658 -0.0014315900625661 -0.00566954584792256 0.280057698488235 0.260003447532654 0.318154036998749 0.231934145092964 0.200908452272415 0.293751358985901 0.276918560266495 0.196618407964706 0.0971438214182854 0.0815001800656319
0.210898637771606 0.116610653698444 -0.026589822024107 0.19313108921051 0.115243270993233 0.252349078655243 0.171014204621315 0.284149438142776 0.186336129903793 0.222908318042755 0.222071900963783 0.255416005849838 0.135217607021332 0.163158416748047 0.20003317296505 0.0964348986744881 0.165805324912071 0.12371151894331 0.0125041492283344 0.0583959519863129 0.0794164538383484 0.171061247587204 0.172686457633972 0.112516954541206 0.355522751808167 0.414570420980453 0.311298608779907 0.281674891710281 0.319361746311188 0.373203098773956 0.171894133090973 0.0509261190891266 -0.00403076037764549 0.0313286483287811 0.21318544447422 0.339267879724503 0.231202632188797 0.288221716880798 0.291173011064529 0.27734449505806 0.126098841428757 0.148964017629623 0.10989623516798 0.205036208033562
0.0935327634215355 0.142237842082977 0.113493569195271 0.0766277387738228 0.274754881858826 0.20733705163002 0.116820462048054 0.210283413529396 0.291429221630096 0.329570740461349 0.255653947591782 0.185156166553497 0.095628060400486 0.145078122615814 0.180762693285942 0.230253040790558 0.0801947191357613 0.0457080937922001 0.112566098570824 0.148566901683807 0.0916290655732155 0.179775297641754 0.324086993932724 0.252971410751343 0.356645077466965 0.222564116120338 0.362443059682846 0.162719890475273 0.209340527653694 0.272874921560287 0.2587710916996 0.021214047446847 0.0109136430546641 0.147055432200432 0.329663515090942 0.32518807053566 0.141039684414864 0.373417735099792 0.394158750772476 0.209423214197159 0.150438129901886 0.0694417878985405 0.0773892551660538 0.0198331009596586
0.235133647918701 0.0530926138162613 -0.0104256272315979 0.208619803190231 0.100118048489094 0.254309237003326 0.319403767585754 0.272265791893005 0.212192088365555 0.245229318737984 0.128118366003036 0.168862789869308 0.11748905479908 0.264745980501175 0.169639408588409 0.22507655620575 0.131369397044182 0.248888969421387 0.237148508429527 0.16222707927227 0.235216200351715 0.348722189664841 0.196604788303375 0.200021505355835 0.302795916795731 0.125478103756905 0.209655418992043 0.136296331882477 0.144552201032639 0.214474722743034 0.210380122065544 0.193716838955879 0.243312910199165 0.349313765764236 0.481086701154709 0.284265041351318 0.265874773263931 0.35675111413002 0.347021877765656 0.199932441115379 0.181063324213028 0.0840097740292549 0.144055664539337 0.3035047352314
