assets/gome_f/processed/ascii/us/gome_sif_US_20110301.asc
NCOLS 116 
NROWS 53 
XLLCORNER -125 
YLLCORNER 24.5 
CELLSIZE 0.5 
NODATA_value -3.4e+38 
[rows 19 to 37 of 53, columns 0 to 42 of 116]
0.00938110891729593 0.105387642979622 0.0253071952611208 0.00105604343116283 0.146063417196274 0.055406428873539 0.102756775915623 -0.00374292721971869 0.205025270581245 -0.0877044647932053 0.248353689908981 -0.0453604906797409 0.0122757842764258 0.157794639468193 0.0566238388419151 0.0524121895432472 -0.123778529465199 -0.089539609849453 0.461180299520493 0.203349977731705 -0.10025592893362 -0.0251596719026566 -0.0276645589619875 0.0528942458331585 0.133107677102089 0.035638939589262 -999 -999 -999 -999 -0.138073280453682 -0.124526105821133 -0.0881363898515701 -0.378161609172821 -999 -999 -999 -0.422909498214722 0.0711023509502411 -0.115753874182701 -0.00197443552315235 0.00162102282047272 0.0394700840115547
0.0689525306224823 0.0058895219117403 0.0374833643436432 0.321524202823639 0.184938475489616 0.341119885444641 0.160209223628044 0.111206874251366 -0.0250552892684937 -0.0332281477749348 -0.0554417781531811 -0.0761807635426521 0.0239177718758583 0.0533574596047401 0.0279159247875214 -0.021766684949398 0.0488055348396301 0.0118767200037837 -0.0225250963121653 -0.0128507362678647 0.0647295042872429 -0.0504837818443775 -0.0328257977962494 0.0128799360245466 0.147748991847038 0.0140532683581114 -0.0256002061069012 -999 -999 0.327693402767181 -0.0283940564841032 -999 -999 -999 -999 -999 -999 -999 -0.201449453830719 0.00125028495676816 0.0166234653443098 -0.0560748428106308 0.0651030093431473
0.0126639073714614 -0.0868493765592575 0.255194991827011 -0.0720750018954277 0.0940459072589874 0.310613989830017 0.017673971131444 0.123052522540092 0.0933990105986595 -0.0368476547300816 0.0791907906532288 -0.0424367748200893 0.132290855050087 0.0625765919685364 -0.0827675387263298 0.0514874756336212 -0.0152169317007065 0.182021290063858 0.0538046099245548 0.0389543287456036 -0.0451834052801132 0.0327910035848618 -0.100746087729931 0.0974331870675087 0.0959412828087807 0.0610399842262268 0.0467882677912712 -999 0.577345728874207 0.0735349208116531 -0.0337350554764271 0.00759708741679788 -0.140515893697739 0.262579679489136 -999 -999 -999 -999 0.106004782021046 0.136879965662956 0.0477323271334171 0.00990047585219145 0.0162850059568882
0.0230445433408022 0.0979053750634193 0.141265973448753 0.216938853263855 0.0721447691321373 0.150997385382652 -0.0334585048258305 -0.137565955519676 -0.0665381625294685 0.254544585943222 0.0254078581929207 0.014079219661653 0.057828962802887 0.116075709462166 0.0741327181458473 0.0360292792320251 -0.0933278948068619 0.0739042460918427 -0.12622307240963 0.103333957493305 0.287047564983368 -0.127253994345665 0.0182362291961908 0.132186785340309 -8.64826142787933e-05 0.00513762980699539 -0.364305257797241 -0.0333981849253178 -0.209800660610199 -0.0951282978057861 0.0966456532478333 0.0855507478117943 -0.0847035124897957 -0.112021327018738 0.0390948206186295 -999 -999 -999 0.0728714615106583 0.17718680202961 0.116289220750332 0.0133187770843506 0.00741691514849663
0.109947271645069 0.08675467222929 0.0320423468947411 0.158364444971085 0.134463846683502 0.245468094944954 0.105999298393726 0.164006635546684 0.0454713925719261 0.120293080806732 0.00392419192939997 -0.021996758878231 0.0805807709693909 0.0251305438578129 -0.0525938607752323 -0.0237747300416231 0.0681158602237701 -0.00275265681557357 0.0925212725996971 -0.0655824169516563 0.0363617315888405 -0.0193815026432276 -0.0193526782095432 0.0756832510232925 0.0558874569833279 0.0422693863511086 0.0145279681310058 0.145500317215919 0.0573171712458134 0.106150254607201 0.0321223326027393 0.00299995578825474 0.0806608200073242 -0.0657447054982185 0.0291854217648506 -999 -0.130618035793304 -0.00726171489804983 0.0609070472419262 0.0839634388685226 0.0354936346411705 -0.0217397678643465 0.0118887638673186
-0.0870520919561386 -0.0996775180101395 0.182449281215668 0.000998458941467106 0.32225713133812 0.238550469279289 0.109824039041996 0.172319278120995 0.23579104244709 0.268818587064743 0.178203150629997 0.159318506717682 -0.0061425007879734 -0.0011040543904528 -0.0347676239907742 -0.0447082556784153 0.0257083475589752 0.00670852558687329 0.0495486445724964 0.0223740581423044 0.168980792164803 0.0801799893379211 0.11195296049118 0.0644795298576355 0.0232598129659891 0.045984297990799 0.128735616803169 5.22881746292114e-05 0.130570754408836 0.0752156749367714 0.0127980066463351 -0.00508714653551579 0.0972179099917412 -0.0276555437594652 -0.0997387021780014 0.0993741080164909 -0.107661202549934 0.158507809042931 -0.0146579248830676 -0.00107199454214424 0.0921290591359138 0.0155810173600912 0.0519207641482353
0.039312019944191 -0.0180942919105291 0.146590441465378 -0.0607385002076626 0.291175097227097 0.313227832317352 0.240147173404694 0.399964839220047 0.294546216726303 0.147863328456879 -0.0467806309461594 0.831052482128143 0.144823744893074 0.0707250013947487 -0.0470938608050346 0.024811826646328 0.0511180497705936 0.0972848534584045 -0.00550251780077815 0.0652692168951035 0.111908860504627 -0.0655800774693489 0.00503257149830461 0.0911044403910637 -0.0725471079349518 -0.0302627589553595 0.0508913323283195 0.0107720261439681 0.0325564257800579 0.0662949457764626 -0.0345778055489063 0.0313796103000641 0.0382443554699421 -0.130943641066551 0.0916603580117226 -0.184637412428856 -0.0432326979935169 0.0259877163916826 0.0398184508085251 -0.0213779155164957 0.0113777481019497 0.00678941933438182 -0.0138455117121339
-0.0642564818263054 -0.0702748671174049 -0.00214371411129832 -0.0370113402605057 0.0880237445235252 0.171663925051689 0.34525004029274 0.352175712585449 0.330712080001831 0.337225466966629 -0.0269329436123371 -999 0.107893489301205 0.0734223872423172 0.0853987783193588 -0.025177750736475 0.0290169566869736 -0.0245823673903942 0.0645457431674004 0.0167479645460844 0.0119456900283694 0.0802464634180069 -0.0710293650627136 -0.00978094525635242 0.0237658582627773 -0.000691059045493603 0.0278450809419155 0.0614071078598499 0.00152804749086499 0.0368279851973057 -0.0158926397562027 0.0100164068862796 0.00216585490852594 0.111440367996693 0.00674697197973728 -0.327595263719559 0.113487310707569 -0.0605988204479218 0.0912343859672546 0.0888914465904236 0.0339308232069016 -0.00988385546952486 -0.0516278631985188
-0.103463172912598 0.00225547747686505 -0.0620890036225319 0.0279360804706812 -0.0656907707452774 0.0732240378856659 0.21095509827137 0.297108590602875 0.276027143001556 0.425689220428467 0.280616223812103 0.204208940267563 0.0988112092018127 0.0110324937850237 0.0948958322405815 -0.0173841249197721 0.0623899176716805 0.0144932828843594 0.04659578576684 0.0324578881263733 0.0695517733693123 0.13472244143486 0.07823396474123 0.00949325785040855 -0.00330675323493779 0.154123708605766 0.0384230650961399 -0.0417626239359379 0.0245781466364861 0.0386846512556076 -0.0163149703294039 0.137702733278275 -0.00222532451152802 0.0831348896026611 -0.0513631626963615 -0.0396851301193237 -0.0676480010151863 -0.00661174952983856 0.0605949908494949 0.00103065243456513 0.0615088753402233 0.0669373124837875 0.0396611094474792
-0.0291852466762066 0.0976484790444374 0.0158578287810087 -0.0164654701948166 0.0176366101950407 -0.0653071850538254 0.0285078603774309 0.206942826509476 0.263273179531097 0.407251417636871 0.232413128018379 0.108147665858269 0.0840027406811714 0.191608637571335 0.162328720092773 0.110708750784397 0.0649712607264519 0.0608320794999599 0.0462535358965397 0.200700581073761 0.071282371878624 0.145344942808151 0.0570206306874752 0.0134159820154309 0.106922268867493 0.101370751857758 0.106547765433788 0.0947022438049316 0.0206879917532206 -0.00141299958340824 -0.0978031828999519 0.148276343941689 0.0842280760407448 0.0737061575055122 0.0374374873936176 0.0633571818470955 0.0792297050356865 0.032285001128912 0.0569283962249756 0.0211007669568062 0.043904971331358 0.00933157373219728 0.0442137271165848
-0.0913832187652588 -0.0836324915289879 0.0760523080825806 0.00441060261800885 0.0511005781590939 -0.0326631218194962 0.120407052338123 0.252059280872345 0.362358868122101 0.284842520952225 0.392995178699493 0.194056540727615 0.179080829024315 0.336145311594009 0.0270324610173702 0.113741382956505 0.0833244249224663 0.0551946796476841 0.156885549426079 0.0823495164513588 0.144533455371857 0.157701507210732 0.148184195160866 0.0580808632075787 0.114853106439114 -0.011084197089076 0.0141098937019706 0.0422254055738449 0.0159943904727697 0.0571741499006748 -0.0444213300943375 0.00980838853865862 -0.0131822619587183 -0.00539423618465662 0.215283453464508 0.138887584209442 0.102335058152676 0.0832915008068085 0.0570875555276871 0.061266802251339 0.00411761226132512 0.100487858057022 0.0126824593171477
0.0707024559378624 0.023789044469595 -0.0133108776062727 -0.0314993932843208 0.02720832452178 0.0091880802065134 0.0547394491732121 0.0672449544072151 0.333152174949646 0.229476988315582 0.401068568229675 0.437629908323288 0.339972078800201 0.194190666079521 0.13350909948349 0.0140832774341106 0.00322606274858117 0.0868075489997864 -0.00206158473156393 0.0457678325474262 0.0854032561182976 0.0532949864864349 0.0620895326137543 0.0855813398957253 0.00860145315527916 0.0437698699533939 0.0345579981803894 0.01041179895401 0.0282796937972307 0.0334142781794071 0.051770742982626 -0.0401286408305168 -0.0303647145628929 -0.040848184376955 0.119379386305809 -0.0385818518698215 0.0144029716029763 0.0337064154446125 0.0500308722257614 0.0620957389473915 0.0350542813539505 0.00182639912236482 0.0372296720743179
0.0832267850637436 -0.0345628969371319 -0.0208999197930098 0.0361552387475967 0.0242182239890099 0.0456344820559025 0.0871475115418434 -0.0877988114953041 0.146686583757401 0.172314077615738 0.261737823486328 0.205944716930389 0.331400126218796 0.173459604382515 0.195210725069046 0.201760098338127 0.200807183980942 0.0290162935853004 0.0154674900695682 -0.008515490218997 0.0950697511434555 0.181029930710793 -0.0126370750367641 0.0627225190401077 0.1306322067976 0.0337419472634792 0.097631610929966 0.0425215177237988 -0.0459819845855236 -0.0174131598323584 0.0837308540940285 0.0631464198231697 0.0875885784626007 0.0545827001333237 0.0786203667521477 0.0557009279727936 -0.00722094671800733 0.0571446418762207 0.0563236363232136 0.0357820056378841 0.115625716745853 0.0347503311932087 0.0611753985285759
-0.017321540042758 0.109876997768879 -0.0885316506028175 0.0074186590500176 0.0610890462994576 0.0366537608206272 -0.00420744251459837 0.00500426255166531 0.00302717578597367 0.0398786514997482 0.168502405285835 0.190206453204155 0.118942320346832 0.226873233914375 0.222652792930603 0.171503752470016 0.183347404003143 0.0881589651107788 0.0333167389035225 0.114725559949875 0.0881020650267601 -0.00835253298282623 0.0966655388474464 0.156875491142273 0.0729506015777588 0.12008173763752 0.130159482359886 0.0863023996353149 0.114196740090847 0.0232752058655024 -0.011057305149734 0.0143330581486225 0.0459514409303665 -0.0234605558216572 -0.0439923591911793 0.0748806968331337 0.0261179991066456 0.0511828325688839 0.00266201607882977 0.0228510722517967 0.0778717026114464 0.041251614689827 0.0715829953551292
0.0478811450302601 -0.0313615165650845 0.0654862970113754 0.0604534931480885 0.00207190332002938 0.0629528537392616 -0.00403169402852654 -0.00878328364342451 -0.0136881694197655 0.0620808377861977 0.0906077176332474 0.072545126080513 0.146213978528976 0.240633964538574 0.294766485691071 0.166702196002007 0.15536105632782 0.059075478464365 0.0415777564048767 0.142592787742615 0.180109709501266 0.0284705124795437 0.204178616404533 0.0966897308826447 0.0927228629589081 0.136690363287926 0.0392009057104588 0.101870782673359 -0.00594144500792027 0.0818953737616539 0.0499631725251675 0.0710752233862877 -0.00422706827521324 0.0354278087615967 0.0496745631098747 0.0520313903689384 -0.0298250000923872 0.0518864989280701 0.0838609933853149 0.0668193846940994 0.0510550662875175 0.0836423933506012 0.0211282633244991
-0.0382907167077065 -0.00955992937088013 -0.0126777775585651 0.0409961119294167 -0.0584944896399975 -0.0294080190360546 0.0222820546478033 0.0741636827588081 0.0128192733973265 0.0130738858133554 0.0198224000632763 0.0541615933179855 -0.0450287275016308 0.0706949010491371 0.141131296753883 0.198768973350525 0.259662955999374 0.187746167182922 0.0614515915513039 0.0807339027523994 -0.0113669270649552 0.0817292407155037 -0.0597079731523991 0.108703069388866 0.217753767967224 0.0766885876655579 0.151617869734764 0.140892520546913 0.135575190186501 0.191976487636566 0.141228541731834 0.0302512515336275 0.0579356774687767 0.0689203143119812 0.133180320262909 0.0582592748105526 0.0235871113836765 0.0448101200163364 0.075322724878788 0.0503622107207775 0.0277039501816034 0.0728044882416725 -0.0234603974968195
-0.0566423684358597 0.0993743538856506 0.0105222277343273 0.0357300564646721 0.0235036294907331 -0.000931210350245237 0.0162185002118349 -0.0104567967355251 0.0636977180838585 -0.0471716821193695 -0.0517083443701267 0.0933723151683807 -0.00782188307493925 0.0383883826434612 -0.00827226135879755 0.0653093755245209 0.248122602701187 0.180745989084244 0.145800560712814 0.107563436031342 0.124610930681229 0.0772589594125748 0.101804450154305 0.0637045875191689 0.0521820262074471 0.213899239897728 0.15553642809391 0.192020669579506 0.156046792864799 -0.0501522198319435 0.13373064994812 -0.00448803743347526 0.112094908952713 0.0734828934073448 0.0201942007988691 0.0125799495726824 0.198888123035431 0.120868436992168 0.0666781887412071 0.0878785625100136 0.0582466870546341 0.124889254570007 0.0279037579894066
-0.0410528481006622 0.0494555570185184 -0.11652897298336 0.0257725678384304 0.0635334700345993 -0.0733832269906998 -0.0770424604415894 0.0802487060427666 0.0438917428255081 0.0125830853357911 0.0078355148434639 0.0412910729646683 0.0151288416236639 -0.0485349372029305 -0.0143292471766472 0.197649151086807 0.212404638528824 0.163754150271416 0.233203798532486 0.256757259368896 0.0831985846161842 0.113209344446659 0.000501397997140884 0.0268680658191442 0.102089613676071 0.136687114834785 0.0094733526930213 0.0878851935267448 0.0897094756364822 0.0658356174826622 -0.0431065671145916 0.0258497390896082 0.092404767870903 0.0715251863002777 0.0178592372685671 0.0537081658840179 0.00442146509885788 0.00942000094801188 0.0425283312797546 0.0890722721815109 0.0918370336294174 -0.0498627871274948 0.0140910474583507
-0.0390814542770386 0.0141999749466777 -0.0777918249368668 -0.000887764734216034 0.0629529431462288 -0.00985257234424353 -0.00216165301389992 -0.0348473936319351 0.0110445907339454 -0.127413064241409 0.047232624143362 0.103137545287609 -0.0145417870953679 0.0751122161746025 -0.0058381506241858 -0.0498137325048447 0.207657292485237 0.122419387102127 0.140984714031219 0.147170439362526 0.0769246891140938 0.0722687616944313 0.0398671887814999 0.0287288837134838 0.0614989623427391 0.0187476277351379 -0.00591307086870074 0.0596633441746235 0.023063063621521 0.026154326274991 -0.234674334526062 -0.0365707911550999 -0.00677892798557878 -0.0122017851099372 -0.0415344946086407 0.103910990059376 -0.000730657659005374 0.124382451176643 0.0914162918925285 0.048573300242424 0.0311120487749577 0.0200147852301598 0.139662131667137
