assets/gome_f/processed/ascii/us/gome_sif_US_20130401.asc
NCOLS 116 
NROWS 53 
XLLCORNER -125 
YLLCORNER 24.5 
CELLSIZE 0.5 
NODATA_value -3.4e+38 
[rows 19 to 37 of 53, columns 0 to 43 of 116]
-0.00953485630452633 0.157925471663475 0.166981503367424 0.271062463521957 0.245533168315887 0.23711022734642 0.186241015791893 0.171390071511269 0.155423671007156 0.10512263327837 0.0849926620721817 0.118995040655136 0.0509635359048843 0.127533510327339 0.082547053694725 0.133632943034172 0.0187857076525688 0.129032149910927 0.0610423199832439 0.0751887112855911 0.101006798446178 0.156411170959473 0.076750174164772 0.123582042753696 0.0737398266792297 -0.13002136349678 0.0303593035787344 0.101774126291275 0.11551870405674 -0.0301878303289413 -0.103086806833744 0.0395176485180855 -0.0233623646199703 -0.0613139942288399 -0.194395765662193 -0.0538145489990711 -0.0949845686554909 -0.0352282635867596 0.0919897705316544 -0.191524967551231 0.255081593990326 0.0208187829703093 0.1677325963974 0.0271829124540091
0.169220134615898 0.159306868910789 0.277564227581024 0.385969400405884 0.255712658166885 0.388270795345306 0.343615472316742 0.126007050275803 0.172430947422981 0.012974594719708 0.134008318185806 0.0253723673522472 0.211304023861885 -0.00827816128730774 0.0527708306908607 0.0514935292303562 0.0650028884410858 0.226207584142685 0.0714975222945213 0.0506821870803833 0.0487186349928379 0.023388234898448 -0.0206129625439644 0.0874011069536209 0.167669057846069 0.135553747415543 0.0865923017263412 0.0641856491565704 0.134685814380646 -0.393113970756531 0.0514442287385464 0.131511703133583 0.0956742390990257 -0.136269450187683 0.187125653028488 -0.0447760075330734 0.359373271465302 0.0431847497820854 0.0518936291337013 0.0455710515379906 -0.147294923663139 0.0954077765345573 -0.0234094858169556 0.0298238191753626
0.100552588701248 0.0584697015583515 0.30170813202858 0.310832619667053 0.321446508169174 0.307200163602829 0.42037296295166 0.177832394838333 0.213581472635269 0.0723599717020988 0.100051701068878 0.0715751945972443 0.0244794152677059 -0.0326456241309643 0.0305033028125763 0.0627342984080315 0.0179769173264503 0.00229218136519194 -0.00809067487716675 0.0824118405580521 0.0327673219144344 0.0454719588160515 0.025849238038063 0.100464284420013 0.0332686305046082 -0.0602727644145489 0.176574468612671 0.0887486711144447 -0.0386963412165642 0.0228119678795338 -0.0360084809362888 -0.107472933828831 0.0631388276815414 0.0260678734630346 -0.00239205360412598 -0.0905470252037048 0.215257197618484 -0.218228429555893 -999 0.00915391184389591 0.0986673384904861 0.0308420304208994 0.103315502405167 -0.00884816609323025
0.0578920803964138 0.0823969691991806 0.340536743402481 0.387780278921127 0.300239145755768 0.34427484869957 0.408660024404526 0.313497632741928 0.282025516033173 0.250548601150513 0.119689717888832 0.12087407708168 -0.0255906507372856 0.0878975838422775 0.0851764157414436 0.122595399618149 0.0473003163933754 0.114723779261112 -0.0469890683889389 0.0119110951200128 0.0882263779640198 0.16467621922493 0.0923516228795052 -0.0172340143471956 0.0226545780897141 0.241625532507896 0.275263488292694 0.0154740251600742 0.0063466764986515 0.13711504638195 0.0219106990844011 -0.0437399409711361 -0.00988818518817425 -0.0590738654136658 -0.00964220333844423 0.0748613774776459 -999 -0.436313599348068 0.0892247185111046 0.0246156379580498 0.217876344919205 0.13003334403038 0.0763496682047844 -0.0417411401867867
0.00338538968935609 0.0570837929844856 0.211752519011497 0.243618413805962 0.292542010545731 0.334222435951233 0.377522230148315 0.462754815816879 0.318724900484085 0.13192118704319 0.0611103847622871 0.0600060485303402 0.0321043021976948 0.00354733224958181 0.0796353965997696 -0.000808019423857331 -0.0071872198022902 0.0727848932147026 -0.0216206777840853 0.118001058697701 0.170222848653793 0.0457836762070656 0.138703480362892 -0.00589095149189234 0.155309960246086 0.233039721846581 0.102364853024483 0.0956275165081024 0.133659318089485 0.121009156107903 0.232323169708252 0.163041442632675 0.0167908146977425 0.128767415881157 0.0955163910984993 0.265221834182739 -0.101156011223793 -999 0.0307528264820576 0.028200700879097 0.133100837469101 0.152110576629639 0.0365338921546936 -0.118739381432533
0.00925726257264614 0.0359838716685772 0.0429727509617805 0.235120803117752 0.450506508350372 0.485166937112808 0.359891831874847 0.441470384597778 0.36344313621521 0.303753435611725 0.182785183191299 -0.0216222479939461 0.0153608014807105 0.0503986328840256 0.0629573464393616 0.0863427147269249 -0.0162871927022934 0.11955201625824 0.105762459337711 0.0522243417799473 0.0849520638585091 0.0773675069212914 0.15017081797123 0.204075396060944 0.0500548295676708 0.01854014582932 0.0550211891531944 0.0569596849381924 -0.00971683580428362 -0.0422119870781898 0.125143185257912 0.140891328454018 0.0445732325315475 0.111961752176285 -0.0299360696226358 -0.0785752162337303 -0.116346813738346 0.0809605643153191 0.00696251075714827 0.0576609745621681 -0.000479207519674674 0.0191766582429409 -0.14900329709053 0.140972003340721
-0.0123646212741733 -0.187195479869843 0.0868248641490936 0.0951371416449547 0.304388165473938 0.393793076276779 0.450863629579544 0.428508520126343 0.361328184604645 0.229809194803238 0.177116245031357 0.151728108525276 0.129291668534279 0.131369695067406 0.074219174683094 0.0397949740290642 0.151362642645836 0.0526229403913021 0.0857202112674713 0.123445399105549 0.24858546257019 0.0928568840026855 0.0607488825917244 0.0580168254673481 0.182983815670013 0.232081010937691 0.137106642127037 0.125417083501816 -0.0315462425351143 0.0133630866184831 0.0183473918586969 0.0251656360924244 -0.031370185315609 0.162274122238159 0.0565908290445805 0.0990329459309578 0.219901233911514 -0.0299582052975893 0.023199612274766 0.154791995882988 -0.10526031255722 0.129869058728218 -0.0570488311350346 -0.0532915890216827
-0.0693569034337997 0.00541125237941742 0.100319534540176 0.0448100827634335 0.176172897219658 0.30815789103508 0.285204023122787 0.323591411113739 0.387059599161148 0.426828116178513 0.130952164530754 -0.00470762047916651 0.142422720789909 0.106769941747189 -0.0366044528782368 -0.0705733671784401 0.130684062838554 0.041106004267931 0.0221925582736731 0.11970504373312 0.019566610455513 0.0655622482299805 0.0492829419672489 0.0511064529418945 0.1276004165411 0.058892484754324 0.122924618422985 0.0800587981939316 0.0850520059466362 0.182141348719597 0.0688542574644089 0.10666111856699 0.00425977725535631 0.0346421338617802 -0.0640183910727501 -0.466252237558365 0.0321679785847664 0.0426575504243374 -0.0476504229009151 0.0320538133382797 -0.0322051271796227 -0.0631615146994591 -0.03413150832057 0.0122345294803381
-0.0638759881258011 -0.00453132158145308 0.0668231025338173 -0.00988322682678699 0.0781713053584099 0.150534868240356 0.235530093312263 0.387358069419861 0.368246287107468 0.391764760017395 0.513071894645691 0.296165287494659 -0.00588042754679918 0.0658649131655693 0.055953711271286 -0.105213604867458 0.0644431933760643 0.0515195168554783 0.148941889405251 0.135560423135757 0.0714570507407188 0.22488035261631 0.225627094507217 0.0939894765615463 0.0132364789023995 0.0810048878192902 0.0933214798569679 0.0479952581226826 0.0971792563796043 0.10635156929493 0.126249074935913 0.160831242799759 -0.00499774981290102 0.0790639147162437 -0.114310830831528 -0.00542325247079134 -0.040969256311655 0.104953862726688 0.0115368450060487 -0.022790540009737 0.0129708237946033 0.0251112878322601 -0.0364055894315243 -0.0611703656613827
0.107977621257305 -0.0286048147827387 0.0703158602118492 -0.00259045674465597 0.025776743888855 0.0827168449759483 0.274626046419144 0.305788934230804 0.190023794770241 0.336555421352386 0.318145126104355 0.348845958709717 0.234966158866882 0.0774878486990929 0.0345371626317501 -0.0115623585879803 0.0254016350954771 0.111778639256954 0.0223333146423101 0.0298682656139135 0.200635105371475 0.0775086507201195 0.116766326129436 0.0191035103052855 0.0475197918713093 -0.00285657262429595 0.119095042347908 0.234689846634865 0.0956880450248718 -0.0193716920912266 0.0152582488954067 0.0486462563276291 0.0568639636039734 0.101637944579124 0.162201076745987 0.130391865968704 0.102704733610153 0.0694392621517181 0.0530905611813068 0.0678730681538582 0.0872818157076836 0.0992466732859612 0.0327176637947559 0.0304183252155781
0.101121656596661 0.0309556126594543 -0.0176328681409359 -0.0424237810075283 -0.00400436110794544 -0.014724032022059 0.126542702317238 0.197190552949905 0.272233992815018 0.140042588114738 0.256934314966202 0.507731735706329 0.30993065237999 0.0814720094203949 0.0152382515370846 0.0982037931680679 0.069555975496769 0.0769947692751884 0.123250588774681 0.14434041082859 0.0346311405301094 0.0857463479042053 0.0566640011966228 -0.000592204742133617 0.0295878332108259 0.130205094814301 0.0634313300251961 0.1155726313591 -0.0603374987840652 0.0968313217163086 0.0700424760580063 0.151231557130814 0.16675928235054 -0.00579720176756382 0.121953070163727 0.0584284849464893 0.0422779619693756 0.053688507527113 0.0508725270628929 0.0524663664400578 -0.0059793028049171 -0.00609610415995121 0.0271411519497633 -0.00271334149874747
0.00762719800695777 -0.0536326169967651 -0.00226633972488344 -0.00700398022308946 0.0907411947846413 -0.0630679875612259 0.121509902179241 0.0522507019340992 0.153303876519203 0.101860053837299 0.215866029262543 0.47451987862587 0.210815623402596 0.201861724257469 0.0638787820935249 -0.0133361527696252 0.0136822955682874 -0.000481643917737529 0.0343211591243744 0.122796736657619 0.0739090144634247 0.122282400727272 0.145829245448112 0.143932834267616 0.0239226762205362 0.115885362029076 0.0921647846698761 0.0923931375145912 -0.0147701222449541 0.0659762248396873 0.0967473760247231 0.128566816449165 0.0117496252059937 -0.0363435745239258 0.000597133475821465 0.127899184823036 0.0560281835496426 -0.0833164304494858 0.010753988288343 0.02043392136693 -0.0888690128922462 0.0152894854545593 -0.0400666333734989 0.0441725067794323
-0.110472910106182 0.0527592375874519 0.0530073642730713 0.0538856573402882 0.0163927990943193 -0.0709692388772964 -0.0473949424922466 0.0586112402379513 0.16152848303318 0.186689674854279 0.156831681728363 0.367564797401428 0.265933513641357 0.217819303274155 0.0665012747049332 0.0939696431159973 0.0205814056098461 -0.0446260124444962 0.116156376898289 0.00906217098236084 0.0333999767899513 0.125568926334381 0.11627846211195 0.0049951234832406 0.105099573731422 0.145148083567619 0.130571246147156 0.0721938908100128 0.0562522709369659 -0.009086555801332 0.0812913924455643 0.0390067286789417 -0.0144117902964354 0.00301925954408944 -0.0171770416200161 0.0845636129379272 0.111302085220814 0.0650059878826141 0.131189271807671 0.037198219448328 0.0258438382297754 0.0289545692503452 -0.0817938521504402 0.0502588450908661
0.0175814647227526 0.110227517783642 -0.0257550459355116 0.0428916960954666 0.120723038911819 0.011614759452641 -0.0465747676789761 -0.0983228161931038 0.071447916328907 0.248420000076294 0.0856038480997086 0.217011779546738 0.206927940249443 0.164893299341202 -0.0407136417925358 0.0618179328739643 0.0820119306445122 0.0790491551160812 0.0707403495907784 0.171813875436783 0.029002295807004 0.196810439229012 0.156150251626968 0.192162781953812 0.0704716369509697 0.163983091711998 0.17963682115078 0.222224250435829 0.0218332856893539 0.0258803963661194 -0.0265369452536106 0.0660707503557205 0.0178248267620802 0.0653782412409782 0.03254359588027 0.11675188690424 0.0375043079257011 0.110725089907646 0.0601653233170509 0.0418183654546738 -0.0166257619857788 0.0768040642142296 0.103322260081768 0.124693587422371
-0.00241021695546806 0.0703432708978653 -0.00691864639520645 -0.0114500923082232 0.0860623493790627 -0.0216830782592297 -0.0294663049280643 -0.0101149519905448 0.0167339108884335 0.0381829217076302 0.101328343153 0.1896663159132 0.19351202249527 0.160149455070496 0.183718636631966 0.32915386557579 0.182799577713013 0.0449994504451752 0.104431293904781 0.0789698734879494 0.0130269257351756 0.188773155212402 0.202666223049164 0.144181072711945 0.153462693095207 0.11313358694315 0.300122499465942 0.250018447637558 0.118743598461151 0.0904237776994705 0.151969060301781 0.000246897339820862 0.0735791847109795 0.0805105417966843 0.0881132036447525 0.0297485645860434 0.0435083247721195 0.0741567313671112 0.0355028212070465 0.0854357182979584 0.0733325481414795 0.0526815578341484 0.117500327527523 0.111236743628979
0.0661769658327103 0.0818873718380928 0.0242130793631077 -0.0836284458637238 0.00922852754592896 0.0555672906339169 0.122240662574768 0.00262936414219439 -0.0280473586171865 -0.0104318615049124 0.160403162240982 0.122240386903286 -0.00683615077286959 0.135987564921379 0.147743865847588 0.0652884989976883 0.181092441082001 0.0545892454683781 0.0330978371202946 0.112345449626446 -0.0347643606364727 0.153358340263367 0.154141262173653 0.102913722395897 0.00745628494769335 0.191308543086052 0.220033243298531 0.247636824846268 0.206121951341629 0.248473852872849 0.173826828598976 0.0881680324673653 0.0180176664143801 -0.00507913064211607 0.0580491907894611 0.026535889133811 -0.158995568752289 0.056046474725008 0.0413142777979374 0.0131720583885908 0.0509268008172512 0.00857030041515827 0.103044137358665 0.068578228354454
0.0652948319911957 0.00681869685649872 0.0449808724224567 -0.00591388484463096 0.246610671281815 0.0846493989229202 -0.198608979582787 0.00473600905388594 -0.00153500982560217 0.0612560883164406 0.0355446115136147 0.109199777245522 0.0576266907155514 0.0862729847431183 0.0133128371089697 0.348990589380264 0.263925313949585 0.140599727630615 0.25087583065033 0.199887931346893 0.106299474835396 0.0666472315788269 0.108932822942734 0.0640572682023048 0.0757176131010056 0.178993254899979 0.230908960103989 0.114282451570034 0.162136182188988 0.0938104316592216 0.120449669659138 0.102434314787388 0.0979383215308189 0.0794034227728844 -0.0905987769365311 0.0175156518816948 0.131831035017967 0.106055811047554 0.0816860646009445 -0.0756016001105309 0.0574656687676907 0.0935756117105484 -0.0280332863330841 0.132063984870911
0.0511303395032883 0.0143563840538263 -0.0307352095842361 0.0183019563555717 -0.155991300940514 0.0896862298250198 -0.0472171753644943 0.0659132525324821 0.144139975309372 -0.0370354540646076 0.0122165959328413 -0.143188342452049 0.00131059146951884 0.0471236556768417 0.0169196482747793 0.0869647189974785 0.137121468782425 0.106124669313431 0.152532309293747 0.361350387334824 0.21137823164463 0.22041928768158 0.0652040839195251 -0.00871553830802441 0.139250680804253 0.230894535779953 0.138519838452339 0.147901356220245 0.147309392690659 0.077571302652359 0.215738147497177 0.0321393981575966 0.0756667107343674 0.141865879297256 0.0715475603938103 -0.0437041856348515 -0.0127150379121304 0.037500161677599 0.168872267007828 0.153683692216873 0.0229283384978771 0.0921504497528076 0.0715122446417809 0.141737729310989
-0.0535238832235336 0.0365119874477386 -0.080295242369175 0.0133355688303709 0.0344435386359692 0.0186029858887196 -0.0232629161328077 0.149341359734535 0.0641205310821533 0.280784040689468 0.014660807326436 0.0939149707555771 0.166916579008102 -0.0232494194060564 0.261513024568558 0.0158026292920113 0.0300816223025322 0.244179978966713 0.0810430720448494 0.107469312846661 0.15519106388092 0.135699436068535 0.112472988665104 0.139721617102623 0.147640138864517 0.0924235656857491 0.0581673234701157 0.12765534222126 0.00917176157236099 0.166721373796463 -0.00852479692548513 0.0771458148956299 0.0631492882966995 -0.0502943880856037 0.0280143655836582 0.0294168200343847 0.0419289581477642 0.169125571846962 0.103566378355026 0.154225811362267 0.195074886083603 0.054715633392334 0.0341147147119045 0.0780224949121475
