assets/gome_f/processed/ascii/us/gome_sif_US_20111001.asc
NCOLS 116 
NROWS 53 
XLLCORNER -125 
YLLCORNER 24.5 
CELLSIZE 0.5 
NODATA_value -3.4e+38 
[rows 19 to 37 of 53, columns 43 to 85 of 116]
0.0930635556578636 0.105286926031113 0.116058714687824 0.0390019081532955 0.0350466147065163 0.0433754548430443 0.0445560365915298 0.209702685475349 0.0877038985490799 0.105284757912159 0.107523404061794 0.158357158303261 0.0808436721563339 0.155279457569122 0.164269328117371 0.128489270806313 0.100356169044971 0.143242821097374 0.20096480846405 0.177333891391754 0.106031954288483 0.107299201190472 0.0606902912259102 0.104214824736118 0.16871851682663 0.135241344571114 0.0780671685934067 0.0488169826567173 0.0697292909026146 0.128275707364082 0.0541358962655067 0.0732110664248466 0.141253024339676 0.161115139722824 0.075520433485508 0.139436423778534 0.147964894771576 0.10938223451376 0.0928119346499443 0.0296290908008814 0.114316508173943 0.194721281528473 0.147712871432304
0.0158234555274248 0.0918377712368965 0.152063325047493 0.0433057025074959 0.117675602436066 0.0353181026875973 0.0849380791187286 0.153140679001808 0.0903081968426704 0.117183037102222 0.025170236825943 0.112629346549511 0.12651814520359 0.153884813189507 0.169663861393929 0.0590299516916275 0.0784627869725227 0.0861645862460136 0.203621968626976 0.19743424654007 0.200488686561584 0.140453472733498 0.139317989349365 0.0837778076529503 0.134440243244171 0.105795755982399 0.206485107541084 0.130479961633682 0.0787950977683067 0.072704404592514 0.00618069805204868 0.15576134622097 0.09890016913414 0.101954773068428 0.182902187108994 0.166975989937782 0.262334436178207 0.16681931912899 0.0316176488995552 0.164033725857735 0.0804025307297707 0.207479894161224 0.281903386116028
0.114236988127232 0.00712452176958323 0.113845087587833 0.107198975980282 0.0886221155524254 0.0577750727534294 0.0431538186967373 0.173122420907021 0.0986663177609444 0.0916320160031319 0.0837940499186516 0.0535862855613232 0.0753087922930717 0.142624020576477 0.0212249010801315 0.0970020145177841 0.13081581890583 0.190830633044243 0.173837140202522 0.192650571465492 0.252417296171188 0.157589986920357 0.110641822218895 0.172229364514351 0.1502815335989 0.079483225941658 0.0873752310872078 0.0577566102147102 0.127410724759102 0.208160534501076 0.0700127184391022 0.0898964181542397 0.10856582224369 0.1168013215065 0.187597170472145 0.157919734716415 0.156553015112877 0.261121809482574 0.157215237617493 0.0842762142419815 0.313856869935989 0.111658520996571 0.225720137357712
0.0273671206086874 0.0551899448037148 0.0194711331278086 0.0313136130571365 -0.0328343436121941 0.12226315587759 0.0455080419778824 0.0848853513598442 0.0824063047766685 0.0822842717170715 0.0695631578564644 0.114823892712593 0.139396399259567 0.116236701607704 0.0963481366634369 0.140046343207359 0.164033189415932 0.101002790033817 0.156433597207069 0.162398084998131 0.116259686648846 0.189378961920738 0.12480541318655 0.0621301606297493 0.13392561674118 0.046548318117857 0.0771561190485954 0.0717257261276245 0.129831790924072 0.0427068062126637 0.0683191940188408 0.0645362809300423 0.131137832999229 0.217894569039345 0.187244549393654 0.0840247869491577 0.0759919062256813 0.179530873894691 0.189640671014786 0.142377585172653 0.268899589776993 0.133612006902695 0.123340427875519
0.0978642702102661 0.113663077354431 0.0400825701653957 0.0594009719789028 0.00881401356309652 0.118409216403961 0.074329286813736 0.0752328634262085 0.0443745963275433 0.0441649071872234 0.122020855545998 0.0488552190363407 0.138853684067726 0.0793953463435173 0.173853352665901 0.170351266860962 0.228102281689644 0.146432176232338 0.210988119244576 0.0101681863889098 0.142503544688225 0.271947264671326 0.227043509483337 0.0982480198144913 0.157202452421188 0.189140871167183 0.158571898937225 0.027841255068779 0.0896975994110107 0.135308340191841 0.165689945220947 0.219489485025406 0.190888732671738 0.242770552635193 0.20191602408886 0.213867262005806 0.266800493001938 0.186342671513557 0.140547186136246 0.116229861974716 0.214699506759644 0.290002107620239 0.209274545311928
0.0324370376765728 0.0418286100029945 0.0884591862559319 0.0974666997790337 0.0634744018316269 0.031114162877202 0.0830525457859039 0.0169653277844191 0.090703621506691 0.112393036484718 0.0913974419236183 0.122412331402302 0.105667658150196 0.131108462810516 0.181596264243126 0.132016554474831 0.186544477939606 0.137231394648552 0.185124859213829 0.164251998066902 0.0754186064004898 0.224503636360168 0.237136915326118 0.180805087089539 0.160582736134529 0.179832011461258 0.237800747156143 0.244843006134033 0.213397473096848 0.131982952356339 0.134144097566605 0.17532953619957 0.176599994301796 0.310660868883133 0.237342119216919 0.226964473724365 0.283801287412643 0.210204929113388 0.243144035339355 0.290567219257355 0.232828602194786 0.262775152921677 0.151403591036797
0.0515822544693947 0.0968667268753052 -0.0159325506538153 0.0682556703686714 0.0623419210314751 0.101519219577312 0.0510748773813248 0.0640167817473412 0.115264087915421 0.123058073222637 0.127986341714859 0.155583173036575 0.173103824257851 0.158126354217529 0.101318910717964 0.172873333096504 0.141162812709808 0.212262734770775 0.102781057357788 0.187860533595085 0.208898290991783 0.215621992945671 0.246861338615417 0.151757925748825 0.164144366979599 0.279774397611618 0.244316130876541 0.206207275390625 0.193238317966461 0.172640398144722 0.263462752103806 0.170160442590714 0.218956261873245 0.246336862444878 0.257159769535065 0.251889556646347 0.303724944591522 0.250591099262238 0.387457370758057 0.347385942935944 0.26583668589592 0.406422883272171 0.148070439696312
0.0440847389400005 -0.0114944688975811 0.0118432156741619 0.0232259705662727 0.108793497085571 0.0142504284158349 0.035407617688179 0.0992856249213219 0.0113177020102739 0.125663384795189 0.105283461511135 0.126276671886444 0.0995117649435997 0.124104723334312 0.116215921938419 0.118164978921413 0.212247461080551 0.190802648663521 0.142955139279366 0.286901235580444 0.239527404308319 0.266771525144577 0.31805831193924 0.158381834626198 0.133501246571541 0.275634050369263 0.19190488755703 0.243250876665115 0.165320813655853 0.230041041970253 0.203865110874176 0.215414687991142 0.201804220676422 0.26009202003479 0.325411528348923 0.324208527803421 0.303213089704514 0.369639694690704 0.235701009631157 0.266877740621567 0.333783835172653 0.0932919085025787 0.198608130216599
0.0323267467319965 0.0200424529612064 0.00785301998257637 0.0733791142702103 0.134601354598999 0.0824880748987198 0.00497734127566218 0.0975661501288414 0.0657091960310936 0.0249833278357983 0.104943178594112 0.148141577839851 0.20875671505928 0.119520053267479 0.12420492619276 0.161187797784805 0.272368907928467 0.20924437046051 0.211162865161896 0.23545777797699 0.377982169389725 0.188191577792168 0.410705536603928 0.267632782459259 0.166893765330315 0.293058842420578 0.243103712797165 0.192424982786179 0.215295687317848 0.259076595306396 0.260588616132736 0.244447574019432 0.229753032326698 0.364947497844696 0.222037851810455 0.256009757518768 0.299490422010422 0.278201669454575 0.341769129037857 0.350080281496048 0.148165091872215 0.218243882060051 0.0968936011195183
0.0486846305429935 0.0513268634676933 0.0742422565817833 0.0597039759159088 0.0976377129554749 0.128502741456032 0.0134516265243292 0.0975709483027458 0.104539439082146 0.060303583741188 0.200820118188858 0.12950499355793 0.144302934408188 0.146689534187317 0.180464848875999 0.176076889038086 0.219891637563705 0.242003783583641 0.295215904712677 0.26306289434433 0.353111386299133 0.365471869707108 0.283260494470596 0.221824780106544 0.266042321920395 0.183268666267395 0.142785117030144 0.232603594660759 0.255895584821701 0.225179135799408 0.27241438627243 0.218908816576004 0.191770300269127 0.345246106386185 0.215057760477066 0.365024298429489 0.254419207572937 0.320995390415192 0.26916828751564 0.25745016336441 0.338365793228149 0.210972115397453 0.447098165750504
0.0435179024934769 0.0648773536086082 0.0819194838404655 0.018990658223629 0.169557318091393 0.0784621611237526 0.000730019353795797 0.102062188088894 0.0789855122566223 0.0970279350876808 0.151411101222038 0.161401018500328 0.27193495631218 0.211801618337631 0.275442391633987 0.223053991794586 0.315057992935181 0.349742323160172 0.355465620756149 0.346267819404602 0.269706785678864 0.355826705694199 0.227889165282249 0.318636268377304 0.2311672270298 0.176059067249298 0.0669785961508751 0.169746041297913 0.256475627422333 0.219474822282791 0.230269059538841 0.188286527991295 0.315833956003189 0.347406536340714 0.25539842247963 0.304065525531769 0.285456299781799 0.272025316953659 0.277146399021149 0.159980371594429 0.373750448226929 0.25327256321907 0.253943413496017
0.0496267639100552 0.0896292552351952 0.114032365381718 0.141842201352119 0.0284395441412926 -0.05951127409935 0.0988031476736069 0.121276661753654 0.146273553371429 0.103641614317894 0.19394214451313 0.121331013739109 0.283382177352905 0.204046577215195 0.246378302574158 0.272154420614243 0.265434175729752 0.245848119258881 0.326207995414734 0.355517745018005 0.214213296771049 0.317538201808929 0.210089057683945 0.240315392613411 0.185255125164986 0.169873952865601 0.135554596781731 0.305820047855377 0.134927079081535 0.342957526445389 0.299052536487579 0.279521375894547 0.264008373022079 0.269403755664825 0.262524247169495 0.340533882379532 0.407548069953918 0.266080528497696 0.23938949406147 0.359146773815155 0.195569589734077 0.274502366781235 0.348008841276169
0.0233311615884304 0.0175441615283489 -0.00237901299260557 0.0668941140174866 0.0191646181046963 0.0620035901665688 -0.0477689988911152 0.0740684196352959 0.0917460918426514 0.123224370181561 0.23127044737339 0.195845693349838 0.267702907323837 0.17622184753418 0.214687362313271 0.25170761346817 0.219735130667686 0.257145375013351 0.274338811635971 0.307003617286682 0.276406764984131 0.239575386047363 0.1785838752985 0.275117993354797 0.225458890199661 0.153712198138237 0.209514915943146 0.288420021533966 0.252533793449402 0.344901978969574 0.244269758462906 0.267730176448822 0.429944187402725 0.28795000910759 0.35440656542778 0.336719304323196 0.329633772373199 0.260427892208099 0.412549674510956 0.186544880270958 0.314130902290344 0.199759557843208 0.33468309044838
0.099670797586441 0.121887005865574 0.160010248422623 -0.00518577871844172 -0.0271485112607479 0.0698297768831253 0.0779325217008591 0.0873908922076225 0.119252078235149 0.12449174374342 0.105842277407646 0.205809190869331 0.168968871235847 0.111675091087818 0.11305332928896 0.25750458240509 0.233514025807381 0.25767058134079 0.277700692415237 0.339076489210129 0.193119257688522 0.296795189380646 0.331570953130722 0.213063329458237 0.185858339071274 0.177358254790306 0.217733070254326 0.294031500816345 0.338892370462418 0.39497184753418 0.308201879262924 0.266083270311356 0.236697152256966 0.245158597826958 0.337693631649017 0.251513600349426 0.352510780096054 0.444075167179108 0.395431965589523 0.21283558011055 0.351749688386917 0.318911045789719 0.378022462129593
0.0835466980934143 0.0184503924101591 0.0910235941410065 0.104315362870693 -0.0742013156414032 0.0560972206294537 0.0319851189851761 0.0474976189434528 0.085862047970295 0.21005018055439 0.207108914852142 0.213236644864082 0.0491180904209614 0.209691613912582 0.234099864959717 0.149281069636345 0.205418735742569 0.243169754743576 0.265469878911972 0.262035459280014 0.356898576021194 0.257555514574051 0.20779749751091 0.112551987171173 0.161080151796341 0.066045731306076 0.166500076651573 0.294820040464401 0.250183165073395 0.282153427600861 0.272449404001236 0.285882979631424 0.348698407411575 0.24721060693264 0.356984257698059 0.173352405428886 0.272275120019913 0.266066461801529 0.322295606136322 0.2486841827631 0.351363331079483 0.300067037343979 0.268805533647537
0.0732307583093643 0.0673123449087143 0.000911222537979484 -8.1725163909141e-05 0.0559200569987297 0.0490567497909069 -0.00081994169158861 0.0882336124777794 0.0813062340021133 0.00581739330664277 0.105560384690762 0.16474874317646 0.181626915931702 0.160340026021004 0.0322030484676361 0.160222828388214 0.140155538916588 0.19067707657814 0.269440531730652 0.218873798847198 0.25752067565918 0.174920901656151 0.290831387042999 0.196235716342926 0.168705642223358 0.0793899968266487 0.15447199344635 0.227660566568375 0.43056520819664 0.301147043704987 0.29990753531456 0.251149624586105 0.3338662981987 0.225922435522079 0.312608063220978 0.23483644425869 0.312875300645828 0.215894386172295 0.32923549413681 0.300346791744232 0.345251649618149 0.313543319702148 0.397269695997238
0.068945124745369 0.0761382356286049 0.0592465437948704 0.0580983348190784 0.0237713139504194 0.00467021483927965 0.0539219230413437 0.200868651270866 -0.0193275455385447 0.0754285901784897 0.0683426782488823 0.103508800268173 -0.0046217143535614 0.165918588638306 0.106838151812553 0.21374674141407 0.157848328351974 0.148878946900368 0.244026437401772 0.216610431671143 0.243032813072205 0.280999213457108 0.323538899421692 0.181277006864548 0.22455370426178 0.205976113677025 0.0967745706439018 0.256062656641006 0.288068622350693 0.322786509990692 0.272784620523453 0.306058973073959 0.233939439058304 0.319961607456207 0.288529068231583 0.251132547855377 0.368564397096634 0.226617515087128 0.351694911718369 0.259982407093048 0.300736039876938 0.358859807252884 0.238170504570007
0.0270703677088022 0.125427588820457 0.052949570119381 0.00301037728786469 0.0152062829583883 0.0783181637525558 0.0648406893014908 0.167834833264351 0.237333357334137 0.124189175665379 0.16897851228714 0.150133013725281 0.156852588057518 0.247999921441078 0.160114258527756 0.24697582423687 0.249483838677406 0.0725062564015388 0.297199636697769 0.279058903455734 0.285118818283081 0.340798020362854 0.432871013879776 0.250051587820053 0.168126434087753 0.192118465900421 0.325665414333344 0.312733113765717 0.36979416012764 0.485795497894287 0.347643882036209 0.22807089984417 0.309402525424957 0.266513884067535 0.323366284370422 0.309158444404602 0.318256616592407 0.271625965833664 0.213980853557587 0.335533857345581 0.335115432739258 0.371637552976608 0.241824045777321
0.12399297952652 0.041489377617836 0.0685363933444023 0.0534319877624512 0.108337201178074 0.0556627810001373 0.0560833364725113 0.0932972878217697 0.0102384267374873 0.141388446092606 0.250042706727982 0.224092498421669 0.147727489471436 0.184201195836067 0.121500700712204 0.263914585113525 0.199725463986397 0.193396031856537 0.389309257268906 0.211732044816017 0.417294174432755 0.278499811887741 0.246842756867409 0.279760509729385 0.226146623492241 0.342987895011902 0.263230711221695 0.3172727227211 0.309233129024506 0.377336651086807 0.290539354085922 0.33959573507309 0.292307466268539 0.28765606880188 0.340500324964523 0.298833608627319 0.357356667518616 0.302595794200897 0.226659193634987 0.283742070198059 0.232796862721443 0.403995841741562 0.274034589529037
