assets/gome_f/processed/ascii/us/gome_sif_US_20121101.asc
NCOLS 116 
NROWS 53 
XLLCORNER -125 
YLLCORNER 24.5 
CELLSIZE 0.5 
NODATA_value -3.4e+38 
[rows 0 to 18 of 53, columns 0 to 42 of 116]
-0.026402920484543 0.0412918329238892 -999 -0.0995030179619789 0.0557041317224503 0.0575498044490814 0.0586828887462616 0.142850875854492 0.0579842776060104 -999 -0.0341390036046505 0.182159781455994 -0.0218911245465279 0.146036595106125 -999 0.213183835148811 0.0292073916643858 0.0386825054883957 0.00440246285870671 0.114048972725868 0.0268126614391804 0.244664311408997 0.00114038586616516 -0.188154846429825 0.114166676998138 -0.0987483263015747 0.0331834331154823 -0.0392357334494591 -0.0301545951515436 -999 -0.0636440366506577 0.0578629933297634 -999 -0.0668990761041641 0.268658608198166 0.0884056091308594 0.0255553349852562 -0.0542013794183731 -0.0447768643498421 -0.0506251305341721 -0.009852041490376 0.0297504439949989 -0.0155944051221013
0.0182644687592983 -0.162140935659409 0.00747349485754967 0.162918224930763 0.0661433637142181 -0.0164632778614759 -999 0.0553910918533802 0.0869799107313156 0.0270093772560358 0.0117645021528006 -0.00472128391265869 -0.0254584159702063 0.173919141292572 0.0210143812000751 0.0981034189462662 0.0485811531543732 0.0430446676909924 -0.0480401962995529 0.00453827297315001 -999 0.14846459031105 0.0486504472792149 -0.0722724124789238 -0.0106311179697514 0.106248140335083 0.0366338118910789 -0.0413158945739269 0.0119763510301709 -0.0798851102590561 -0.104305453598499 0.0688335224986076 0.0206248760223389 -0.0153180360794067 0.0755807310342789 0.206919193267822 -0.0471656769514084 0.0666438266634941 0.0104366624727845 -999 -0.0326682552695274 -0.0469124317169189 0.0894817411899567
0.101810529828072 0.0402130931615829 0.0397389866411686 0.0776351988315582 -0.0115791410207748 0.00558060966432095 -0.0726835280656815 0.174051448702812 -0.31111878156662 0.109411306679249 0.0612947531044483 0.184391751885414 0.0239596627652645 -0.0346086360514164 0.115324355661869 0.125696644186974 0.0185474306344986 0.104193232953548 0.0924920216202736 0.162214785814285 -999 0.0686524659395218 0.0337310321629047 0.0371632128953934 0.0491972900927067 -0.00735165178775787 -0.0271515343338251 0.111126244068146 0.0222339797765017 0.0508183166384697 0.13286492228508 -0.0699112191796303 -0.124820947647095 -999 0.0482209920883179 0.0480696707963943 -0.249393224716187 0.0505058355629444 0.111589588224888 0.0740157216787338 0.146506011486053 0.26600244641304 -0.199947208166122
0.0908257067203522 0.020352091640234 0.103911802172661 0.0284199248999357 0.020635699853301 0.0102560697123408 0.134072795510292 0.0483416393399239 -0.0227027926594019 0.10542032122612 -0.0855802670121193 0.00187544338405132 0.00375559739768505 -0.10125395655632 0.171490684151649 0.100889228284359 -0.0075053907930851 0.111748807132244 -0.0375117547810078 0.120193757116795 -999 0.252690106630325 0.0880066379904747 0.022673113271594 -0.039963111281395 0.029750457033515 0.0360505655407906 -0.0362017676234245 -0.0162487160414457 0.284495204687119 0.0191606879234314 -999 0.0018231620779261 0.0243111345916986 0.105256386101246 0.00410849275067449 -0.0148208774626255 0.0496401414275169 -0.114350661635399 -0.0396573916077614 -0.106312610208988 0.0103582954034209 0.189776241779327
-0.00793375447392464 -0.000730815227143466 0.0797374397516251 0.0635078325867653 0.0341798588633537 -0.00590456929057837 -0.0624648779630661 -0.0570808574557304 0.0251425001770258 0.0219024457037449 0.00769860902801156 0.0147886974737048 0.0298210475593805 0.099579818546772 0.0733692869544029 0.0495369397103786 0.189573019742966 0.0469080172479153 0.239419907331467 -0.15493181347847 0.0939555466175079 0.11415096372366 -0.141321748495102 0.051680076867342 0.116402670741081 -0.0502767600119114 0.027190987020731 -0.0427059642970562 0.197066828608513 0.0580091811716557 0.0292532481253147 -999 -0.0247229132801294 -999 -0.0368397161364555 -0.150314852595329 -0.154437720775604 0.112509988248348 -0.024520019069314 -999 0.147176280617714 -999 0.0834480226039886
-0.00134256051387638 0.103645458817482 0.0847599878907204 0.0406707786023617 0.138208866119385 0.0868280008435249 0.0160750411450863 0.0961773097515106 0.0904823690652847 0.0209536980837584 -0.0481881015002728 0.0651463568210602 0.0920701697468758 -0.0328345149755478 -0.0544637441635132 0.138420909643173 0.150490075349808 0.0873865559697151 0.209431245923042 -0.0599487759172916 0.132063627243042 0.0153526943176985 0.112234249711037 0.0364752039313316 0.11789682507515 0.0767351984977722 -0.0768139734864235 -0.00686661340296268 -0.0969994440674782 0.141636118292809 -0.0310916118323803 -0.0437397360801697 0.0807665511965752 -0.127880528569221 -0.310751497745514 -0.156416922807693 -0.074740394949913 -0.0336300618946552 -0.117617405951023 0.0555016584694386 -0.0176738165318966 -999 0.0851167663931847
-0.0120339747518301 0.0267597064375877 0.0714139118790627 0.0617804862558842 -0.00733282696455717 0.162808999419212 0.0448353178799152 0.0967821553349495 -0.0332825593650341 0.065047562122345 0.0265569500625134 0.00876027625054121 -0.000567387440241873 0.138070896267891 -0.0207850653678179 0.0655850321054459 0.182996824383736 -999 0.0354874990880489 -0.0677703768014908 0.132009834051132 0.00534896180033684 -0.057166863232851 0.0523399114608765 -0.089967668056488 0.0656536146998405 0.0127967959269881 0.0104018906131387 0.048278696835041 -0.00492927432060242 0.0698926821351051 0.0892116129398346 -0.221449136734009 -0.00347012025304139 -0.0243923794478178 0.0885738134384155 -0.0595067664980888 0.0555467158555984 0.0249136369675398 0.0969845205545425 0.0855617299675941 0.016971142962575 0.0672190487384796
0.0424169935286045 -0.0597630962729454 0.136705666780472 0.134111687541008 0.20247346162796 0.186483040452003 0.0259961169213057 0.111142121255398 0.119604974985123 0.023215165361762 0.156818971037865 0.083982340991497 0.0216421335935593 0.0557883903384209 -0.0053397985175252 -0.0644431486725807 0.172423020005226 -0.0369015224277973 0.204940512776375 0.0128709189593792 0.280141174793243 0.00511248642578721 0.00422836327925324 0.00581071013584733 0.0458250381052494 0.0751106813549995 0.00215289765037596 -0.0114450110122561 0.0858669653534889 0.0356135703623295 0.0298681631684303 0.00980161689221859 -0.169865623116493 -0.0378498770296574 -0.103842474520206 -0.070012167096138 -0.0620883516967297 0.050751369446516 0.039904210716486 0.0359040088951588 0.0725984275341034 0.0534677095711231 -0.00840850174427032
-0.00913742743432522 -0.0285971853882074 0.0262602530419827 0.0894625261425972 0.259598195552826 0.0779955685138702 0.0787452161312103 0.203366920351982 -0.010226808488369 0.124513909220695 0.0575563944876194 -0.016299856826663 0.0543417297303677 0.109196424484253 -0.0680382251739502 -0.0271762795746326 0.0683804675936699 -0.0229298993945122 0.041200652718544 0.0756601169705391 0.0379791557788849 0.0187139511108398 0.110194951295853 -0.0277446750551462 0.112355619668961 0.0225376579910517 0.0383217334747314 0.0242924131453037 0.121648900210857 0.0138415573164821 0.118605710566044 -0.16945743560791 -0.0260973051190376 0.141862139105797 0.052691213786602 0.0607441067695618 0.0184880048036575 0.0615435987710953 0.015325634740293 0.0574292540550232 -0.0278996732085943 -0.0304419230669737 0.0143612567335367
0.0187522079795599 0.0489884205162525 0.0658850595355034 0.126340761780739 0.0950095802545547 0.190707340836525 0.145208731293678 0.150733858346939 0.0396462790668011 0.0969711691141129 0.0583151169121265 0.0406486168503761 0.098466083407402 0.0588603392243385 0.0698001608252525 0.0153887672349811 -0.0130364922806621 0.0913580283522606 -0.013002029620111 0.107541978359222 0.12024974822998 0.083555594086647 0.0708501487970352 0.0297438893467188 0.00329480320215225 0.00579837244004011 0.0553296357393265 -0.00941252708435059 0.0364652201533318 0.029828567057848 -0.205937817692757 0.028138555586338 0.0543638281524181 -0.019569605588913 -0.0115249333903193 -0.0193427409976721 -0.0887557566165924 0.118657767772675 0.0486100353300571 -0.0065810913220048 -0.00968245696276426 0.0527034737169743 0.0937617495656013
0.0332921333611012 0.0796916261315346 -0.0304124765098095 0.0925163552165031 0.0417888425290585 0.134162381291389 0.0722381696105003 0.0474021025002003 -0.00330361467786133 0.049968846142292 -0.0140070915222168 0.107877306640148 0.0129946079105139 0.0780605226755142 0.00999988708645105 -0.0116890762001276 0.10913523286581 0.0190103091299534 0.0110433548688889 -0.0493469201028347 -0.023455586284399 0.00392704177647829 -0.0540703758597374 0.0513771399855614 -0.0191779732704163 -0.0895789638161659 0.0891973003745079 0.0264107882976532 -0.0533240996301174 -0.0284707117825747 -0.0410280823707581 0.00176157488022 0.0410463809967041 0.074712760746479 0.014768198132515 0.0982309877872467 0.00444149551913142 0.0544590540230274 -0.0281760338693857 0.0255174413323402 -0.0211821217089891 0.0551494434475899 0.0168320499360561
0.0779554098844528 -0.0341599211096764 0.0837293863296509 0.16193151473999 0.0711952522397041 0.167230218648911 -0.00386794121004641 0.0595774129033089 0.0200520139187574 -0.0269783027470112 0.00716577097773552 0.0803143233060837 0.0741000846028328 0.0175916943699121 -0.0259472969919443 0.0937871113419533 0.286715149879456 0.0686075463891029 -0.0426039509475231 0.0141053069382906 0.0249297562986612 0.0395778231322765 0.0210222601890564 -0.0814053192734718 0.108024187386036 -0.00150880112778395 -0.0929381400346756 0.0527476817369461 -0.0311704259365797 0.140606686472893 -999 0.0701614618301392 0.066702738404274 -0.127935722470284 -0.0277323685586452 0.0714479982852936 0.106956318020821 -0.0107049262151122 0.0277582202106714 -0.0401798449456692 0.13235042989254 0.041669987142086 -0.037174005061388
-0.00326534360647202 0.0930148288607597 0.019867243245244 0.0717083886265755 0.187459006905556 0.0386253073811531 0.0900322571396828 0.0567754954099655 0.0188965238630772 0.0825301632285118 -0.00684782303869724 -0.0256570912897587 0.0654880553483963 0.0418068394064903 -0.00820806249976158 0.0586720928549767 0.0329543761909008 0.0983882248401642 -0.0773578733205795 0.0328593030571938 0.00177552551031113 0.0336033999919891 -0.021062046289444 0.0424319319427013 0.097701720893383 0.027729544788599 -0.0211160033941269 0.0596994869410992 0.0718535855412483 0.0567589290440083 -999 0.0230900403112173 -0.0169171188026667 0.0681368783116341 -0.0495811179280281 0.032587394118309 0.00725000957027078 -0.0467269904911518 0.0148445749655366 0.00217953021638095 0.0141692599281669 0.0513675734400749 0.0627115294337273
0.0912947058677673 0.0251089986413717 0.0671378970146179 0.0859396234154701 0.171951070427895 0.113235160708427 0.056805606931448 0.0235360208898783 0.0163226444274187 0.0705742239952087 -0.0415884628891945 0.00212364899925888 0.0377520434558392 0.14207948744297 0.0172885023057461 -0.0173210892826319 0.0895145237445831 0.0530001223087311 0.0955297872424126 0.108325600624084 0.0487856902182102 -0.0761319994926453 -0.0582548007369041 0.0594318546354771 0.0183608643710613 0.0563901513814926 0.068442590534687 0.0657481178641319 -0.245246052742004 0.135984629392624 -0.00369346630759537 -0.0163647327572107 0.0395747050642967 -0.0270160436630249 0.0432113669812679 -0.084086000919342 -0.0450966097414494 0.050261203199625 0.00377974659204483 0.0565536133944988 0.0289035458117723 0.0419371165335178 -0.00709389289841056
0.0244226790964603 -0.0105600943788886 0.22553651034832 0.108325012028217 0.0848721712827682 0.13103361427784 0.0810566321015358 0.00648517766967416 0.0309504736214876 0.0364220328629017 0.0186302699148655 -0.0336856283247471 0.0247160345315933 0.0992354154586792 0.0652686208486557 0.0421924702823162 0.0425886027514935 0.0819623842835426 0.0174386650323868 -0.0843136012554169 0.0100260702893138 0.0274123176932335 -0.0302125364542007 0.0426760800182819 0.0633990243077278 -0.0046792202629149 0.0346897281706333 -0.033029317855835 -0.0335049331188202 -0.293614864349365 -0.020501347258687 -0.201986357569695 0.0628565177321434 0.077746219933033 -0.0642825663089752 -0.0690061151981354 0.0109103238210082 0.0221208576112986 0.000327077868860215 0.000832176767289639 0.00804935395717621 0.0305906739085913 0.0437323153018951
0.0249769929796457 -0.00890387967228889 0.171163111925125 0.0145060168579221 0.0928814485669136 0.00685210572555661 0.0396394096314907 0.00141703186091036 0.0366260185837746 -0.0419701114296913 0.0830274298787117 -0.00397840468212962 -0.0321209393441677 0.00489981146529317 0.0719486847519875 0.000232810329180211 0.0729386135935783 0.0529314540326595 0.025151276960969 0.0636355131864548 -0.0218493659049273 -0.0567872151732445 0.0345970168709755 -0.0494566820561886 0.0106720589101315 -0.00566738285124302 0.0307334270328283 -0.0289396345615387 0.012391209602356 -0.0450368262827396 0.00782381184399128 0.0605260618031025 -0.0154769495129585 0.0355303399264812 0.0394259393215179 -0.0449187606573105 -0.0232340395450592 0.15142397582531 -0.0262462254613638 0.0363898985087872 -0.0342648960649967 0.0311655644327402 0.0726030543446541
0.0478619113564491 -0.0182098019868135 0.19826178252697 0.193608954548836 0.0876095071434975 0.00950798019766808 0.137669458985329 0.0522102974355221 -0.0288173481822014 0.04098279774189 -0.0135358395054936 0.00318461563438177 0.0461819097399712 -0.078459307551384 -0.0111748911440372 -0.0234444253146648 -0.0131281530484557 -0.099820040166378 -0.0395453572273254 -0.0159242916852236 0.0518850386142731 0.0796225145459175 0.0531936027109623 0.0173610895872116 0.0206030867993832 0.0810445845127106 0.0342227481305599 -0.0304105617105961 0.145234182476997 0.0421879179775715 -0.0538320802152157 0.0363198444247246 0.0198075175285339 0.0218583066016436 -0.060834527015686 0.00296694319695234 -0.0341574810445309 0.0172355491667986 0.0271548870950937 0.0685562491416931 0.0182615295052528 -0.0867079347372055 -0.0519482605159283
0.0591380745172501 0.00425135437399149 0.0346295759081841 0.163262069225311 0.126130029559135 0.0593096017837524 0.0376590229570866 0.0364598780870438 -0.00160463282372802 -0.0332373231649399 0.00913960393518209 -0.0122873866930604 0.0323145836591721 -0.0664362758398056 0.00482153426855803 -0.0384178683161736 -0.0242266673594713 -0.0488834641873837 0.0294975712895393 0.152577921748161 0.082246407866478 0.0485300198197365 0.0351157933473587 0.0604425258934498 0.0079412367194891 -0.00592149328440428 0.0496702529489994 0.038335632532835 -0.0111285960301757 -0.080693282186985 0.00674032978713512 -0.0756905600428581 -0.0564127899706364 0.0347508639097214 0.000566358387004584 0.0452871173620224 -0.0098932720720768 -0.0611925981938839 -0.0221887733787298 0.0455521307885647 -0.0148506090044975 0.0371753312647343 0.00244629220105708
-0.0308633334934711 -0.0235142596065998 0.131232142448425 0.0600309409201145 0.0625675320625305 0.081330195069313 0.0523659773170948 0.0115199107676744 0.0599906742572784 -0.03010986559093 0.000875898753292859 0.0195094477385283 -0.0380858331918716 0.0339657068252563 -0.0179812517017126 0.0433896221220493 -0.0801680609583855 0.0765806138515472 0.0613234639167786 0.0141069665551186 -0.0357503928244114 0.0260622706264257 -0.000880098319612443 -0.017021156847477 0.00117970048449934 -0.0199307128787041 0.0537311881780624 -0.0168627500534058 0.037996917963028 0.00990263000130653 0.0163032207638025 0.0344530791044235 -0.0656563341617584 -0.105039313435555 0.0248032081872225 0.000368199893273413 0.0190629884600639 0.0680134370923042 -0.0499427430331707 -0.0228775795549154 0.0145886307582259 0.0358563177287579 0.0954341068863869
