assets/gome_f/processed/ascii/us/gome_sif_US_20110701.asc
NCOLS 116 
NROWS 53 
XLLCORNER -125 
YLLCORNER 24.5 
CELLSIZE 0.5 
NODATA_value -3.4e+38 
[rows 19 to 37 of 53, columns 0 to 43 of 116]
0.0691682249307632 0.293835073709488 0.534494876861572 0.43255677819252 0.451463282108307 0.402433931827545 0.335804134607315 0.363103985786438 0.252561658620834 0.174976572394371 0.193736299872398 0.102819636464119 0.151262611150742 0.110845968127251 0.237476289272308 0.22731551527977 0.170176520943642 0.353771388530731 0.203519091010094 0.26361808180809 0.182283192873001 0.236231952905655 0.102443791925907 0.264686912298203 0.152161628007889 0.0800877287983894 0.624721944332123 0.582887470722198 0.459232777357101 0.192339852452278 0.175964847207069 0.237560153007507 0.190629839897156 0.171421647071838 0.272266536951065 0.343035727739334 0.328083842992783 0.298085302114487 0.265786290168762 0.190245553851128 0.285176992416382 0.41650664806366 0.267766892910004 0.359607696533203
0.0803400352597237 0.194970905780792 0.528769731521606 0.517487645149231 0.402590841054916 0.505410850048065 0.394823402166367 0.289403051137924 0.303775757551193 0.174922302365303 0.0677138566970825 0.134977638721466 0.0387457385659218 0.0612877905368805 -0.00503994710743427 0.154689401388168 0.128616571426392 0.250874221324921 0.139905974268913 0.260221362113953 0.140547186136246 0.0359762422740459 0.0357113666832447 0.132519200444221 0.224313899874687 0.254069685935974 0.512708306312561 0.708184480667114 0.377302229404449 0.239607155323029 0.222913652658463 0.347400963306427 0.161506026983261 0.182299375534058 0.308931052684784 0.511183381080627 0.399359971284866 0.240912050008774 0.372844696044922 0.279281377792358 0.375999838113785 0.377510279417038 0.325911521911621 0.382409065961838
0.0912103950977325 0.234982416033745 0.396989196538925 0.506208777427673 0.336567491292953 0.42827382683754 0.391582727432251 0.280056595802307 0.480972766876221 0.197929576039314 0.0222598370164633 -0.0278894286602736 0.0893278270959854 0.187768921256065 0.0608427412807941 0.18884801864624 0.143031656742096 0.153911173343658 0.157896146178246 0.115521490573883 0.143548682332039 0.0857381671667099 0.0103045804426074 0.0276661533862352 0.214343786239624 0.287671655416489 0.435426115989685 0.557112812995911 0.490844011306763 0.382611632347107 0.195273965597153 0.240991204977036 0.145591214299202 0.280988961458206 0.444763898849487 0.656689405441284 0.497184038162231 0.397669553756714 0.320672363042831 0.311891496181488 0.370202153921127 0.482859581708908 0.3949094414711 0.351581424474716
0.0869557559490204 0.123182237148285 0.30823877453804 0.42647984623909 0.432481437921524 0.485154002904892 0.539581179618835 0.47350737452507 0.533168613910675 0.35797992348671 0.229611277580261 5.59719555894844e-05 0.101449631154537 0.0637679249048233 0.127908617258072 0.153323203325272 0.0654264613986015 0.128555774688721 0.234868675470352 0.0804935544729233 0.199243649840355 0.198650270700455 0.127494841814041 0.111343719065189 0.221284106373787 0.270099341869354 0.420943200588226 0.560787320137024 0.348617851734161 0.281482368707657 0.217484265565872 0.182653769850731 0.340290278196335 0.371139079332352 0.440789341926575 0.490992099046707 0.364238053560257 0.39909753203392 0.331413000822067 0.336479097604752 0.305767357349396 0.392284095287323 0.190724119544029 0.403921186923981
0.0269403364509344 0.0348730236291885 0.197306737303734 0.544089555740356 0.407122582197189 0.602331399917603 0.684877395629883 0.511097729206085 0.420597493648529 0.278431951999664 0.260411381721497 0.0824070274829865 0.0749796107411385 0.161024421453476 0.043210219591856 0.113494955003262 0.133458197116852 0.194271698594093 0.116923555731773 0.179464623332024 0.230560332536697 0.233224004507065 0.130706116557121 0.215353906154633 0.135965749621391 0.254232287406921 0.242730185389519 0.408904582262039 0.168968230485916 0.281334042549133 0.212097987532616 0.176887392997742 0.320867002010345 0.341265469789505 0.565865814685822 0.525956928730011 0.501999258995056 0.275700569152832 0.200372740626335 0.283962517976761 0.251712083816528 0.317764163017273 0.265324711799622 0.341852635145187
-0.0708684772253036 0.00253933458589017 0.313551872968674 0.25655522942543 0.507544457912445 0.385258585214615 0.63431841135025 0.513364553451538 0.479945302009583 0.441165417432785 0.276630461215973 0.226415425539017 0.0906641259789467 0.0431803241372108 0.0447151027619839 0.0928555354475975 0.119094230234623 0.147518202662468 0.203680202364922 0.143946617841721 0.113646239042282 0.103150010108948 0.101272761821747 0.126778647303581 0.0260937102138996 0.255811125040054 0.335060119628906 0.199491411447525 0.186575755476952 0.107296332716942 0.0898782014846802 0.111847028136253 0.336102187633514 0.34429544210434 0.262588381767273 0.437045037746429 0.217711627483368 0.25713187456131 0.200801700353622 0.217173844575882 0.130397260189056 0.246571496129036 0.120045766234398 0.170970320701599
-0.0402331352233887 0.0364997424185276 -0.040106263011694 0.128364786505699 0.359922289848328 0.366093039512634 0.393920987844467 0.548881709575653 0.358047991991043 0.407979965209961 0.30570462346077 0.112105593085289 0.136471316218376 0.101637311279774 -0.00797977391630411 0.0698283612728119 0.0185647420585155 0.204539313912392 0.0165983065962791 0.129223391413689 0.243919715285301 0.207648128271103 0.0233191717416048 0.30014979839325 0.277447938919067 0.343333899974823 0.0966304019093513 0.146446406841278 0.0128651726990938 0.0720401704311371 0.101351544260979 0.218968257308006 0.245152428746223 0.387783795595169 0.376991719007492 0.404702067375183 0.220869213342667 0.289938360452652 0.235323145985603 0.167042911052704 0.058185376226902 0.153876960277557 0.210288554430008 0.110944949090481
0.0900433957576752 0.150523528456688 -0.0792236551642418 0.155305728316307 0.096652016043663 0.276199281215668 0.259026437997818 0.513542890548706 0.340013802051544 0.343190282583237 0.348577439785004 0.226470097899437 0.171337872743607 0.043181449174881 0.140175193548203 -0.0232909191399813 0.0286682955920696 0.0704218596220016 0.107906721532345 0.145619466900826 0.092398576438427 0.151422753930092 0.133683606982231 0.231993347406387 0.172417297959328 0.0697304308414459 0.0130489924922585 0.0203737355768681 0.023436538875103 0.139790877699852 0.149659484624863 0.118110463023186 0.366012126207352 0.358978420495987 0.383806496858597 0.284081518650055 0.13911734521389 0.24074512720108 0.18599908053875 0.172569006681442 0.040344875305891 0.122523225843906 0.177478328347206 0.174004569649696
0.0520430728793144 -0.0628211796283722 0.104105181992054 0.0502605587244034 0.110678143799305 0.380139321088791 0.343350291252136 0.370043754577637 0.463269680738449 0.555759727954865 0.436340779066086 0.284995317459106 0.149758651852608 0.11957224458456 0.044756680727005 0.153830721974373 0.0402002856135368 0.132917568087578 0.0677711144089699 0.181872725486755 0.231608003377914 0.145853832364082 0.119751460850239 0.106071896851063 0.214323490858078 0.150062263011932 0.176307141780853 0.0496033355593681 -0.0163581557571888 0.0147748785093427 0.0691758841276169 0.124503806233406 0.131383970379829 0.34075403213501 0.334825664758682 0.288830727338791 0.312463343143463 0.213674113154411 0.22374914586544 0.219647124409676 0.138722524046898 0.0776580721139908 0.0396152511239052 0.0987103506922722
0.120481841266155 -0.0282304491847754 0.0200549066066742 -0.00588084291666746 -0.0996881201863289 0.169663801789284 0.281043142080307 0.307905852794647 0.333923727273941 0.429872840642929 0.410835057497025 0.289870858192444 0.410465985536575 0.0490703321993351 0.100315652787685 0.0351845547556877 0.00488434685394168 -0.0828904286026955 0.0529116801917553 0.0606903322041035 0.134210959076881 0.0588851794600487 0.0411968305706978 0.0887397676706314 0.129198759794235 0.0146604590117931 0.0586238838732243 0.0428629070520401 0.115560658276081 0.0190150383859873 0.0244141984730959 0.0809555500745773 0.0909409150481224 0.209804370999336 0.185854777693748 0.23026730120182 0.235271036624908 0.215862616896629 0.127860903739929 0.141543820500374 0.190619990229607 0.139582812786102 0.0621625743806362 0.0725516378879547
-0.114535078406334 -0.0303314607590437 -0.033991239964962 -0.142453879117966 0.0355798192322254 0.147200122475624 0.209655225276947 0.274186223745346 0.249585673213005 0.162010625004768 0.516015410423279 0.486570805311203 0.384284973144531 0.232409179210663 0.0743862837553024 0.0177024099975824 0.0624141432344913 0.0354950614273548 0.11944168061018 0.175867229700089 0.105815693736076 0.100344009697437 0.0302454400807619 0.0581252239644527 0.11027717590332 0.0658453106880188 0.040763895958662 -0.120547689497471 0.00295772985555232 -0.028727212920785 0.0813091322779655 0.182926803827286 0.149068117141724 0.0155430724844337 0.146760419011116 0.0972156077623367 0.18937911093235 0.107384249567986 0.211562037467957 0.116629473865032 0.200123772025108 0.0607060566544533 0.0426485016942024 0.112504929304123
0.0903478562831879 0.0863737463951111 -0.0575179569423199 0.0469117909669876 0.167590543627739 0.0940049067139626 0.149028316140175 0.270130336284637 0.310304254293442 0.168320342898369 0.300374656915665 0.351166218519211 0.3966905772686 0.240348264575005 0.0897290930151939 0.0786958187818527 0.108991995453835 0.0455847345292568 0.0276969689875841 0.0602950192987919 0.0699460580945015 0.0965166762471199 0.197242975234985 0.20849646627903 0.0404301173985004 0.147051334381104 0.080114021897316 -0.0334717854857445 0.0521345846354961 -0.00254446966573596 0.134472325444221 0.151869133114815 0.0872064977884293 -0.0391847789287567 0.0808885917067528 0.143938794732094 0.100919954478741 0.162147626280785 0.177852734923363 0.211839139461517 0.140911757946014 0.0363062396645546 0.0513938367366791 0.043244905769825
-0.247052013874054 0.137523025274277 0.217890158295631 0.0397766381502151 0.1512461155653 0.185746252536774 0.143837228417397 0.0574728175997734 0.205771014094353 0.242367267608643 0.179740026593208 0.255838543176651 0.312378346920013 0.207735195755959 0.117045119404793 0.090840108692646 0.0353077165782452 0.0217280127108097 0.0834313631057739 0.0731364265084267 0.184390753507614 -0.0812151879072189 0.135495200753212 0.106194660067558 0.140682458877563 0.19472299516201 0.0149528849869967 -0.0390061773359776 0.0208508055657148 0.0802869349718094 0.0722839385271072 0.0258357804268599 0.0984203964471817 0.0444562695920467 0.100993722677231 0.0179214607924223 0.00056093733292073 -0.00643540685996413 0.145296305418015 -0.0591202415525913 0.157525181770325 0.0677178949117661 0.155770823359489 -0.0195775926113129
0.017520297318697 -0.0293226167559624 0.0531335882842541 0.0829464271664619 0.0553969480097294 0.100390180945396 0.020198866724968 0.241610571742058 0.170714437961578 0.202234342694283 0.252607107162476 0.225342959165573 0.205209791660309 0.0935525149106979 0.101998634636402 0.0997375547885895 0.0895691886544228 0.0859730988740921 0.0130966883152723 0.0972522124648094 0.133822306990623 0.066608764231205 0.101467505097389 0.134026661515236 0.17226354777813 0.210659921169281 0.110309965908527 0.0636418163776398 0.0587759166955948 0.0792931020259857 0.0607648976147175 0.041251178830862 0.178407415747643 0.0873530954122543 0.0644690543413162 -0.0934506580233574 0.0784089639782906 0.136355921626091 0.0255351029336452 -0.00179556314833462 0.105351157486439 0.0927615240216255 -0.0666260570287704 0.0749808624386787
-0.0173083394765854 0.0576154515147209 0.0969608947634697 0.197753056883812 -0.0504407249391079 -999 0.0725395083427429 0.163707450032234 -0.0712927281856537 0.0670890510082245 0.177356705069542 0.134019508957863 0.338290929794312 0.264072477817535 0.276332288980484 0.177164286375046 0.135982617735863 0.0631363093852997 -0.0166631322354078 0.0308724641799927 0.10619593411684 0.108926266431808 0.0970383435487747 0.0753458812832832 0.0215817373245955 0.142800822854042 0.18962188065052 0.17169426381588 0.139042884111404 0.128918081521988 0.225556179881096 0.165690541267395 0.121179960668087 -0.0817637667059898 0.0387013368308544 0.0852985382080078 0.0425890013575554 0.0616676472127438 0.130744263529778 0.0485292710363865 0.0779953449964523 0.150357753038406 0.0986592993140221 0.163239419460297
0.0415087454020977 0.0362534001469612 0.132872179150581 -999 0.253545224666595 0.162712693214417 -0.0117296651005745 0.00171798595692962 0.0736550316214561 0.164515718817711 -0.14632348716259 0.0762198194861412 0.0303808096796274 0.121899619698524 0.239588901400566 0.118024058640003 0.174215868115425 0.111343331634998 0.0749488770961761 0.0590307153761387 0.0665451660752296 0.0756474882364273 0.108038701117039 0.0902143716812134 0.0404131412506104 0.103096805512905 0.0966379567980766 0.0261684469878674 0.136127442121506 0.248623505234718 0.131803244352341 0.080566018819809 0.134887203574181 0.099245198071003 0.0177421942353249 0.0232174675911665 0.187508165836334 6.38284473097883e-05 0.00129130482673645 0.113612711429596 0.122658647596836 0.0137744322419167 0.0801519155502319 -0.0763321444392204
-0.0221301168203354 0.0832643657922745 0.0689736306667328 -0.0610840357840061 0.0336695201694965 0.211616680026054 0.0227423924952745 0.0547622665762901 0.127072468400002 0.128832846879959 -0.0317116603255272 -0.040716864168644 0.0390936210751534 -0.0824106857180595 -0.0233794208616018 0.115906022489071 0.248180687427521 0.13562698662281 0.0542614310979843 0.0830108746886253 0.209441110491753 -0.0111268302425742 0.180148079991341 -0.0539830774068832 0.0646990463137627 0.139800265431404 0.196919038891792 0.0905338451266289 0.0951119661331177 0.0746870338916779 0.0722498744726181 0.145419001579285 -0.0669608488678932 0.103798471391201 -0.0130233690142632 0.0310532785952091 0.0428531058132648 -0.00226731691509485 0.0999100506305695 0.172023579478264 0.0164427496492863 0.0990689769387245 0.122828878462315 0.0632667168974876
0.00166208005975932 0.155747294425964 0.456191748380661 0.166952043771744 -999 0.021092040464282 -0.0791172534227371 0.0149901239201427 -0.0870836228132248 -999 0.424329340457916 -0.0857449993491173 0.0174225196242332 0.0694373026490211 0.0200586542487144 0.0293023008853197 0.190783321857452 0.134840697050095 0.16692416369915 0.256174892187119 0.172712340950966 0.0877942591905594 0.0470765717327595 0.0434101074934006 0.113541826605797 0.14072673022747 0.100175604224205 0.0751045197248459 0.143292456865311 0.114581361413002 0.166593864560127 0.0969651788473129 0.0262765325605869 0.134533703327179 0.120368450880051 0.128499448299408 -0.00687029585242271 0.0355790890753269 0.158917590975761 0.204372674226761 0.00119154318235815 0.0498744249343872 0.11755283176899 0.100793153047562
-0.131252080202103 0.132104605436325 -999 -0.0689075291156769 0.144493848085403 0.0213726852089167 0.0217745956033468 -0.201981872320175 -0.0113676935434341 -999 0.0431837886571884 -0.104784272611141 -0.0555816441774368 0.154295787215233 0.0494554415345192 0.0308872777968645 0.304131507873535 0.103873454034328 0.0942018330097198 0.0920716747641563 0.090480737388134 0.0222305525094271 0.140433385968208 0.147434145212173 0.0427247583866119 0.175871148705482 0.0630320608615875 0.148318275809288 0.160454109311104 0.0829613134264946 0.134969845414162 0.024866072461009 0.0363044738769531 0.0181968957185745 -0.0133713018149137 0.132545664906502 0.087477870285511 0.171301379799843 0.0782879292964935 0.0979119911789894 0.124746717512608 0.0632038339972496 0.15238818526268 -0.00246158568188548
