assets/gome_f/processed/ascii/us/gome_sif_US_20111101.asc
NCOLS 116 
NROWS 53 
XLLCORNER -125 
YLLCORNER 24.5 
CELLSIZE 0.5 
NODATA_value -3.4e+38 
[rows 19 to 37 of 53, columns 0 to 42 of 116]
0.0508302859961987 0.00750655680894852 0.0923349782824516 0.0982078686356544 0.11524410545826 0.185384780168533 0.105769641697407 -0.0516024976968765 0.0806085541844368 -0.0562378764152527 0.0458075366914272 0.0335990376770496 -0.0817141234874725 -0.00756911747157574 -0.0658556967973709 -0.0146112311631441 -0.0404556468129158 -0.0346241481602192 0.0268021635711193 -0.00164799951016903 -0.0350035019218922 -0.127382025122643 0.0818608105182648 0.0915466621518135 0.0812115669250488 -0.0467269532382488 -0.0469206795096397 -0.127091988921165 0.0344074629247189 0.186370581388474 -0.0434081666171551 -0.0333808846771717 0.0295623615384102 0.050904743373394 0.0647449344396591 0.0412936396896839 0.180260092020035 0.0662230104207993 -0.067854680120945 -0.0201893337070942 0.024528743699193 -0.0143487630411983 -0.0210088212043047
0.00310733471997082 0.0350106731057167 0.164889842271805 0.104057930409908 0.154768094420433 0.106045201420784 0.184915840625763 0.063174195587635 0.100422382354736 0.0136339515447617 0.0282195750623941 0.0641193613409996 0.0155395399779081 -0.0123363304883242 -0.0976370424032211 -0.10285996645689 -0.0140274222940207 0.0439789220690727 0.00948877260088921 0.0233902614563704 -0.0143656078726053 -0.0270917024463415 0.00270146760158241 -0.0339229516685009 0.0554642975330353 0.0791821256279945 0.0967860221862793 -0.0210490487515926 -0.0147928465157747 0.0999004617333412 0.0532006435096264 0.055489145219326 -0.00407924503087997 0.0202112421393394 -0.0983937904238701 0.0707038789987564 -0.0999000519514084 -0.0144467493519187 0.0154839074239135 0.00547648966312408 -0.00267352350056171 -0.00887746084481478 0.00690892618149519
0.0219581890851259 0.0384013652801514 0.226839035749435 0.137874081730843 0.0431224443018436 0.12660239636898 -0.00779440812766552 0.182837650179863 0.116744659841061 -0.0473479069769382 -0.0274227149784565 -0.0786953866481781 -0.0274378694593906 -0.0555405020713806 0.042733658105135 0.0305154491215944 -0.00526203727349639 0.0754371210932732 0.0300274714827538 0.0379510894417763 -0.0230781342834234 -0.137179657816887 0.0794261917471886 -0.0390732362866402 -0.017343120649457 0.0500100180506706 -0.0132312057539821 -0.00862186588346958 -0.0174384005367756 0.0771815031766891 0.0358037315309048 -0.012736052274704 0.0362196303904057 0.0511916130781174 0.00849416572600603 -0.00989301409572363 -0.0964679941534996 -0.037224680185318 0.00956194661557674 0.0271366741508245 0.0778398886322975 0.0483697168529034 0.0350212119519711
0.0373207442462444 0.0292984955012798 0.0954185947775841 0.112366713583469 0.118492916226387 -0.00127904920373112 0.165151253342628 0.0965488851070404 0.0940523892641068 0.0378829166293144 0.101895675063133 -0.041762962937355 -0.0151770375669003 -0.0182780139148235 0.0151637904345989 -0.0187195371836424 0.0294253621250391 -0.0313590727746487 -0.0286454074084759 0.0685279741883278 0.0622391477227211 -0.11620955914259 0.102549038827419 -0.0386385954916477 -0.0214550774544477 0.114120349287987 0.0112515278160572 0.0915838405489922 0.0300390161573887 0.0521637573838234 -0.0336952470242977 -0.0617564618587494 -0.0505485311150551 0.0385672673583031 -0.0485928803682327 0.0511988401412964 0.0465559512376785 -0.0146761778742075 -0.00175842572934926 0.102230332791805 0.0132166966795921 -0.010336515493691 -0.04960036277771
-0.0287061892449856 -0.0519056506454945 0.0496419444680214 0.0763651207089424 0.117025271058083 0.0483843199908733 0.102048881351948 0.0938933193683624 0.0825409069657326 0.00461619114503264 0.046374723315239 -0.0155224828049541 -0.0109945740550756 -0.0181982908397913 0.0551998987793922 -0.0168990343809128 0.0189476273953915 0.040813609957695 -0.0333714596927166 -0.016351031139493 -0.13505245745182 -0.028652373701334 0.0229911226779222 0.0198726020753384 0.0256458427757025 0.0424606613814831 0.029614482074976 -0.0178405195474625 0.0640423372387886 -0.0619196742773056 0.0386046022176743 0.009433314204216 0.0121320793405175 0.0356570556759834 -0.00989452283829451 0.0622451268136501 0.0121158417314291 0.00358241493813694 0.10178492218256 0.0517520867288113 0.0591120570898056 -0.0137303294613957 0.114124774932861
0.00451436918228865 0.041650515049696 0.0343744680285454 0.0927262231707573 0.09602340310812 0.155110701918602 0.112260892987251 0.0891019850969315 0.187576338648796 0.0962023735046387 0.111706718802452 0.0428377203643322 -0.0705477073788643 -0.0577813014388084 0.0190465021878481 -0.0287748947739601 -0.0185829047113657 -0.0623511336743832 0.0515883639454842 0.0419631376862526 0.113560326397419 -0.00582037959247828 0.0594735033810139 0.129141718149185 0.0361754447221756 0.039785735309124 0.0526783987879753 0.00862482003867626 -0.0630392804741859 0.0504752807319164 0.0395370535552502 0.0517186149954796 -0.0183344446122646 0.0352028980851173 -0.011458458378911 0.0303894486278296 -0.104100614786148 0.0414627268910408 0.0545305050909519 0.0530887432396412 -0.00857059378176928 0.0248559527099133 -0.0410133525729179
-0.0625556632876396 0.00596856139600277 -0.0131791699677706 -0.024335915222764 0.062773123383522 0.165662378072739 0.04039216786623 0.0771760791540146 0.133018001914024 0.155953973531723 0.0205795355141163 0.0590879134833813 -0.0443029291927814 -0.0317813493311405 -0.0240945871919394 0.108206361532211 0.0314449146389961 -0.00215035211294889 -0.0473181419074535 -0.0209982227534056 0.101184323430061 -5.14537077833666e-06 0.00826446432620287 -0.0233231130987406 0.00656101014465094 0.0490352734923363 0.0704328268766403 -0.00576224690303206 -0.0251283701509237 -0.0209789983928204 -0.0697512552142143 -0.0650467351078987 -0.042564619332552 0.0496149584650993 -0.0208974555134773 0.0625021979212761 0.0944426134228706 0.0319006815552711 0.0317414440214634 0.0757488533854485 -0.00945930369198322 -0.0537986569106579 0.0395847745239735
0.0347102768719196 -0.0784438475966454 -0.0449921824038029 0.0423101857304573 0.0377775952219963 -0.0421680100262165 0.042865339666605 0.0918234810233116 0.0720513239502907 0.112513326108456 0.0511277541518211 -0.0153539562597871 -0.000903387553989887 0.0309090800583363 0.0684109553694725 -0.0387764014303684 -0.0271263234317303 0.0381864085793495 0.0482048727571964 0.0128539092838764 -0.00177609850652516 0.0878808125853539 0.0304565113037825 0.0325429290533066 -0.00684055732563138 0.0201548021286726 0.0433825477957726 0.0726791024208069 0.00719529902562499 0.0646064206957817 0.0420707054436207 -0.0476931966841221 -0.0791331455111504 -0.00764829805120826 -0.0187430512160063 0.00488823093473911 0.0322453416883945 0.089865155518055 -0.0015495476545766 0.0501476228237152 0.0698399469256401 -0.0221100263297558 0.054007064551115
0.00448582554236054 0.0134428087621927 0.00338854594156146 -0.0314825586974621 0.00939961522817612 0.0333599224686623 0.10328134149313 0.0163561683148146 0.103723682463169 0.103960238397121 0.0800448730587959 0.103833772242069 0.042760219424963 -0.00844164006412029 -0.00266964850015938 -0.00518161337822676 0.0190637595951557 -0.0207237713038921 -0.00466191023588181 0.064263254404068 -0.0539172068238258 0.0640799403190613 0.0460371114313602 0.0355835892260075 0.0211089476943016 0.00503236707299948 -0.0174931176006794 -0.00120234163478017 0.0262364149093628 0.0284773930907249 0.0466367639601231 0.0760442242026329 0.0662444159388542 0.00270980130881071 0.0535714812576771 -0.0224655605852604 0.0290204342454672 0.0784245058894157 0.00485026370733976 0.036607638001442 0.0864176228642464 0.0283733531832695 0.0176292136311531
-0.0203002598136663 0.0247813742607832 0.0165325496345758 0.0106783574447036 0.0782931223511696 0.0621380023658276 0.110139332711697 0.086339607834816 0.0346352644264698 0.0980501398444176 0.152063563466072 0.0735530480742455 0.0503679625689983 0.0398284867405891 0.0685960501432419 0.0119929006323218 0.075309656560421 0.0314958058297634 -0.0752307623624802 0.0200816504657269 0.0845880210399628 0.0255931708961725 0.0916266888380051 0.00423514237627387 -0.0292827486991882 0.0250203143805265 0.0437750183045864 0.0529326349496841 0.00430076755583286 -0.0312310606241226 -0.0262059308588505 0.0484243929386139 0.0368806198239326 0.00999664235860109 0.111088745296001 0.11022287607193 0.0325087755918503 -0.115495979785919 -0.0767503455281258 0.0300646312534809 0.0529293641448021 -0.0133112845942378 0.0955535471439362
-0.0192754901945591 -0.0661907121539116 0.0520885325968266 -0.00700857676565647 -0.0378327630460262 0.0339274853467941 -0.10094129294157 -0.0290064513683319 0.0253363065421581 0.0450721122324467 -0.0272659007459879 0.0619195625185966 0.142288699746132 0.0787916481494904 -0.00334747694432735 -0.0190449748188257 0.0325737297534943 0.0312227103859186 -0.119302429258823 0.0645781382918358 -0.0159632358700037 0.0429094135761261 0.0687285512685776 0.0636347606778145 0.0993350669741631 0.0879506766796112 -0.0275327246636152 -0.0150482747703791 -0.0343763343989849 0.0273031424731016 -0.0221435055136681 -0.00938420183956623 0.0676665753126144 0.0450345724821091 0.0915813744068146 -0.0541222169995308 0.0577718131244183 -0.0151622351258993 0.00311315525323153 0.0837402418255806 -0.0457162298262119 0.0310787837952375 0.0184646304696798
-0.0324811302125454 0.0709104835987091 -0.0233161170035601 -0.0302051901817322 0.0645260736346245 0.0117137804627419 0.0348164848983288 0.0376572422683239 -0.0182255506515503 0.0910666957497597 0.111614793539047 0.194467827677727 0.158557906746864 0.0842464715242386 0.0567152053117752 0.0441611334681511 0.025040490552783 0.0355672761797905 -0.00210002926178277 0.0154289146885276 0.046284556388855 0.0644948035478592 0.0667593479156494 0.0667785704135895 0.0636772811412811 0.0437963679432869 0.0654497146606445 -0.026562986895442 0.0805496349930763 0.0412194728851318 -0.0291012097150087 0.0324822217226028 -0.00893211178481579 -0.0454473122954369 -0.0115932803601027 0.0989885330200195 0.0131834698840976 0.0414036028087139 0.0915898159146309 0.00226041045971215 0.0497574098408222 -0.0216210596263409 0.030858937650919
-0.00836698058992624 0.0279262270778418 0.0735935196280479 0.00486860983073711 -0.0256663095206022 0.0285846162587404 0.0383133888244629 0.0168576128780842 0.0613593459129333 0.020684652030468 0.0372663140296936 0.0660909339785576 0.140765383839607 0.0819208845496178 -0.031066682189703 0.0104940207675099 0.0482808314263821 -0.000923473387956619 -0.0466916449368 0.0128495013341308 -0.0391553826630116 0.0558071173727512 0.0790129229426384 0.0749103426933289 0.028168972581625 0.0653489753603935 0.0401358157396317 0.0147701157256961 0.00187481439206749 0.0771209746599197 -0.0134860025718808 0.0551253743469715 0.0891579985618591 0.0896427035331726 0.0103008197620511 -0.00464333919808269 0.0328585281968117 0.194381579756737 -0.00208464404568076 0.0378172174096107 0.0640045180916786 -0.0157869830727577 0.0454616136848927
-0.0402382798492908 -0.0456568226218224 -0.0536047145724297 -0.0409212671220303 -0.032855287194252 -0.0273077953606844 0.00337368412874639 0.0126704974099994 0.000385360792279243 0.0859642922878265 0.0284497383981943 0.138124883174896 0.0331333614885807 -0.000815544510260224 -0.0145744094625115 0.0236929934471846 0.0317849181592464 -0.0218868646770716 0.0396399982273579 0.0287688430398703 0.0670526996254921 0.151896953582764 0.0488031320273876 0.0451753996312618 0.0564997792243958 0.0497240349650383 0.0358974114060402 0.0704619809985161 0.0188821144402027 0.0104601383209229 0.00576557172462344 -0.00390197336673737 -0.047789853066206 0.0471434220671654 -0.0625242814421654 0.0333532877266407 0.0629854574799538 -0.00843158457428217 0.031792838126421 0.022284971550107 0.0134176537394524 0.0165124665945768 0.0778018981218338
-0.0518688634037971 -0.0237394124269485 -0.0217489544302225 0.0329865403473377 -0.0109741790220141 0.0526061877608299 -0.0362776592373848 0.0229991152882576 0.00471316464245319 -0.00200513214804232 0.0129419853910804 0.0501335896551609 0.0336752943694592 0.0984260141849518 0.0966285616159439 0.0870043262839317 -0.0146686919033527 0.0144712645560503 -0.0124020148068666 0.100926138460636 0.0315306074917316 0.00833423063158989 0.0813608095049858 0.0282198581844568 -0.0344721674919128 0.104372672736645 -0.0265989322215319 0.0903277099132538 0.0817104876041412 0.116877198219299 0.0149940680712461 0.0228902492672205 0.00636226357892156 -0.010190412402153 0.0282777976244688 0.0170545987784863 0.000894474214874208 0.0455700233578682 0.0636684000492096 -0.0821886211633682 0.0457588247954845 -0.0263963975012302 0.00944033917039633
-0.026437982916832 -0.0194262135773897 0.0485646575689316 -0.0148427076637745 0.0150729417800903 0.00672194175422192 0.0603396892547607 0.0124791264533997 0.087031327188015 -0.0398455336689949 0.0527196675539017 0.0463827475905418 0.0250472333282232 0.0179633554071188 0.11220495402813 0.220921888947487 0.0840300172567368 0.0101071884855628 0.0227810349315405 -0.0345413908362389 0.0461402349174023 0.0694932639598846 0.104237422347069 0.011570724658668 0.00431225029751658 0.0797853395342827 0.0350613072514534 0.0641338005661964 0.0587358139455318 0.0799548700451851 0.0980860888957977 -0.00542894611135125 0.0383311994373798 -0.00133190606720746 0.10225161164999 0.00849588122218847 0.00025002215988934 0.0325770825147629 0.0990686640143394 0.0698371380567551 0.12958712875843 0.0157336052507162 0.0343804284930229
0.0548159293830395 -0.0444778762757778 -0.0549057871103287 0.0136483935639262 -0.0857607126235962 -0.0209660306572914 -0.0216682516038418 0.0193959977477789 0.063572496175766 0.0287133939564228 -0.0152319800108671 -0.0116315651684999 0.0191109105944633 0.061971627175808 -0.0288033857941628 0.139915823936462 0.150249242782593 0.0170339792966843 0.0274330154061317 0.106084920465946 0.149947598576546 -4.44203615188599e-05 0.114132955670357 0.0363036282360554 0.0763619840145111 0.0652306750416756 0.111822366714478 -0.00137330836150795 0.044008057564497 0.034233134239912 0.00891297683119774 0.0259624868631363 0.0925828441977501 0.126408129930496 0.0460957549512386 -0.0370239019393921 0.00278905360028148 0.0563857071101665 0.0479839406907558 0.00113231933210045 0.0895281285047531 0.0713147521018982 0.0426406711339951
-0.0255461279302835 0.123787991702557 -0.053134985268116 0.00615000911056995 0.0426011830568314 0.000476507091661915 0.152726098895073 -0.0083078145980835 0.0455334447324276 -0.0922916531562805 0.0174443852156401 0.0228079408407211 0.0403052382171154 -0.118871927261353 -0.0702021792531013 0.0683702379465103 -0.051800724118948 0.0148680806159973 0.0848779529333115 0.0541319027543068 0.0471433587372303 0.074050098657608 0.0527147315442562 0.0609156005084515 0.0473197475075722 -0.0722910389304161 0.0602646023035049 0.0706635862588882 0.107109889388084 -0.0210948456078768 0.00181247026193887 0.0549392029643059 0.0678255632519722 0.00494492240250111 -0.0323813706636429 0.0128034753724933 -0.0203462075442076 0.005842802580446 0.115782588720322 0.121628917753696 0.0248377304524183 -0.0625572353601456 0.0619177147746086
0.102812871336937 0.0438072942197323 -0.00665632029995322 -0.0367380864918232 -0.0303052216768265 -0.108301892876625 0.0321557857096195 0.0356759130954742 -0.0730451717972755 0.0797849372029305 0.0222484394907951 0.0247277468442917 0.0658323913812637 0.00320129678584635 -0.0177641417831182 -0.0659671500325203 -0.102165281772614 0.0475207641720772 -0.053993433713913 0.029943348839879 -0.0358333475887775 0.0318923890590668 0.041226465255022 -0.0647635534405708 0.0229619350284338 0.00412987265735865 0.0467907525599003 0.079499289393425 -0.00676057487726212 0.0906882211565971 0.106436975300312 0.0469907149672508 0.0854444950819016 0.0731378272175789 0.0460229553282261 -0.0141488779336214 0.0602480582892895 0.101729579269886 0.0393468402326107 -0.0521070398390293 0.0841756612062454 0.10020973533392 -0.0348817743360996
