assets/gome_f/processed/ascii/us/gome_sif_US_20130801.asc
NCOLS 116 
NROWS 53 
XLLCORNER -125 
YLLCORNER 24.5 
CELLSIZE 0.5 
NODATA_value -3.4e+38 
[rows 19 to 37 of 53, columns 44 to 87 of 116]
0.223917916417122 0.290455877780914 0.270742684602737 0.349457412958145 0.364373743534088 0.439962893724442 0.663609683513641 0.678450584411621 0.67291247844696 0.721418976783752 0.83674281835556 0.752313911914825 0.814339995384216 0.700431406497955 0.706358015537262 0.880584239959717 0.608550727367401 0.580139458179474 0.67496645450592 0.619656622409821 0.687153577804565 0.82071852684021 0.919747173786163 0.99680757522583 0.825059771537781 1.01782774925232 0.925365447998047 1.01454854011536 0.848391771316528 0.822597503662109 0.835676074028015 0.733198344707489 0.918968558311462 0.879262149333954 0.647964179515839 0.770113587379456 0.734774470329285 0.828808546066284 0.815329372882843 0.811728835105896 0.659325003623962 0.635536193847656 0.549815118312836 0.54482513666153
0.204839617013931 0.255638480186462 0.464799255132675 0.461148768663406 0.274816006422043 0.382287710905075 0.564459204673767 0.81651908159256 0.782447099685669 0.746860980987549 0.845655262470245 0.908692061901093 0.769709587097168 0.800070941448212 0.993411719799042 0.788253366947174 0.501057744026184 0.683920919895172 0.666865468025208 0.653943598270416 0.708952009677887 0.701824843883514 0.826742053031921 0.757253885269165 1.04957270622253 0.970172703266144 0.777463555335999 0.983384966850281 1.05257594585419 1.0768039226532 0.96003246307373 0.997759640216827 0.91529506444931 0.872128069400787 0.837729692459106 0.992680430412292 0.882968902587891 0.840240061283112 0.794705152511597 0.80913895368576 0.795705616474152 0.704419553279877 0.61130303144455 0.657610654830933
0.362242519855499 0.265330702066422 0.318237960338593 0.403477072715759 0.434732407331467 0.429990291595459 0.329385280609131 0.471034497022629 0.600640654563904 0.656291246414185 0.839633047580719 0.840229272842407 0.875553786754608 0.793226838111877 0.876911520957947 0.844561517238617 0.67632383108139 0.556068599224091 0.549829125404358 0.571294546127319 0.619244635105133 0.736306369304657 0.690014660358429 0.755840599536896 1.08574545383453 0.916187047958374 1.0102858543396 1.00470197200775 0.96882039308548 1.12654531002045 1.11028587818146 0.928334951400757 1.05940461158752 0.910631239414215 0.909957230091095 0.778283774852753 0.948424875736237 0.830483913421631 0.772569715976715 0.80974155664444 0.662208676338196 0.748059332370758 0.665650069713593 0.645326256752014
0.206287115812302 0.400329887866974 0.306236565113068 0.240554451942444 0.319324463605881 0.160771012306213 0.338914722204208 0.458432227373123 0.41727688908577 0.516967356204987 0.76478385925293 0.5598965883255 0.690312802791595 0.780312716960907 0.693253338336945 0.862314164638519 0.726091206073761 0.548891544342041 0.809537291526794 0.691055119037628 0.612758278846741 0.735180079936981 0.878206491470337 0.75649881362915 0.864002645015717 0.925503373146057 0.917492687702179 1.04635155200958 1.017538189888 1.10530400276184 1.07186722755432 0.91035670042038 0.994914293289185 0.719770133495331 0.744790434837341 0.957230865955353 0.847034871578217 0.678078055381775 0.855025768280029 0.907294392585754 0.782065570354462 0.593385815620422 0.60628467798233 0.797600269317627
0.238944709300995 0.276450246572495 0.117709554731846 0.364600718021393 0.443458557128906 0.253271728754044 0.181288063526154 0.527525007724762 0.497634410858154 0.458212107419968 0.563714742660522 0.601983070373535 0.426604032516479 0.591619670391083 0.640617370605469 0.631951212882996 0.541644334793091 0.618648529052734 0.906849801540375 0.83176064491272 0.757146418094635 0.845634639263153 0.892136454582214 0.887159764766693 0.845755159854889 1.0058935880661 0.974564254283905 0.902939975261688 0.955894231796265 1.01848614215851 0.988319158554077 0.749011635780334 0.725881040096283 0.646066546440125 0.854306280612946 0.82525634765625 0.677870273590088 0.546581029891968 0.877272665500641 0.72668445110321 0.710589110851288 0.66037529706955 0.559198498725891 0.626401543617249
0.192103952169418 0.189353972673416 0.46617203950882 0.29105669260025 0.275761634111404 0.374860644340515 0.464163690805435 0.404802232980728 0.358876377344131 0.597764372825623 0.655114948749542 0.521207332611084 0.602090895175934 0.540852606296539 0.660432457923889 0.567787528038025 0.649712264537811 0.743393838405609 0.804091572761536 0.890529870986938 0.904119849205017 0.790552973747253 0.897920727729797 0.723605692386627 0.716900527477264 0.672138094902039 0.869024276733398 0.825705885887146 0.997372329235077 0.900414407253265 0.804064154624939 0.904789924621582 0.730370819568634 0.642211019992828 0.674883246421814 0.558999061584473 0.624285042285919 0.64817202091217 0.695758163928986 0.689913392066956 0.454728543758392 0.620507597923279 0.675098538398743 0.629656612873077
0.165164217352867 0.280246585607529 0.26612663269043 0.315478175878525 0.378340035676956 0.432465493679047 0.339377850294113 0.520040452480316 0.464663416147232 0.401022791862488 0.493008345365524 0.540806770324707 0.507470667362213 0.362703204154968 0.568455874919891 0.712325394153595 0.58128023147583 0.681655466556549 0.74642413854599 0.686746001243591 0.644611060619354 0.793962001800537 0.659554660320282 0.698784947395325 0.721705973148346 0.623666822910309 0.729853332042694 0.970611393451691 0.797156035900116 0.766378939151764 1.04761207103729 0.741151213645935 0.711246430873871 0.648290157318115 0.546013593673706 0.746333420276642 0.60461300611496 0.728445053100586 0.7525554895401 0.667042255401611 0.647420644760132 0.6186603307724 0.409029483795166 0.727728426456451
0.147389382123947 0.262145400047302 0.352489054203033 0.362162560224533 0.463596940040588 0.486068934202194 0.435529619455338 0.469356119632721 0.503599047660828 0.432301610708237 0.503534436225891 0.508459687232971 0.470650911331177 0.62573105096817 0.462274014949799 0.629299521446228 0.694247424602509 0.758096754550934 0.721727252006531 0.701587438583374 0.892786979675293 0.617733299732208 0.760508239269257 0.683759987354279 0.727401554584503 0.686284363269806 0.611116707324982 0.892625629901886 0.732956886291504 0.852604806423187 0.833296656608582 0.849635124206543 0.869596779346466 0.742199420928955 0.700658559799194 0.628646075725555 0.855566501617432 0.598125994205475 0.623433828353882 0.584080815315247 0.720517098903656 0.681427955627441 0.597527921199799 0.668281257152557
0.292190998792648 0.296758890151978 0.356077134609222 0.533825159072876 0.446252673864365 0.295263558626175 0.420205652713776 0.382457703351974 0.440903544425964 0.436451464891434 0.390760540962219 0.360602378845215 0.505909502506256 0.415099829435349 0.63215708732605 0.636599242687225 0.77884715795517 0.751953721046448 0.829544901847839 0.765069961547852 0.717826724052429 0.670826494693756 0.622302234172821 0.725997447967529 0.694746196269989 0.600416123867035 0.655746877193451 0.903426349163055 0.775607824325562 0.711170256137848 0.777936398983002 0.840951919555664 0.712563693523407 0.847573220729828 0.794358968734741 0.722084522247314 0.654519379138947 0.678192615509033 0.638227820396423 0.47699636220932 0.602735161781311 0.672201991081238 0.750996828079224 0.5953409075737
0.21848700940609 0.272126376628876 0.327344119548798 0.398332595825195 0.276543468236923 0.278369784355164 0.396338135004044 0.427039384841919 0.383219659328461 0.264247983694077 0.456966668367386 0.47512486577034 0.538624227046967 0.564382612705231 0.618890821933746 0.6178377866745 0.627790927886963 0.782394230365753 0.844310104846954 0.623765826225281 0.575693726539612 0.612059056758881 0.682970523834229 0.666515290737152 0.736858189105988 0.779444754123688 0.868516445159912 0.833599328994751 0.797263503074646 0.646511733531952 0.751605808734894 0.740119934082031 0.755530714988708 0.667551100254059 0.69476842880249 0.550940454006195 0.741819977760315 0.610684990882874 0.512027978897095 0.505342781543732 0.444356083869934 0.599825263023376 0.780588448047638 0.703297734260559
0.337955474853516 0.374686002731323 0.422428458929062 0.291624486446381 0.320921629667282 0.224383279681206 0.367871761322021 0.299365848302841 0.391656249761581 0.397970259189606 0.349142581224442 0.531316101551056 0.465909481048584 0.552355170249939 0.657560467720032 0.658764541149139 0.650568306446075 0.76250559091568 0.682234942913055 0.62005078792572 0.729595363140106 0.67076587677002 0.535446643829346 0.665938854217529 0.81170517206192 0.77426278591156 0.908477246761322 0.904097199440002 0.86096179485321 0.770891964435577 0.631069302558899 0.868909239768982 0.641219139099121 0.808372735977173 0.626805424690247 0.841277599334717 0.663322389125824 0.604096472263336 0.512605130672455 0.588524580001831 0.711283147335052 0.630489647388458 0.644473195075989 0.654780685901642
0.260104864835739 0.319420218467712 0.188519015908241 0.297996282577515 0.288963198661804 0.258998215198517 0.256935894489288 0.284840524196625 0.248158320784569 0.477410078048706 0.518844664096832 0.460089147090912 0.511804521083832 0.522674858570099 0.556369543075562 0.661476790904999 0.559597432613373 0.613647758960724 0.749892234802246 0.617593884468079 0.689816951751709 0.664219617843628 0.622393906116486 0.788862407207489 0.819821059703827 0.701159954071045 0.860071122646332 0.891143143177032 0.748355567455292 0.842284262180328 0.767198860645294 0.690502166748047 0.694406270980835 0.643893539905548 0.624179184436798 0.657180666923523 0.56456995010376 0.494368225336075 0.6432164311409 0.578407049179077 0.627141773700714 0.568728566169739 0.547458648681641 0.711832463741302
0.19455923140049 0.244885221123695 0.299724131822586 0.425286650657654 0.446452081203461 0.360776543617249 0.312391191720963 0.35399055480957 0.238762944936752 0.488815933465958 0.52186119556427 0.424812287092209 0.595658659934998 0.553160905838013 0.548071682453156 0.419666111469269 0.706775307655334 0.577698826789856 0.662769973278046 0.689830899238586 0.515385687351227 0.521217107772827 0.605461657047272 0.843731224536896 0.797693431377411 0.836344659328461 0.651581585407257 0.59123969078064 0.721214413642883 0.715748906135559 0.652191042900085 0.779224634170532 0.698787569999695 0.708530604839325 0.672408521175385 0.539583146572113 0.527759313583374 0.570853412151337 0.691912353038788 0.667716920375824 0.789378881454468 0.548303246498108 0.63615083694458 0.663143515586853
0.347018420696259 0.347648769617081 0.272524476051331 0.177385523915291 0.251195758581161 0.407408028841019 0.192818880081177 0.190310150384903 0.404500365257263 0.48649463057518 0.389458328485489 0.464663207530975 0.450624108314514 0.453142166137695 0.441002190113068 0.490157335996628 0.512486040592194 0.512735366821289 0.625324606895447 0.577677130699158 0.420913606882095 0.599237322807312 0.82100522518158 0.810321867465973 0.797582626342773 0.642937064170837 0.598615229129791 0.605480492115021 0.698274314403534 0.613474667072296 0.682267189025879 0.64238566160202 0.872840762138367 0.637121438980103 0.5464968085289 0.587977468967438 0.547137022018433 0.581139028072357 0.642792284488678 0.518375217914581 0.776041090488434 0.614261746406555 0.645372211933136 0.559942841529846
0.43398454785347 0.60353547334671 0.439018547534943 0.32484570145607 0.184573471546173 0.22249311208725 0.296092480421066 0.211237445473671 0.197780132293701 0.382880300283432 0.284838050603867 0.358886033296585 0.461923152208328 0.282133936882019 0.50091564655304 0.444618999958038 0.488589853048325 0.549075782299042 0.505174279212952 0.531776607036591 0.417497485876083 0.603210806846619 0.695632755756378 0.722402691841125 0.535695135593414 0.655336260795593 0.591634809970856 0.54630047082901 0.710925698280334 0.722784161567688 0.594920098781586 0.605562150478363 0.708181798458099 0.586015820503235 0.621427953243256 0.58860170841217 0.627544462680817 0.610464513301849 0.544268429279327 0.554244577884674 0.558135092258453 0.472333639860153 0.649753451347351 0.448964387178421
0.344155699014664 0.495381683111191 0.409381359815598 0.472800821065903 0.288889139890671 0.178565099835396 0.243218094110489 0.148483067750931 0.118912599980831 0.223615005612373 0.196662992238998 0.372136145830154 0.208512887358665 0.291595846414566 0.433328926563263 0.463586568832397 0.50943398475647 0.453337669372559 0.617227733135223 0.680597364902496 0.534754574298859 0.616066992282867 0.583949387073517 0.426903367042542 0.579550445079803 0.600540935993195 0.681666314601898 0.508797526359558 0.634124457836151 0.596043825149536 0.553968727588654 0.554951667785645 0.562550961971283 0.527049779891968 0.68680214881897 0.722761213779449 0.525376796722412 0.444877952337265 0.428890824317932 0.548690021038055 0.585512161254883 0.425198376178741 0.515982627868652 0.40774393081665
0.283840477466583 0.335257947444916 0.33462581038475 0.36077880859375 0.340618073940277 0.268415719270706 0.178135767579079 0.236870512366295 0.319638848304749 0.264720886945724 0.294351875782013 0.243655309081078 0.243953719735146 0.227323263883591 0.271077901124954 0.370977759361267 0.529112935066223 0.541982173919678 0.622224748134613 0.56391829252243 0.508599519729614 0.558183908462524 0.576827704906464 0.508981823921204 0.730529010295868 0.626565515995026 0.625727295875549 0.463595241308212 0.666739642620087 0.611099720001221 0.408192455768585 0.573915958404541 0.455919593572617 0.566108226776123 0.549799025058746 0.619597375392914 0.637296438217163 0.536620378494263 0.661990344524384 0.49036055803299 0.517220973968506 0.470402926206589 0.498183280229568 0.445077151060104
0.324122220277786 0.295951873064041 0.209501445293427 0.261111319065094 0.244690507650375 0.243985339999199 0.242705792188644 0.249262794852257 0.198186084628105 0.287448108196259 0.377005577087402 0.163205161690712 0.341765940189362 0.245339781045914 0.327494531869888 0.441391974687576 0.394520699977875 0.632477581501007 0.58443295955658 0.715355575084686 0.596935033798218 0.586366653442383 0.551678240299225 0.517100512981415 0.576213121414185 0.527868747711182 0.58780038356781 0.574809193611145 0.475042104721069 0.654536724090576 0.571253061294556 0.641019463539124 0.508323311805725 0.594490945339203 0.51119989156723 0.560199081897736 0.520869016647339 0.524496495723724 0.47300460934639 0.508828997612 0.514845192432404 0.47087886929512 0.515388309955597 0.50727367401123
0.202973380684853 0.184348344802856 0.118392631411552 0.156848281621933 0.352442741394043 0.279606938362122 0.220637306571007 0.263143926858902 0.233989208936691 0.274134963750839 0.201496839523315 0.169231101870537 0.224920853972435 0.211251452565193 0.395306259393692 0.465149492025375 0.465306758880615 0.538701713085175 0.42261666059494 0.691631197929382 0.631531774997711 0.48560905456543 0.514349162578583 0.554377257823944 0.555226504802704 0.614141941070557 0.517874538898468 0.538307547569275 0.569449901580811 0.571118295192719 0.574281334877014 0.714342176914215 0.541492998600006 0.622743964195251 0.50120210647583 0.59166431427002 0.546591520309448 0.467310905456543 0.58676540851593 0.49794927239418 0.393847763538361 0.501022279262543 0.360287725925446 0.316424131393433
