assets/gome_f/processed/ascii/us/gome_sif_US_20131001.asc
NCOLS 116 
NROWS 53 
XLLCORNER -125 
YLLCORNER 24.5 
CELLSIZE 0.5 
NODATA_value -3.4e+38 
[rows 19 to 37 of 53, columns 43 to 85 of 116]
0.0504950322210789 0.0118728205561638 0.0683363005518913 -0.0146700367331505 0.171802297234535 0.159448400139809 0.103633210062981 0.194206550717354 0.171502351760864 0.253031373023987 0.106160096824169 0.111066050827503 0.134492695331573 0.117798089981079 0.0482531301677227 0.122695006430149 0.265203893184662 0.167287290096283 0.185429751873016 0.135014206171036 0.151156425476074 0.101164914667606 0.144475027918816 0.108804531395435 0.153251975774765 0.15488463640213 0.142501413822174 0.133881404995918 0.214447095990181 0.00803159177303314 0.121062606573105 0.0844592526555061 0.251660525798798 0.179712265729904 0.188092917203903 0.17099192738533 0.232692584395409 0.133455291390419 0.172258228063583 0.0900922492146492 0.0723365470767021 0.145233944058418 0.132164508104324
0.097467452287674 0.0431483238935471 -0.0199470948427916 0.117837302386761 0.308529943227768 0.0864202976226807 0.0862158313393593 0.167609676718712 0.183498680591583 0.228216290473938 0.14783488214016 0.120350696146488 0.0528968349099159 0.0927375555038452 0.134237512946129 0.0565166212618351 0.0822563394904137 0.150893151760101 0.182581976056099 0.234649658203125 0.237776696681976 0.286637306213379 0.214299321174622 0.152064830064774 0.168564349412918 0.0823806151747704 0.173204153776169 0.132966756820679 0.139761716127396 0.00866237934678793 0.0714995935559273 0.0190788395702839 0.0586076825857162 0.0974545702338219 0.0757363066077232 0.150320768356323 0.129522904753685 0.10126868635416 0.176385775208473 0.136649399995804 0.0973845943808556 0.195564597845078 0.285895824432373
0.0303887650370598 0.0822524800896645 0.0510021224617958 0.114978283643723 0.125214949250221 0.062704510986805 0.201402485370636 0.193174853920937 0.102212905883789 0.191327720880508 0.129100352525711 0.0977813601493835 0.21235091984272 0.112976431846619 0.158799454569817 0.057121466845274 0.11629369109869 0.307041883468628 0.229457274079323 0.170032873749733 0.213682308793068 0.293759882450104 0.244485422968864 0.238731190562248 0.105700120329857 0.132742896676064 0.217273488640785 0.202541097998619 0.101273380219936 0.0619584396481514 0.0311966743320227 0.199003919959068 0.193411305546761 0.0613211803138256 0.138642281293869 0.20045468211174 0.14301723241806 0.196460008621216 0.201693266630173 0.0555105544626713 0.137407004833221 0.255683481693268 0.219258293509483
0.0293458700180054 0.155903145670891 0.0961672216653824 0.0973710417747498 0.0880706682801247 0.0948475897312164 0.0955562964081764 0.246966928243637 0.166400104761124 0.138615369796753 0.0204781387001276 0.166217297315598 0.187949478626251 0.155952289700508 0.127062976360321 0.253242164850235 0.225770592689514 0.251146912574768 0.322671890258789 0.176700741052628 0.249480381608009 0.126785546541214 0.180127024650574 0.172293528914452 0.182876348495483 0.24306233227253 0.1600571423769 0.148209691047668 0.14510290324688 0.185648113489151 0.159089148044586 0.0657021775841713 0.196545049548149 0.202527105808258 0.216065183281898 0.10754469037056 0.193674996495247 0.224252313375473 0.239514350891113 0.230405107140541 0.226091533899307 0.191792815923691 0.253467530012131
0.138130873441696 0.138839349150658 0.089399941265583 0.126595243811607 0.0478887185454369 0.107894003391266 0.15094193816185 0.0868475586175919 0.158355593681335 0.116110138595104 0.113363027572632 0.108306370675564 0.15713731944561 0.235234618186951 0.154232159256935 0.209009513258934 0.268998563289642 0.250233381986618 0.326466739177704 0.171743363142014 0.167006582021713 0.234205782413483 0.344001710414886 0.0800282582640648 0.200546413660049 0.206032752990723 0.165348395705223 0.174600347876549 0.247172400355339 0.219361141324043 0.130453690886497 0.246687084436417 0.260779947042465 0.235223591327667 0.33707982301712 0.156092301011086 0.336218804121017 0.312962681055069 0.291325569152832 0.168390944600105 0.212863966822624 0.251563459634781 0.226992309093475
0.110660366714001 0.0968942642211914 0.0715759098529816 0.20931738615036 0.0490545816719532 0.119553849101067 0.162895455956459 0.155303850769997 0.161075711250305 0.0854904353618622 0.204082861542702 0.173524916172028 0.192207738757133 0.146203815937042 0.201447620987892 0.194941222667694 0.213337823748589 0.244178652763367 0.231597557663918 0.367094784975052 0.244049668312073 0.23893341422081 0.263612866401672 0.166348963975906 0.270347028970718 0.186402007937431 0.21232682466507 0.283429861068726 0.1701839864254 0.18835037946701 0.103484503924847 0.184527099132538 0.183447822928429 0.259057313203812 0.230714023113251 0.203738033771515 0.197854653000832 0.328863084316254 0.271582216024399 0.245269596576691 0.275096237659454 0.320308148860931 0.166317254304886
0.104456089437008 0.0939842537045479 0.103079482913017 0.114700339734554 0.198332890868187 0.12779526412487 0.0746100172400475 0.109927274286747 0.0961857214570045 0.145060181617737 0.100989192724228 0.0711803212761879 0.157388240098953 0.114649802446365 0.118339776992798 0.133047953248024 0.200282141566277 0.27032881975174 0.190171226859093 0.293755084276199 0.368513375520706 0.262740731239319 0.256383299827576 0.325259953737259 0.20562632381916 0.28502544760704 0.283002585172653 0.199576780200005 0.235122069716454 0.177159562706947 0.142268061637878 0.209627270698547 0.272071123123169 0.197418734431267 0.326025903224945 0.370759904384613 0.343628525733948 0.347504705190659 0.330306947231293 0.252284020185471 0.296945214271545 0.218720763921738 0.234681323170662
0.053471002727747 0.0219226069748402 0.0493792854249477 0.0601473413407803 0.128025144338608 0.11016359180212 0.146495178341866 0.172892093658447 0.170511916279793 0.126334369182587 0.154804438352585 0.0425207018852234 0.187566429376602 0.266772627830505 0.293004155158997 0.175183147192001 0.180131673812866 0.388009488582611 0.23554028570652 0.34417337179184 0.359029114246368 0.288398772478104 0.312201321125031 0.283689558506012 0.362764447927475 0.297489076852798 0.288934141397476 0.204942956566811 0.19986580312252 0.330083578824997 0.22953125834465 0.19842866063118 0.2410758882761 0.316490173339844 0.370077639818192 0.263323366641998 0.301258474588394 0.40286323428154 0.333475887775421 0.217304542660713 0.266192346811295 0.316029816865921 0.267086803913116
0.117216028273106 0.0985898748040199 0.0757218152284622 0.163213342428207 0.00162641354836524 0.143015787005424 0.136490911245346 0.154919892549515 0.110774010419846 0.150477230548859 0.0767072886228561 0.0659303441643715 0.16245986521244 0.171707093715668 0.256599485874176 0.193242311477661 0.252538472414017 0.371768593788147 0.310449510812759 0.396974086761475 0.355618715286255 0.214861869812012 0.411734908819199 0.338771879673004 0.305797785520554 0.271798074245453 0.230138510465622 0.257908523082733 0.197382107377052 0.205378979444504 0.287719160318375 0.297541916370392 0.276750832796097 0.376547634601593 0.364764630794525 0.334666579961777 0.367874979972839 0.28710213303566 0.295741736888885 0.262445241212845 0.288096785545349 0.261058896780014 0.413595587015152
-0.00287305354140699 0.0798167437314987 0.0983004346489906 0.08949164301157 0.097268708050251 0.127416461706161 0.0947844311594963 0.183310985565186 0.18443751335144 0.080505333840847 0.144716069102287 0.0991468727588654 0.134620830416679 0.193997621536255 0.293878465890884 0.31772369146347 0.314890921115875 0.308383136987686 0.322542756795883 0.355104744434357 0.141631111502647 0.264887392520905 0.259817212820053 0.31649911403656 0.271834969520569 0.32926332950592 0.277946889400482 0.304974585771561 0.156090840697289 0.30760070681572 0.324329614639282 0.265494763851166 0.313383549451828 0.290110200643539 0.355293452739716 0.252493768930435 0.420969843864441 0.340687394142151 0.446986824274063 0.244829267263412 0.248641476035118 0.302307099103928 0.349525094032288
0.126015797257423 0.135157272219658 0.112538419663906 0.194637343287468 0.14156910777092 0.119195513427258 0.201409235596657 0.130324885249138 0.121165558695793 0.16974376142025 0.273767173290253 0.163240104913712 0.108821950852871 0.252378821372986 0.214961543679237 0.212471485137939 0.257736772298813 0.217313095927238 0.378878951072693 0.368246346712112 0.297658920288086 0.335128307342529 0.322562992572784 0.300726741552353 0.279643803834915 0.279483705759048 0.25991427898407 0.28836590051651 0.275956392288208 0.344108879566193 0.239368259906769 0.258313447237015 0.324394315481186 0.326342672109604 0.217307522892952 0.283442735671997 0.286136478185654 0.286280304193497 0.292358309030533 0.275187790393829 0.32548713684082 0.293147146701813 0.295299887657166
0.131901636719704 0.0747660249471664 0.0510006062686443 0.133818581700325 0.000474938336992636 0.0693100169301033 0.0822603702545166 0.19592197239399 0.120909906923771 0.234657436609268 0.148040041327477 0.242217943072319 0.233716443181038 0.328313529491425 0.233820825815201 0.242379084229469 0.290363937616348 0.260785520076752 0.279128462076187 0.304491192102432 0.358368873596191 0.281584173440933 0.21495757997036 0.181480243802071 0.3157599568367 0.19065348803997 0.161371037364006 0.178261965513229 0.407355755567551 0.237110450863838 0.368587970733643 0.341427624225616 0.346622973680496 0.233059003949165 0.351500689983368 0.476802676916122 0.307994335889816 0.306177377700806 0.23210097849369 0.453126192092896 0.242934837937355 0.401264190673828 0.271544098854065
0.0795214027166367 0.0708625838160515 0.0879224687814713 0.0830818638205528 0.122340403497219 0.193589404225349 0.13360658288002 0.164806053042412 0.1299047768116 0.19634248316288 0.103318281471729 0.198882833123207 0.248008891940117 0.199831232428551 0.32721084356308 0.221474707126617 0.220766499638557 0.240953147411346 0.189607709646225 0.319027423858643 0.343928009271622 0.252876877784729 0.166299745440483 0.344145387411118 0.182383850216866 0.124318063259125 0.195778235793114 0.251098841428757 0.236473515629768 0.407605320215225 0.280142933130264 0.216548919677734 0.349612861871719 0.288608193397522 0.273646950721741 0.304876118898392 0.397907257080078 0.226308032870293 0.304472953081131 0.272306829690933 0.338648021221161 0.300593972206116 0.280254632234573
0.0891306400299072 0.0425192750990391 0.194431871175766 0.0985726416110992 0.136101379990578 0.198210969567299 0.132494881749153 0.0978220850229263 0.119126982986927 0.0686508193612099 0.183690771460533 0.190219670534134 0.28131577372551 0.341605305671692 0.204207822680473 0.252934724092484 0.313090652227402 0.266720145940781 0.352625161409378 0.31281054019928 0.262142330408096 0.185040771961212 0.206093430519104 0.283219307661057 0.253556489944458 0.135516285896301 0.26807826757431 0.346026539802551 0.255337864160538 0.275619715452194 0.340188473463058 0.31518816947937 0.348053395748138 0.401104778051376 0.43177330493927 0.294113576412201 0.309482514858246 0.220339372754097 0.294303148984909 0.319448590278625 0.255472600460052 0.294720888137817 0.223174661397934
0.175946041941643 0.0888410732150078 0.0468712635338306 0.149918124079704 0.0613664798438549 0.0947608202695847 0.078385554254055 0.135730728507042 0.144359558820724 0.111966989934444 0.072560228407383 0.0987190306186676 0.264389246702194 0.0955319404602051 0.227121487259865 0.216819480061531 0.328785717487335 0.223308503627777 0.285525768995285 0.235541343688965 0.335571497678757 0.244968771934509 0.232645884156227 0.259538143873215 0.244757518172264 0.110520035028458 0.216836750507355 0.343914240598679 0.265307515859604 0.227336540818214 0.375262081623077 0.393922418355942 0.302867949008942 0.34113410115242 0.405794441699982 0.309826403856277 0.350290417671204 0.298384457826614 0.29623731970787 0.271437078714371 0.259766399860382 0.258962750434875 0.263980060815811
0.136224180459976 0.0971981063485146 0.12720088660717 0.175661623477936 0.152221322059631 0.127186432480812 0.0116812391206622 0.106660895049572 0.121478416025639 0.235478401184082 0.149306803941727 0.173904493451118 0.206962272524834 0.215078920125961 0.202033504843712 0.216718524694443 0.336234509944916 0.262175112962723 0.302941173315048 0.373061746358871 0.303493350744247 0.29214683175087 0.412005484104156 0.193569660186768 0.154185727238655 0.0347996950149536 0.123702116310596 0.323932498693466 0.216168612241745 0.249188184738159 0.328066289424896 0.252686649560928 0.354736477136612 0.18845471739769 0.29737576842308 0.239068284630775 0.310473918914795 0.217389047145844 0.208985105156898 0.356660693883896 0.28751814365387 0.279182404279709 0.214442849159241
0.00387304276227951 0.104446940124035 0.11470465362072 0.159604206681252 0.13377371430397 0.095987044274807 0.175842121243477 0.157907292246819 0.293309956789017 0.180119797587395 0.173256486654282 0.186846062541008 0.1747787296772 0.23316778242588 0.194518625736237 0.235555246472359 0.410665482282639 0.292007476091385 0.330152630805969 0.397408455610275 0.289442211389542 0.457899898290634 0.289613574743271 0.254782259464264 0.189237743616104 0.119864165782928 0.283881157636642 0.310919404029846 0.361860543489456 0.352664619684219 0.214409098029137 0.227940380573273 0.213689550757408 0.291594743728638 0.301734387874603 0.33260503411293 0.284114390611649 0.293176889419556 0.269963324069977 0.293722361326218 0.34174433350563 0.322562843561172 0.291646391153336
-0.0069615445099771 0.0766513049602509 0.148421660065651 0.0478622615337372 0.0889956057071686 0.15467357635498 0.186954244971275 0.14790503680706 0.114143081009388 0.154417157173157 0.263266861438751 0.241020858287811 0.184023290872574 0.226778000593185 0.249192506074905 0.244559317827225 0.296131700277328 0.372505843639374 0.276944488286972 0.206550464034081 0.361348092556 0.328751891851425 0.373836398124695 0.182520553469658 0.130641266703606 0.214957714080811 0.276376515626907 0.28570744395256 0.308229833841324 0.290849089622498 0.326328963041306 0.376401096582413 0.25740659236908 0.315351009368896 0.339163035154343 0.250707894563675 0.196153327822685 0.223555669188499 0.222851783037186 0.185168102383614 0.191686868667603 0.23684161901474 0.247189357876778
0.120595261454582 0.00380757194943726 0.0657500848174095 0.158883452415466 0.214775517582893 0.221221685409546 0.144011691212654 0.214949324727058 0.17733559012413 0.270124882459641 0.272186249494553 0.178752422332764 0.301642924547195 0.242476597428322 0.293798863887787 0.282351404428482 0.357274025678635 0.370950698852539 0.395602822303772 0.248924911022186 0.335661053657532 0.272536158561707 0.279732763767242 0.151504278182983 0.246707856655121 0.281681209802628 0.252446621656418 0.279279798269272 0.333106815814972 0.359358012676239 0.331053465604782 0.258819848299026 0.300022155046463 0.242988884449005 0.171174302697182 0.319415152072906 0.263034224510193 0.219596847891808 0.303318440914154 0.267861187458038 0.230899572372437 0.283935338258743 0.324215978384018
