assets/gome_f/processed/ascii/us/gome_sif_US_20120401.asc
NCOLS 116 
NROWS 53 
XLLCORNER -125 
YLLCORNER 24.5 
CELLSIZE 0.5 
NODATA_value -3.4e+38 
[rows 19 to 37 of 53, columns 44 to 87 of 116]
0.211557060480118 0.194485649466515 0.242300391197205 0.17446956038475 0.237666636705399 0.259375721216202 0.316419184207916 0.328284621238708 0.282472044229507 0.286508321762085 0.170712888240814 0.190481811761856 0.304624676704407 0.289609342813492 0.170674428343773 0.24787899851799 0.230708718299866 0.551884114742279 0.29535236954689 0.403665542602539 0.402521312236786 0.254768341779709 0.345392465591431 0.29195111989975 0.269054532051086 0.325372725725174 0.141026556491852 0.168989434838295 0.152208939194679 0.204861089587212 0.205839589238167 0.277101159095764 0.159131422638893 0.308282554149628 0.237968549132347 0.306533187627792 0.267519801855087 0.324987530708313 0.305131435394287 0.269959658384323 0.190485164523125 0.281951278448105 0.232720166444778 0.379398912191391
0.17612512409687 0.199115797877312 0.16425558924675 0.179792851209641 0.182079792022705 0.154394939541817 0.119218669831753 0.25938493013382 0.231085136532784 0.179066672921181 0.159109488129616 0.179924100637436 0.283091902732849 0.251192629337311 0.156701073050499 0.176975190639496 0.383760929107666 0.414716869592667 0.479217499494553 0.41851344704628 0.432160824537277 0.311632931232452 0.356015861034393 0.220256254076958 0.183905705809593 0.283551514148712 0.266025334596634 0.289654910564423 0.060361385345459 0.0233350452035666 0.125690594315529 0.0935527309775352 0.145574256777763 0.191150531172752 0.35042941570282 0.16523340344429 0.169952318072319 0.210087299346924 0.24086831510067 0.194157943129539 0.250347316265106 0.446443885564804 0.345607370138168 0.336407274007797
0.326789677143097 0.147243395447731 0.232404932379723 0.300939500331879 0.198040679097176 0.354706823825836 0.332255065441132 0.280765920877457 0.283088862895966 0.253879636526108 0.266025841236115 0.305496066808701 0.306058675050735 0.295866966247559 0.315353572368622 0.249526843428612 0.446382105350494 0.39506009221077 0.324848532676697 0.420593321323395 0.447213649749756 0.366287887096405 0.500010550022125 0.298191785812378 0.284084767103195 0.311145126819611 0.253263711929321 0.173481330275536 0.273475021123886 0.242709130048752 0.255553513765335 0.250640034675598 0.298367649316788 0.238479524850845 0.321389734745026 0.176621064543724 0.170983836054802 0.345484614372253 0.229447871446609 0.242979884147644 0.268557727336884 0.389614969491959 0.279621213674545 0.288371384143829
0.122382983565331 0.216545730829239 0.340187966823578 0.355670779943466 0.41392457485199 0.37605482339859 0.388391882181168 0.449167609214783 0.507899761199951 0.577843546867371 0.518986165523529 0.491364687681198 0.287151902914047 0.340243101119995 0.423850417137146 0.446636825799942 0.34868723154068 0.38815450668335 0.388979464769363 0.416589081287384 0.439655333757401 0.571025490760803 0.389395713806152 0.419141739606857 0.349121302366257 0.376942336559296 0.30532369017601 0.24032635986805 0.0755161419510841 0.187552839517593 0.346060752868652 0.234582781791687 0.32006573677063 0.214581653475761 0.380625039339066 0.330687046051025 0.431993335485458 0.437863022089005 0.216524466872215 0.308967262506485 0.215125381946564 0.437593460083008 0.49054166674614 0.304500073194504
0.149033382534981 0.29365286231041 0.406682193279266 0.274405747652054 0.447948962450027 0.287008434534073 0.45186710357666 0.475929528474808 0.512174129486084 0.605975091457367 0.611319422721863 0.534660875797272 0.484370052814484 0.472915709018707 0.318399161100388 0.459718436002731 0.529633820056915 0.466314345598221 0.501877546310425 0.495499551296234 0.51724636554718 0.416243344545364 0.526455760002136 0.490630716085434 0.439627349376678 0.480455130338669 0.392410844564438 0.270556092262268 0.331797510385513 0.325114667415619 0.378172039985657 0.234656035900116 0.556991100311279 0.433528959751129 0.449826180934906 0.459990382194519 0.471451997756958 0.496441423892975 0.429363936185837 0.436008840799332 0.35540434718132 0.347849786281586 0.470222026109695 0.174261972308159
0.131789550185204 0.211707189679146 0.366723507642746 0.408748775720596 0.36934506893158 0.500271797180176 0.519860923290253 0.388158619403839 0.529513001441956 0.528155088424683 0.582151830196381 0.634250342845917 0.399436593055725 0.369468092918396 0.465781480073929 0.515043139457703 0.668120622634888 0.625592589378357 0.588156044483185 0.6077761054039 0.596360087394714 0.756740391254425 0.57997065782547 0.519785821437836 0.546616435050964 0.523726403713226 0.493269562721252 0.390570163726807 0.44022062420845 0.347824960947037 0.373234689235687 0.46548131108284 0.455126136541367 0.580405235290527 0.575617671012878 0.592301905155182 0.659753799438477 0.597012519836426 0.489659368991852 0.43722864985466 0.485282272100449 0.325077205896378 0.35184046626091 0.482532829046249
0.260706931352615 0.210901573300362 0.483800709247589 0.451173067092896 0.391882836818695 0.336232095956802 0.448076695203781 0.655944049358368 0.658987760543823 0.693475842475891 0.739898502826691 0.772045493125916 0.504516422748566 0.419905334711075 0.549470365047455 0.537993729114532 0.541007518768311 0.626325786113739 0.77683037519455 0.689456522464752 0.651091992855072 0.728617370128632 0.682514071464539 0.688607931137085 0.666226089000702 0.603223979473114 0.556940078735352 0.541205704212189 0.387836426496506 0.319631278514862 0.400518238544464 0.494239449501038 0.567938387393951 0.529895305633545 0.588986456394196 0.751978754997253 0.729133784770966 0.673036813735962 0.50042062997818 0.447251170873642 0.432537347078323 0.361611008644104 0.459313362836838 0.40196681022644
0.208544909954071 0.260970622301102 0.407710373401642 0.508670747280121 0.581271708011627 0.553950905799866 0.531823694705963 0.616770267486572 0.693034052848816 0.653539001941681 0.725205540657043 0.59904533624649 0.656758069992065 0.463570207357407 0.627268135547638 0.449426651000977 0.667931199073792 0.762154042720795 0.784464716911316 0.86591500043869 0.679285228252411 0.734098255634308 0.57930988073349 0.557531476020813 0.560842573642731 0.702211081981659 0.772374868392944 0.478956401348114 0.549643576145172 0.535000741481781 0.32428452372551 0.547002911567688 0.481754571199417 0.570914030075073 0.610465347766876 0.610050678253174 0.672119796276093 0.639654815196991 0.621411502361298 0.591424465179443 0.34754478931427 0.502280533313751 0.322534441947937 0.317846715450287
0.174769371747971 0.152002736926079 0.17585614323616 0.310716301202774 0.41645485162735 0.456723242998123 0.474177658557892 0.507806360721588 0.574860394001007 0.665346086025238 0.831584215164185 0.640135884284973 0.648020803928375 0.687137842178345 0.636292040348053 0.741902410984039 0.673021972179413 0.774631500244141 0.850909471511841 0.850093483924866 0.801179111003876 0.753106474876404 0.661119878292084 0.602509796619415 0.517935216426849 0.549784600734711 0.706196188926697 0.607380270957947 0.527487218379974 0.543437242507935 0.51489269733429 0.708963632583618 0.573872864246368 0.726284682750702 0.684497952461243 0.595661401748657 0.677899122238159 0.614514172077179 0.360150068998337 0.46690446138382 0.467243820428848 0.297531366348267 0.303393065929413 0.485755413770676
0.216725409030914 0.270392030477524 0.124305255711079 0.447761297225952 0.402739882469177 0.389442175626755 0.510601460933685 0.567708253860474 0.4566870033741 0.560371875762939 0.699776947498322 0.589430093765259 0.60063236951828 0.707186877727509 0.638526558876038 0.82947713136673 0.608951389789581 0.831179261207581 0.699570715427399 0.738097906112671 0.529904067516327 0.52662205696106 0.543838381767273 0.537129282951355 0.569453358650208 0.379495531320572 0.397914797067642 0.422163814306259 0.539441883563995 0.662069797515869 0.552267491817474 0.622146129608154 0.823698759078979 0.682167530059814 0.688167452812195 0.621868968009949 0.659376084804535 0.544483482837677 0.593933403491974 0.420449167490005 0.4235500395298 0.534221053123474 0.318009465932846 0.486505627632141
0.174992427229881 0.171442344784737 0.291298389434814 0.336065053939819 0.463089466094971 0.401507377624512 0.371234625577927 0.392729043960571 0.610647261142731 0.639585256576538 0.716135501861572 0.699700891971588 0.4347805082798 0.636193096637726 0.624025762081146 0.744365394115448 0.621481001377106 0.887988030910492 0.785811245441437 0.741118192672729 0.711418747901917 0.637543439865112 0.717634797096252 0.513227880001068 0.596692979335785 0.420208275318146 0.240415051579475 0.451241493225098 0.474945545196533 0.729213297367096 0.6757772564888 0.773435413837433 0.788391709327698 0.726596355438232 0.687578976154327 0.642941296100616 0.415970414876938 0.435425013303757 0.627880811691284 0.43148410320282 0.525271594524384 0.474926590919495 0.3885158598423 0.43905583024025
0.0793143585324287 0.267704904079437 0.299721509218216 0.211773231625557 0.379571795463562 0.24910269677639 0.437188863754272 0.492083340883255 0.643692016601562 0.760375738143921 0.721941649913788 0.613897502422333 0.501849412918091 0.76681512594223 0.590345621109009 0.706951797008514 0.829625844955444 0.707415819168091 0.798680543899536 0.740146338939667 0.631180346012115 0.608752429485321 0.760207056999207 0.561268925666809 0.301124691963196 0.0456986092031002 0.316332191228867 0.477966815233231 0.431380033493042 0.690936982631683 0.728287696838379 0.89353621006012 0.716446936130524 0.656838595867157 0.768548786640167 0.599586308002472 0.573477506637573 0.529675543308258 0.477837651968002 0.42242306470871 0.222073599696159 0.392786800861359 0.374347001314163 0.51035088300705
0.0836841613054276 0.042380191385746 0.356619268655777 0.222045719623566 0.302550077438354 0.285264909267426 0.400589376688004 0.639283537864685 0.619926154613495 0.659567952156067 0.624963879585266 0.627494692802429 0.599019110202789 0.68794584274292 0.861522436141968 0.767840504646301 0.86547863483429 0.631736695766449 0.70435643196106 0.672525942325592 0.7147336602211 0.552234947681427 0.588605463504791 0.496307671070099 0.130640208721161 0.388193845748901 0.537973701953888 0.547245621681213 0.701411306858063 0.746523499488831 0.658765614032745 0.728979825973511 0.781211256980896 0.728890061378479 0.716098487377167 0.708451151847839 0.699044942855835 0.397022575139999 0.386106133460999 0.384189248085022 0.209870725870132 0.455260515213013 0.622260868549347 0.564899802207947
0.209465444087982 0.189877241849899 0.132530525326729 0.245658308267593 0.174636080861092 0.428835093975067 0.419557005167007 0.58016449213028 0.550462961196899 0.679871559143066 0.650729358196259 0.536158978939056 0.841376841068268 0.782305717468262 0.776779115200043 0.636219918727875 0.664526402950287 0.981101274490356 0.669718027114868 0.600760579109192 0.615257978439331 0.57284688949585 0.43607497215271 0.424700230360031 0.282766193151474 0.461891174316406 0.630252361297607 0.630019187927246 0.788485467433929 0.486543476581573 0.743328332901001 0.603108942508698 0.619571268558502 0.663674414157867 0.723437964916229 0.805911242961884 0.504777312278748 0.531343400478363 0.561671316623688 0.483441323041916 0.63442587852478 0.57498824596405 0.596497654914856 0.476858198642731
0.185972690582275 0.228797450661659 0.0757601708173752 0.194654524326324 0.184693649411201 0.221786677837372 0.312179088592529 0.467912286520004 0.728918075561523 0.779485285282135 0.629410028457642 0.637146592140198 0.586254358291626 0.815682590007782 0.700255274772644 0.861897647380829 0.640275061130524 0.620386302471161 0.669657230377197 0.634913444519043 0.54483562707901 0.582654118537903 0.366245985031128 0.324266463518143 0.395295739173889 0.446957975625992 0.697476327419281 0.696719586849213 0.694405972957611 0.287712931632996 0.666349053382874 0.611835896968842 0.688498139381409 0.644387185573578 0.828651487827301 0.600487172603607 0.559885799884796 0.499748408794403 0.495825439691544 0.65337198972702 0.568642616271973 0.418022781610489 0.536187529563904 0.53253048658371
0.0527422986924648 0.142265513539314 0.0810552090406418 0.166107654571533 0.134241968393326 0.0683693811297417 0.408467054367065 0.356845408678055 0.532533884048462 0.657729506492615 0.658482134342194 0.760987401008606 0.704148530960083 0.75880628824234 0.77773129940033 0.675543904304504 0.784836769104004 0.615144073963165 0.808635413646698 0.595623672008514 0.595871686935425 0.60792487859726 0.392554223537445 0.479291886091232 0.440567880868912 0.614911675453186 0.770874261856079 0.75958263874054 0.59503573179245 0.602498114109039 0.647140383720398 0.615381360054016 0.669808566570282 0.637166082859039 0.564029633998871 0.76196563243866 0.588190495967865 0.638730406761169 0.551005303859711 0.691716134548187 0.562309622764587 0.41816908121109 0.546719968318939 0.491399735212326
0.13834422826767 0.132012188434601 0.157823845744133 0.180219516158104 0.244412451982498 0.18415567278862 0.315168261528015 0.383789747953415 0.59530234336853 0.532225549221039 0.646541059017181 0.445252180099487 0.739367067813873 0.686543822288513 0.839935421943665 0.899730503559113 0.433733552694321 0.616948306560516 0.701869249343872 0.608629107475281 0.55090057849884 0.623244225978851 0.515683054924011 0.327463686466217 0.344164431095123 0.45854726433754 0.629132688045502 0.597375690937042 0.688187599182129 0.742144048213959 0.753625988960266 0.625909388065338 0.550818860530853 0.682696163654327 0.814858198165894 0.734416604042053 0.555682063102722 0.567050874233246 0.627803266048431 0.305595725774765 0.496685355901718 0.448977679014206 0.43071174621582 0.53822535276413
0.235581234097481 0.0806153565645218 0.0593285858631134 0.101815059781075 0.307935208082199 0.193458363413811 0.283317297697067 0.373707503080368 0.488318979740143 0.407591640949249 0.547491669654846 0.417071610689163 0.689228415489197 0.717712759971619 0.693684637546539 0.753441035747528 0.479469895362854 0.627044498920441 0.573501229286194 0.66408109664917 0.561984837055206 0.4934121966362 0.541045784950256 0.545994758605957 0.527906894683838 0.685839474201202 0.673066079616547 0.660636305809021 0.831789255142212 0.7439985871315 0.835629940032959 0.690693199634552 0.635758221149445 0.74856698513031 0.529408693313599 0.702155411243439 0.549054086208344 0.373523652553558 0.561966061592102 0.54347026348114 0.627837896347046 0.428000390529633 0.537159740924835 0.554845750331879
0.0763385146856308 0.16557502746582 0.110902741551399 0.162542328238487 0.234007656574249 0.289588034152985 0.497338980436325 0.408383190631866 0.52702134847641 0.463788568973541 0.688891291618347 0.514011859893799 0.899967730045319 0.792398631572723 0.641307353973389 0.563531696796417 0.592854261398315 0.689457833766937 0.55516916513443 0.615490257740021 0.561832010746002 0.460685342550278 0.583641171455383 0.593489646911621 0.744519472122192 0.721441209316254 0.653229236602783 0.845623314380646 0.725059032440186 0.608529388904572 0.66770476102829 0.798640012741089 0.620981931686401 1.01718664169312 0.723166882991791 0.600436270236969 0.557999491691589 0.395846247673035 0.510522246360779 0.532542586326599 0.441849917173386 0.517951309680939 0.338118404150009 0.44882407784462
