assets/gome_f/processed/ascii/us/gome_sif_US_20110701.asc
NCOLS 116 
NROWS 53 
XLLCORNER -125 
YLLCORNER 24.5 
CELLSIZE 0.5 
NODATA_value -3.4e+38 
[rows 0 to 18 of 53, columns 44 to 87 of 116]
0.867691695690155 0.710385203361511 0.659204483032227 0.794303476810455 0.813685357570648 0.876615405082703 0.750010907649994 0.627094686031342 0.59438145160675 0.38967302441597 0.601848065853119 0.727812230587006 0.400251150131226 0.354978740215302 0.43643456697464 0.353617489337921 0.324105530977249 0.495788246393204 0.474294632673264 0.425739616155624 0.383479386568069 0.308417141437531 0.346259564161301 0.229941412806511 0.287592679262161 0.131445586681366 0.225161537528038 0.418233543634415 0.484430134296417 0.21656608581543 0.285463511943817 0.354886889457703 0.401784062385559 0.221752524375916 0.320363312959671 0.323724150657654 0.352934300899506 0.296989798545837 0.289899528026581 0.390978127717972 0.275327175855637 0.323636949062347 0.28432285785675 0.418582916259766
0.608373880386353 0.580223679542542 0.745451211929321 0.666078865528107 0.635765373706818 0.599628448486328 0.724847853183746 0.754992663860321 0.713002145290375 0.557827711105347 0.459883242845535 0.542936742305756 0.699640929698944 0.62091988325119 0.520144402980804 0.46493923664093 0.34735181927681 0.486502259969711 0.537764251232147 0.536003291606903 0.406406939029694 0.381934136152267 0.332028657197952 0.42910423874855 0.397894144058228 0.30841526389122 0.321123659610748 0.233465686440468 0.277683883905411 0.269622564315796 0.31792876124382 0.505125224590302 0.283783257007599 0.282719135284424 0.311633259057999 0.277424842119217 0.386938393115997 0.379406630992889 0.480098992586136 0.394729793071747 0.486741662025452 0.46763813495636 0.500089526176453 0.34104460477829
0.526660919189453 0.610517084598541 0.643458247184753 0.586651861667633 0.637192785739899 0.718001127243042 0.620572507381439 0.749196708202362 0.814417958259583 0.859417855739594 0.781717002391815 0.693222343921661 0.660949468612671 0.579912781715393 0.495408028364182 0.448715209960938 0.540502071380615 0.387701421976089 0.377523899078369 0.615596234798431 0.37415224313736 0.558366358280182 0.445025622844696 0.481551110744476 0.6233269572258 0.468488484621048 0.412745922803879 0.471199363470078 0.430275976657867 0.250050812959671 0.356421053409576 0.347530394792557 0.459023982286453 0.499308049678802 0.57429164648056 0.454235732555389 0.419258683919907 0.500786423683167 0.604994595050812 0.484479665756226 0.547627449035645 0.473768293857574 0.434490382671356 0.280530482530594
0.550042867660522 0.598035275936127 0.617396652698517 0.771254479885101 0.543773770332336 0.608749330043793 0.526858568191528 0.846300840377808 0.923917770385742 0.814860463142395 0.747422635555267 0.76591157913208 0.881970703601837 0.819117367267609 0.54036271572113 0.555496633052826 0.386795282363892 0.415626227855682 0.500406742095947 0.541220366954803 0.551445782184601 0.399853050708771 0.39682212471962 0.540872991085052 0.521585583686829 0.495439380407333 0.376244902610779 0.380280256271362 0.590817987918854 0.520877003669739 0.370307862758636 0.553202211856842 0.482764095067978 0.471765369176865 0.602344393730164 0.561009645462036 0.623726665973663 0.553124666213989 0.661886394023895 0.558174014091492 0.493356913328171 0.548613607883453 0.525147438049316 0.541628062725067
0.675119459629059 0.694782495498657 0.507937073707581 0.70638769865036 0.567464709281921 0.618792295455933 0.921527147293091 0.807691872119904 0.847691357135773 0.852204442024231 0.734418749809265 0.870711445808411 0.741476058959961 0.769092321395874 0.686400830745697 0.658248066902161 0.521586656570435 0.581807076931 0.714640557765961 0.552404820919037 0.505422055721283 0.627479553222656 0.419235736131668 0.60959929227829 0.489496201276779 0.551924526691437 0.561124920845032 0.609788239002228 0.491422802209854 0.389817744493484 0.220459178090096 0.210658177733421 0.200224369764328 0.501470804214478 0.775187492370605 0.428661793470383 0.414303421974182 0.563755095005035 0.527177572250366 0.486085116863251 0.534089684486389 0.464458763599396 0.616127252578735 0.390798509120941
0.735401093959808 0.733302414417267 0.710607051849365 0.598396897315979 0.783640563488007 0.614009141921997 0.717237651348114 0.569683253765106 0.765168845653534 0.857419788837433 0.768572211265564 0.872045874595642 0.749527096748352 0.705987870693207 0.94972026348114 0.662306010723114 0.652550876140594 0.581155061721802 0.629052221775055 0.645345628261566 0.693692862987518 0.741521239280701 0.641561031341553 0.68224686384201 0.495780408382416 0.518209755420685 0.610014796257019 0.477886557579041 0.218116402626038 0.109595522284508 0.209171965718269 0.131438419222832 0.0434588864445686 0.157434031367302 0.277377158403397 0.549435973167419 0.580707728862762 0.516730725765228 0.543727099895477 0.415146917104721 0.452199399471283 0.530838549137115 0.458920240402222 0.480727344751358
0.732288777828217 0.688237011432648 0.684807121753693 0.920867085456848 0.776258051395416 0.875406742095947 0.88063371181488 0.906660795211792 0.719447612762451 0.745101511478424 0.842809438705444 0.834749639034271 0.82881224155426 0.959660768508911 0.791558384895325 0.755304872989655 0.952825546264648 0.744929254055023 0.684342563152313 0.752959787845612 0.767427921295166 0.814780592918396 0.579527914524078 0.599682986736298 0.575280725955963 0.290760517120361 0.0661839619278908 0.142173185944557 0.0735639184713364 0.140918165445328 0.120931290090084 0.0491697043180466 0.100665897130966 -0.0216356106102467 0.0701038762927055 0.0308994483202696 0.268470376729965 0.620035648345947 0.573456346988678 0.514364123344421 0.519646286964417 0.392494738101959 0.520920157432556 0.588466763496399
0.523669064044952 0.828247129917145 0.799638748168945 0.815233170986176 0.867358565330505 0.760144948959351 0.814050555229187 0.781384110450745 0.751833260059357 0.757512331008911 0.661063969135284 0.834032714366913 0.710411787033081 0.934939980506897 0.802038013935089 0.801035523414612 0.86651873588562 0.766460597515106 0.744031846523285 0.864314019680023 0.842598617076874 0.845528721809387 0.606363892555237 0.57112056016922 0.186571404337883 0.0604215227067471 0.0213918015360832 0.109192416071892 0.225940883159637 0.330986022949219 0.205338910222054 0.0417618863284588 -0.00148320267908275 0.0158414375036955 -0.02547319047153 0.0798376202583313 0.349266409873962 0.482389897108078 0.76558780670166 0.531521916389465 0.53497713804245 0.610045194625854 0.61700850725174 0.543346345424652
0.526297688484192 0.686838030815125 0.643407881259918 0.926090598106384 0.836447477340698 0.96815288066864 0.841655194759369 0.749195039272308 0.758461356163025 0.653488993644714 0.682860255241394 0.740741610527039 0.576352775096893 0.800071179866791 0.7931227684021 0.780366003513336 0.851346075534821 0.744880855083466 0.987554490566254 0.807309448719025 0.80566930770874 0.633442938327789 0.669603586196899 0.560358822345734 0.49051907658577 0.47936886548996 0.43160018324852 0.714171290397644 0.57150810956955 0.766182422637939 0.524790346622467 0.397187232971191 0.112137109041214 0.267485111951828 0.410377740859985 0.354871839284897 0.342045038938522 0.573725640773773 0.839504659175873 0.65854811668396 0.771174252033234 0.61761599779129 0.444838851690292 0.589575588703156
0.556918203830719 0.783133029937744 0.782990753650665 0.72403210401535 0.786117017269135 0.788023889064789 0.789271891117096 0.644127070903778 0.653874516487122 0.617316901683807 0.719411134719849 0.732820808887482 0.808514416217804 0.85866105556488 0.862271070480347 0.769353866577148 0.853227972984314 0.817904472351074 0.716767728328705 0.537026047706604 0.944571316242218 0.85337096452713 0.81782740354538 0.669433295726776 0.873586535453796 0.764314651489258 0.820610642433167 0.92661464214325 0.854552090167999 0.764446258544922 0.637548565864563 0.708529055118561 0.590751767158508 0.599336624145508 0.470671504735947 0.591659963130951 0.481248259544373 0.561162948608398 0.443140774965286 0.473160028457642 0.492622077465057 0.441801279783249 0.456485867500305 0.492473721504211
0.59235942363739 0.636771857738495 0.567414462566376 0.579947888851166 0.504523694515228 0.611388921737671 0.815706253051758 0.752974212169647 0.838668048381805 0.706858336925507 0.677589118480682 0.814084470272064 0.748549222946167 0.671266436576843 0.795371294021606 0.851298093795776 0.92404043674469 0.836176097393036 0.738524377346039 0.857588410377502 0.848243832588196 0.746228635311127 0.914682269096375 0.808257162570953 1.00817573070526 0.889980852603912 0.762340426445007 0.771766841411591 0.782385528087616 0.845361769199371 0.539537906646729 0.577092289924622 0.519441187381744 0.297852069139481 0.15278123319149 0.19730332493782 0.367099404335022 0.39248138666153 0.255339652299881 0.141849681735039 0.15689554810524 0.141216441988945 0.31031146645546 0.2065449655056
0.555995047092438 0.539533376693726 0.572340786457062 0.479582101106644 0.684297442436218 0.622056841850281 0.752922534942627 0.821969389915466 0.744799375534058 0.818860232830048 0.81875878572464 0.749729514122009 0.881850481033325 0.780660450458527 0.781253635883331 0.803859233856201 0.882438659667969 0.683249235153198 0.960317432880402 0.580740630626678 0.862465023994446 0.83540266752243 0.933269381523132 0.830958247184753 0.724554419517517 0.878939151763916 0.865501880645752 0.980512678623199 0.873422980308533 0.894056737422943 0.689346194267273 0.142506703734398 0.0883724987506866 0.07952880859375 0.0880159810185432 0.291376322507858 0.624726593494415 0.755794584751129 0.574838399887085 0.368881314992905 0.155533000826836 0.0799722746014595 0.0722688883543015 0.201006159186363
0.509369552135468 0.517948150634766 0.622426152229309 0.532779574394226 0.541748642921448 0.376863062381744 0.753280580043793 0.803127348423004 0.803098320960999 0.816178262233734 0.728361308574677 0.884290754795074 0.806240081787109 0.941109716892242 0.885079681873322 0.877560079097748 0.86000657081604 0.76211804151535 0.872804284095764 0.752513229846954 0.849380612373352 0.778396725654602 0.98039585351944 0.951765775680542 0.919942617416382 0.880956888198853 0.868311107158661 0.929997205734253 0.857863187789917 0.753597259521484 0.79865026473999 0.256511211395264 0.206897035241127 0.239971816539764 0.432394802570343 0.678308129310608 0.626578569412231 0.782237589359283 0.707573592662811 0.570522248744965 0.105048321187496 -0.0183196347206831 0.0309393182396889 0.24897438287735
0.697396218776703 0.460441082715988 0.607897341251373 0.581900835037231 0.500512421131134 0.632535457611084 0.624504148960114 0.709386050701141 0.817958831787109 0.70125150680542 0.777527272701263 0.881687343120575 0.97024005651474 0.769046604633331 0.828779220581055 0.933520078659058 0.972076117992401 0.786654114723206 0.891529977321625 1.02364408969879 1.0159924030304 1.08461856842041 0.989446341991425 0.939866423606873 0.927338302135468 0.724071621894836 0.924647569656372 0.845156729221344 0.923543095588684 0.801690459251404 0.844545125961304 0.362815052270889 0.20320588350296 0.397643864154816 0.658292055130005 0.797933399677277 0.881544709205627 0.817436277866364 0.594352662563324 0.4403255879879 0.156046390533447 0.12764199078083 0.227588891983032 0.541028797626495
0.423096269369125 0.443388551473618 0.410469114780426 0.596545279026031 0.672797322273254 0.60486376285553 0.632648587226868 0.631101727485657 0.736222207546234 0.69988352060318 0.823386073112488 0.914904057979584 0.844874024391174 0.903714120388031 0.988549828529358 0.911664247512817 0.949867725372314 0.941224038600922 0.956528961658478 1.1558552980423 0.921173870563507 1.06132435798645 0.950646102428436 1.15388989448547 0.957008242607117 0.981482446193695 1.02377414703369 0.851963400840759 0.988535821437836 0.986188173294067 0.696634232997894 0.231548875570297 0.157444000244141 0.404708802700043 0.801463007926941 1.05794012546539 0.899844944477081 0.879867911338806 0.723837912082672 0.62591153383255 0.634037554264069 0.351672112941742 0.327289670705795 0.631232440471649
0.360653758049011 0.410567611455917 0.538303554058075 0.574338972568512 0.643352866172791 0.674717366695404 0.669323682785034 0.766092598438263 0.688686311244965 0.932611286640167 0.74164891242981 0.883085429668427 0.958897650241852 1.01378154754639 1.15808176994324 0.958425223827362 1.10190498828888 0.980790197849274 1.12565493583679 1.13911938667297 1.12565922737122 1.04681742191315 1.21239674091339 0.991277277469635 0.982269704341888 0.985276758670807 0.89873605966568 1.08966898918152 0.912642657756805 0.517823457717896 0.657520055770874 0.298031985759735 -0.0138671873137355 0.364191174507141 0.735722541809082 0.876941978931427 0.809763133525848 0.777209997177124 0.874096274375916 0.6714968085289 0.790253221988678 0.63845831155777 0.498898595571518 0.611538171768188
0.474188774824142 0.407272279262543 0.518518626689911 0.458655118942261 0.57838237285614 0.593647062778473 0.517979502677917 0.800623178482056 0.739441573619843 0.842416167259216 0.932608306407928 0.906387209892273 1.02587103843689 1.09860861301422 0.991346001625061 1.07119822502136 1.14642155170441 1.07081663608551 1.17902266979218 1.15663146972656 0.978301286697388 1.15279734134674 0.996112823486328 1.08865118026733 0.870669066905975 1.01123237609863 1.14790201187134 0.998239755630493 1.03504872322083 0.658136665821075 0.506751000881195 0.183095246553421 0.106996916234493 0.428827464580536 0.510256826877594 0.898389518260956 0.863602817058563 0.894799292087555 0.721490740776062 0.699654579162598 0.656097590923309 0.597509741783142 0.596179187297821 0.496064275503159
0.471618413925171 0.465699404478073 0.517495274543762 0.559802949428558 0.434405267238617 0.536473453044891 0.625761091709137 0.655867516994476 0.655679404735565 0.894711434841156 1.0976949930191 1.09167790412903 0.915389537811279 1.12875640392303 1.1258590221405 1.20786452293396 1.10149347782135 1.08998990058899 1.0897411108017 1.08166408538818 1.0868067741394 1.07145154476166 1.22211360931396 0.993187785148621 1.10557925701141 1.04706358909607 1.04125118255615 1.01130032539368 0.9662224650383 0.845029175281525 0.414752691984177 0.202927902340889 0.238144710659981 0.302427738904953 0.782780349254608 0.859620928764343 0.880512535572052 0.585979402065277 0.853483557701111 0.532422423362732 0.436011761426926 0.230231240391731 0.331402182579041 0.0834116265177727
0.324178755283356 0.518990814685822 0.363255262374878 0.448440492153168 0.456943988800049 0.55706399679184 0.592943787574768 0.617339789867401 0.740804553031921 0.68808776140213 0.906878173351288 1.07324290275574 1.10534656047821 1.02325892448425 1.08267080783844 0.976936280727386 1.0382091999054 1.05222523212433 0.968422472476959 0.995714962482452 1.03244113922119 1.04539453983307 0.960501313209534 0.824564337730408 1.14053356647491 0.924496412277222 1.18798327445984 1.20242464542389 0.977216780185699 0.911004185676575 0.621564507484436 0.549754858016968 0.717944264411926 0.739897072315216 0.949811518192291 0.832454800605774 0.921489953994751 0.601239800453186 0.812968552112579 0.496574997901917 0.421011090278625 0.149723961949348 0.186748251318932 0.444609045982361
