assets/gome_f/processed/ascii/us/gome_sif_US_20131201.asc
NCOLS 116 
NROWS 53 
XLLCORNER -125 
YLLCORNER 24.5 
CELLSIZE 0.5 
NODATA_value -3.4e+38 
[rows 0 to 18 of 53, columns 0 to 42 of 116]
-999.000000000000000 -999 -999 -999 -999 -999 -0.0693707838654518 -999 -999 -999 0.00142772996332496 -999 -999 -999 -999 -999 -999 -999 -999 -999 0.0902018919587135 -999 -999 -999 -999 -999 -999 -999 -999 -999 -999 -999 -999 -999 -999 -999 -999 -999 -999 -999 -999 -999 -999
0.0839984267950058 -999 -999 -999 -999 -999 -999 0.0990342274308205 -0.11480624973774 -999 -999 -999 -999 -999 -999 -999 -999 -999 0.201962053775787 -999 -999 -999 -999 -999 -999 -999 -999 -999 -999 -999 -999 -999 -999 -999 -999 -999 -999 -999 -999 -999 -999 -999 -999
0.0949088409543037 0.131322011351585 0.0921465530991554 0.0516076646745205 0.192451983690262 0.023051431402564 -0.161942988634109 0.0837870910763741 -999 -999 -999 -999 0.0823173001408577 0.0719304010272026 -999 0.242052122950554 -999 -999 -0.0522651076316833 -0.126710310578346 -999 -999 -999 -999 -999 -999 -999 -999 -999 -999 -999 -999 -999 -999 -999 -999 -999 -999 -999 -999 -999 -999 -999
0.155321478843689 0.119691982865334 -0.0116329863667488 0.0226553902029991 -0.0328346155583858 0.0616394728422165 0.0757219940423965 -999 0.0312337297946215 -999 0.0484987795352936 0.0193500816822052 0.0288368314504623 0.022679490968585 -999 0.175713047385216 0.0718907043337822 0.0951236262917519 -0.184956103563309 -999 -999 -999 -999 -999 -999 -999 -999 -999 -999 -999 -999 -999 -999 -999 -999 -999 -999 -999 0.0356910601258278 0.038683146238327 -999 -999 -999
-0.0291109438985586 0.0586657226085663 0.15302175283432 -0.0445291437208652 -0.0623398348689079 -0.146405011415482 -0.0169602632522583 -999 0.0151392770931125 0.00725714163854718 0.130183205008507 -0.0570749007165432 -0.0510130859911442 0.0251432862132788 -0.0956040695309639 0.00503227114677429 0.150217711925507 0.0112872393801808 -0.0376694202423096 -0.0924608781933784 0.0763910710811615 -999 -999 -999 -999 -999 -999 -999 -999 -999 -999 -999 -999 -999 -999 -999 -999 -0.245296731591225 -0.1523277759552 0.0854659378528595 0.0479944199323654 0.141290590167046 0.127859592437744
0.035149559378624 0.0140170184895396 -0.0309482868760824 -0.021822452545166 0.0155478212982416 0.0430342741310596 0.00952386111021042 -0.0680537298321724 -999 0.0141794169321656 -0.0244426801800728 -0.0175884682685137 0.073395349085331 0.0266459695994854 0.13218130171299 0.0124870538711548 -0.0363327711820602 -0.0403367802500725 0.0149367619305849 0.0499963462352753 -0.125110387802124 -0.035499420017004 0.0364277474582195 -999 0.0292438883334398 -999 0.225314885377884 -999 -999 -999 -999 -999 -999 -999 -999 -0.174232959747314 0.138585984706879 0.284831404685974 -0.171660125255585 -0.152855187654495 -0.145715892314911 -0.0610475391149521 0.20144122838974
-0.00117251498159021 0.00441286992281675 -0.0356038697063923 0.127394527196884 0.0474377945065498 -0.0535149201750755 0.0339461341500282 0.0949293300509453 0.0234549567103386 0.0309589076787233 0.0362626351416111 -0.0904341042041779 0.0437553636729717 0.0042706853710115 -0.000707115337718278 0.0369190648198128 0.0436935685575008 0.0344004780054092 0.0917705893516541 0.0813674703240395 0.00632134079933167 0.167020037770271 0.355192720890045 -999 -0.207187876105309 -999 -999 -0.118455864489079 0.152011454105377 -0.0508871264755726 0.227715790271759 -999 -999 -999 -999 -999 -999 -0.00828815996646881 0.147002458572388 -999 -999 -999 -0.0234465356916189
-0.00188976770732552 0.0406634956598282 0.0681264773011208 0.0791739746928215 -0.0143859758973122 0.0323215834796429 0.0230155847966671 0.0550479739904404 0.0271739177405834 0.0656291916966438 0.0027796714566648 -0.0516982637345791 0.0231812968850136 0.0184905957430601 0.0207292251288891 0.16327141225338 0.0558407939970493 -0.0154840769246221 0.0374606102705002 0.0510183908045292 0.00586975738406181 -0.222495764493942 -999 -0.0563758052885532 -999 -999 0.068676196038723 -0.130025118589401 0.0620927065610886 -0.0378873497247696 0.02947779558599 -999 -999 -999 -999 -999 -999 -999 -999 -999 -999 0.0293026901781559 -0.144685059785843
0.00404824921861291 -0.0489337705075741 0.0460988916456699 0.0463561825454235 0.131309255957603 0.0154751064255834 0.0741740167140961 0.0922785773873329 0.0115640237927437 -0.0482442453503609 0.0395889692008495 0.0620636679232121 0.00872647669166327 -0.0589020252227783 0.0255533736199141 0.0446561723947525 0.00818981789052486 0.0985527411103249 0.0661217570304871 0.0204291846603155 0.0320414155721664 0.139350041747093 -0.0485686063766479 -999 -999 -999 -0.0539811812341213 -999 -999 -999 -0.0682646408677101 -999 0.188864409923553 -0.0527456812560558 -999 -999 -999 -0.0270386785268784 -999 -999 0.085961140692234 0.121669992804527 0.0390355251729488
-0.022502051666379 0.0140586560592055 0.0620682947337627 -0.0350410528481007 0.0388967543840408 0.100783452391624 0.0974443405866623 -0.0299562122672796 -0.0101503869518638 0.0708037167787552 0.00544871063902974 0.0404335297644138 0.0618675351142883 0.0547908172011375 -0.0153427356854081 0.09622772783041 0.040212519466877 0.176574409008026 0.0591675378382206 0.164248645305634 -0.0671520531177521 0.09768246114254 -0.00913938414305449 -999 -999 0.0412633940577507 -999 -0.368738502264023 -999 0.146056666970253 0.0296702980995178 -0.259976178407669 -999 -0.0591992735862732 -999 -999 -999 -0.276244163513184 0.190078064799309 0.142147406935692 0.368100881576538 0.00754719087854028 0.218580335378647
0.058122031390667 0.0329962857067585 0.0526571571826935 0.0694068521261215 0.0322325490415096 0.0849372148513794 0.0490797124803066 0.0762893557548523 0.0710460171103477 0.0424569956958294 -0.054400622844696 0.0676013007760048 0.071089543402195 0.304433465003967 0.190994709730148 -0.017277080565691 0.152649626135826 -0.000625986896920949 0.174348726868629 0.0496824868023396 0.205252543091774 -0.0773029401898384 0.0882270336151123 -999 -0.138598263263702 -0.0445245504379272 -0.270022541284561 -999 -999 -999 -999 -999 -999 -999 -999 -999 -999 -0.24623629450798 0.0648316964507103 -999 -0.012598623521626 0.0905152559280396 0.0622525997459888
-0.0374532714486122 0.006280860863626 0.0119234351441264 0.0280272383242846 -0.00707570277154446 0.0664303675293922 0.0634806677699089 0.0327248871326447 -0.00588893471285701 0.0099317692220211 0.0628175511956215 0.0393597669899464 0.0553461201488972 -0.0578661113977432 -0.114077053964138 -0.200558573007584 0.256455987691879 -999 0.0801539570093155 0.00577892735600471 -999 0.139236986637115 -999 -999 0.379615426063538 0.174270004034042 0.00432628020644188 -999 -999 -999 -999 -999 -999 -999 -0.235098451375961 -999 -999 -999 0.28650176525116 0.117683760821819 -0.011516310274601 -0.15061342716217 0.0159068219363689
0.0300649534910917 -0.0172530766576529 0.0520216450095177 0.0766637176275253 0.103803552687168 0.112218260765076 0.0510543063282967 -0.0275747533887625 0.00195230729877949 0.0728875696659088 -0.0260656271129847 0.205578997731209 0.0100697027519345 0.0183650683611631 -0.0163169670850039 -0.0151188774034381 -0.0145271942019463 -0.0184723399579525 0.082647442817688 0.0484854690730572 -0.0408709272742271 0.244975417852402 -999 -999 -999 -999 -999 -999 -999 -999 -999 -999 0.0361177213490009 -999 -999 0.0119459247216582 0.131262913346291 -999 -0.0452201068401337 -0.060637429356575 -0.0795382186770439 0.0249221567064524 0.306182652711868
0.0299786161631346 0.0119773130863905 0.0010215078946203 0.0278651788830757 0.0192866660654545 0.0203585904091597 0.00298451911658049 0.0326430723071098 0.0166233256459236 0.074023999273777 0.0612397119402885 0.0454548858106136 -0.0377974212169647 0.096790038049221 -999 0.0712163522839546 0.0130726508796215 0.0391780845820904 0.0575246997177601 -0.107180297374725 0.00946733728051186 -0.217910036444664 -999 -999 -999 -0.300947666168213 -999 0.376828759908676 -999 -999 -999 -999 -999 -999 -999 -0.162785783410072 -0.0132006937637925 -999 -999 0.0346443578600883 0.0375947989523411 0.0337863974273205 0.070899024605751
0.0605770498514175 -0.0432550273835659 0.0667217671871185 0.142679527401924 0.0402394980192184 0.00577764865010977 0.0421827733516693 0.0128475427627563 0.0102767646312714 0.0232050195336342 0.0448042936623096 0.0863809958100319 -0.0470679141581059 0.058103259652853 -0.142938032746315 0.161326020956039 0.00632217293605208 -0.0258543435484171 0.0827905759215355 0.0470032878220081 -999 0.0948000997304916 0.104464918375015 -0.0787220001220703 -0.00454664416611195 -999 0.0238863155245781 -999 -999 -999 -999 -999 -999 -999 0.231577396392822 -0.222252771258354 -0.0273743290454149 0.00225237919948995 0.0124986916780472 -0.0213384237140417 -0.157065317034721 -0.0264864712953568 0.161760225892067
-0.0227432455867529 0.00559736508876085 0.0597779080271721 0.149854749441147 0.153072610497475 -0.0112006533890963 0.0936435759067535 0.0343813039362431 -0.0450984425842762 -0.0886091142892838 0.108599297702312 -0.0171622075140476 -0.100062057375908 -0.00920250453054905 0.0254858881235123 -0.0721796154975891 0.0606490857899189 0.104547068476677 0.053888414055109 -0.0489205121994019 0.145572140812874 -0.0776075795292854 -0.0167321674525738 0.0723097994923592 -0.00599947292357683 0.0335847064852715 -999 -999 -999 -999 -999 -0.188420712947845 -0.177572995424271 0.28655818104744 -999 0.0265806224197149 -0.0520081594586372 0.0581184811890125 -0.0490971431136131 0.0961318388581276 0.0461787320673466 0.0917606577277184 0.0486321598291397
0.0435137562453747 0.109937131404877 0.0677744224667549 0.101730763912201 0.0563520900905132 0.151368662714958 0.0843789353966713 -0.00749872950837016 0.0624390058219433 0.0660976096987724 -0.0664741396903992 0.0479647442698479 -0.0964169800281525 0.0401999391615391 -0.0611449740827084 0.0873085483908653 -0.0589833371341228 0.173392415046692 0.0309401974081993 0.0601394660770893 0.0496644638478756 0.0971171706914902 0.0285727456212044 0.0452747344970703 0.0220658145844936 0.136600106954575 -0.00775301596149802 -999 -999 -999 -999 -999 0.0460687913000584 -999 -999 -999 0.0596971921622753 -0.0472650714218616 0.0222588181495667 -0.115181542932987 0.0465103052556515 0.0235752984881401 -0.00993491057306528
-0.0196086950600147 0.0377064533531666 0.068985253572464 0.0483037084341049 0.0486162826418877 0.0294595398008823 -0.00365608395077288 0.038416150957346 0.0432050041854382 0.0202830191701651 0.112472899258137 0.0272643472999334 -0.0495992004871368 0.0788867250084877 0.0489956885576248 -0.00628467136994004 -0.092259369790554 0.0592023506760597 0.155322283506393 0.102511309087276 0.0960609167814255 0.286580234766006 -0.0368181765079498 0.0284560434520245 0.109803058207035 -0.0144028412178159 0.0837263166904449 -999 -999 -999 -999 -999 -999 -999 -999 -999 -999 -999 -0.258613258600235 0.0466083213686943 -0.0169468931853771 0.125166401267052 -0.0544003397226334
-0.00342644122429192 0.04316121712327 0.10198962688446 0.0369699820876122 0.0589918866753578 -0.0381942875683308 -0.0310307927429676 -0.0736783295869827 -0.0305988751351833 0.0712815076112747 0.0585552006959915 -0.0546194054186344 -0.086884044110775 -0.0650247484445572 0.00287714228034019 0.0792340934276581 -0.0679906904697418 0.0421140231192112 -999 -999 0.0546502768993378 0.108441017568111 0.184082075953484 0.0785338133573532 -0.0242133643478155 -0.0167898181825876 0.129736855626106 -999 -999 -999 -999 -999 -999 -999 -999 -999 -999 -0.0323125272989273 0.139831855893135 0.0648157671093941 -0.0327707938849926 0.0497519932687283 0.12597019970417
