assets/gome_f/processed/ascii/us/gome_sif_US_20130301.asc
NCOLS 116 
NROWS 53 
XLLCORNER -125 
YLLCORNER 24.5 
CELLSIZE 0.5 
NODATA_value -3.4e+38 
[rows 0 to 18 of 53, columns 0 to 42 of 116]
-0.299062401056290 -999 -999 0.445357948541641 0.262712597846985 0.129488736391068 0.0349103547632694 0.0225896649062634 0.0205383617430925 0.0144861144945025 -0.0298509504646063 0.107611589133739 0.0491349510848522 -0.0552304424345493 -999 -999 -999 0.195827469229698 -0.049198467284441 0.122391387820244 0.225127503275871 -0.241553038358688 -0.0196256693452597 0.117681480944157 -0.0908529981970787 -0.121028691530228 0.103027328848839 0.153564438223839 -0.0326908119022846 -0.211969345808029 -999 -999 -999 -999 -999 -999 -999 -999 -999 -999 -999 -999 -999
0.0297656357288361 -0.118964307010174 0.383567988872528 -999 -999 -999 0.0255474373698235 0.0468887537717819 0.00195921468548477 0.0754346624016762 0.0917056873440742 0.186654955148697 0.0217404589056969 0.0315042398869991 0.0227388329803944 -0.3263139128685 0.121348507702351 -0.0865825787186623 0.108272425830364 -0.293530374765396 0.253350973129272 0.086065798997879 0.0827348902821541 0.0154792414978147 0.0206590723246336 0.0560652539134026 0.104829207062721 -0.0682666450738907 0.0132362991571426 0.025114756077528 -0.136294797062874 -0.140939012169838 -0.0539988204836845 -999 -999 -999 -999 -999 -999 -999 -999 -999 -999
0.129617646336555 0.0161254741251469 0.0240568425506353 -0.0188943147659302 -0.20075498521328 -999 0.132732763886452 0.036500908434391 0.134500667452812 0.101483508944511 0.0399310141801834 -0.0552866868674755 0.0222745295614004 -0.0471577160060406 0.171918973326683 0.00439057964831591 -0.0644845739006996 0.230902314186096 0.11857733130455 -0.00168711447622627 -0.0377210639417171 -0.123558297753334 -0.0196151901036501 0.160051226615906 0.123583987355232 0.130859449505806 0.0645463764667511 -0.105475902557373 0.0193681698292494 0.0451124645769596 0.00498581817373633 0.123028635978699 -999 -999 -999 -999 -999 -999 -999 -999 -999 -999 -999
0.231159403920174 0.11943481117487 0.0899857133626938 -0.0799644663929939 0.0714166611433029 -0.0057796984910965 -0.0355080887675285 0.241067141294479 0.0837734937667847 0.0627939403057098 0.016787264496088 0.0193411186337471 0.162037044763565 0.0121888220310211 -0.0524975471198559 -0.0319755524396896 0.104909434914589 0.1490768045187 -0.110954336822033 -0.0287708155810833 -0.307446032762527 0.0810000225901604 0.0606850869953632 0.0853631049394608 -0.0774877592921257 0.125881984829903 0.0464914254844189 -0.0842454358935356 0.0664582028985023 -0.11637070029974 -0.0340324528515339 -999 -999 -999 -999 -999 -999 -999 -999 -999 -999 -999 -999
0.0586263611912727 0.140646442770958 0.3119977414608 0.0489796213805676 -0.053038414567709 0.138824433088303 0.0701401755213737 0.013338316231966 -0.10751036554575 -0.00123631581664085 -0.0559079125523567 -0.0208474583923817 -0.0787872076034546 0.162394106388092 0.046709556132555 0.146200805902481 -0.00883558392524719 0.0645008161664009 0.103249214589596 0.0337825901806355 0.0454322844743729 -0.139086857438087 0.0296948552131653 0.0762411504983902 0.0760674774646759 -2.81259417533875e-07 -0.0306549835950136 -0.0333883315324783 0.126045241951942 0.0793949589133263 0.0408813208341599 0.027160856872797 -0.0723684057593346 0.0393512733280659 -0.120696946978569 -999 -999 -999 -999 -999 -999 -999 -999
0.159872606396675 0.265485554933548 0.250582605600357 0.103734686970711 0.144291520118713 0.0296674873679876 0.118252910673618 0.109746895730495 0.127139806747437 0.000402106350520626 0.0632481202483177 0.0610991194844246 0.0280448198318481 0.0340366289019585 0.109959699213505 0.0450138784945011 -0.00355208129622042 0.00335471821017563 0.166051477193832 0.181449353694916 -0.0269193053245544 0.0736398994922638 -0.0596307925879955 -0.13629287481308 -0.0392360277473927 0.0622141920030117 0.013089251704514 -0.157879546284676 -0.0539105087518692 0.00808507855981588 -0.0776522979140282 0.305865168571472 -0.0408496856689453 -0.0172826685011387 -0.0514590851962566 0.0399027653038502 -0.0438138656318188 0.2924545109272 -999 -999 -999 -999 -999
-0.0792564079165459 0.107909560203552 0.0641012638807297 0.151647478342056 0.308862656354904 0.177763670682907 0.180165752768517 0.113510064780712 0.0630330964922905 0.0638723149895668 0.0810844302177429 0.0319468453526497 0.027945788577199 0.0736011266708374 0.10247590392828 0.0223370175808668 0.115031242370605 0.127570167183876 0.0896659046411514 0.0135200330987573 0.2797572016716 0.0397694632411003 -0.0242605768144131 -0.214405000209808 0.0721211582422256 0.0935105010867119 0.0743971690535545 0.0161788128316402 -0.00378175778314471 -0.0134573541581631 0.0183264203369617 0.128631740808487 0.128955841064453 0.00709001114591956 0.0820286497473717 -0.101348012685776 -0.0690197348594666 -0.00396217033267021 0.144365668296814 0.0350809171795845 -0.182088747620583 0.239980861544609 -0.0271377079188824
-0.0245947856456041 0.100963674485683 0.172566488385201 0.137748405337334 0.101516172289848 0.046894297003746 0.111949756741524 0.155367210507393 0.110622465610504 0.117229089140892 0.0712041705846786 0.146917060017586 0.255058377981186 0.130692675709724 0.148036450147629 0.0894641503691673 0.0977177619934082 0.0363853350281715 0.256099373102188 0.103348426520824 0.0608041770756245 0.188546746969223 -0.0251625832170248 0.196700811386108 0.0960225313901901 0.146831035614014 0.0203894209116697 0.0378795601427555 0.0200907457619905 0.00866745226085186 -0.0474416203796864 0.0892891213297844 0.0552887804806232 -0.0128650004044175 0.102879911661148 -0.0697181597352028 -0.00923230405896902 0.0442300103604794 -0.0595594868063927 -0.0855930596590042 0.0254445429891348 -0.0158798284828663 -0.0245527122169733
0.130048662424088 0.0378774702548981 0.0652179196476936 0.218896120786667 0.259823739528656 0.152122139930725 0.12381798774004 0.0461451634764671 0.0805711895227432 0.173462435603142 0.194224864244461 0.143297106027603 0.148161858320236 0.138144254684448 0.12513767182827 -0.0210180375725031 0.0908466950058937 0.0818796306848526 0.0201747845858335 0.146311953663826 -0.00412586936727166 0.0308011900633574 0.146141901612282 0.0481812506914139 -0.0237456057220697 0.0379671230912209 0.03152921423316 -0.146175310015678 0.0336775481700897 -0.0160483922809362 0.0432748533785343 0.0287977326661348 0.082143560051918 0.0408850982785225 0.0792382881045341 -0.0133056854829192 0.121150195598602 -0.0838500410318375 0.00383958220481873 0.0126583380624652 0.0355545058846474 -0.098310612142086 0.0711026787757874
0.0685003027319908 -0.0454463511705399 0.201802879571915 0.171921357512474 -0.000948005064856261 -0.0268098525702953 0.277829498052597 0.052827961742878 0.174791723489761 0.168650105595589 0.0829164013266563 0.167195305228233 0.172629848122597 0.109571598470211 0.256668031215668 0.0225391201674938 -0.0136223034933209 0.174136728048325 0.000255166116403416 0.0177877508103848 -0.0181771479547024 0.0941316783428192 0.0867388546466827 0.0756769701838493 0.0581886321306229 0.0126201473176479 -0.183232232928276 -0.0289590768516064 0.0344365052878857 -0.0771873742341995 -0.108590602874756 0.0782034993171692 0.0433315746486187 0.0399655811488628 -0.00490727787837386 8.11060890555382e-05 -0.0307582318782806 -0.109472833573818 -0.100994653999805 0.0341968014836311 -0.0666071623563766 0.0844234973192215 -0.0179232154041529
-0.0431084521114826 -0.031918179243803 0.12611711025238 0.0591811463236809 0.221075028181076 0.338865727186203 0.28263384103775 0.101429529488087 0.286911994218826 0.164364963769913 0.0933203101158142 0.178917646408081 0.140148818492889 0.193838566541672 0.110937587916851 0.0498603470623493 0.0764189511537552 0.0262236781418324 0.136003986001015 0.0411083735525608 0.103223279118538 -0.0179717857390642 -0.177581951022148 0.0609585270285606 0.0725898817181587 0.11251126229763 0.0882939025759697 0.0187309682369232 0.179058134555817 -0.0594235882163048 -0.0192003045231104 0.0672061890363693 0.00315926666371524 0.0286133289337158 -0.0263824518769979 0.0401792861521244 0.0550055652856827 0.00613698642700911 0.0307089388370514 -0.0732073411345482 0.173500508069992 -0.0765317007899284 0.0098212668672204
0.0915387347340584 0.00289919716306031 0.0565854236483574 0.369037955999374 0.296081632375717 0.234968066215515 0.313177943229675 0.103052511811256 0.106008231639862 0.0826842784881592 0.128933176398277 0.0626028403639793 -0.077861599624157 -0.0220546163618565 0.0183538161218166 0.0621433854103088 0.178506374359131 -0.0652744024991989 0.304917275905609 -0.107192136347294 0.236503183841705 0.010796993970871 -0.271400690078735 -0.0465938895940781 0.0776622071862221 0.00475511467084289 -0.100104033946991 -999 0.107000656425953 -999 0.267763048410416 0.0394664146006107 0.00309295207262039 -0.0115596801042557 0.0784470811486244 -0.0584125518798828 -0.0483710207045078 -0.0334973484277725 -0.00424017896875739 0.133287653326988 0.0962922871112823 0.0231159441173077 0.00435104221105576
0.0750270560383797 0.205533191561699 0.0991938412189484 0.198008254170418 0.225079655647278 0.171497717499733 0.226614475250244 0.0458060167729855 0.130764871835709 0.0844080746173859 0.0783815532922745 0.323383152484894 0.0887618362903595 0.113318532705307 0.144133135676384 -0.0702249929308891 -0.0332334078848362 0.172487989068031 0.138921394944191 0.121157847344875 0.0279131382703781 -0.0945206433534622 -0.0522074922919273 -0.15344999730587 0.425408661365509 -0.21210803091526 -999 0.235781297087669 -999 -999 -999 0.103450208902359 0.00127735151909292 -0.0221233200281858 -0.0337446741759777 -999 0.00932939443737268 0.129224374890327 -0.0236648097634315 -0.170072093605995 0.0457614809274673 0.0986107289791107 0.036729209125042
-0.0574051961302757 0.0411156639456749 -0.0359805412590504 0.36167848110199 0.292261809110641 0.148469820618629 0.265225470066071 0.055847056210041 0.067253403365612 0.0709210410714149 -0.0108622182160616 0.0515387170016766 0.0927981212735176 -0.118690587580204 0.0188607573509216 -0.0324751511216164 0.0611523911356926 0.0224160850048065 -0.0672659575939178 -0.0385184288024902 0.317912220954895 -0.0202236548066139 0.126046404242516 -0.108082219958305 0.0968156903982162 -999 -999 -999 -999 -999 -999 0.360957145690918 -0.00583814457058907 0.0653915926814079 -0.0283347237855196 -0.189650982618332 -0.00471334671601653 0.006903734523803 0.0310207027941942 -0.110521279275417 0.089474268257618 0.0853794515132904 0.145825639367104
-0.065778560936451 -0.0105031561106443 0.365528374910355 0.301655888557434 0.100461483001709 0.200016155838966 0.0469174571335316 0.0972304046154022 0.0740415751934052 0.0800629332661629 0.0551011562347412 0.00110659992787987 -0.0795883014798164 0.107498906552792 0.0541292019188404 -0.0530775524675846 0.12610624730587 0.107014387845993 -0.0617529898881912 -0.0382254011929035 0.0594382993876934 -0.0207857452332973 -0.0698024407029152 -0.0899994596838951 0.0776615217328072 -0.0565381459891796 0.0705913677811623 -999 -999 -999 0.124632060527802 0.0338729470968246 -0.0539570525288582 0.189878717064857 -0.142430856823921 -0.0587214715778828 0.0927576869726181 0.0573208257555962 0.013304284773767 0.130075857043266 -0.0400518923997879 -0.0756586939096451 -0.00902359094470739
0.00858656410127878 -0.0334305763244629 0.182838067412376 0.162938565015793 0.232667729258537 0.0477882549166679 0.0925527736544609 -0.00208914582617581 0.0625856220722198 0.00768444268032908 0.0905613526701927 0.0239837840199471 0.133176788687706 0.00273827672936022 -0.0318398699164391 0.0333063788712025 0.0743774324655533 0.0617354735732079 -0.00308655761182308 0.00135327433235943 0.0809043720364571 0.0142648722976446 -0.0364554934203625 -0.0158789865672588 -0.0527007803320885 0.0148400506004691 -0.37056228518486 -0.128986299037933 -999 -999 -999 0.195173755288124 -0.0733882486820221 0.00699397688731551 0.0302840135991573 0.101707778871059 0.0507517457008362 -0.0604934692382812 0.0780201032757759 -0.0331079736351967 0.0574147403240204 0.055261455476284 0.00762782944366336
0.0280040297657251 0.0125717641785741 0.204434409737587 0.179058268666267 0.17555159330368 0.121285475790501 0.0569867752492428 0.0644761770963669 0.0644745975732803 0.0864386409521103 0.00275505776517093 0.0581359229981899 -0.030076190829277 0.0451652146875858 0.030392125248909 0.0375921875238419 -0.042652390897274 0.0219173599034548 0.083977498114109 0.121190056204796 0.0499249435961246 0.14916005730629 0.13771091401577 0.152740880846977 0.146661207079887 0.00814096629619598 -999 -999 -999 0.0609844662249088 -0.0354691073298454 -0.0976841747760773 0.16608764231205 0.103446044027805 -0.0796537399291992 0.0804855823516846 -0.00375811010599136 0.114923372864723 -0.0207160674035549 0.0665080547332764 -0.0552784316241741 0.0290640201419592 0.180415973067284
-0.0241239108145237 0.11584111303091 0.0830364003777504 0.241455882787704 0.144658952951431 0.153890416026115 0.0523058474063873 -0.0316534154117107 0.0926308408379555 0.0881804525852203 0.0710907503962517 0.0444189757108688 -0.0430720522999763 0.0467321611940861 0.112722717225552 0.0562809482216835 0.0753290206193924 0.00807161070406437 0.135865196585655 0.0484818853437901 0.0115412408486009 0.209967792034149 0.0306069180369377 0.138824954628944 -0.0667387545108795 0.184797585010529 -0.078796960413456 -999 -999 -0.0244942009449005 0.00360394269227982 -0.0284622870385647 -0.0646159946918488 -0.0587206371128559 0.104268409311771 -0.0783859491348267 -0.0155327990651131 -0.0269129257649183 -0.0758415535092354 -0.0456032566726208 0.030877236276865 -0.0380492843687534 0.108505338430405
-0.00966947712004185 0.105989836156368 0.146936655044556 0.163822323083878 0.198661252856255 0.0942812711000443 0.169893711805344 0.179622948169708 0.0103753414005041 0.0474879890680313 0.142377763986588 0.00480549084022641 0.0289407428354025 0.0352193266153336 -0.0650272890925407 0.074493519961834 -0.0376520566642284 0.0817233249545097 -0.255471706390381 0.212684988975525 -0.0113147469237447 0.0643103495240211 -0.014336702413857 0.0697416141629219 0.0394382178783417 -0.0722070559859276 -0.00432643666863441 0.309159815311432 -0.0217155124992132 -0.0243538413196802 -0.043400164693594 0.0324535816907883 -0.0285070445388556 -0.000447555794380605 0.0522866807878017 0.0990583896636963 0.07829450070858 0.0155102945864201 -0.0867687463760376 0.017557205632329 0.0753525942564011 0.00774329900741577 0.151975110173225
