assets/gome_f/processed/ascii/us/gome_sif_US_20120501.asc
NCOLS 116 
NROWS 53 
XLLCORNER -125 
YLLCORNER 24.5 
CELLSIZE 0.5 
NODATA_value -3.4e+38 
[rows 19 to 37 of 53, columns 44 to 87 of 116]
0.185740143060684 0.29773274064064 0.243635192513466 0.427046269178391 0.232191622257233 0.394382357597351 0.388314723968506 0.446298867464066 0.427140325307846 0.278465002775192 0.241155847907066 0.211781695485115 0.372975766658783 0.313497692346573 0.237685605883598 0.34847891330719 0.31251123547554 0.531201899051666 0.681414484977722 0.669062614440918 0.570763826370239 0.324955523014069 0.536453247070312 0.383799612522125 0.469895124435425 0.267628282308578 0.328246474266052 0.32997253537178 0.355544209480286 0.289480060338974 0.330323487520218 0.381106615066528 0.422481715679169 0.35816553235054 0.405005156993866 0.279226928949356 0.428143501281738 0.213588714599609 0.458156019449234 0.28343477845192 0.464731305837631 0.570185363292694 0.454460144042969 0.59744668006897
0.310091614723206 0.323994904756546 0.293135732412338 0.442570447921753 0.280826956033707 0.43088972568512 0.38909587264061 0.287586629390717 0.274787217378616 0.30821892619133 0.072404071688652 0.220453962683678 0.25909760594368 0.251287370920181 0.363249242305756 0.463172167539597 0.545971632003784 0.659408509731293 0.664486944675446 0.743811726570129 0.695573925971985 0.675702393054962 0.680840373039246 0.517752051353455 0.578961491584778 0.359606742858887 0.325442254543304 0.462184339761734 0.214275404810905 0.237884491682053 0.12645660340786 0.166254594922066 0.309867471456528 0.378033518791199 0.389253407716751 0.316474825143814 0.423093020915985 0.219743803143501 0.311663120985031 0.396424680948257 0.465164542198181 0.597522377967834 0.768500983715057 0.748588383197784
0.228676378726959 0.276117771863937 0.342947065830231 0.393876016139984 0.414601713418961 0.307724297046661 0.351788818836212 0.326775163412094 0.390810042619705 0.430328726768494 0.285277843475342 0.384001433849335 0.377810657024384 0.285959452390671 0.461429804563522 0.485042333602905 0.575067162513733 0.66401606798172 0.712204813957214 0.795518398284912 0.810167253017426 0.916932284832001 0.730888605117798 0.732857823371887 0.564675986766815 0.529436647891998 0.462842553853989 0.275422602891922 0.278524160385132 0.266270458698273 0.186642497777939 0.429430514574051 0.301539182662964 0.321651369333267 0.38624769449234 0.399585634469986 0.379528373479843 0.379332363605499 0.260594069957733 0.573980212211609 0.540147304534912 0.782539427280426 0.789754748344421 0.947545409202576
0.337823122739792 0.195008084177971 0.38282784819603 0.30287778377533 0.367329567670822 0.324783533811569 0.434955209493637 0.507915198802948 0.383808732032776 0.44890159368515 0.531169533729553 0.501103043556213 0.496833056211472 0.400731861591339 0.406293272972107 0.457663089036942 0.645007133483887 0.576887667179108 0.746216237545013 0.645475506782532 0.657801032066345 0.718159675598145 0.463061630725861 0.652808487415314 0.623514890670776 0.529706954956055 0.382693827152252 0.350085735321045 0.37791633605957 0.234396994113922 0.421686708927155 0.375518888235092 0.60385650396347 0.422611087560654 0.405757308006287 0.426934719085693 0.354838192462921 0.637510120868683 0.547673940658569 0.417620688676834 0.541460573673248 0.875241458415985 0.798901319503784 0.990881741046906
0.232550054788589 0.232234045863152 0.231810599565506 0.318721264600754 0.368174582719803 0.261755287647247 0.455637395381927 0.457370966672897 0.406476676464081 0.498213201761246 0.437621355056763 0.520382344722748 0.4356769323349 0.567657053470612 0.618668496608734 0.662597417831421 0.640598475933075 0.725298881530762 0.564677894115448 0.627928733825684 0.678678929805756 0.706142008304596 0.641569495201111 0.634665846824646 0.702043473720551 0.688522040843964 0.462231695652008 0.397860676050186 0.552273750305176 0.438595682382584 0.542776167392731 0.541086673736572 0.727842628955841 0.54334431886673 0.663330674171448 0.548109412193298 0.706757485866547 0.626504421234131 0.705972671508789 0.858611822128296 0.885378897190094 0.874361157417297 0.897312164306641 0.900649905204773
0.230108350515366 0.179133325815201 0.272008329629898 0.294360011816025 0.411168813705444 0.392333894968033 0.344846159219742 0.377550661563873 0.334655463695526 0.507887005805969 0.51025003194809 0.589484095573425 0.540025532245636 0.611619114875793 0.624053776264191 0.620746850967407 0.781998813152313 0.763055980205536 0.843410134315491 0.715088665485382 0.66095894575119 0.871615171432495 0.722410798072815 0.895269155502319 0.665618181228638 0.56783252954483 0.476693898439407 0.481194138526917 0.455042988061905 0.507298290729523 0.424294799566269 0.47083106637001 0.700432956218719 0.786422729492188 0.716923117637634 0.819041609764099 0.927523374557495 0.933474957942963 0.904754161834717 0.976742208003998 1.02877688407898 0.863680183887482 1.03793561458588 1.00811064243317
0.287377178668976 0.244140669703484 0.355934143066406 0.340956509113312 0.237245216965675 0.272054940462112 0.334375590085983 0.394748032093048 0.309222221374512 0.369139850139618 0.484719187021255 0.54615581035614 0.601517975330353 0.668854534626007 0.686786472797394 0.641482472419739 0.804675281047821 0.78546267747879 0.758009433746338 0.838809013366699 0.747612535953522 0.928769469261169 0.876697421073914 0.877160787582397 0.910188376903534 0.773351848125458 0.61531263589859 0.442883044481277 0.595522105693817 0.462865829467773 0.572749257087708 0.63773387670517 0.778315782546997 0.760839283466339 0.7559654712677 0.849296391010284 0.962612748146057 0.991586863994598 0.851449191570282 1.02764701843262 0.890857517719269 0.800411403179169 1.16212105751038 0.853485524654388
0.195417523384094 0.26686418056488 0.336233705282211 0.376373797655106 0.305109232664108 0.347708404064178 0.279569357633591 0.408657908439636 0.391829609870911 0.510833203792572 0.481813460588455 0.47468090057373 0.585641741752625 0.560242891311646 0.670718133449554 0.693576276302338 0.781053364276886 0.936013340950012 0.795094609260559 0.850638628005981 0.858660221099854 0.946197330951691 0.952300786972046 0.910006105899811 0.947491705417633 0.726671159267426 0.808170437812805 0.755239129066467 0.685673296451569 0.574698925018311 0.682200074195862 0.476557850837708 0.744579136371613 0.831882834434509 0.64502477645874 0.879870235919952 0.976644933223724 0.839889228343964 0.945249497890472 0.781899273395538 0.925257503986359 0.833538115024567 1.08238434791565 0.819611072540283
0.329775601625443 0.385273337364197 0.184139505028725 0.328823506832123 0.233793690800667 0.242460742592812 0.347989469766617 0.396504759788513 0.461819648742676 0.45698019862175 0.51336133480072 0.421915203332901 0.654504477977753 0.697027146816254 0.709333896636963 0.67674708366394 0.698538422584534 0.769917368888855 0.698987722396851 0.734037578105927 0.862356126308441 0.917420446872711 0.880509674549103 0.806609570980072 0.91258430480957 0.907292723655701 0.978112578392029 0.757630527019501 0.65552693605423 0.766855895519257 0.774727284908295 0.850242733955383 0.708180546760559 0.829466998577118 0.822041094303131 0.755494773387909 0.932634055614471 0.781077921390533 1.05403327941895 0.638440907001495 0.977642595767975 0.960847437381744 1.03608202934265 0.911083996295929
0.157398894429207 0.350320398807526 0.213493123650551 0.392069697380066 0.213585808873177 0.319297462701797 0.269977152347565 0.297077357769012 0.433093935251236 0.490527004003525 0.510470747947693 0.41229248046875 0.558769345283508 0.720530986785889 0.556046068668365 0.771833777427673 0.723612904548645 0.891917586326599 0.735516965389252 0.753421723842621 0.796639204025269 0.68513959646225 0.90887176990509 0.569424748420715 0.882644295692444 0.467771381139755 0.458177387714386 0.574118256568909 0.520505845546722 0.714933812618256 0.610782444477081 0.865804255008698 0.768273651599884 0.773073613643646 0.884206533432007 0.817349970340729 0.885049104690552 0.912878334522247 1.06227707862854 0.967645764350891 1.00174069404602 1.01538598537445 0.867235720157623 0.949805438518524
0.245412677526474 0.266906589269638 0.342577576637268 0.327855676412582 0.344986468553543 0.250927627086639 0.323322296142578 0.399779558181763 0.448023617267609 0.434783786535263 0.392939209938049 0.44224014878273 0.532646119594574 0.68230789899826 0.630861520767212 0.842113733291626 0.619372308254242 0.894526720046997 0.964939177036285 0.807876646518707 0.872839510440826 0.602830827236176 0.770561337471008 0.71151065826416 0.542350649833679 0.49484995007515 0.324982196092606 0.469157218933105 0.539199948310852 0.801701664924622 0.805818498134613 0.925653457641602 0.785138607025146 0.629110276699066 0.755034387111664 0.558712899684906 1.02808749675751 0.82613605260849 0.916182696819305 0.886178731918335 0.701813161373138 0.828686058521271 0.530885934829712 0.901436746120453
0.188361793756485 0.170909136533737 0.321132183074951 0.219448655843735 0.38861471414566 0.19799043238163 0.362291604280472 0.311082094907761 0.435460597276688 0.467671632766724 0.475641369819641 0.574146866798401 0.546840786933899 0.616250276565552 0.842639923095703 0.671505570411682 0.835318028926849 0.709437072277069 0.959577560424805 0.746081113815308 0.941533446311951 0.582385122776031 0.810254991054535 0.434536784887314 0.281434625387192 0.345245122909546 0.431055128574371 0.602859139442444 0.491721421480179 0.861230909824371 0.857324421405792 0.884458959102631 0.822100400924683 0.509884715080261 0.86455762386322 0.689339399337769 0.911099314689636 0.91284853219986 0.695193111896515 0.911459147930145 0.885661482810974 0.886857807636261 0.60320371389389 0.773549735546112
0.0839332193136215 0.195017635822296 0.190966486930847 0.281809777021408 0.338518500328064 0.359576284885406 0.344540476799011 0.325401365756989 0.353163152933121 0.426234602928162 0.491501837968826 0.867349147796631 0.556736528873444 0.698507130146027 0.78350818157196 0.680188536643982 0.775149583816528 0.552843987941742 0.651356279850006 0.529463171958923 0.587851881980896 0.777524411678314 0.554133594036102 0.469470590353012 0.16989840567112 0.517636835575104 0.496936798095703 0.63186901807785 0.870822727680206 0.686370730400085 0.861004769802094 0.724412500858307 0.847179293632507 0.610833466053009 0.887905478477478 0.905953228473663 0.747848510742188 0.968987941741943 0.630757093429565 0.880972862243652 0.526910066604614 0.855260848999023 0.933496952056885 0.712908148765564
0.139391332864761 0.164386197924614 0.12383858114481 0.143587380647659 0.183546081185341 0.247255727648735 0.273911833763123 0.248554825782776 0.347359120845795 0.414749532938004 0.46290722489357 0.633711457252502 0.606618523597717 0.544966042041779 0.693890035152435 0.535186946392059 0.66853803396225 0.403510391712189 0.674364864826202 0.800817310810089 0.73834615945816 0.49217501282692 0.472237586975098 0.598716855049133 0.487328469753265 0.62999963760376 0.869691610336304 0.651075899600983 0.648303270339966 0.621135056018829 0.836702883243561 0.732164204120636 0.80816650390625 0.949159562587738 0.793688535690308 0.833780527114868 0.679760754108429 0.83843994140625 0.624117076396942 0.865042746067047 0.599950313568115 0.737680613994598 0.770256698131561 0.462683618068695
0.121788077056408 -0.0844339728355408 0.075092576444149 0.0584532208740711 0.259328156709671 0.08016537129879 0.0697891786694527 0.235046803951263 0.283924102783203 0.364302098751068 0.469616204500198 0.623290121555328 0.495837360620499 0.506177008152008 0.514160871505737 0.124812223017216 0.626579225063324 0.66901558637619 0.680194020271301 0.666825652122498 0.65499085187912 0.557338297367096 0.616373777389526 0.542664885520935 0.297233492136002 0.486962676048279 0.686648845672607 0.715868949890137 0.66618549823761 0.6092289686203 0.691265046596527 0.876375317573547 0.649517118930817 0.82683402299881 0.63753879070282 0.793655812740326 0.533546030521393 0.7873654961586 0.825734376907349 0.634083032608032 0.673415243625641 0.589025616645813 0.67898154258728 0.224758669734001
0.0788303166627884 0.022457180544734 0.227356970310211 0.19047424197197 -0.0242734458297491 0.0637323409318924 0.117182843387127 0.209849044680595 0.0965474024415016 0.204075843095779 0.401649564504623 0.517420887947083 0.579191744327545 0.509424388408661 0.499004989862442 0.653202176094055 0.570382595062256 0.583443462848663 0.45724806189537 0.540053188800812 0.672320783138275 0.625820875167847 0.520568013191223 0.567749202251434 0.462838888168335 0.602132678031921 0.736118137836456 0.491385161876678 0.775204837322235 0.626694142818451 0.822676718235016 0.599531292915344 0.836268365383148 0.842778563499451 0.792446732521057 0.828436672687531 0.490730494260788 0.61844527721405 0.588866293430328 0.532977819442749 0.733140170574188 0.560094594955444 0.627723693847656 0.532674610614777
0.0928295850753784 0.0310545302927494 0.213583022356033 0.0984103009104729 0.070514403283596 0.166303589940071 0.187271490693092 0.102584183216095 0.327752143144608 0.26852622628212 0.320511370897293 0.373991727828979 0.390717446804047 0.454758167266846 0.506914854049683 0.608829736709595 0.644299626350403 0.651307165622711 0.697830617427826 0.682696580886841 0.48050531744957 0.698078453540802 0.636420130729675 0.466492861509323 0.498968183994293 0.92099142074585 0.804647147655487 0.827878773212433 0.78118509054184 0.715539157390594 0.688959360122681 0.69848757982254 0.575179159641266 0.652701914310455 0.645628213882446 0.824118852615356 0.729653000831604 0.397947877645493 0.707016408443451 0.461499124765396 0.6246178150177 0.459104061126709 0.606132328510284 0.555524230003357
0.0299401767551899 0.121756874024868 0.199967533349991 0.066818468272686 0.224208295345306 0.227301031351089 0.211722657084465 0.235926002264023 0.32770699262619 0.0548486225306988 0.428986012935638 0.361563831567764 0.567897439002991 0.489544749259949 0.496782451868057 0.692697048187256 0.39959329366684 0.652350187301636 0.553102135658264 0.639440715312958 0.677145957946777 1.00263941287994 0.630073487758636 0.624702751636505 0.636184573173523 0.521101474761963 0.7443767786026 0.707524061203003 0.607608258724213 0.783139407634735 0.470101833343506 0.750244677066803 0.669296383857727 0.579874455928802 0.780739367008209 0.733785629272461 0.630303204059601 0.463031828403473 0.571711242198944 0.585776627063751 0.601540625095367 0.593801259994507 0.577506959438324 0.581625521183014
0.0757550299167633 0.114113844931126 0.153535753488541 0.128418833017349 0.317823946475983 0.188129082322121 0.304593592882156 0.439497768878937 0.414065480232239 0.354733407497406 0.513929665088654 0.390448540449142 0.387175530195236 0.502748370170593 0.561351537704468 0.596822917461395 0.619012534618378 0.695377230644226 0.543598532676697 0.434157013893127 0.595617711544037 0.713565707206726 0.556298315525055 0.624814331531525 0.827602326869965 0.750273466110229 0.88201367855072 0.792517840862274 0.658462584018707 0.772944033145905 0.755676746368408 0.711389362812042 0.660659670829773 0.841672897338867 0.833567023277283 0.420998454093933 0.640273809432983 0.294948667287827 0.551937699317932 0.57591724395752 0.400820732116699 0.486424297094345 0.38495671749115 0.432254463434219
