assets/gome_f/processed/ascii/us/gome_sif_US_20120301.asc
NCOLS 116 
NROWS 53 
XLLCORNER -125 
YLLCORNER 24.5 
CELLSIZE 0.5 
NODATA_value -3.4e+38 
[rows 19 to 37 of 53, columns 43 to 85 of 116]
0.0406206175684929 0.0834296941757202 0.0335406847298145 0.0781048834323883 0.080862432718277 0.0876037254929543 0.055630411952734 0.0467298440635204 -0.00918280333280563 0.104119919240475 0.0361046083271503 0.0239780656993389 0.0786863341927528 0.0402871854603291 0.0303566791117191 0.0223981104791164 0.0505072735249996 0.160016283392906 0.0731440857052803 0.157913342118263 0.0554384477436543 0.17359022796154 0.0135801304131746 0.110752463340759 0.195619285106659 0.0526813678443432 0.098089411854744 0.071071982383728 0.103305116295815 0.0128163127228618 -0.0155552048236132 0.0475341156125069 0.14837858080864 0.171051993966103 0.00346303591504693 0.0547105632722378 0.16889700293541 0.118891291320324 0.129050001502037 0.111164338886738 0.13202777504921 0.052954263985157 0.0640669986605644
-0.0526445619761944 0.0764213651418686 0.0245836097747087 0.0879763141274452 0.0601959936320782 0.0867302864789963 0.0903056636452675 0.0553522557020187 0.0882564559578896 0.126131802797318 0.0398720987141132 0.00599008519202471 0.152900531888008 0.136999636888504 0.0161947328597307 0.0984948948025703 0.0979940742254257 -0.00277487142011523 0.125086665153503 0.168123975396156 0.11588479578495 0.19155640900135 0.101734638214111 0.00593176716938615 0.12362227588892 0.0619001388549805 0.0456545725464821 0.0996683686971664 0.140994921326637 0.0315258391201496 0.0675002709031105 0.0951235964894295 0.134437561035156 0.138161242008209 0.0966693609952927 0.103528887033463 0.0730799064040184 0.0879273191094398 0.0453120991587639 0.0923303067684174 0.127391710877419 0.204644069075584 0.0933249965310097
0.173900902271271 0.0805940702557564 0.110070832073689 0.0846534743905067 0.0845194905996323 0.00397526565939188 0.0648052543401718 0.0537903234362602 0.0889729857444763 0.117131352424622 0.0969767570495605 0.128247529268265 0.131171703338623 0.141695484519005 0.122120171785355 0.117052264511585 0.0187747217714787 0.0407933369278908 0.00577574409544468 0.200683787465096 0.161466345191002 0.097650945186615 0.00786918122321367 0.0586618222296238 0.151996031403542 0.0524280704557896 0.131538197398186 0.169571280479431 0.138202145695686 0.0656102672219276 0.0150419007986784 0.108391456305981 0.147652864456177 0.158055916428566 0.0935129150748253 0.168392971158028 0.0427428148686886 -0.019385140389204 0.122631311416626 0.272833228111267 0.145682945847511 0.0944762825965881 0.211919277906418
0.0425317957997322 0.0648261606693268 0.0432609058916569 0.101099573075771 0.0748907774686813 0.110072806477547 0.0408951304852962 0.109313674271107 0.11924634873867 0.181053176522255 0.24943782389164 0.106523290276527 0.184535786509514 0.23989337682724 0.0845416039228439 0.136735260486603 0.137044325470924 0.0966973155736923 0.0403348989784718 0.199754938483238 0.0433895252645016 -0.00306796282529831 0.252128630876541 0.1349878013134 0.111424639821053 0.221043214201927 0.0840675607323647 -0.0645070821046829 0.105157792568207 0.0696708261966705 0.182262882590294 0.0950684621930122 0.109153017401695 0.274880886077881 0.172151073813438 0.115222908556461 0.0595717951655388 0.110473304986954 0.139545232057571 0.158390924334526 0.154583916068077 0.184814676642418 0.129175931215286
0.0491986498236656 0.0584852322936058 0.112695656716824 0.0631098523736 0.0718854963779449 0.159965872764587 0.179476544260979 0.198329597711563 0.164833322167397 0.116531059145927 0.203730329871178 0.139867067337036 0.214144751429558 0.164713218808174 0.0857274904847145 0.178083315491676 0.0590267926454544 0.146327406167984 0.0651465430855751 0.0756550282239914 0.152531176805496 0.0939202085137367 0.110094003379345 0.0827135220170021 0.268852949142456 0.24345563352108 0.0669953152537346 0.12301280349493 0.267294406890869 0.119308486580849 0.0215625893324614 0.130003079771996 0.0956841632723808 0.108952522277832 0.0661139413714409 0.256149560213089 0.126029953360558 0.238489896059036 0.211674049496651 0.104153573513031 0.153118640184402 0.17208343744278 0.108730643987656
-0.034193716943264 0.119139797985554 0.149613738059998 0.122980512678623 0.169973239302635 0.12625689804554 0.167057514190674 0.232096403837204 0.211986064910889 0.189781084656715 0.191622689366341 0.310706228017807 0.197961419820786 0.214600309729576 0.0820556059479713 0.198480144143105 0.0846980363130569 0.248742684721947 0.188221126794815 0.221631526947021 0.0951679423451424 0.24318140745163 0.217304840683937 0.218581527471542 0.124308995902538 0.0953243598341942 0.239656448364258 0.150153011083603 0.146283850073814 0.163496062159538 0.127840831875801 0.221137836575508 0.158931061625481 0.236335247755051 0.101690843701363 0.168481186032295 0.220263570547104 0.198139235377312 0.170899242162704 0.151802912354469 0.182098746299744 0.0642483606934547 0.195860207080841
-0.0945346429944038 0.0192457512021065 0.0578946471214294 0.104705564677715 0.098514050245285 0.126855880022049 0.0895856842398643 0.132476776838303 0.174644887447357 0.193154692649841 0.233426168560982 0.391631752252579 0.344734817743301 0.134815767407417 0.118690371513367 0.172434329986572 0.110477857291698 0.210137888789177 0.234278663992882 0.130115285515785 0.110403716564178 0.147164762020111 0.216921702027321 0.0741788968443871 0.246419832110405 0.196159869432449 0.132699474692345 0.232810854911804 0.232209324836731 0.227787494659424 0.32209986448288 0.259426862001419 0.175473093986511 0.280482739210129 0.144721582531929 0.142378196120262 0.208150833845139 0.291615724563599 0.39513286948204 0.312860101461411 0.164666399359703 0.158007115125656 0.0628277137875557
-0.0649756863713264 -0.0107466587796807 0.0408934056758881 0.10818250477314 0.101173959672451 0.098818302154541 0.194065764546394 0.170667141675949 0.202538996934891 0.244739159941673 0.24432373046875 0.330504328012466 0.178447052836418 0.298467457294464 0.0654190480709076 0.0833256766200066 0.238254845142365 0.343632280826569 0.349041879177094 0.121478781104088 0.208776265382767 0.264439463615417 0.0657113343477249 0.211268752813339 0.197570234537125 0.137317642569542 0.20969732105732 0.165757402777672 0.125291064381599 0.211229160428047 0.0838869363069534 0.155161291360855 0.273032367229462 0.282840400934219 0.236056178808212 0.139671117067337 0.285291105508804 0.294156312942505 0.310095727443695 0.0971812978386879 0.115457393229008 0.147496163845062 0.0698353052139282
-0.0212395805865526 -0.0370614789426327 0.108569242060184 0.0357949286699295 0.122069247066975 0.156066179275513 0.213382214307785 0.124827615916729 0.161123275756836 0.1660196185112 0.343935161828995 0.491844087839127 0.365080773830414 0.294477224349976 0.126219496130943 0.15119132399559 0.272628009319305 0.251925587654114 0.297886580228806 0.340435773134232 0.385146647691727 0.247833088040352 0.227232962846756 0.196482345461845 0.163968950510025 0.141416773200035 -0.152753382921219 0.206671521067619 0.2405164539814 0.231510639190674 0.149858877062798 0.382525056600571 0.182956352829933 0.195371672511101 0.262329488992691 0.225839242339134 0.293413579463959 0.207926496863365 0.291996538639069 0.141623139381409 0.0840911418199539 0.0690044686198235 0.0681209713220596
-0.0244217570871115 0.0502168461680412 0.228779450058937 0.119498506188393 0.0585034266114235 0.109799988567829 0.133805006742477 0.280142575502396 0.146943032741547 0.295391321182251 0.583901286125183 0.546338856220245 0.352513641119003 0.237812280654907 0.0721632912755013 0.161031469702721 0.299721091985703 0.191616550087929 0.372546762228012 0.363253742456436 0.207570895552635 0.137887522578239 0.0232037045061588 0.178969576954842 0.14743934571743 0.148221865296364 0.141540214419365 0.182141900062561 0.142020866274834 0.327503472566605 0.299930781126022 0.16654434800148 0.40144270658493 0.405003011226654 0.228532582521439 0.302431285381317 0.199477523565292 0.230803176760674 0.124002747237682 0.191990524530411 0.0519568026065826 0.175822034478188 0.220305621623993
0.0842765048146248 0.0601812116801739 0.11486678570509 0.0591410398483276 0.144561812281609 0.124660477042198 0.0896084755659103 0.0973828062415123 0.160143285989761 0.295973002910614 0.439722299575806 0.369555979967117 0.448027521371841 0.201007604598999 0.156294360756874 0.133316472172737 0.161539986729622 0.336799144744873 0.266971826553345 0.320399880409241 0.240636974573135 0.22985315322876 0.197734624147415 0.071377769112587 0.151943787932396 0.167141959071159 0.159157127141953 0.200109913945198 0.299513429403305 0.259673237800598 0.302109390497208 0.210334300994873 0.21570485830307 0.168586388230324 0.267440915107727 0.298154443502426 0.213091552257538 0.140460908412933 0.212421298027039 0.182157695293427 0.2896349132061 0.21858124434948 0.154418125748634
0.0537679120898247 -0.0323902070522308 0.0706242248415947 0.0663857832551003 0.134857162833214 0.148584067821503 0.118383496999741 0.155917808413506 0.340461432933807 0.400381654500961 0.505129992961884 0.403189092874527 0.278094351291656 0.216746941208839 0.174862116575241 0.18423829972744 0.258605629205704 0.190960019826889 0.241133093833923 0.260524541139603 0.174419730901718 0.125029683113098 0.208258703351021 0.188980802893639 0.186298340559006 0.0668249726295471 0.173127010464668 0.173437967896461 0.134678944945335 0.301880776882172 0.305438607931137 0.281083852052689 0.223824635148048 0.309121191501617 0.226161748170853 0.186199188232422 0.239770725369453 0.215628489851952 0.39788430929184 0.22018675506115 0.0867794454097748 0.114152804017067 0.199881553649902
0.0081011950969696 0.119194619357586 0.166717529296875 0.100930601358414 0.143539592623711 0.0962867811322212 0.135304763913155 0.200483396649361 0.427661955356598 0.462163001298904 0.456047028303146 0.377932190895081 0.218842595815659 0.156671807169914 0.267926543951035 0.311467707157135 0.316489934921265 0.332801729440689 0.261229962110519 0.144426792860031 0.272556453943253 0.235292568802834 0.166653528809547 0.249421060085297 0.189200907945633 0.20780922472477 0.210994839668274 0.141512244939804 0.145160883665085 0.268661677837372 0.127938136458397 0.298575282096863 0.180994302034378 0.381043165922165 0.311982095241547 0.241003319621086 0.168536826968193 0.169946804642677 0.209247693419456 0.203067198395729 0.122709140181541 0.0106792384758592 0.157728895545006
0.0516880936920643 0.0959994047880173 0.138032749295235 0.151452571153641 -0.0651382282376289 0.0666641518473625 0.166223466396332 0.340437382459641 0.326292127370834 0.457630008459091 0.44390019774437 0.234863996505737 0.406560450792313 0.378360390663147 0.315095096826553 0.159998208284378 0.321456074714661 0.215957760810852 0.3098324239254 0.316534847021103 0.176489517092705 0.211090296506882 0.185307130217552 0.227793663740158 0.254067033529282 0.136817619204521 0.262895703315735 0.307687968015671 0.35747241973877 0.285886734724045 0.26375824213028 0.369078010320663 0.194228172302246 0.26517841219902 0.220053806900978 0.234634414315224 0.204646691679955 0.247682496905327 0.140937089920044 0.134498670697212 0.183287963271141 0.187031999230385 0.224601089954376
0.0701053515076637 0.135516986250877 0.0409326031804085 0.142890051007271 0.0778884887695312 0.119464181363583 0.207447484135628 0.244215801358223 0.373119533061981 0.210202991962433 0.529538869857788 0.451336652040482 0.295693188905716 0.420565068721771 0.240979835391045 0.43256139755249 0.412574350833893 0.215788900852203 0.386627674102783 0.200213402509689 0.183176830410957 0.235677465796471 0.240979015827179 0.256384253501892 0.107604287564754 -0.19993981719017 0.259502798318863 0.308113366365433 0.188784182071686 0.270229667425156 0.270479917526245 0.310078054666519 0.161723807454109 0.288571029901505 0.267984211444855 0.260220408439636 0.194745197892189 0.391804158687592 0.210459530353546 0.285142034292221 0.0885273441672325 0.287487655878067 0.279903948307037
0.0823300704360008 0.0353049635887146 0.0842764228582382 0.0115396864712238 0.0372648239135742 0.0479922853410244 0.0444480963051319 0.26566818356514 0.213516443967819 0.391212970018387 0.51039445400238 0.409544974565506 0.38230037689209 0.443617016077042 0.15624263882637 0.461244255304337 0.277245581150055 0.428305596113205 0.394621551036835 0.310129940509796 0.33961346745491 0.134495928883553 0.229329779744148 0.258167415857315 0.136721089482307 0.131715565919876 0.255350083112717 0.329858720302582 0.171111151576042 0.320272982120514 0.305450618267059 0.275392711162567 0.211284682154655 0.151388958096504 0.202186867594719 0.237468704581261 0.241530999541283 0.153336197137833 0.145367473363876 0.206317394971848 0.0330173894762993 0.286223948001862 0.219811320304871
0.0823780372738838 0.128046482801437 0.0503884814679623 -0.025737015530467 0.119833447039127 0.208842277526855 0.123095691204071 0.358112365007401 0.275682389736176 0.462881356477737 0.52390456199646 0.389844119548798 0.504904210567474 0.418493956327438 0.341633796691895 0.589523434638977 0.526598334312439 0.504101157188416 0.260394662618637 0.100984431803226 0.457603454589844 0.230730593204498 0.381807595491409 0.292270064353943 0.291506201028824 0.0880532264709473 0.345602035522461 0.299649447202682 0.237093865871429 0.328818202018738 0.326510488986969 0.519007384777069 0.269679367542267 -0.0214835796505213 0.224523365497589 0.158574029803276 0.336548119783401 0.256982415914536 0.278600007295609 0.312054961919785 0.201703935861588 0.23015595972538 0.242918938398361
0.0220740418881178 0.213580280542374 0.0637838244438171 -0.0327444411814213 0.147270008921623 0.0279491823166609 0.158055290579796 0.337481290102005 0.322056978940964 0.377985805273056 0.379874765872955 0.288788765668869 0.386213511228561 0.536969184875488 0.433820903301239 0.566387891769409 0.207881733775139 0.223207026720047 0.304773837327957 0.316288143396378 0.347433745861053 0.349706321954727 0.427598118782043 0.33825746178627 0.30845120549202 0.167604297399521 0.33171272277832 0.33677351474762 0.227450668811798 0.448521763086319 0.335419267416 0.457663118839264 0.444789350032806 0.179416134953499 0.297883480787277 0.231514498591423 0.360168367624283 0.260103762149811 0.298860728740692 0.229520112276077 0.307455599308014 0.381115436553955 0.35883167386055
0.0892530232667923 0.0839548259973526 0.113525994122028 0.127070084214211 0.26400038599968 0.21613273024559 0.22902338206768 0.24998365342617 0.238743901252747 0.407522320747375 0.302418977022171 0.36371985077858 0.50313264131546 0.476751148700714 0.490251034498215 0.399059772491455 0.264661997556686 0.329717040061951 0.418064534664154 0.413586050271988 0.521684467792511 0.323250412940979 0.0831300020217896 0.29435858130455 0.253982931375504 0.316835939884186 0.334544003009796 0.221320584416389 0.432661801576614 0.273688912391663 0.356197655200958 0.397496670484543 0.143538355827332 0.277027457952499 0.305179923772812 0.346064001321793 0.416003793478012 0.282362908124924 0.10995539277792 0.309834539890289 0.158013448119164 0.344316333532333 0.352695316076279
