assets/gome_f/processed/ascii/us/gome_sif_US_20120301.asc
NCOLS 116 
NROWS 53 
XLLCORNER -125 
YLLCORNER 24.5 
CELLSIZE 0.5 
NODATA_value -3.4e+38 
[rows 0 to 18 of 53, columns 43 to 85 of 116]
-0.00774056185036898 0.122036382555962 0.0154969207942486 0.051908116787672 -0.0575420446693897 0.136888593435287 -0.0556890182197094 -0.00875903945416212 -0.0328155010938644 0.0539699718356133 0.100222066044807 -0.0196427926421165 -0.00937121547758579 0.0184820201247931 0.114749573171139 0.108611226081848 0.0605991221964359 0.101783789694309 0.153036862611771 0.146647185087204 0.144959330558777 0.0367510132491589 0.227088674902916 0.0895125865936279 -0.00827144552022219 0.117992244660854 0.0336547121405602 0.133716955780983 -0.0930432826280594 -0.0774872228503227 0.104498378932476 0.133947134017944 0.0326182879507542 0.250837981700897 -0.0257940161973238 0.591741859912872 0.0691865459084511 0.375125616788864 0.045128483325243 0.146439343690872 -0.126567050814629 -0.216394752264023 0.637829184532166
-0.0626665204763412 0.12946517765522 -0.0377237908542156 -0.0403438620269299 -0.151166498661041 -0.00588541803881526 -0.113344885408878 -0.018665499985218 0.131774500012398 0.0289749093353748 -0.0297117531299591 0.0305797532200813 -0.0172028914093971 0.0808991938829422 -0.00295756128616631 0.0194173604249954 0.0288000721484423 0.0661908015608788 0.0889094322919846 0.00507955253124237 0.123575776815414 0.0434055738151073 0.174503177404404 0.13470259308815 0.0315286181867123 0.233779653906822 0.0258316490799189 0.160490199923515 0.18923445045948 -0.0282072480767965 0.209907427430153 0.276548713445663 0.127812281250954 0.0632839724421501 0.0592676773667336 0.0604665093123913 0.0104892728850245 0.0806493386626244 0.00943387020379305 -0.128758743405342 -0.0592098236083984 0.200687721371651 0.0836698263883591
-0.0710220783948898 0.0249287709593773 0.0114893531426787 -0.0727287903428078 0.0968319699168205 -0.127499133348465 0.0832312256097794 -0.0464759506285191 0.000898417842108756 -0.033900048583746 0.0332843735814095 0.0118645960465074 -0.00186013255733997 0.0383868739008904 0.0842118486762047 0.121173352003098 0.0643870905041695 -0.0706422030925751 0.152479723095894 0.0208945274353027 0.273323386907578 0.0416457504034042 0.0619091689586639 0.044758927077055 -0.0454676188528538 0.0442280471324921 0.230783775448799 -0.166394993662834 -0.024119533598423 0.00485419947654009 0.111944921314716 0.0309686008840799 0.0381673835217953 0.344240754842758 0.159052386879921 -0.067646287381649 0.0473108738660812 -0.0147383445873857 0.110643573105335 -0.0405413955450058 0.0922643467783928 0.0967729389667511 0.0220987889915705
-0.0424542836844921 0.0847290009260178 -0.0125061785802245 0.0738248452544212 -0.0550711154937744 -0.0137059036642313 -0.0611109025776386 -0.0171211920678616 -0.106490328907967 0.0016938999760896 0.00976810418069363 0.180424928665161 -0.0906190499663353 0.0773408487439156 -0.0280184000730515 0.0826091021299362 0.0749916881322861 0.304824620485306 0.136651694774628 0.0611159130930901 0.194489315152168 0.13586813211441 0.221547052264214 0.0211025532335043 -0.0742723271250725 -0.0133503386750817 0.241488501429558 0.12361916154623 0.133829712867737 -0.00522863771766424 -0.0119093246757984 0.115972839295864 0.0244339369237423 0.110987909138203 0.132905349135399 -0.00517470296472311 0.00444206176325679 0.0340929701924324 -0.0340068265795708 0.00856824964284897 0.139940232038498 0.0639613345265388 0.206027790904045
-0.016952158883214 0.0787112563848495 0.00314502348192036 0.0594112798571587 -0.113803572952747 -0.0355032570660114 0.0652123093605042 -0.0400777459144592 0.0293563138693571 -0.0407282523810863 -0.142005398869514 0.0181024055927992 0.0406775027513504 -0.0821559354662895 0.0155640728771687 -0.0574086457490921 -0.0053054578602314 0.0757426843047142 0.0076998108997941 0.117313340306282 0.0793266072869301 0.0431571416556835 0.0907456502318382 0.153584688901901 0.0766892656683922 -0.00295862299390137 0.0514451265335083 -0.0577271394431591 0.0603889711201191 -0.0281559862196445 -0.085537314414978 -0.0251907221972942 -0.0963102430105209 -0.0671087130904198 0.00158647762145847 -0.0342601276934147 -0.0472700335085392 0.117706492543221 0.0877543985843658 0.143379300832748 0.168478056788445 -0.00556799350306392 0.0230204686522484
-0.00522858463227749 0.0783409252762794 -0.102204099297523 -0.0354197397828102 -0.075927197933197 0.0319330133497715 0.0417765751481056 0.0859452188014984 0.0403322465717793 -0.0652943998575211 0.0133170802146196 -0.0993637815117836 0.0189527776092291 0.0260692201554775 0.132707491517067 0.0221300832927227 0.0699548721313477 0.00633302936330438 0.146264776587486 0.159688740968704 -0.0303894449025393 0.0309499334543943 0.00673274463042617 -0.0249134376645088 0.065841518342495 0.033132653683424 -0.143220022320747 0.0560460574924946 0.0255174040794373 0.0618302784860134 -0.0613111667335033 0.0168578121811152 -0.0511391535401344 -0.0406738854944706 -0.122291475534439 -0.050865326076746 0.0249629803001881 0.0628964379429817 -0.0322370044887066 0.0771068036556244 0.163433372974396 -0.000470094382762909 0.0518534369766712
-0.0183487925678492 0.0205163974314928 -0.0179548822343349 0.0692513361573219 -0.0243195276707411 -0.034839428961277 0.0937045440077782 0.0923402979969978 0.0179735422134399 -0.0671814307570457 0.0354464836418629 -5.06211072206497e-05 0.0696092993021011 0.0594328045845032 -0.0565684139728546 0.0118440687656403 0.0374804586172104 -0.0444873981177807 0.118888460099697 0.219633221626282 0.168474823236465 0.104914613068104 0.0816516354680061 -0.0184103827923536 0.0191200338304043 -0.0379400663077831 0.106533378362656 -0.0750577822327614 -0.018753906711936 -0.0393000803887844 -0.0416207164525986 -0.0825910493731499 -0.122653320431709 0.0174313392490149 -0.057741429656744 -0.0120234526693821 -0.0487085357308388 -0.0178970564156771 -0.0560619384050369 0.105247624218464 0.0568133480846882 0.131252139806747 0.0478457137942314
-0.0224757194519043 -0.0250370837748051 -0.0107256481423974 0.0603125244379044 -0.0546705648303032 0.0435318015515804 -0.0724909454584122 0.031334288418293 -0.00575332716107368 0.0413977988064289 0.106098234653473 -0.0800719410181046 0.0162338837981224 0.0182146541774273 -0.0779960155487061 0.0155714154243469 0.101949028670788 0.136278748512268 -0.100686050951481 0.0755054354667664 -0.0125962691381574 0.000432146101957187 0.0576299875974655 0.116287961602211 -0.03582963347435 0.0193539671599865 0.0841694474220276 -0.0406376495957375 0.0881668478250504 0.0691021904349327 0.135824710130692 0.114326551556587 -0.0414868071675301 0.0949120968580246 0.0217438749969006 -0.0514458268880844 0.00332937855273485 -0.0479178503155708 -0.122569054365158 0.115273714065552 0.167701616883278 0.245371848344803 -0.0148681346327066
0.00221909815445542 0.00952321756631136 0.0157787520438433 -0.00625001732259989 0.017469234764576 -0.00259173475205898 -0.0180702693760395 0.0271773263812065 0.10464783757925 0.0452144406735897 -0.0477493330836296 0.0141357192769647 0.144109919667244 -0.0706496089696884 0.197104692459106 0.0626229792833328 -0.0423729382455349 -0.00115624815225601 0.114787265658379 -0.0205044392496347 0.107098042964935 0.172184616327286 0.00682140048593283 0.107517749071121 0.0887106284499168 0.104901939630508 0.120969198644161 -0.0326121933758259 0.058616891503334 0.0660538449883461 0.107936196029186 0.0787191241979599 0.047059141099453 -0.0139100197702646 0.0607018694281578 -0.0190800204873085 0.23261059820652 -0.0572929605841637 0.0398867502808571 0.106465816497803 0.160212248563766 0.154656544327736 0.103804633021355
-0.0243078526109457 0.0842159688472748 -0.0490875877439976 0.103586912155151 0.0273707713931799 0.0371227338910103 0.0274088233709335 0.0552918575704098 0.166183426976204 0.0117583833634853 -0.00542514445260167 -0.113095492124557 -0.0462454110383987 0.0314131379127502 -0.120304986834526 -0.00525101413950324 -0.0731139332056046 -0.0733107775449753 0.0662731304764748 0.0917777344584465 -0.0234507266432047 0.0922992527484894 0.0653747543692589 0.0227854140102863 0.0525566786527634 0.136621594429016 -0.049148753285408 0.0359624586999416 0.151529967784882 0.0146806081756949 -0.0078386003151536 0.13651242852211 0.0975723639130592 -0.000120356678962708 -0.0418830215930939 0.0206168591976166 0.0250338912010193 0.0679270476102829 0.0872596278786659 -0.0419182255864143 0.0665400773286819 -0.0335182063281536 0.0441291667521
0.135336935520172 0.0810097455978394 0.0528090260922909 0.0982053428888321 0.0955130383372307 0.0367609187960625 0.0432865284383297 0.0361943952739239 0.0718728303909302 0.0458755530416965 0.0693442076444626 -0.0894511342048645 0.0265008006244898 -0.173182711005211 -0.0168643854558468 -0.0915741324424744 0.0052551650442183 0.086115762591362 0.043882355093956 0.0497664250433445 0.140869274735451 0.0974936336278915 0.0554116480052471 0.0201949253678322 0.234453856945038 0.0578339546918869 0.153708457946777 0.0206545330584049 0.136414438486099 0.208824172616005 0.0810050219297409 0.105159901082516 -0.0881591737270355 -0.0267298687249422 0.0356270857155323 0.0442694537341595 -0.022976491600275 -0.00607439130544662 -0.0209216382354498 0.219486951828003 -0.11813922971487 -0.0617940239608288 -0.00582823157310486
0.0179318003356457 0.0505103953182697 -0.100017204880714 0.0408578105270863 0.0130838397890329 0.0450345873832703 -0.0518754757940769 0.0812640339136124 0.060852687805891 0.130629524588585 -0.00427725119516253 -0.0377060435712337 -0.00209588394500315 -0.147409349679947 0.0200622975826263 -0.205109357833862 0.0554033555090427 0.0609460882842541 0.0813393890857697 0.0867767035961151 -0.0315843522548676 0.0360115393996239 0.0114766685292125 0.00204238435253501 0.0494140833616257 0.0505537986755371 -0.0139858843758702 0.0236891582608223 0.0390182361006737 0.0120018105953932 -0.0693930611014366 0.0495948009192944 -0.103178955614567 0.0371728353202343 -0.0660179629921913 0.0449659079313278 0.0136564541608095 -0.0126281511038542 0.0638034716248512 0.144812941551208 0.106683306396008 -0.0598202161490917 -0.0163952074944973
0.0933644846081734 -0.0204855091869831 -0.0544367469847202 0.05716223269701 -0.059641283005476 0.041270200163126 -0.0301017984747887 0.00772939017042518 0.0415986701846123 0.0179760046303272 0.02029899507761 0.0522955395281315 0.0153892952948809 0.0796929001808167 -0.087288573384285 -0.190985485911369 0.0420365072786808 -0.0125870415940881 -0.00201566680334508 0.0757709890604019 0.0611189268529415 0.119798369705677 0.151978328824043 0.15221743285656 -0.00203760177828372 0.0653821527957916 0.107449032366276 0.0881181657314301 0.0499819479882717 0.0954251289367676 0.0588608048856258 0.0162012372165918 0.0805087760090828 -0.0875962674617767 0.066280297935009 0.0583951473236084 -0.0722437053918839 0.0599902682006359 0.0704766511917114 0.178009405732155 0.128169506788254 0.058801207691431 -4.3242904212093e-05
0.109162591397762 0.0595252737402916 0.0812937170267105 0.125673145055771 0.0584129244089127 0.0794670656323433 0.160694062709808 -0.0301338080316782 0.0304733030498028 0.125605463981628 0.133635833859444 0.0260335709899664 -0.0738908275961876 0.113010674715042 -0.0230065416544676 0.0664337798953056 -0.0560837239027023 0.0297851543873549 -0.0623951219022274 -0.0126539394259453 -0.0192347727715969 0.159132599830627 -0.0316027738153934 -0.0214260090142488 0.0645011961460114 0.0303904414176941 0.0265348292887211 0.0978345200419426 0.119005382061005 0.058465376496315 0.0651620104908943 0.0196253694593906 -0.00156993663404137 0.00655859196558595 -0.103446759283543 0.0255622658878565 0.0279968194663525 0.120465695858002 0.0635739639401436 0.0609856992959976 0.0853826776146889 0.0411018840968609 0.0646413192152977
0.0101137030869722 0.0595606416463852 0.0415572561323643 0.0694339498877525 0.191392883658409 0.015266771428287 0.126839280128479 0.037530180066824 0.127067819237709 0.135842576622963 0.0404313914477825 -0.0880727767944336 0.0242260731756687 0.0144234802573919 -0.0462034940719604 0.0262410882860422 0.0963379144668579 -0.0293236579746008 0.0386328808963299 -0.0652671903371811 -0.0303717311471701 0.0340242832899094 0.0208992529660463 0.140432983636856 0.0179815795272589 0.139511793851852 0.149062067270279 0.146786794066429 0.0426674149930477 0.0283977258950472 -0.00980168767273426 0.0425336882472038 0.0418177433311939 -0.0774918049573898 0.0768504217267036 0.0783265009522438 0.0706216394901276 -0.00641970103606582 0.0660442039370537 0.0542071461677551 0.0157810691744089 0.0673265606164932 0.0106010753661394
0.0649186298251152 0.0115247247740626 -0.0307193361222744 0.0884373337030411 0.0371304377913475 0.0158806052058935 0.0763882920145988 0.101604856550694 0.0143832666799426 0.143476530909538 0.0906751453876495 0.151455879211426 0.0668116807937622 0.0188341177999973 -0.0392872877418995 0.0750718414783478 -0.00976915657520294 0.0271443370729685 0.0132786370813847 -0.0315167158842087 -0.0814353376626968 -0.0351877920329571 0.0470172315835953 0.0249104537069798 -5.06442884216085e-05 0.0176048595458269 0.16371488571167 0.18571063876152 0.118571355938911 0.114147558808327 0.0235407575964928 -0.118613310158253 0.118122220039368 0.0444084331393242 -0.0272286403924227 0.101680412888527 0.110860854387283 0.11926693469286 0.0450761839747429 0.0933280140161514 -0.00623589707538486 0.143024832010269 0.0343096554279327
0.0135301658883691 0.092287965118885 0.062463466078043 0.156649976968765 0.00324725732207298 0.0718196481466293 -0.0366982370615005 0.105178877711296 0.136557385325432 0.0824951454997063 0.0939392670989037 0.0277124010026455 0.0685907453298569 0.107645832002163 0.0601832494139671 0.059634055942297 0.123985521495342 -0.00730963796377182 0.0184664521366358 -0.0235422290861607 0.120422758162022 0.122395068407059 0.151519849896431 0.0542193241417408 0.0432162284851074 0.113538265228271 0.123389847576618 0.0815167278051376 0.0698672831058502 0.156132400035858 0.0134823489934206 0.0786833465099335 -0.0644579976797104 -0.0380179546773434 0.0329468883574009 0.0574931800365448 0.0996053740382195 0.0985553190112114 0.212512642145157 0.147155538201332 0.150486096739769 0.128659442067146 0.0709907338023186
-0.0376833155751228 0.0898346304893494 0.153189048171043 -0.0152210276573896 0.0373453870415688 0.0339695028960705 -0.0127552039921284 0.0613545887172222 0.0574231296777725 0.119351536035538 0.122186705470085 0.0035699219442904 0.019122377038002 0.0164405349642038 -0.0726348161697388 0.114363685250282 0.0941239446401596 0.0350572802126408 -0.0283864997327328 0.0421940460801125 -0.0266349762678146 0.0613522976636887 0.0898241177201271 0.0599287264049053 0.0436498410999775 0.0548678897321224 0.0339540801942348 0.118554271757603 0.032903429120779 -0.062835581600666 0.108925864100456 0.0701338425278664 -0.0502116978168488 -0.0572518818080425 0.10942031443119 0.0510674715042114 0.12028881162405 0.0511617995798588 0.133537471294403 0.13725371658802 0.0850654989480972 -0.00451344018802047 0.0492565222084522
0.100573338568211 0.068013459444046 0.00196122075431049 0.0156002873554826 0.0812073573470116 0.0519424416124821 0.00978199578821659 -0.0363428257405758 0.0504930652678013 0.0116583621129394 0.0789671689271927 0.0824052393436432 0.042719841003418 0.0485125556588173 -0.0669438987970352 0.0601572617888451 0.151231065392494 0.0983577594161034 0.0105772698298097 0.0960616618394852 0.119178965687752 0.147893846035004 0.157105445861816 0.0644599348306656 0.0433369539678097 0.223988756537437 0.115845829248428 0.058868445456028 0.0519394017755985 0.0842450186610222 0.072997622191906 0.128496587276459 0.0798894837498665 0.154355227947235 0.159155547618866 0.173645704984665 0.228931665420532 0.19145704805851 0.0753545090556145 0.0663459897041321 0.148212820291519 0.0684029385447502 0.0241284724324942
