assets/gome_f/processed/ascii/us/gome_sif_US_20120501.asc
NCOLS 116 
NROWS 53 
XLLCORNER -125 
YLLCORNER 24.5 
CELLSIZE 0.5 
NODATA_value -3.4e+38 
[rows 0 to 18 of 53, columns 44 to 87 of 116]
0.0497514456510544 0.314404368400574 0.212215170264244 0.173646196722984 0.209302097558975 0.22945573925972 0.304834336042404 0.274074524641037 0.22798977792263 0.199108302593231 0.239209353923798 0.29189521074295 0.209429383277893 0.0892570987343788 0.125633135437965 0.157149523496628 0.240867361426353 0.181570038199425 0.280464082956314 0.128940463066101 0.214804172515869 0.112944692373276 0.211976274847984 0.080862745642662 0.190960437059402 0.174745142459869 0.104222752153873 -0.0195298325270414 0.0178702417761087 0.0597171448171139 0.179544374346733 0.100792437791824 0.110421471297741 0.125418707728386 0.134784698486328 0.0825163349509239 0.0946102887392044 0.11537379771471 -0.033938854932785 0.08110661059618 0.15862275660038 0.133274272084236 0.0749506503343582 0.138429567217827
0.143404543399811 0.337904959917068 0.198796108365059 0.231659263372421 0.255244463682175 0.12270862609148 0.168344229459763 0.111327230930328 0.166589081287384 0.178917393088341 0.25488954782486 0.236681789159775 0.137617632746696 0.173927426338196 0.151297703385353 0.281315952539444 0.200625523924828 0.270193040370941 0.201814398169518 0.159868076443672 0.208454728126526 0.100217826664448 0.179042726755142 0.224133998155594 0.131203889846802 0.138198271393776 0.179969787597656 0.30679190158844 0.125581204891205 0.00175130658317357 0.173012912273407 0.0648268759250641 0.1567272990942 0.179641142487526 0.126412093639374 0.0789958536624908 0.182199284434319 0.0705731809139252 0.152982160449028 0.0801422595977783 0.10929923504591 0.0352039970457554 0.145666792988777 0.0629364773631096
0.175230547785759 0.251676738262177 0.291728436946869 0.298420578241348 0.312615126371384 0.302873462438583 0.193870559334755 0.320630818605423 0.241661682724953 0.135240256786346 0.273226320743561 0.277576982975006 0.263335973024368 0.223857089877129 0.209369719028473 0.202797621488571 0.143420159816742 -0.0157292019575834 0.189653366804123 0.4118392765522 0.159406140446663 0.0724139139056206 0.227856636047363 0.0891344323754311 0.374573856592178 0.212212055921555 0.189650595188141 0.0520203560590744 0.0775717943906784 0.0839861854910851 0.0769938081502914 0.15051794052124 0.0821818709373474 0.114620327949524 0.112440377473831 0.145157366991043 0.0220677126199007 0.246398106217384 0.0950097665190697 0.0994701683521271 0.15434305369854 0.166327327489853 0.109224647283554 0.123500525951385
0.278119534254074 0.199315577745438 0.174206987023354 0.220169946551323 0.327622354030609 0.329199224710464 0.230612680315971 0.269456923007965 0.100494109094143 0.274026066064835 0.0902333781123161 0.079351507127285 0.182038798928261 0.280486017465591 0.278921902179718 0.218465998768806 0.103184722363949 0.119384437799454 0.269128322601318 0.322456568479538 0.25137197971344 0.237070128321648 0.166240558028221 0.198002949357033 0.174083068966866 0.192172259092331 0.0800068005919456 0.193585008382797 0.262523829936981 0.101339168846607 0.178347304463387 0.172366663813591 0.236735746264458 0.086828701198101 0.177917987108231 0.0907298400998116 0.140357375144958 0.191392093896866 0.188774347305298 0.204433441162109 0.133108153939247 0.15873758494854 0.260315388441086 0.173604011535645
0.167730569839478 0.202399492263794 0.245602622628212 0.221672475337982 0.209047228097916 0.255995571613312 0.2749183177948 0.0992803275585175 0.0511368289589882 0.145314440131187 0.248241648077965 0.257541745901108 0.104535460472107 0.311585426330566 0.299971640110016 0.220384702086449 0.132119551301003 0.264928430318832 0.229492455720901 0.253543883562088 0.296827048063278 0.160532966256142 0.366749823093414 0.316232264041901 0.231832921504974 0.264521658420563 0.215765029191971 0.285230368375778 0.170637249946594 0.188917189836502 0.04758495464921 0.0329395346343517 0.127743318676949 0.115923173725605 0.171204477548599 0.197255909442902 0.148494213819504 0.151001662015915 0.176234290003777 0.237285330891609 0.182017371058464 0.0721147209405899 0.046483151614666 0.207406520843506
0.290323734283447 0.202092349529266 0.12155818939209 0.159862875938416 0.152044102549553 0.306516915559769 0.199780657887459 0.112240366637707 0.0877000465989113 0.0444328971207142 0.156945899128914 0.115779183804989 0.264126420021057 0.237949058413506 0.386449158191681 0.146977186203003 0.266121655702591 0.301282554864883 0.309053152799606 0.390437036752701 0.353462666273117 0.310252606868744 0.177267715334892 0.365112155675888 0.234713539481163 0.428989678621292 0.13552214205265 0.207596823573112 0.0204461365938187 0.00516935298219323 0.0450458452105522 -0.0769915357232094 0.0202129334211349 -0.0635042265057564 0.0871879532933235 0.121993713080883 0.279469430446625 0.141972616314888 0.171073094010353 0.259342700242996 0.20241467654705 0.315143167972565 0.146228030323982 0.0694709867238998
0.305598258972168 0.294287592172623 0.278555810451508 0.211541831493378 0.338291317224503 0.350525826215744 0.22841589152813 0.245610684156418 0.311719000339508 0.214591085910797 0.267850995063782 0.27119842171669 0.13159766793251 0.112212792038918 0.355156749486923 0.358055055141449 0.357842624187469 0.320647984743118 0.390694677829742 0.290815442800522 0.351925700902939 0.387863844633102 0.0670417249202728 0.269373863935471 0.197878479957581 0.176201969385147 0.0967694148421288 0.0570111982524395 0.119896322488785 -0.0859900712966919 0.0441174805164337 -0.0487658381462097 0.00550407497212291 -0.0977066233754158 -0.00949271209537983 0.0337381511926651 0.134726598858833 0.139988631010056 0.153858259320259 0.376451939344406 0.197586908936501 0.173411801457405 0.189254626631737 0.299455493688583
0.293623894453049 0.274732738733292 0.412604331970215 0.410977870225906 0.314108461141586 0.423826962709427 0.37520295381546 0.211437970399857 0.208576411008835 0.163893356919289 0.0946017950773239 0.080330416560173 0.110010385513306 0.236151501536369 0.324871450662613 0.526381611824036 0.497205793857574 0.434986591339111 0.492711365222931 0.33370178937912 0.313802152872086 0.297916293144226 0.357578426599503 0.191922307014465 0.322495251893997 0.174663841724396 0.133920848369598 0.118502698838711 0.215096428990364 0.205163940787315 0.0816183760762215 -0.0389361381530762 0.0138211557641625 -0.0105356406420469 -0.0104154916480184 -0.0192127469927073 0.106306746602058 0.214170262217522 0.25088095664978 0.246190875768661 0.34792697429657 0.284605592489243 0.304603636264801 0.391967833042145
0.397987127304077 0.164328172802925 0.311118066310883 0.431751072406769 0.306236445903778 0.296159267425537 0.273481845855713 0.183054611086845 0.242270112037659 0.245763391256332 0.221746429800987 0.210907354950905 0.217535600066185 0.331532925367355 0.257637053728104 0.205290764570236 0.463924407958984 0.348461270332336 0.656066238880157 0.510825753211975 0.522702693939209 0.391394883394241 0.490916192531586 0.256328582763672 0.371449440717697 0.410331279039383 0.35134756565094 0.36614254117012 0.665801107883453 0.47383525967598 0.445291459560394 0.297802984714508 0.0166628118604422 0.178512424230576 0.339600890874863 0.200238421559334 0.122859187424183 0.192384719848633 0.267228096723557 0.473237812519073 0.271197438240051 0.308085113763809 0.272851556539536 0.265698850154877
0.174618780612946 0.346218407154083 0.399812698364258 0.514993190765381 0.270020604133606 0.297011226415634 0.361323833465576 0.228380113840103 0.203721433877945 0.246076732873917 0.282313406467438 0.0257671363651752 0.200753718614578 0.18305529654026 0.319745182991028 0.310932248830795 0.487726479768753 0.407935589551926 0.354202717542648 0.513440012931824 0.517431795597076 0.470401614904404 0.428065747022629 0.437067449092865 0.505361020565033 0.297853589057922 0.560499250888824 0.377998679876328 0.592725813388824 0.323584228754044 0.395450383424759 0.297876477241516 0.30673086643219 0.187652736902237 0.156249478459358 0.219632372260094 0.26875913143158 0.148697406053543 0.170491993427277 0.195622891187668 0.127289235591888 0.164783731102943 0.114031411707401 0.305364459753036
0.24592137336731 0.213612124323845 0.314909249544144 0.450938701629639 0.433727383613586 0.516568064689636 0.424930423498154 0.28641864657402 0.223599299788475 0.335626035928726 0.153067603707314 0.365541756153107 0.21123294532299 0.0987553149461746 0.215783923864365 0.39974969625473 0.384104639291763 0.433169394731522 0.336504250764847 0.420907974243164 0.463733017444611 0.533062279224396 0.552817404270172 0.456003576517105 0.544413983821869 0.359639495611191 0.533559262752533 0.32176548242569 0.584417998790741 0.366908997297287 0.500578105449677 0.248856157064438 0.329248756170273 0.0942446663975716 0.0492738373577595 0.087331734597683 0.165952488780022 0.321393758058548 0.191051006317139 -0.0106589393690228 0.0440915077924728 0.0683402717113495 0.189347460865974 0.125726997852325
0.164416372776031 0.288760095834732 0.353806674480438 0.355454653501511 0.45853254199028 0.360775202512741 0.394575119018555 0.34059739112854 0.441663831472397 0.340657532215118 0.248446986079216 0.279881089925766 0.305216878652573 0.286142915487289 0.0297382771968842 0.182348266243935 0.197140023112297 0.28685399889946 0.40409579873085 0.507304906845093 0.580996155738831 0.492522418498993 0.544023036956787 0.719863772392273 0.539009869098663 0.682574272155762 0.66132003068924 0.563240826129913 0.602046191692352 0.680334031581879 0.362545877695084 0.0539516881108284 0.111286327242851 0.108903147280216 0.0877161100506783 0.338567912578583 0.62509161233902 0.357913166284561 0.49898162484169 0.266978621482849 0.0661801248788834 0.00679180212318897 0.0287720803171396 0.103681400418282
0.282041162252426 0.218397185206413 0.229451224207878 0.341731756925583 0.278953343629837 0.346265077590942 0.469662815332413 0.566843450069427 0.427059650421143 0.400917559862137 0.228103473782539 0.247278705239296 0.320457458496094 0.214266166090965 0.238420948386192 0.15245033800602 0.186859905719757 0.15618585050106 0.333836317062378 0.528428316116333 0.422275274991989 0.500874996185303 0.52129054069519 0.588134586811066 0.644008219242096 0.74122554063797 0.541069626808167 0.649873852729797 0.671689629554749 0.564253091812134 0.42323836684227 0.268860429525375 -0.0219219494611025 0.142969116568565 0.388403564691544 0.523589491844177 0.351887702941895 0.460091143846512 0.463923752307892 0.286106765270233 0.116357676684856 0.0871633589267731 -0.000845324015244842 0.13680998980999
0.291363000869751 0.489890992641449 0.309961229562759 0.504299819469452 0.309084296226501 0.640046417713165 0.500149965286255 0.524958848953247 0.561817586421967 0.378819137811661 0.461511939764023 0.299808412790298 0.299785673618317 0.110407270491123 0.214134305715561 0.0741689801216125 0.09664686024189 0.157803565263748 0.29112783074379 0.312993139028549 0.396121352910995 0.444063901901245 0.715156495571136 0.779842734336853 0.620726585388184 0.543488919734955 0.38210716843605 0.541907668113708 0.400807708501816 0.508618175983429 0.438471287488937 0.325835675001144 0.155857264995575 0.230251222848892 0.396794468164444 0.717262923717499 0.644531309604645 0.545948624610901 0.525319933891296 0.271858602762222 0.156193718314171 -0.00273826811462641 0.153045445680618 0.381517648696899
0.328455090522766 0.15741603076458 0.252023428678513 0.416247010231018 0.485415071249008 0.487287521362305 0.548113226890564 0.635148286819458 0.600207448005676 0.520685613155365 0.426359236240387 0.271058946847916 0.204462394118309 0.224593326449394 0.147700503468513 0.114727444946766 0.172173455357552 0.0601023845374584 0.103256359696388 0.198117256164551 0.248861476778984 0.426426529884338 0.562678337097168 0.656053781509399 0.697130143642426 0.572661817073822 0.580843925476074 0.685159921646118 0.49975448846817 0.465312272310257 0.542209446430206 0.222289890050888 0.0882395431399345 0.346589088439941 0.704463958740234 0.477497786283493 0.56868714094162 0.672545731067657 0.455241501331329 0.181148961186409 0.462984979152679 0.158892676234245 0.150040462613106 0.253494501113892
0.229509726166725 0.151030018925667 0.323196619749069 0.405709534883499 0.426834791898727 0.615371584892273 0.611734926700592 0.530687630176544 0.491245269775391 0.39557820558548 0.34356814622879 0.317777812480927 0.189218774437904 0.249447777867317 0.161219194531441 0.18920686841011 0.213442161679268 0.16024175286293 0.241916060447693 0.189241200685501 0.225589632987976 0.260133296251297 0.462907582521439 0.551707565784454 0.706304371356964 0.753190159797668 0.658500254154205 0.488447487354279 0.574313282966614 0.612450182437897 0.516266584396362 0.0659215003252029 -0.0912799835205078 0.204332068562508 0.557778537273407 0.66195285320282 0.659270703792572 0.658877849578857 0.658813118934631 0.461045771837234 0.475313276052475 0.318354785442352 0.211678594350815 0.367337167263031
0.216407492756844 0.308047115802765 0.376802206039429 0.304107457399368 0.313760429620743 0.414748013019562 0.354996085166931 0.407081544399261 0.523619890213013 0.525959134101868 0.34767672419548 0.354923397302628 0.229762479662895 0.324545174837112 0.247139111161232 0.17301994562149 0.168751567602158 0.173476099967957 0.191122338175774 0.168245941400528 0.2628273665905 0.155472368001938 0.337694704532623 0.429629236459732 0.659964084625244 0.49656143784523 0.620432019233704 0.406711429357529 0.583197951316833 0.592593491077423 0.327355861663818 0.0496012084186077 0.0483913645148277 0.228647992014885 0.477564454078674 0.621346890926361 0.694996356964111 0.501767694950104 0.565401315689087 0.538430869579315 0.484299272298813 0.310465633869171 0.306969672441483 0.175049155950546
0.214508101344109 0.274879366159439 0.20962455868721 0.272671908140182 0.339476138353348 0.375729739665985 0.384596884250641 0.312549144029617 0.36081525683403 0.415929287672043 0.213161036372185 0.294911444187164 0.260972768068314 0.242056757211685 0.377743810415268 0.217885687947273 0.213669687509537 0.285638153553009 0.167673856019974 0.250482231378555 0.363219827413559 0.229237481951714 0.294137060642242 0.386537045240402 0.578236997127533 0.473232299089432 0.530946791172028 0.22634556889534 0.417540788650513 0.526481449604034 0.317737758159637 0.115916818380356 0.14026166498661 0.394974261522293 0.64355856180191 0.610436022281647 0.660463094711304 0.661279618740082 0.662824273109436 0.453391402959824 0.260253399610519 0.0920892432332039 0.0929207876324654 0.00898292195051908
0.268728494644165 0.214462026953697 0.272824376821518 0.34446319937706 0.312186688184738 0.35705578327179 0.478987008333206 0.413795113563538 0.352642416954041 0.37600576877594 0.333242446184158 0.249426111578941 0.318881124258041 0.2207250893116 0.260091364383698 0.264891445636749 0.362367510795593 0.400930821895599 0.390369474887848 0.389597356319427 0.434502393007278 0.422046035528183 0.480376332998276 0.406950503587723 0.477231234312057 0.23904687166214 0.368205010890961 0.306480199098587 0.286730796098709 0.329909265041351 0.420195430517197 0.228331178426743 0.30317884683609 0.389874964952469 0.538027465343475 0.584111869335175 0.60872346162796 0.391278177499771 0.359245598316193 0.297576099634171 0.262488573789597 0.173581153154373 0.188377216458321 0.324309527873993
