assets/gome_f/processed/ascii/us/gome_sif_US_20110401.asc
NCOLS 116 
NROWS 53 
XLLCORNER -125 
YLLCORNER 24.5 
CELLSIZE 0.5 
NODATA_value -3.4e+38 
[rows 19 to 37 of 53, columns 0 to 43 of 116]
-0.028854863718152 0.0298065301030874 0.107794664800167 0.0957269668579102 0.118628673255444 0.207593351602554 0.154479831457138 0.0625903606414795 0.154317900538445 -0.00471490761265159 -0.0335950292646885 0.103560015559196 0.0702440589666367 0.0407408811151981 0.0634490922093391 0.154271885752678 -0.0833853185176849 0.12028181552887 0.135652855038643 0.127497181296349 -0.0618158169090748 0.14066955447197 -0.283506721258163 0.105668127536774 0.158676907420158 -0.0418471358716488 -0.0736196339130402 0.431517779827118 0.137826547026634 0.228140980005264 -0.132942572236061 0.0414758436381817 -0.160107851028442 0.0490449294447899 0.0125972116366029 -0.135258197784424 -0.151525139808655 -0.250692635774612 0.0491396673023701 -0.00422623893246055 0.0894128829240799 0.02638697065413 0.0277679916471243 0.159012287855148
0.155604213476181 0.169946029782295 0.346216142177582 0.216679915785789 0.203778743743896 0.261972695589066 0.200064167380333 0.405519127845764 0.244442939758301 -0.0453078299760818 0.0576827302575111 0.110774114727974 0.0602912418544292 0.156213894486427 0.241503983736038 0.13406577706337 0.081035353243351 0.16995407640934 0.153162404894829 0.0674543678760529 -0.0402780324220657 0.0238688606768847 -0.000635212287306786 -0.00106135557871312 0.192431136965752 0.0595703795552254 0.186479151248932 -999 -0.368542224168777 0.202994778752327 -0.121649987995625 0.0101234149187803 0.110752642154694 0.0252010282129049 0.0767347663640976 -0.0916498303413391 -999 0.2860506772995 0.142852514982224 0.0560203678905964 0.000161848714924417 0.0196542404592037 -0.0088906167075038 0.1015814691782
-0.02341946400702 0.152406632900238 0.12316682189703 0.26148122549057 0.218420669436455 0.256409883499146 0.168539792299271 0.187236577272415 0.225986793637276 0.144284725189209 0.140056073665619 0.0584009066224098 0.0490769930183887 0.177509129047394 0.124875791370869 0.186140656471252 0.115153394639492 0.0205565523356199 0.0193300675600767 0.12723183631897 0.0669460967183113 0.0603637211024761 0.0869431793689728 0.00409803260117769 0.131534591317177 0.169420912861824 0.128625258803368 -0.121215708553791 0.076971597969532 0.012277371250093 0.0661405622959137 -0.00617509707808495 0.15917044878006 0.0614032559096813 0.0100839538499713 -0.182882726192474 -999 0.226532682776451 -0.0583317913115025 -0.00290312292054296 0.204686373472214 0.0780734866857529 0.120639592409134 0.0788015723228455
0.0634982585906982 0.0683918446302414 0.122597359120846 0.263994693756104 0.247314170002937 0.464518219232559 0.327257484197617 0.245835334062576 0.16448087990284 0.153790175914764 0.152089625597 0.141796946525574 0.132621318101883 0.0878755524754524 0.0760778933763504 0.0691295340657234 0.0248127151280642 0.0479807704687119 0.0671452581882477 0.198362454771996 -0.26908877491951 -0.276338368654251 0.145026177167892 0.0780926272273064 -0.0974666476249695 0.130661562085152 -0.0481760948896408 0.0330010056495667 -0.0256816186010838 0.0558952540159225 0.000409952626796439 -0.0485914275050163 0.305789083242416 0.137113884091377 0.0303452610969543 -999 -0.0177112482488155 -999 -0.102372787892818 0.173711940646172 0.0970263928174973 0.0932174995541573 0.128179669380188 0.0581168755888939
0.0390075705945492 -0.0301143769174814 0.0787246823310852 0.234074890613556 0.27308064699173 0.272483378648758 0.200037002563477 0.333626329898834 0.14065445959568 0.193592458963394 0.178097888827324 0.145508259534836 0.110044002532959 0.0512281358242035 0.044719722121954 -0.014694057404995 0.000400439486838877 0.0462906807661057 0.0770104452967644 0.0753123536705971 0.119155876338482 0.0527674145996571 0.0311592258512974 0.247790262103081 0.201141253113747 0.162217572331429 0.0389670357108116 0.103387139737606 0.107128389179707 0.0244590844959021 0.0594343021512032 0.175635799765587 0.124393217265606 0.136837542057037 0.154437065124512 -0.192028015851974 0.265733778476715 0.30945211648941 0.0428255721926689 0.0537697337567806 0.0680244266986847 0.108814097940922 -0.0285837911069393 0.0278041772544384
0.0500670969486237 0.0426060706377029 0.0555086731910706 0.180896282196045 0.270889431238174 0.309449046850204 0.433059394359589 0.324676841497421 0.374122440814972 0.0810346454381943 0.222232475876808 0.228997319936752 -0.032769501209259 -0.0152712371200323 0.0989726260304451 0.113737680017948 0.0210768803954124 0.0508797504007816 0.139746144413948 0.0961557999253273 0.345711827278137 0.195409297943115 0.00697840563952923 0.158151254057884 0.0807101726531982 0.251011371612549 0.106029234826565 0.138147577643394 0.0752330720424652 0.0474677570164204 0.0689458623528481 -0.0222293473780155 0.124255783855915 0.0750924721360207 -0.000598576385527849 -999 -0.00278113293461502 -0.0654891431331635 0.0233241990208626 0.107641749083996 -0.00547699723392725 -0.00164546282030642 0.0208908673375845 0.00491720577701926
0.0759959146380424 0.025644201785326 0.0804292783141136 0.124378457665443 0.199742034077644 0.49815845489502 0.258171498775482 0.399245470762253 0.46608093380928 0.185160741209984 0.187055513262749 0.0772726535797119 0.0582250021398067 0.0866277888417244 0.0358909741044044 0.0612751245498657 0.0607896000146866 0.13960787653923 0.111326359212399 0.130696892738342 -0.0220819637179375 0.127480164170265 0.180729061365128 0.135645091533661 0.123521134257317 0.0838341042399406 0.111819818615913 0.0374237485229969 0.039534866809845 -0.00533278053626418 0.128958687186241 0.0321359299123287 0.119593530893326 -0.0114574050530791 0.0958510413765907 0.146991565823555 0.00187574489973485 0.134742096066475 0.0952838510274887 0.0800994336605072 0.117123425006866 -0.0144917480647564 0.0391255132853985 -0.0497911833226681
-0.0694988518953323 0.0833730325102806 0.0497033409774303 0.0696186646819115 -0.0154443411156535 0.24938939511776 0.49176362156868 0.549071192741394 0.407181799411774 0.422176420688629 0.164078965783119 0.0651747137308121 0.231680884957314 0.197734132409096 0.127477943897247 0.16671422123909 0.0366821624338627 0.100362919270992 0.156172767281532 0.167472749948502 0.103048846125603 0.24148453772068 0.167521476745605 0.123963244259357 0.259868294000626 0.124954335391521 0.0608197264373302 0.0120855756103992 0.0615032538771629 -0.0465041771531105 0.120873846113682 0.05828957259655 0.122967384755611 0.0674253553152084 -0.238128691911697 -999 -0.0753506273031235 0.178325235843658 0.0585744306445122 0.118208594620228 0.0260201171040535 0.062898576259613 0.0922766551375389 -0.0771653428673744
0.000289406103547662 -0.0715994983911514 0.0361559167504311 0.0512753911316395 0.0304251704365015 0.210704699158669 0.199257925152779 0.462417989969254 0.374232947826385 0.547101080417633 0.346960932016373 0.167738884687424 -0.0661691725254059 0.157600358128548 0.18665237724781 0.0844457745552063 0.0734612643718719 -0.0226888656616211 0.0793062970042229 0.130529180169106 0.131892427802086 0.214547619223595 0.104603849351406 0.144523352384567 0.0182656906545162 0.0528310723602772 0.0594129227101803 0.00904435664415359 0.0750062689185143 -0.0121259689331055 0.060161255300045 0.0584304444491863 0.233346194028854 0.115289829671383 0.111221805214882 0.123462244868279 0.0234210137277842 0.0789831504225731 0.0318581759929657 0.150259375572205 0.180052906274796 0.0628093257546425 0.0343399569392204 0.0422921292483807
-0.0629293248057365 0.0966808274388313 0.0132168801501393 -0.023436926305294 0.0321438349783421 -0.0600335337221622 0.215680569410324 0.352374106645584 0.410532176494598 0.401033639907837 0.30346491932869 0.274010986089706 -0.0739987939596176 0.101326666772366 0.117620192468166 -0.0188073888421059 0.0374212972819805 -0.0292186252772808 0.123021818697453 0.172127559781075 0.152236238121986 0.210682094097137 0.252359509468079 0.035904448479414 0.240040466189384 0.0429926812648773 0.123431645333767 0.179954946041107 0.116375811398029 -0.010547149926424 0.151709333062172 0.11690853536129 0.0120332268998027 0.181395977735519 0.183143720030785 0.155174866318703 0.0839402303099632 0.0188096109777689 0.112314961850643 0.165062457323074 0.0543068237602711 0.062048465013504 0.0992834195494652 0.0536349043250084
-0.0201787576079369 0.0520038232207298 -0.0492694266140461 -0.045189093798399 0.00477189570665359 -0.0341363437473774 0.0710161551833153 0.233538925647736 0.380893439054489 0.276799440383911 0.439146369695663 0.413679748773575 0.411751359701157 0.0566957220435143 0.0847137570381165 0.0550970621407032 0.0502330362796783 0.0441937148571014 0.150547370314598 0.206326767802238 0.095001332461834 0.09147959202528 0.194198846817017 0.228842288255692 0.148958429694176 0.181737169623375 0.0838027745485306 0.101396262645721 0.111022733151913 0.0935528054833412 0.0329181700944901 0.0710989907383919 0.00579193001613021 0.126209855079651 0.0252561811357737 0.0825212895870209 0.115363389253616 0.177150532603264 0.160531833767891 -0.00377775146625936 0.0363206975162029 0.0876960754394531 0.0305431690067053 0.0831428989768028
-0.0588315911591053 0.087972104549408 0.0915382727980614 0.0906977429986 0.110530786216259 0.0797359943389893 0.0757516101002693 0.149105459451675 0.376544654369354 0.347705036401749 0.344725787639618 0.367747396230698 0.446342915296555 0.178718447685242 0.0164727997034788 0.117716550827026 0.135273709893227 0.0957137122750282 0.187530592083931 0.157827243208885 0.12468745559454 0.0710702538490295 0.155303254723549 0.259016931056976 0.0407790578901768 0.0793053656816483 0.0911028981208801 -0.0756999552249908 0.0263188704848289 0.104477897286415 0.100950010120869 0.0811699777841568 -0.0162720661610365 0.070629708468914 0.0194863080978394 0.134337812662125 0.138771921396255 0.207619979977608 0.149832472205162 0.0971082374453545 0.0679219663143158 0.0909264162182808 -0.035392452031374 0.0527808591723442
0.0708573535084724 0.0313725210726261 -0.0180262979120016 -0.067088395357132 0.182705119252205 0.050105232745409 0.0668722987174988 0.0143811795860529 0.150967165827751 0.323696970939636 0.342958360910416 0.361627697944641 0.209491685032845 0.146619707345963 0.176598027348518 0.104410104453564 0.0895366072654724 0.12570808827877 0.103149183094501 0.0668357312679291 0.128370136022568 0.138524562120438 0.0855886563658714 0.202505871653557 0.11599987745285 0.270885467529297 0.21051312983036 -0.0529316328465939 -0.107231743633747 0.074943833053112 0.0268064755946398 0.139497026801109 0.0454658418893814 -0.0483640544116497 0.128869071602821 0.134977176785469 0.0871229395270348 0.148048341274261 0.113043822348118 -0.0291586201637983 0.0189707297831774 -0.00187378062400967 0.0616266615688801 0.0522801801562309
0.104811415076256 -0.0174797866493464 0.0499820373952389 0.038386631757021 0.0363454595208168 0.0433056205511093 0.0483937822282314 0.11910193413496 0.043835710734129 0.194006457924843 0.312937259674072 0.303132325410843 0.305672854185104 0.155873119831085 0.216091603040695 0.0903216302394867 0.175974056124687 0.0604917071759701 0.0824953839182854 0.164667218923569 0.164595559239388 0.0596568323671818 0.0913659930229187 0.134042054414749 0.105226814746857 0.19488114118576 0.033445093780756 0.187055945396423 -0.0719096213579178 0.0508386008441448 0.0151008432731032 0.122660018503666 0.080811619758606 0.102475300431252 0.0432939045131207 0.0384193807840347 0.0853774026036263 -0.0251710377633572 0.115373186767101 0.138209700584412 0.0648674070835114 0.0648696348071098 0.0857010632753372 0.13481231033802
-0.000179780268808827 0.00939586851745844 -0.0107179135084152 -0.029229074716568 0.00401851162314415 -0.0367372818291187 0.00635795062407851 -0.120539046823978 0.0285018291324377 0.100464142858982 0.136115297675133 0.106374531984329 -0.0628136321902275 0.322110056877136 0.263396799564362 0.255561172962189 0.109489530324936 0.0775347724556923 0.0531501621007919 0.100970976054668 0.134978100657463 0.172077059745789 0.169909670948982 0.0730242431163788 0.162492319941521 0.226173743605614 0.257395625114441 0.115473233163357 0.0751506686210632 0.104054197669029 0.187587067484856 0.0601794458925724 0.0239366851747036 -0.131267681717873 0.0337015427649021 0.0110519761219621 0.0482438243925571 0.0789657011628151 0.0558095164597034 0.000567067821975797 -0.0465910173952579 0.119915075600147 0.0502268895506859 0.148563370108604
-0.0262998566031456 0.00768732884898782 -0.0131489848718047 0.124350845813751 -0.0494019724428654 -0.0152521785348654 0.10843214392662 0.0146319130435586 -0.0868335664272308 0.0175532847642899 0.0573279857635498 -0.0500349104404449 -0.0678516551852226 0.0957653746008873 0.211045518517494 0.296164274215698 0.262421369552612 0.188658341765404 0.148445188999176 -0.00603553792461753 -0.00423615891486406 0.0546984523534775 0.0858911573886871 0.0541682690382004 0.228873759508133 0.174723714590073 0.198197454214096 0.196315199136734 0.201965227723122 0.0894391611218452 0.166010931134224 0.137249231338501 0.169292286038399 0.0427116006612778 0.212153449654579 -0.0289107505232096 -0.0581275187432766 0.0396724119782448 0.13660828769207 0.0293555520474911 0.00718643656000495 0.0595383010804653 0.124569348990917 -0.075946569442749
-0.0570715852081776 0.173683494329453 0.0551284775137901 -0.032634686678648 0.0276453625410795 0.0372362770140171 -0.139192402362823 0.00897318217903376 -0.0593249797821045 0.0551419630646706 0.00490659149363637 0.00446539325639606 0.0213880650699139 0.142630979418755 0.0287730097770691 0.0894127413630486 0.158901616930962 0.17441414296627 0.202047482132912 0.247609615325928 0.118024416267872 0.0880188941955566 0.104234009981155 0.113074690103531 0.207937747240067 0.0987831577658653 0.222882553935051 0.290469825267792 0.124032869935036 0.0825546011328697 0.131972923874855 0.0418970808386803 0.139748126268387 0.126207381486893 0.0914481207728386 0.0726426243782043 0.131790846586227 0.14500717818737 0.139705002307892 0.0676569044589996 0.132652625441551 0.199478000402451 0.0814916640520096 0.00381924025714397
0.0054380395449698 0.022767249494791 -0.00432977639138699 0.0139817595481873 0.025736914947629 0.0481153950095177 0.0860030800104141 -0.0557017251849174 0.105948396027088 -0.0106193535029888 0.0315139815211296 0.0769568309187889 -0.0178385060280561 0.00974526349455118 0.0437446273863316 0.0642295852303505 0.0947830826044083 0.102663293480873 0.3159319460392 0.377681255340576 0.159431234002113 0.270744830369949 0.10722628980875 -0.0870325192809105 0.137672305107117 0.108744882047176 0.0499981492757797 0.091567263007164 0.130266532301903 0.0413060858845711 0.106968834996223 -0.0112467799335718 -0.114875227212906 0.0951744616031647 0.0654552429914474 0.066155418753624 -0.0559655614197254 0.0464551113545895 0.120531067252159 0.0994574651122093 0.101901665329933 0.105752646923065 0.0747513175010681 0.108624801039696
0.0402643345296383 -0.00805072300136089 0.0842745825648308 0.00694626569747925 0.0349678583443165 -0.00826030410826206 0.0449711494147778 -0.0123890321701765 0.0433457605540752 0.0887026637792587 0.018540371209383 0.0503959059715271 0.025936720892787 0.107486195862293 -0.0235667340457439 -0.0343422219157219 0.27913561463356 0.190990433096886 0.0725883767008781 0.220114484429359 0.131301790475845 0.0964136272668839 0.103559903800488 0.10585293918848 0.064925990998745 0.0410027764737606 0.000895510951522738 0.141493141651154 0.0507991202175617 0.0879346206784248 -0.00100494502112269 -0.0296526085585356 0.0348685495555401 0.061239667236805 0.0790010690689087 0.142496451735497 0.0933676064014435 0.0179828144609928 0.132459625601768 0.0422530956566334 0.200943261384964 0.0677764788269997 0.117620348930359 0.0878905951976776
