assets/gome_f/processed/ascii/us/gome_sif_US_20110801.asc
NCOLS 116 
NROWS 53 
XLLCORNER -125 
YLLCORNER 24.5 
CELLSIZE 0.5 
NODATA_value -3.4e+38 
[rows 19 to 37 of 53, columns 0 to 43 of 116]
-0.0337678864598274 0.220114305615425 0.364327728748322 0.428060531616211 0.354723662137985 0.384613186120987 0.397091537714005 0.229427739977837 0.206337183713913 0.117117874324322 0.109124310314655 0.0587426200509071 0.0803146213293076 0.16979393362999 0.159812793135643 0.193353563547134 0.146006032824516 0.0972726568579674 0.0398744605481625 0.264377743005753 0.0590296387672424 0.125340864062309 0.144458830356598 0.215591117739677 0.129141956567764 0.207560002803802 0.497421443462372 0.409179300069809 0.323009073734283 0.114454746246338 0.00538454623892903 0.0714630484580994 0.171143293380737 0.181614100933075 0.243362352252007 0.176532492041588 0.301082611083984 0.342019617557526 0.206843286752701 0.254494965076447 0.220679879188538 0.226168841123581 0.288719832897186 0.336208373308182
0.0132469357922673 0.143536329269409 0.35310885310173 0.477357864379883 0.39950305223465 0.406706392765045 0.46615943312645 0.185218885540962 0.259607046842575 0.0781769379973412 0.0407715700566769 0.0144867030903697 0.111663788557053 0.0670733526349068 0.0781031474471092 0.127224430441856 0.0850364789366722 0.0157268960028887 0.0676616728305817 0.173648595809937 0.159004509449005 0.0939548090100288 0.133486494421959 0.0413278080523014 0.21270090341568 0.260034322738647 0.380426019430161 0.390825390815735 0.350421965122223 0.274991363286972 0.139521270990372 0.262290418148041 0.0780878961086273 0.0956738591194153 0.199033051729202 0.378141313791275 0.386270076036453 0.308729231357574 0.257789105176926 0.176887810230255 0.203382924199104 0.194003656506538 0.214876621961594 0.398604065179825
0.0232254676520824 0.18139411509037 0.342608362436295 0.431302517652512 0.301840573549271 0.27673813700676 0.47828683257103 0.298837304115295 0.326095879077911 0.158170029520988 0.0819801986217499 0.0167221687734127 0.110804572701454 0.135795056819916 0.10524082928896 0.138062089681625 0.175727695226669 0.0834547057747841 0.079628013074398 0.117231793701649 0.145685285329819 0.146750509738922 0.0728573426604271 0.0620804019272327 0.0848987922072411 0.285670101642609 0.335297048091888 0.374996542930603 0.358544588088989 0.315635800361633 0.227703213691711 0.215051397681236 0.206895843148232 0.100504830479622 0.407741039991379 0.482617676258087 0.405275344848633 0.286768019199371 0.30870857834816 0.236674785614014 0.407204538583755 0.465654939413071 0.281665652990341 0.370582044124603
0.12401931732893 0.0775194615125656 0.313435584306717 0.422468394041061 0.286782175302505 0.379573106765747 0.46942725777626 0.464061409235001 0.421589285135269 0.253058105707169 0.127841755747795 0.0458165369927883 0.0782957449555397 0.0663553774356842 0.0542289800941944 0.0956329181790352 0.0721294730901718 0.0740626528859138 0.102887026965618 0.13740761578083 0.182525351643562 0.228847563266754 0.131297618150711 0.0230139028280973 0.058931790292263 0.287727683782578 0.253559559583664 0.357668787240982 0.178165912628174 0.230906099081039 0.109416998922825 0.281660318374634 0.218772202730179 0.311566948890686 0.441215068101883 0.35508143901825 0.443263560533524 0.210103183984756 0.283141940832138 0.248130261898041 0.349836826324463 0.284048408269882 0.198363482952118 0.329870283603668
0.115291528403759 -0.0325378961861134 0.186030969023705 0.410541862249374 0.431508094072342 0.442272841930389 0.655084133148193 0.518674492835999 0.405181378126144 0.372245639562607 0.127708971500397 0.066896840929985 0.111820288002491 0.0907855927944183 0.0603188239037991 0.0897839292883873 0.0278446041047573 0.050519123673439 0.10289990901947 0.15653033554554 0.160554707050323 0.14360186457634 0.141728729009628 0.289557665586472 0.104172684252262 0.242175653576851 0.24209451675415 0.261467695236206 0.0946853458881378 0.21712826192379 0.243949607014656 0.271164923906326 0.339351624250412 0.326837629079819 0.388142317533493 0.440452337265015 0.228090897202492 0.32412001490593 0.262996226549149 0.282791644334793 0.171197190880775 0.269271194934845 0.221631556749344 0.212574705481529
0.0510782711207867 0.0147320115938783 0.155262961983681 0.29317644238472 0.4575315117836 0.285743296146393 0.445115506649017 0.424156606197357 0.400506615638733 0.354753494262695 0.202316969633102 0.174028009176254 0.130220860242844 0.0663718432188034 0.0234837010502815 0.152522191405296 0.0852366015315056 0.115732863545418 0.127009749412537 0.100289896130562 0.316056191921234 0.184034273028374 0.142644748091698 0.0461316220462322 0.230292618274689 0.266814440488815 0.290740668773651 0.151600912213326 0.134720578789711 0.0822340324521065 0.128886669874191 0.172855392098427 0.266491949558258 0.346239805221558 0.347846031188965 0.274922013282776 0.303274035453796 0.346487134695053 0.175331965088844 0.296436280012131 0.237071603536606 0.304524809122086 0.202119529247284 0.181373164057732
0.00144112459383905 0.241738229990005 0.0772664099931717 -0.0577110759913921 0.210078850388527 0.384899765253067 0.472981542348862 0.475834369659424 0.292411416769028 0.408398270606995 0.237865850329399 0.176285520195961 0.145847260951996 0.0125836804509163 0.0813195109367371 -0.0890794545412064 0.144428476691246 0.0369617715477943 0.040321059525013 0.239953488111496 0.255617588758469 0.0988915488123894 0.103531144559383 0.124787554144859 0.225094825029373 0.195296883583069 0.136892303824425 0.055917639285326 0.0935297310352325 0.0565188713371754 0.177362680435181 0.100949831306934 0.240073829889297 0.298853605985641 0.392110615968704 0.445111602544785 0.236786410212517 0.281934350728989 0.20299918949604 0.235234260559082 0.134884685277939 0.124374330043793 0.257390052080154 0.265167564153671
-0.056420024484396 -0.0878229141235352 0.0140145383775234 0.053342666476965 0.0194073189049959 0.283905446529388 0.21025761961937 0.549927055835724 0.403618216514587 0.370973378419876 0.227981731295586 0.200192213058472 0.191855669021606 0.110320568084717 0.0464734956622124 0.00335649703629315 0.0485879331827164 0.119128741323948 0.0446031875908375 0.133978128433228 0.202969744801521 0.176679030060768 0.111627973616123 0.246215611696243 0.261218070983887 0.157363921403885 0.141421273350716 0.0382332652807236 0.116326861083508 0.0370523780584335 0.185773208737373 0.179452165961266 0.189311429858208 0.355349391698837 0.348253309726715 0.202614516019821 0.266973942518234 0.248878285288811 0.197687089443207 0.206709548830986 0.109065502882004 0.0686748027801514 0.219014972448349 0.144434094429016
-0.052555687725544 -0.0489857606589794 0.100191161036491 -0.00790552701801062 0.0773634761571884 0.373792439699173 0.321485191583633 0.317579448223114 0.434431910514832 0.37175452709198 0.344503581523895 0.228644669055939 0.135026812553406 0.131454989314079 0.098348893225193 0.0316727384924889 0.0662786439061165 0.00850991532206535 0.0902298167347908 0.14490994811058 0.0497702918946743 0.180610254406929 0.250261723995209 0.117123641073704 0.315644562244415 0.182814478874207 0.0998428836464882 0.146578535437584 0.0729242265224457 -0.00583755038678646 0.13128088414669 0.183743447065353 0.180349990725517 0.28705307841301 0.323912173509598 0.351472437381744 0.190810531377792 0.345896244049072 0.252032935619354 0.165360495448112 0.201552048325539 0.161911398172379 0.200251862406731 0.152762100100517
0.142257884144783 0.0361257828772068 -0.150000438094139 -0.0509711839258671 -0.0300296731293201 0.0387156568467617 0.0772950425744057 0.265252679586411 0.32640814781189 0.41964066028595 0.40995517373085 0.313645750284195 0.311598122119904 0.188705831766129 0.0832801014184952 0.017946956679225 0.0142031284049153 0.0595606565475464 -0.0203386843204498 0.0247761961072683 0.167590364813805 0.171771749854088 0.197183981537819 0.0903771072626114 0.062004953622818 0.124107196927071 0.127220720052719 0.136446833610535 0.0705099776387215 0.0270746666938066 0.0968749970197678 0.115027964115143 0.115668848156929 0.0849119424819946 0.113774485886097 0.196047842502594 0.266267865896225 0.179128915071487 0.106480665504932 0.127374917268753 0.279559105634689 0.282833337783813 0.204551309347153 0.208442643284798
-0.0410677418112755 0.0255091432482004 -0.100841008126736 -0.00154746568296105 -0.0258293505758047 0.107284374535084 0.389923006296158 0.22269943356514 0.233765423297882 0.228435024619102 0.562618136405945 0.373068749904633 0.324863374233246 0.108876056969166 0.018036799505353 0.0496843419969082 0.0499914325773716 0.0436786152422428 0.192823976278305 0.130278751254082 0.100805304944515 0.0423957817256451 0.235558286309242 0.125613585114479 0.113206528127193 0.0792529210448265 0.155962347984314 -0.0637298449873924 0.146360367536545 0.084028460085392 0.0658729895949364 0.144244149327278 0.103579699993134 0.143220886588097 0.0878330394625664 0.138118088245392 0.137285575270653 0.139087378978729 0.292729884386063 0.206834182143211 0.186922684311867 0.26578950881958 0.214758723974228 0.137966617941856
0.0365653708577156 -0.0730341300368309 0.0240803398191929 0.12623405456543 0.0528635308146477 0.0181090142577887 0.236518830060959 0.201996311545372 0.11955351382494 0.252104461193085 0.246157065033913 0.339940905570984 0.366406917572021 0.195668503642082 0.0786281600594521 0.11073587089777 0.0478124432265759 0.0874374508857727 0.100424401462078 0.109405323863029 0.0695979073643684 0.0567358545958996 0.15528079867363 0.156990185379982 0.175307765603065 0.0651224926114082 0.00337745249271393 0.0187554247677326 0.0583659969270229 0.133130699396133 0.213557958602905 0.241953387856483 0.241816788911819 0.136664718389511 0.219993457198143 0.133469685912132 0.22468689084053 0.114104554057121 0.216314047574997 0.0692265927791595 0.238517612218857 0.10169643163681 0.131982237100601 0.23078790307045
0.0903320759534836 0.108792513608932 -0.0125061301514506 -0.152460426092148 -999 0.0353854298591614 0.0389214679598808 0.120623029768467 0.201073974370956 0.311700999736786 0.15422947704792 0.260333269834518 0.183750554919243 0.233958810567856 0.127572789788246 0.141332626342773 0.0542750023305416 -0.0125548364594579 0.0516440086066723 0.0969331115484238 0.141348659992218 0.0356412269175053 0.0743983834981918 0.127756133675575 0.136057466268539 0.254692494869232 0.207685768604279 0.117594845592976 0.0650810524821281 0.0513439700007439 0.167359292507172 0.132037922739983 0.163600221276283 0.103449039161205 0.199400171637535 0.110545299947262 0.104304112493992 0.12370839715004 0.165425330400467 0.115533821284771 0.0709868520498276 0.18372443318367 0.0877335518598557 0.0554570108652115
-999 0.15450993180275 -0.0366333089768887 -0.171369388699532 -0.0675688460469246 -0.0915922597050667 -0.0159748066216707 0.115123145282269 0.116116479039192 0.191128641366959 0.161568313837051 0.214113563299179 0.115541324019432 0.208063989877701 0.0676072463393211 0.0134239913895726 0.129615113139153 0.095252126455307 0.0838676169514656 0.0414910838007927 0.0118795745074749 0.179189175367355 0.131534993648529 0.0876422449946404 0.111813873052597 0.149991780519485 0.210222601890564 0.239844486117363 0.122232101857662 0.236804291605949 0.0584894865751266 0.133494168519974 0.24407097697258 0.278317391872406 0.20802266895771 0.107228294014931 0.119037851691246 0.147539347410202 0.0977597013115883 0.163135632872581 0.187792390584946 0.119141049683094 0.0384158231317997 0.0412093363702297
0.154530748724937 -0.154350057244301 -0.0987803488969803 0.144094735383987 0.13612399995327 -999 -0.0473295003175735 0.143874600529671 0.127534240484238 0.102343283593655 0.0723496451973915 0.186488538980484 0.190321564674377 0.202877655625343 0.178519859910011 0.181683674454689 0.185530170798302 0.0904813408851624 0.0238316133618355 0.107918173074722 0.0405832901597023 0.0865674093365669 0.122145786881447 0.10147812962532 0.114160843193531 0.219073310494423 0.145594447851181 0.184153407812119 0.185725808143616 0.188955441117287 0.322280824184418 0.211876764893532 0.14742349088192 0.236308395862579 0.147324174642563 0.189533978700638 0.0864275619387627 0.126485347747803 0.129372984170914 0.137684151530266 0.219897255301476 0.0946225598454475 0.191812604665756 0.149770900607109
-0.05231873691082 -0.210825219750404 -0.0584260635077953 0.150265246629715 -0.00234983745031059 -0.0855490639805794 -0.105765402317047 0.143352046608925 0.562198638916016 0.0467266552150249 0.176874503493309 0.146309286355972 0.181774646043777 0.307211637496948 0.212320163846016 0.1631860435009 0.159750536084175 0.0865737050771713 -0.00116376578807831 0.018456632271409 0.0304890610277653 0.125491574406624 0.0380733758211136 0.0424408279359341 0.174907967448235 0.0668400973081589 0.220727443695068 0.180046573281288 0.199788346886635 0.0954632237553596 0.272076427936554 0.210928753018379 0.220151960849762 0.206149265170097 0.210186824202538 0.121071018278599 0.218732878565788 0.214227452874184 0.140260070562363 0.139593794941902 0.148321241140366 0.142009779810905 0.143843054771423 0.242381110787392
-0.0171686001121998 0.00490368530154228 -0.0992189645767212 0.0447778701782227 -0.185160145163536 -0.0801601186394691 0.0398297272622585 0.0142234936356544 -0.382981777191162 -0.0331310965120792 0.0848176702857018 0.113218776881695 0.071905829012394 0.255293786525726 0.0874470248818398 0.176705688238144 0.137106373906136 0.114934861660004 0.0712556391954422 0.0590605102479458 0.0370171964168549 0.0497282184660435 0.0502751730382442 0.14648175239563 0.103332459926605 0.166997224092484 0.244487479329109 0.0922566652297974 0.232773244380951 0.18202218413353 0.286587774753571 0.240980207920074 0.0866582468152046 0.252080589532852 0.187078267335892 0.170270442962646 0.0550713017582893 0.164398595690727 0.319181174039841 0.24377866089344 0.080054834485054 0.2376319617033 0.0592761002480984 0.105368912220001
0.0519543848931789 0.0297713987529278 0.0383679606020451 -0.0673700571060181 -0.162281334400177 -0.120397374033928 0.08017697930336 0.0700041726231575 -0.106628082692623 -0.2979356944561 0.11347559094429 -0.237876921892166 0.128242999315262 0.0310690645128489 0.0734207853674889 0.102672509849072 0.0433515422046185 0.0607697740197182 0.200640767812729 0.144033640623093 0.193638578057289 0.188202396035194 0.077631950378418 0.167259201407433 0.0449172891676426 0.211926400661469 0.107051394879818 0.140229687094688 0.248286589980125 0.250527262687683 0.152339741587639 0.14764030277729 0.243497177958488 0.177496343851089 0.112990573048592 0.144818305969238 0.0693409442901611 0.233355775475502 0.242995545268059 0.171686723828316 0.173940941691399 -0.00494534522294998 0.148478910326958 0.0279389284551144
-0.0249621346592903 -0.143836379051208 0.0353639386594296 0.0356168895959854 -0.125527262687683 0.0811298787593842 -0.188614532351494 -0.0446216203272343 0.106204219162464 0.130628645420074 0.118706241250038 0.0452673248946667 0.0679526031017303 -0.0705838277935982 0.064042903482914 0.0375111103057861 -0.00636411411687732 0.15294024348259 -0.00165836233645678 0.0652002170681953 0.13571172952652 0.110828705132008 0.194275498390198 -0.0180717594921589 0.061349555850029 0.0954916253685951 0.122957639396191 0.196918517351151 0.141495779156685 0.251969546079636 0.328638017177582 0.264337837696075 0.151435479521751 0.2017802298069 0.301624596118927 0.129149466753006 0.154413938522339 0.0790592506527901 0.196670547127724 0.141254365444183 0.087195485830307 0.112741656601429 0.152380511164665 0.107180751860142
