assets/gome_f/processed/ascii/us/gome_sif_US_20111001.asc
NCOLS 116 
NROWS 53 
XLLCORNER -125 
YLLCORNER 24.5 
CELLSIZE 0.5 
NODATA_value -3.4e+38 
[rows 0 to 18 of 53, columns 0 to 42 of 116]
0.045022774487734 -0.30274310708046 -0.00372986379079521 0.182475164532661 0.107337526977062 0.00651503354310989 0.0190053805708885 0.105185106396675 0.0673655122518539 0.0323993228375912 0.124291531741619 0.0609076917171478 0.193863078951836 -999 0.00572932092472911 0.0164224784821272 0.0623093880712986 -0.0523701347410679 0.0423833802342415 -0.0659611970186234 0.0282128788530827 0.0375653281807899 0.0920567139983177 -0.0198377538472414 0.0227996353060007 0.0531013756990433 0.101872995495796 0.0750449299812317 -0.0473072752356529 0.0148553401231766 -0.0164730697870255 0.0187860373407602 -0.0466265492141247 0.0131592722609639 0.0192904658615589 -0.0138233620673418 0.0710399970412254 0.0935850739479065 0.122131459414959 0.00517880823463202 0.079847015440464 0.00748622417449951 0.00363402324728668
0.149275243282318 -0.019556850194931 0.0490980483591557 0.0942353382706642 0.188910499215126 0.185431197285652 0.119265928864479 -0.00316693633794785 0.137894004583359 0.0840804129838943 0.117131493985653 0.0760180205106735 0.14837583899498 0.141729474067688 0.131389245390892 0.168509587645531 0.0629746094346046 -0.0217888876795769 0.041203748434782 0.0349954776465893 -0.0495919287204742 0.0585104450583458 -0.0269091576337814 0.00495934160426259 0.0263400562107563 0.102008506655693 0.049406785517931 0.117867015302181 0.0987939536571503 0.0852009728550911 0.0266009289771318 0.0666062384843826 -0.0281059313565493 -0.0087354639545083 0.0487093925476074 0.058012343943119 0.0128240520134568 0.0543438903987408 0.0125582711771131 0.0469312109053135 0.00587720656767488 0.0577354952692986 0.0654538571834564
0.111319094896317 0.0281079150736332 0.0960326641798019 0.103230357170105 0.143768891692162 0.0967649817466736 0.115317024290562 0.0589761920273304 0.0368336997926235 0.10674811899662 0.0708974599838257 0.108414031565189 0.0298077017068863 0.09337367862463 0.112389892339706 0.178700968623161 0.0330896377563477 0.062342245131731 0.0820968970656395 0.106996923685074 0.0145851792767644 -0.0163179691880941 0.0474510341882706 0.0369668081402779 0.056131225079298 0.0974621325731277 0.0367989763617516 0.00913657993078232 0.0420026481151581 0.0308669004589319 0.0950046181678772 0.0437672138214111 0.080720342695713 0.0313447006046772 0.00215824344195426 0.00462770136073232 0.0341301336884499 0.00424160528928041 0.0619726032018661 0.0799485072493553 0.00721331918612123 0.053480040282011 0.0436768755316734
0.121487602591515 0.0939468517899513 0.081469751894474 0.108244083821774 0.16315159201622 0.353732496500015 0.101544611155987 0.0476783700287342 0.0850810781121254 0.057377927005291 0.0711065903306007 0.15936590731144 0.0590686686336994 -0.00518415356054902 0.0736916586756706 0.0131777981296182 0.0856596603989601 0.00118997693061829 0.0770716965198517 0.0928754881024361 0.101095944643021 0.118307657539845 0.0769313424825668 0.0309822987765074 0.0967076271772385 0.040799904614687 0.0837564617395401 -0.0265362020581961 0.106789901852608 0.00913311913609505 0.0602538399398327 0.047465693205595 0.0710791051387787 0.0577537007629871 0.0272976867854595 0.0104490350931883 0.102040395140648 0.0783036053180695 0.065422311425209 0.0942087769508362 0.0278061106801033 0.0575099922716618 0.0807002857327461
0.036873884499073 0.145029053092003 0.0763336047530174 0.111759185791016 0.109045565128326 0.157619550824165 0.184724941849709 0.199500381946564 0.159016683697701 0.0702052190899849 0.0144469700753689 0.13026824593544 0.0353281460702419 0.198658525943756 0.112453661859035 0.185772284865379 0.0732195824384689 0.102787435054779 -0.0240596421062946 -0.0442219600081444 0.165913715958595 -0.127498850226402 0.0600447431206703 0.0331721864640713 0.0321741327643394 0.0491046495735645 0.112100005149841 0.104659505188465 -0.0217178538441658 0.0871072858572006 0.0791619122028351 0.0880928561091423 0.0024586389772594 0.0554484240710735 0.0097545562312007 0.0761158764362335 0.0697778761386871 0.00868466682732105 -0.0160760618746281 0.016973065212369 0.12908723950386 0.0504316948354244 0.0477696135640144
0.0588094666600227 0.143910437822342 0.199328139424324 0.0583024397492409 0.022421358153224 0.12361666560173 0.231789112091064 0.234276056289673 0.0913694947957993 0.085771419107914 0.0846019834280014 0.0505701526999474 0.0613424517214298 0.141513645648956 0.108278088271618 0.114309519529343 0.150146037340164 0.133157968521118 0.00246768281795084 0.283421039581299 0.114424474537373 0.128368735313416 0.0615299232304096 -0.0127541935071349 0.0287187397480011 0.0252872668206692 0.0232446510344744 0.0554576925933361 0.0430788025259972 -0.0155453979969025 0.022025914862752 0.107262954115868 0.0559769198298454 -0.0544346384704113 0.0839761272072792 0.0309427976608276 0.0508227832615376 0.0794784277677536 0.00585816893726587 0.0374542362987995 0.0736014097929001 0.108909472823143 0.106665432453156
0.0801821351051331 -0.0151230646297336 0.157360717654228 0.0444210842251778 0.0804968252778053 0.0495773702859879 0.200562745332718 0.0996931716799736 0.0814781039953232 0.0908925011754036 0.0427306964993477 0.0859560966491699 0.0933582857251167 0.0547434203326702 -0.0221236124634743 0.147438988089561 0.143719404935837 0.131883472204208 0.101750209927559 0.212790831923485 0.10257588326931 0.14689564704895 -0.0196570437401533 -0.0217078980058432 0.0153192859143019 0.0702855363488197 -0.00398421566933393 0.000612884759902954 0.0886013209819794 0.0443395525217056 0.0478894636034966 0.0908095836639404 0.0558739379048347 0.065767414867878 0.0487583205103874 0.093829944729805 0.0289088245481253 0.0473950691521168 0.0163481775671244 -0.0203529018908739 0.055744081735611 -0.00140246876981109 0.0556034706532955
0.0158675722777843 0.0770704597234726 0.131490170955658 0.202061459422112 0.146826729178429 0.172732800245285 0.201575309038162 0.129024729132652 0.105424277484417 0.0684741884469986 0.0895076468586922 0.0816096663475037 -0.0365352295339108 0.0361032001674175 0.0816721022129059 0.116098813712597 0.0941484346985817 0.0523400604724884 0.148621574044228 0.129648089408875 0.129667997360229 0.040663693100214 0.125324979424477 0.0724739506840706 0.112241327762604 -0.0172265116125345 0.0686745345592499 0.115378431975842 0.0710784196853638 0.172838777303696 0.0860310569405556 -0.00280719203874469 0.128952950239182 -0.026490518823266 0.0244941804558039 0.0408173985779285 0.0480224452912807 0.0543548613786697 0.0122102852910757 0.0223375875502825 0.0715158805251122 0.0884373635053635 0.111544743180275
-0.0245893951505423 -0.0282672010362148 0.0662607774138451 0.185277968645096 0.233604714274406 0.197056218981743 0.080833226442337 0.161441266536713 0.0495298728346825 0.0113703347742558 0.0320601873099804 0.110114097595215 0.0425474494695663 0.00557067198678851 0.0551435761153698 -0.0371483080089092 0.0660898610949516 0.203940808773041 0.00406580697745085 0.180956184864044 0.20426669716835 0.0302682779729366 0.0854619368910789 0.0979940891265869 -0.0542131885886192 0.0387667454779148 0.0226036496460438 -0.0468054004013538 0.0352116823196411 0.0486171394586563 0.0175509471446276 0.0403131544589996 0.0261522904038429 0.0541282258927822 0.0938318222761154 -0.0440025888383389 0.0869359523057938 -0.0219321697950363 0.0641360506415367 0.0383640825748444 0.0551636926829815 0.0583554990589619 -0.02633897960186
-0.0230455379933119 0.0112829506397247 0.129181981086731 0.186741083860397 0.208205074071884 0.162505626678467 0.11887165158987 0.172527387738228 0.162640765309334 0.118191875517368 0.0470896139740944 0.132684662938118 0.0409657023847103 0.103066176176071 0.0686105191707611 0.0178307257592678 0.0191142428666353 -0.00127943104598671 0.0538747161626816 0.163731187582016 0.0788956955075264 0.0256079118698835 0.121110416948795 0.0720009654760361 0.0678380355238914 0.0261446442455053 0.132623314857483 0.0084667606279254 0.0691028982400894 0.150587111711502 -0.0524400658905506 0.0345818027853966 0.0473758094012737 0.142057776451111 0.125365644693375 0.0416246987879276 0.0727773457765579 0.111769802868366 0.0607163868844509 0.0316009111702442 0.0987200736999512 0.0338760726153851 -0.00350089743733406
0.000536264851689339 -0.0106148282065988 0.0766776278614998 0.245389491319656 -0.0337545052170753 0.177379161119461 0.0881439074873924 0.168910831212997 0.0541693419218063 0.121120594441891 0.110935539007187 0.0150096639990807 0.0655993074178696 0.146808654069901 0.113382548093796 0.04542550817132 -0.0239826776087284 0.0225431621074677 0.0984638780355453 0.162464454770088 0.0154078602790833 0.00649667950347066 0.100286416709423 -0.00321107148192823 0.0103894984349608 0.0208668522536755 0.0110925910994411 0.0519030094146729 0.0851448103785515 0.00125494098756462 0.0197032615542412 0.0259026475250721 0.0519959442317486 0.0339425168931484 0.0644928812980652 0.0517611652612686 0.0563650391995907 0.0734440088272095 0.115155629813671 0.00245384545996785 0.0205874536186457 0.0512403249740601 0.0336447209119797
-0.00714078545570374 0.0223592799156904 0.0254503078758717 0.115560568869114 0.0606719851493835 0.226189449429512 0.152342259883881 0.112947322428226 -0.0434845089912415 0.0967855527997017 0.029457775875926 0.0268092937767506 0.162764698266983 0.192010685801506 0.0818226337432861 0.0399350598454475 0.078710213303566 0.0856295526027679 0.0712505728006363 0.0592801831662655 0.0976479053497314 0.0777931585907936 0.0213435851037502 0.0426551625132561 -0.0855474919080734 0.106667712330818 0.0855946838855743 0.0696589052677155 0.126151546835899 0.115400590002537 0.0580286048352718 0.0472605787217617 0.0746570527553558 0.0251223053783178 0.0627338737249374 0.122321717441082 0.0772505700588226 0.0312412735074759 0.108644545078278 -0.0102449906989932 0.0113742994144559 0.0233586858958006 0.0743565931916237
0.0301485303789377 0.0609879158437252 0.132737815380096 0.249998047947884 0.164482221007347 0.0749892145395279 0.149423450231552 0.138061031699181 -0.0123637011274695 -0.0430384539067745 0.0948580503463745 0.0261318180710077 0.00682656792923808 0.128262802958488 0.0945029854774475 0.0602637976408005 0.0558127649128437 0.0703438743948936 0.0594872795045376 0.0539246387779713 0.070735402405262 0.101116470992565 0.0353393852710724 -0.0841829553246498 0.033473901450634 0.0762381106615067 -0.00797477643936872 0.02136255428195 0.115088798105717 0.050603985786438 0.0440645217895508 0.0271652471274137 -0.00494294567033648 0.070325493812561 0.0426990985870361 0.0276370998471975 0.123846136033535 0.0767668336629868 0.0578327924013138 0.0378365442156792 -0.0252312831580639 0.13739974796772 0.0733218789100647
0.202631309628487 0.0466218702495098 0.168970093131065 0.148190438747406 0.216351166367531 0.147724255919456 0.104252047836781 0.155502036213875 0.128159120678902 0.0596118047833443 0.0693941935896873 0.107725597918034 0.0594218336045742 0.0906235873699188 0.119393333792686 0.0201818980276585 0.121797479689121 0.11920465528965 0.051006268709898 0.0733460336923599 0.0942343175411224 0.0729758888483047 0.028317715972662 -0.00208156881853938 0.0293886139988899 0.0514494925737381 0.0368242897093296 -0.00678441533818841 0.0728984773159027 0.00152074790094048 0.0454527586698532 0.0123026743531227 0.0585998296737671 0.0713161006569862 0.0351758934557438 -0.00401970976963639 0.0279721468687057 0.085633672773838 0.0419070981442928 0.0393800958991051 0.0725131258368492 0.112204015254974 0.174156069755554
-0.0520178265869617 0.0978031978011131 0.17671462893486 0.277584731578827 0.263687670230865 0.14014045894146 0.162953987717628 0.0919376611709595 0.0207015722990036 0.0723657533526421 0.0971064865589142 0.0382269620895386 0.0458871498703957 0.0393421575427055 -0.00479802396148443 0.0529627129435539 0.20281608402729 0.121836982667446 0.124083906412125 0.130363494157791 0.0212820935994387 0.0424123853445053 0.00029306672513485 -0.00885519105941057 0.0599140860140324 0.0912060663104057 0.129674389958382 0.0405098684132099 0.0186705123633146 -0.00899642892181873 -0.0564332157373428 -0.015952218323946 -0.0556069053709507 -0.00802240893244743 -0.0151225179433823 0.0582613460719585 0.0178306587040424 0.0643714144825935 0.0756144449114799 0.0408510193228722 0.0509711317718029 -0.00167780055198818 0.125567480921745
-0.0343133993446827 0.149519935250282 0.157240241765976 0.184037521481514 0.238601222634315 0.0961684659123421 0.0956552997231483 0.118675842881203 0.0592217557132244 -0.0336086116731167 0.0506852567195892 0.0936735644936562 0.0316444896161556 0.0346030965447426 0.0104478364810348 0.00917898397892714 0.0702654793858528 0.166334941983223 0.124801352620125 0.108379557728767 0.074093870818615 0.0638032332062721 0.0480165593326092 0.0674396157264709 0.0243818107992411 0.101816423237324 0.0322243422269821 0.0574984960258007 -0.0257660392671824 -0.0371079109609127 0.0586963184177876 0.00201113056391478 -0.0643538758158684 0.0667049810290337 -0.0298694558441639 0.103186666965485 -0.0413179770112038 0.0512720681726933 0.0521874241530895 0.0844269394874573 0.0771166160702705 -0.0286402646452188 0.0554552562534809
-0.0465259253978729 0.164756327867508 0.109408996999264 0.223246335983276 0.161568984389305 0.192458048462868 0.110308915376663 0.083549328148365 0.00566345453262329 0.0678728148341179 0.0317081399261951 0.0221636556088924 -0.0417764596641064 0.0179541856050491 0.0202804896980524 -0.00930071715265512 0.0350110419094563 0.0505121499300003 0.0822235345840454 0.0709509924054146 0.151465699076653 0.136556148529053 0.0219290498644114 0.0679876878857613 0.0811726450920105 0.0741801336407661 0.13484451174736 0.0657764226198196 0.0429963544011116 0.0229777507483959 0.0398116894066334 0.00047809278476052 -0.0184207912534475 0.115541934967041 -0.0167606323957443 0.0284078996628523 -0.0351805537939072 0.0681021586060524 0.0454591438174248 -0.0474135503172874 0.0650606900453568 0.104382812976837 0.0154365422204137
0.103136666119099 0.072706013917923 0.133590295910835 0.132958590984344 0.15469591319561 0.0900153592228889 0.0684714540839195 0.0893326848745346 0.164924651384354 0.00229687034152448 0.0611593425273895 0.00906887091696262 -0.0363119579851627 0.0102605847641826 0.0327213853597641 0.0196254849433899 0.0661946088075638 0.0217258911579847 -0.023625859990716 0.0732938945293427 0.0210721101611853 0.083178348839283 0.0783838331699371 0.050997655838728 0.12374135106802 0.160946443676949 0.154108420014381 0.0426951833069324 0.0310666896402836 0.0306914355605841 0.039561104029417 -0.0018197048921138 0.0419028960168362 0.0931136161088943 -0.0973769351840019 -0.0236009992659092 0.0497694984078407 0.0852550864219666 -0.0161979105323553 -0.00435889139771461 0.0310104135423899 0.0946802943944931 0.125888496637344
0.14550319314003 -0.0287107080221176 0.107777260243893 0.162968143820763 0.0953135043382645 0.143322125077248 0.0512258522212505 0.129891350865364 -0.0303384587168694 0.0780381038784981 0.0613553822040558 0.0529078356921673 0.0651585757732391 -0.0173566788434982 -0.0571545287966728 -0.0269060861319304 0.0150123629719019 0.0963705107569695 0.154475450515747 0.0929235592484474 0.0471287630498409 -0.0293233431875706 0.0607933849096298 0.0852979198098183 0.00408816151320934 0.0583311207592487 0.0536934398114681 -0.0201339107006788 0.00280530494637787 0.0302268099039793 0.0725455433130264 -0.130857512354851 -0.0178860537707806 0.0839002802968025 0.0032762149348855 0.0139283165335655 0.00110854988452047 0.0434938035905361 -0.0341508463025093 0.0101674776524305 0.058208703994751 0.083190992474556 0.089499831199646
