assets/gome_f/processed/ascii/us/gome_sif_US_20120901.asc
NCOLS 116 
NROWS 53 
XLLCORNER -125 
YLLCORNER 24.5 
CELLSIZE 0.5 
NODATA_value -3.4e+38 
[rows 19 to 37 of 53, columns 44 to 87 of 116]
0.178519695997238 0.109193094074726 0.042811892926693 0.0692826360464096 0.0581410229206085 0.184405341744423 0.111320160329342 0.0882790610194206 0.225418627262115 0.279082179069519 0.22731114923954 0.158365190029144 0.16378515958786 0.210362464189529 0.217499330639839 0.244286388158798 0.332159459590912 0.417886883020401 0.103713974356651 0.252985954284668 0.336587727069855 0.348333716392517 0.43838968873024 0.345420122146606 0.444057881832123 0.324752002954483 0.408575832843781 0.251361519098282 0.293502509593964 0.248753428459167 0.276456147432327 0.303515404462814 0.378970742225647 0.503128349781036 0.384816616773605 0.352227985858917 0.511778652667999 0.225293144583702 0.432530730962753 0.511764466762543 0.30638462305069 0.310121268033981 0.340912669897079 0.394316613674164
0.0978397652506828 0.150127172470093 0.0696058720350266 0.141167879104614 0.207085967063904 0.150851830840111 0.235236614942551 0.173190891742706 0.191191270947456 0.204545930027962 0.237501218914986 0.135607078671455 0.209102809429169 0.173963457345963 0.300160229206085 0.347161024808884 0.446608275175095 0.374223351478577 0.449066042900085 0.343217730522156 0.404943376779556 0.284939736127853 0.307406693696976 0.338435560464859 0.281235605478287 0.260725200176239 0.348249882459641 0.464886367321014 0.353598922491074 0.337420344352722 0.0955063626170158 0.330743908882141 0.221001759171486 0.38790100812912 0.223239734768867 0.420732885599136 0.465863466262817 0.440415680408478 0.509498655796051 0.384919971227646 0.375523537397385 0.350147396326065 0.520760536193848 0.417281597852707
0.133049115538597 0.109588772058487 0.196510076522827 0.15006722509861 0.109221205115318 0.133561313152313 0.116231694817543 0.18751372396946 0.174512594938278 0.137581154704094 0.185022234916687 0.21857525408268 0.261932998895645 0.148289516568184 0.35774365067482 0.35858553647995 0.427141517400742 0.39217820763588 0.50910884141922 0.40752112865448 0.328231632709503 0.488122254610062 0.390119612216949 0.30060887336731 0.361809223890305 0.236794218420982 0.27587565779686 0.350409328937531 0.369268596172333 0.28602460026741 0.341448038816452 0.401453584432602 0.419790148735046 0.324073731899261 0.335116386413574 0.34629699587822 0.369545012712479 0.455101072788239 0.323153764009476 0.39304319024086 0.236466318368912 0.487192153930664 0.431074857711792 0.565274477005005
0.090904600918293 0.135057032108307 0.0104856602847576 0.0549600310623646 0.150521650910378 0.167035207152367 0.208008855581284 0.12520357966423 0.167388960719109 0.130951687693596 0.216071903705597 0.224151894450188 0.406010448932648 0.286188870668411 0.31624561548233 0.378964424133301 0.385445863008499 0.207249999046326 0.402521550655365 0.462410479784012 0.350901126861572 0.391200125217438 0.320380508899689 0.363299190998077 0.288780570030212 0.202912673354149 0.213240623474121 0.288435012102127 0.309061169624329 0.286945044994354 0.294300377368927 0.296641409397125 0.424216538667679 0.40647965669632 0.499816536903381 0.294693768024445 0.174164742231369 0.376178681850433 0.395675033330917 0.231994435191154 0.364376068115234 0.359154731035233 0.467865765094757 0.550897121429443
0.104189336299896 0.0169295258820057 0.0860107243061066 0.0885039046406746 0.0864149704575539 0.109883084893227 0.207248419523239 0.13140007853508 0.162930101156235 0.276821404695511 0.198247998952866 0.223579421639442 0.349398016929626 0.391741722822189 0.392712950706482 0.404202878475189 0.434594392776489 0.251194655895233 0.46900948882103 0.467984437942505 0.409896701574326 0.427789717912674 0.373818218708038 0.37355238199234 0.303818196058273 0.435194611549377 0.369876533746719 0.416533648967743 0.398330330848694 0.303094476461411 0.37060758471489 0.364231050014496 0.566133797168732 0.503790736198425 0.480375498533249 0.337819457054138 0.523057579994202 0.552439272403717 0.50235390663147 0.442310452461243 0.493013799190521 0.266766995191574 0.447521060705185 0.301277846097946
-0.014052864164114 0.168659865856171 0.0720177367329597 0.0897021293640137 0.149195745587349 0.180959969758987 0.190323516726494 0.15933795273304 0.237332597374916 0.192347168922424 0.235015869140625 0.272405117750168 0.307014465332031 0.205689176917076 0.386954337358475 0.3589728474617 0.261604487895966 0.435217589139938 0.397451549768448 0.3733269572258 0.514710485935211 0.477612495422363 0.451293140649796 0.561688423156738 0.289937227964401 0.342878103256226 0.38175442814827 0.421067267656326 0.422313690185547 0.306489139795303 0.383664697408676 0.408965200185776 0.526846170425415 0.551928818225861 0.279901802539825 0.347063720226288 0.402562290430069 0.514538824558258 0.559914410114288 0.351277977228165 0.401833891868591 0.280035376548767 0.398011356592178 0.169166892766953
0.0319354422390461 0.0348326973617077 -0.078955166041851 0.0212395451962948 0.116849042475224 0.267508268356323 0.168375730514526 0.165146559476852 0.112276375293732 0.289665699005127 0.211913496255875 0.250652432441711 0.188715264201164 0.269428461790085 0.233612433075905 0.377079010009766 0.459258288145065 0.491939723491669 0.408315002918243 0.422124415636063 0.446104854345322 0.488186597824097 0.45471927523613 0.482300072908401 0.516531825065613 0.38869321346283 0.445680111646652 0.402324110269547 0.586486458778381 0.360059678554535 0.423420995473862 0.460152179002762 0.452036261558533 0.374146848917007 0.503395974636078 0.526442587375641 0.497016429901123 0.605316698551178 0.582795441150665 0.547436058521271 0.346027433872223 0.274027317762375 0.415162742137909 0.42643678188324
0.0921785831451416 0.0792373791337013 -0.0132133206352592 0.163278952240944 0.125224441289902 0.132475420832634 0.263952195644379 0.137353777885437 0.198521658778191 0.202118247747421 0.265962779521942 0.219336450099945 0.380808174610138 0.215029746294022 0.292350381612778 0.442869454622269 0.3024742603302 0.471607625484467 0.397371381521225 0.456275105476379 0.446876108646393 0.396095633506775 0.537766098976135 0.599356710910797 0.56022983789444 0.543152630329132 0.455470710992813 0.371890366077423 0.497568428516388 0.484894037246704 0.279579401016235 0.466458886861801 0.367458492517471 0.446265608072281 0.383947372436523 0.484998375177383 0.471726775169373 0.394716739654541 0.591075479984283 0.460221976041794 0.496091395616531 0.368794232606888 0.38369745016098 0.502579152584076
0.0269562788307667 0.11306332051754 0.0784221440553665 0.229105055332184 0.215846434235573 0.113958053290844 0.214741498231888 0.1761844009161 0.145701318979263 0.129503354430199 0.161396786570549 0.157998904585838 0.330080449581146 0.337412118911743 0.145178928971291 0.510972499847412 0.499862283468246 0.479552984237671 0.499299585819244 0.48918828368187 0.522716283798218 0.523403823375702 0.508343935012817 0.506360828876495 0.572576999664307 0.467872023582458 0.468664407730103 0.364174336194992 0.548661768436432 0.628994345664978 0.402475506067276 0.520978212356567 0.457403182983398 0.453314274549484 0.502969920635223 0.596406042575836 0.464097708463669 0.441032469272614 0.58681845664978 0.296025782823563 0.414450377225876 0.464536160230637 0.40917244553566 0.538433492183685
0.0817081332206726 -0.00748233823105693 0.118915989995003 0.0731956511735916 0.0840070247650146 0.177793860435486 0.146713837981224 0.165454626083374 0.17421892285347 0.119030132889748 0.112778805196285 0.155243635177612 0.170438304543495 0.314525365829468 0.299159020185471 0.413839787244797 0.471567451953888 0.504254400730133 0.576234996318817 0.447690546512604 0.625830054283142 0.409091413021088 0.443049192428589 0.367953896522522 0.499894827604294 0.467014670372009 0.532430469989777 0.431601017713547 0.412144750356674 0.520310640335083 0.297864526510239 0.409684598445892 0.433877974748611 0.554477155208588 0.389509916305542 0.337916165590286 0.548350751399994 0.491851210594177 0.507743299007416 0.433378368616104 0.368643343448639 0.544041216373444 0.454474061727524 0.527183771133423
0.0533201768994331 0.215748593211174 0.12878081202507 0.0923722460865974 0.167331725358963 0.0952972769737244 0.186936885118484 0.218812376260757 0.245960727334023 0.0254331696778536 0.272051066160202 0.169520869851112 0.101833194494247 0.182813033461571 0.257438987493515 0.504657924175262 0.462804079055786 0.372353225946426 0.568445444107056 0.455388486385345 0.585530817508698 0.399730801582336 0.459801912307739 0.514901757240295 0.362246483564377 0.523822546005249 0.351509988307953 0.407335072755814 0.318717211484909 0.361856520175934 0.468763291835785 0.328635931015015 0.468212425708771 0.468664139509201 0.378758192062378 0.442936986684799 0.599805414676666 0.362437307834625 0.49752739071846 0.391633182764053 0.326036483049393 0.439977735280991 0.348374158143997 0.589178681373596
0.316069960594177 0.103595443069935 0.137234941124916 0.223538413643837 0.149933665990829 0.104761675000191 0.153474003076553 0.132443234324455 0.187305778264999 0.151568189263344 0.242500215768814 0.347218453884125 0.238299801945686 0.253648281097412 0.388431370258331 0.398571103811264 0.474289536476135 0.446289360523224 0.551156520843506 0.456100761890411 0.468905448913574 0.284590363502502 0.3795126080513 0.307540386915207 0.361030995845795 0.497594624757767 0.358331918716431 0.482055008411407 0.507073521614075 0.48281517624855 0.52126544713974 0.34355366230011 0.579048037528992 0.545074284076691 0.553765654563904 0.480918556451797 0.396990925073624 0.42321702837944 0.389743387699127 0.638458967208862 0.443534106016159 0.480666428804398 0.313112735748291 0.437277227640152
0.0979778319597244 0.0638643428683281 0.084450289607048 0.165549829602242 0.102031521499157 0.324407070875168 0.194682776927948 0.192420050501823 0.133743688464165 0.173613429069519 0.193702578544617 0.292236268520355 0.277663230895996 0.384407162666321 0.346637725830078 0.271396547555923 0.366530686616898 0.27375540137291 0.394562274217606 0.482339799404144 0.39961177110672 0.544488251209259 0.32990837097168 0.555644035339355 0.394330233335495 0.422407656908035 0.226548478007317 0.533889353275299 0.478273868560791 0.401800394058228 0.306128948926926 0.323503226041794 0.454656481742859 0.465270072221756 0.512076735496521 0.514357149600983 0.384173810482025 0.4574194252491 0.333855360746384 0.395907461643219 0.367287695407867 0.479206889867783 0.536673128604889 0.40193247795105
0.0824353918433189 0.171600297093391 0.12829065322876 0.207510635256767 0.235727980732918 0.359807074069977 0.213239029049873 0.161503732204437 0.0683702230453491 0.158024817705154 0.15556862950325 0.262998908758163 0.337962299585342 0.399157136678696 0.391111373901367 0.343216329813004 0.354723960161209 0.379136830568314 0.48797670006752 0.455676406621933 0.402319341897964 0.40878301858902 0.345448821783066 0.413122177124023 0.41057613492012 0.386790633201599 0.488749980926514 0.502082765102386 0.490002661943436 0.417646169662476 0.363750159740448 0.444510996341705 0.455058425664902 0.483232766389847 0.395288378000259 0.447460263967514 0.331633031368256 0.495384246110916 0.55756151676178 0.482708603143692 0.47594478726387 0.401443809270859 0.551060736179352 0.396142423152924
0.175555035471916 0.236983984708786 0.329139173030853 0.0548875145614147 0.123896926641464 0.135958015918732 0.301946520805359 0.200775235891342 0.0324419587850571 0.184916242957115 0.329421103000641 0.269400328397751 0.316449493169785 0.145768150687218 0.391334354877472 0.404530733823776 0.287695378065109 0.548016250133514 0.390317261219025 0.424271315336227 0.446702569723129 0.366255432367325 0.468516618013382 0.383098959922791 0.312162101268768 0.400777369737625 0.343918561935425 0.375630497932434 0.496825098991394 0.482238382101059 0.282420486211777 0.354676157236099 0.471361100673676 0.305984526872635 0.391741991043091 0.398456007242203 0.0860266014933586 0.388432532548904 0.515638411045074 0.307994425296783 0.459625661373138 0.480062365531921 0.382110208272934 0.237658143043518
0.241067320108414 0.163098633289337 0.288568496704102 0.207294210791588 0.0665639340877533 0.153790533542633 0.0998023301362991 0.189917862415314 0.22146101295948 0.321648329496384 0.279663234949112 0.281268537044525 0.252149134874344 0.248583346605301 0.310224562883377 0.22843986749649 0.405682742595673 0.406526982784271 0.389839380979538 0.370585471391678 0.386981964111328 0.451875269412994 0.318355530500412 0.268413573503494 0.332302212715149 0.149961307644844 0.481279343366623 0.468074887990952 0.324662655591965 0.376481592655182 0.433050185441971 0.430169880390167 0.425578415393829 0.347756624221802 0.434089869260788 0.441455125808716 0.419062942266464 0.435140639543533 0.347490042448044 0.502805531024933 0.341152191162109 0.270514160394669 0.367045432329178 0.394604951143265
0.144799813628197 0.303507536649704 0.232878386974335 0.198225826025009 0.130249202251434 0.118823952972889 0.113307736814022 0.167728513479233 0.189618334174156 0.30590033531189 0.370016306638718 0.241094321012497 0.278189778327942 0.24475359916687 0.381900399923325 0.293123424053192 0.412137925624847 0.388024419546127 0.261705189943314 0.412042856216431 0.289356350898743 0.434128195047379 0.345653116703033 0.317399770021439 0.264093607664108 0.482878744602203 0.359271585941315 0.293063670396805 0.363718181848526 0.442716062068939 0.5167515873909 0.442131906747818 0.328300178050995 0.303467869758606 0.355399042367935 0.474188357591629 0.321873605251312 0.38432115316391 0.42274135351181 0.352821260690689 0.433203727006912 0.436352103948593 0.399253159761429 0.457415461540222
0.221437588334084 0.238646849989891 0.359708309173584 0.109852284193039 0.236850336194038 0.224206835031509 0.205557391047478 0.266300141811371 0.269365608692169 0.244851678609848 0.310720652341843 0.211685851216316 0.292929708957672 0.310114294290543 0.585423767566681 0.393736064434052 0.315074175596237 0.416221499443054 0.326395332813263 0.382901281118393 0.485157191753387 0.358442783355713 0.421910613775253 0.42664110660553 0.327054589986801 0.381187856197357 0.45491749048233 0.457898706197739 0.449136018753052 0.473529666662216 0.394206613302231 0.303286194801331 0.456880927085876 0.373912751674652 0.296594113111496 0.431240409612656 0.462142556905746 0.323400974273682 0.308284133672714 0.34066915512085 0.514574110507965 0.45763224363327 0.390500634908676 0.391755014657974
0.1257513910532 0.0834109783172607 0.0959327146410942 0.135775998234749 0.113816387951374 0.278728783130646 0.210693910717964 0.0668799728155136 0.190286263823509 0.20815621316433 0.266039967536926 0.197085320949554 0.257781773805618 0.215210288763046 0.255700320005417 0.421323090791702 0.444390207529068 0.34436172246933 0.45180281996727 0.470388114452362 0.369969636201859 0.333276182413101 0.399312913417816 0.417794287204742 0.503791749477386 0.37947142124176 0.596973478794098 0.364685148000717 0.427526921033859 0.404044985771179 0.347356915473938 0.525088727474213 0.40702012181282 0.53499448299408 0.349119573831558 0.345344424247742 0.358449399471283 0.386430203914642 0.555681586265564 0.458604216575623 0.463109016418457 0.345743924379349 0.323427945375443 0.438196271657944
