assets/gome_f/processed/ascii/us/gome_sif_US_20130301.asc
NCOLS 116 
NROWS 53 
XLLCORNER -125 
YLLCORNER 24.5 
CELLSIZE 0.5 
NODATA_value -3.4e+38 
[rows 19 to 37 of 53, columns 0 to 42 of 116]
-0.128811582922935 0.0962365418672562 0.236729443073273 0.204351961612701 0.149132132530212 0.0756324306130409 0.214903861284256 0.0309275891631842 -0.0311319380998611 0.0704957842826843 0.0684628337621689 -0.0621979907155037 0.0396615006029606 0.0808368474245071 0.000840910943225026 0.0497565045952797 -0.00830558221787214 0.0769880414009094 -0.00385702843777835 0.0720986500382423 0.0638449564576149 -0.0502278320491314 0.0853178352117538 0.0307427570223808 0.13111512362957 -0.159804984927177 0.0019292701035738 0.0995509251952171 -0.0157191716134548 0.0218052119016647 0.00100039155222476 -0.0294733792543411 -0.0210924409329891 -0.03097671456635 -0.0590539686381817 0.0656884908676147 0.0282426029443741 0.0225140899419785 0.0523257926106453 -0.0265635512769222 0.0152709409594536 0.035355769097805 0.101295843720436
0.0443737544119358 0.212926253676414 0.215008348226547 0.0568724982440472 0.11273343116045 0.172441631555557 0.173344492912292 0.129467815160751 0.0771733447909355 0.0824070274829865 0.0502694845199585 -0.0392366982996464 -0.0464827455580235 0.000641683465801179 0.104061163961887 0.0381456911563873 0.132269755005836 -0.0783927291631699 0.105753988027573 0.058909323066473 0.0399095229804516 0.0286085065454245 0.0314726307988167 0.0373169891536236 0.0341327600181103 0.0567740388214588 0.0963375642895699 0.0435663685202599 -999 -0.101894833147526 -0.0652490258216858 0.0687277913093567 0.000946884043514729 -0.0304111503064632 -0.126355886459351 -0.095320887863636 -0.422199040651321 -0.0868986994028091 0.0534566380083561 0.0185719598084688 0.0557718425989151 0.150726735591888 -0.0472216755151749
-0.0205294787883759 0.0377269946038723 0.227229058742523 0.225427195429802 0.107171550393105 0.221145570278168 0.121029488742352 0.120352037250996 0.165532812476158 0.127776354551315 0.0188694223761559 0.0172051936388016 0.0347106494009495 0.00710594421252608 0.0758024677634239 0.000538525287993252 -0.0419361926615238 -0.0159583557397127 0.0468671955168247 0.0317271463572979 -0.0607347339391708 0.0082178870216012 0.0319701954722404 0.00034789927303791 0.0309582408517599 -0.00270537449978292 0.0984065011143684 -0.09101253002882 -0.130408838391304 0.0609584674239159 -0.166908413171768 -0.00430231261998415 -0.0827415287494659 -0.190573826432228 -0.122926570475101 -999 -999 -999 0.148866221308708 0.159985914826393 0.101499080657959 -0.0857861414551735 0.0981272235512733
0.0210342481732368 0.0358118154108524 0.150537595152855 0.205647736787796 0.160487681627274 0.265373915433884 0.264777719974518 0.233597934246063 0.25094336271286 0.0671910792589188 0.0188725683838129 0.0483424700796604 -0.0390990115702152 -0.00786580331623554 -0.00778523785993457 0.0344260148704052 -0.0426522791385651 -0.057876780629158 0.0163302756845951 0.00113479420542717 0.000213302671909332 0.0960172563791275 0.0727492347359657 0.0560588166117668 0.0087730111554265 0.120268657803535 0.123306699097157 -0.040851816534996 0.025646448135376 0.0324527584016323 0.0110604390501976 0.026434313505888 -0.00763114728033543 0.066542312502861 0.0291072558611631 -0.0209299251437187 -999 -0.0186466313898563 0.0866095498204231 -0.0222686324268579 0.00390350073575974 -0.0515916235744953 0.110999569296837
-0.029387291520834 0.10146801173687 0.0617568381130695 0.195006057620049 0.186677992343903 0.152334541082382 0.186168983578682 0.274401664733887 0.11522451043129 0.174010887742043 0.145887657999992 0.0358086302876472 0.0319377258419991 -0.0164142921566963 0.0540049560368061 0.0583039708435535 -0.0191955659538507 0.0204799547791481 -0.0265859663486481 0.0515649877488613 0.105117939412594 0.0237215664237738 0.037057388573885 0.00669819349423051 0.0670313239097595 0.107842542231083 0.0840187221765518 -0.00979186594486237 0.101219929754734 0.12073826789856 -0.0305315256118774 0.0225971136242151 0.11398683488369 -0.0510142706334591 -0.0755251571536064 0.41131603717804 0.110834307968616 0.0880272164940834 -0.120265863835812 -0.031842727214098 -0.0247433520853519 0.000697505485732108 0.144288301467896
0.0706660598516464 -0.0722408145666122 -0.0823176205158234 0.201746642589569 0.207781463861465 0.186615034937859 0.287876278162003 0.234642013907433 0.197283327579498 0.173185378313065 0.163667500019073 0.0798414424061775 0.0346268229186535 -0.0415674485266209 0.0210847742855549 0.0468259006738663 -0.0243586339056492 0.0410234592854977 0.0744584202766418 0.0197919402271509 0.058769553899765 -0.034881841391325 0.0386799424886703 -0.00622004037722945 0.0487027131021023 0.082264818251133 0.0935198068618774 -0.0241517145186663 0.088225781917572 0.083758145570755 0.0516841039061546 -0.0516577959060669 -0.122346267104149 0.0252761710435152 0.0186300575733185 -0.139720156788826 -0.128423392772675 0.146379068493843 -0.115705423057079 0.0219453666359186 0.0526582635939121 0.0533967539668083 0.0328146740794182
0.0708474740386009 0.0229009296745062 0.0851011797785759 0.059952437877655 0.202923908829689 0.203440949320793 0.317766815423965 0.339170575141907 0.351252257823944 0.157556310296059 0.0107496688142419 0.0792988613247871 0.0278849881142378 0.0528986416757107 0.0453249253332615 -0.0487498342990875 0.00949238613247871 0.0264810770750046 0.0605640113353729 -0.0813408866524696 0.0218636970967054 0.0495468266308308 -0.0203148294240236 0.0792408809065819 0.0277328081429005 -0.0639870837330818 0.0422574728727341 0.00986896920949221 -0.0295389294624329 0.112936444580555 0.0846377015113831 -0.0881886333227158 0.00402299081906676 -0.0256127193570137 -0.0585250519216061 -999 0.228038460016251 -0.0946362838149071 0.145305410027504 0.142335638403893 0.012970931828022 0.0253672264516354 0.0550715178251266
-0.0123631609603763 -0.0286490079015493 -0.0633273869752884 -0.0264717694371939 0.0767936259508133 0.13729539513588 0.191358253359795 0.34951463341713 0.341745942831039 0.256150275468826 0.122750781476498 0.113485969603062 0.186415866017342 0.0707647353410721 -0.0166232585906982 0.0156829841434956 0.0619524493813515 0.0121835600584745 0.0718143358826637 0.0419816002249718 0.0476158820092678 0.0816357955336571 -0.0543541610240936 0.0705061256885529 -0.0722523927688599 0.0392973646521568 0.0606750398874283 0.0119818989187479 -0.00255161640234292 0.0385529287159443 -0.00245434045791626 0.00557399820536375 -0.0913165062665939 -0.222180888056755 0.183027893304825 -999 0.0358729399740696 0.103189446032047 -0.0783895626664162 0.00249617965891957 0.089092954993248 -0.00993908476084471 -0.028837637975812
-0.0822582095861435 0.0889010056853294 0.00795400980859995 0.06564000248909 0.143601775169373 0.110415749251842 0.228639498353004 0.347263634204865 0.418450981378555 0.267462700605392 0.306308150291443 0.173592701554298 -0.0519162230193615 0.0339442677795887 0.0285278223454952 0.00300185638479888 0.0360810123383999 -0.0125665552914143 -0.0139077007770538 0.0540655739605427 0.088899053633213 0.18512736260891 0.0834932997822762 0.0448039211332798 0.0677574127912521 0.125646561384201 0.0717159435153008 0.0563759580254555 0.0234302002936602 0.0795430168509483 0.0846374183893204 0.112044431269169 0.0633953660726547 -0.100015088915825 -0.0209476407617331 -0.0445203557610512 0.0146929491311312 0.123318992555141 -0.0186302289366722 -0.0763492733240128 0.0571222938597202 -0.00566975120455027 0.0959550142288208
0.00586038827896118 0.00639262842014432 -0.0909848511219025 -0.00905039068311453 0.0276602227240801 -0.0313231907784939 0.166209280490875 0.234608605504036 0.27122688293457 0.226436823606491 0.335261225700378 0.186034947633743 0.0540037527680397 0.106255210936069 0.00519495876505971 0.0101544428616762 -0.144771337509155 -0.0298060700297356 -0.166317701339722 0.103157892823219 0.15604904294014 0.15735299885273 0.0845944359898567 0.00235263374634087 0.0473209396004677 0.119923740625381 -0.0674963295459747 -0.0488504394888878 0.121540315449238 0.0236777011305094 0.0520505048334599 0.032689742743969 -0.00885447673499584 0.144200757145882 0.060792438685894 -0.0321713648736477 -0.0165789555758238 -0.178713753819466 0.0557926595211029 0.073379211127758 -0.0350173711776733 -0.0395540595054626 0.038609117269516
0.0334426909685135 0.0371777899563313 -0.0144983381032944 0.0139943780377507 0.0825890228152275 0.00376125844195485 0.180905401706696 0.213778704404831 0.20613357424736 0.1783696860075 0.310447096824646 0.360159397125244 0.286397665739059 0.0505162551999092 -0.0348504409193993 -0.00339704868383706 -0.0140727637335658 0.0277416929602623 0.160900875926018 0.0768029019236565 0.124099873006344 0.0288283322006464 0.112173512578011 0.132163792848587 -0.0207383036613464 0.107045888900757 0.012494713999331 0.00403309799730778 0.101068541407585 0.0232969522476196 0.118805028498173 0.0245459880679846 0.128890722990036 0.0204086489975452 0.0309639628976583 -0.0198068581521511 0.0639350861310959 -0.0237975679337978 0.00706166168674827 0.0643966048955917 0.0396117269992828 0.0403180085122585 -0.0103225680068135
0.104373916983604 0.0819819048047066 -0.0797077566385269 0.0152345737442374 0.00336282700300217 -0.0226987190544605 -0.0188565459102392 0.0925754308700562 0.179748490452766 0.191653072834015 0.138490483164787 0.272580951452255 0.243746936321259 0.181577086448669 0.031420711427927 -0.00159000570420176 0.0489951744675636 0.0674009993672371 0.0831890553236008 0.0725376680493355 0.108936235308647 -0.0303807817399502 0.0120992250740528 0.0255875587463379 -0.00833007320761681 0.0554035007953644 -0.0425561256706715 -0.0613595992326736 -0.0648361444473267 0.0684380680322647 -0.147011548280716 0.00144753826316446 -0.0621405839920044 -0.0310769397765398 -0.0329210311174393 0.0981351882219315 0.0171354804188013 0.0714102238416672 0.0314485691487789 -0.0324241109192371 0.0925479605793953 0.045402318239212 -0.0204869527369738
0.0242720413953066 0.0254927724599838 0.023050844669342 -0.043236393481493 0.0835817530751228 0.121191583573818 0.110247448086739 0.119670338928699 0.142719760537148 0.195098102092743 0.143305286765099 0.242635399103165 0.192156001925468 0.122327923774719 0.0374478101730347 0.0509139969944954 -0.0111282635480165 -0.120357982814312 0.055053748190403 0.122995391488075 0.0521216839551926 -0.0135903554037213 0.0967421978712082 0.0919260457158089 0.029510909691453 0.0154767148196697 0.071465790271759 0.0808760151267052 0.0379929319024086 0.0177948623895645 0.130970820784569 0.0553792342543602 0.0346332192420959 -0.0255376938730478 0.0501473806798458 0.0218235645443201 0.0749620199203491 0.0881232470273972 -0.0196403320878744 -0.0742458775639534 0.00881595443934202 -0.00230422918684781 0.0298321563750505
0.0360678024590015 0.0334158651530743 -0.156019032001495 0.0428489334881306 0.0575699172914028 0.155593991279602 0.0449017360806465 0.0751673728227615 -0.0177604556083679 0.226100698113441 0.198668673634529 0.15813972055912 0.0389170274138451 0.102901481091976 0.0114203542470932 0.0864549055695534 -0.00282723130658269 0.0907178819179535 0.011736080981791 0.119288243353367 0.0722245052456856 0.0318217910826206 0.0833976939320564 0.059727106243372 -0.0130735049024224 0.0411879755556583 0.165989398956299 0.046623732894659 0.0763765871524811 -0.0348398573696613 -0.0158829428255558 0.0518010593950748 -0.0496551468968391 -0.0656074956059456 0.0135953845456243 -0.0225111357867718 0.0306581128388643 0.0297147147357464 0.0947791859507561 0.0674769580364227 0.0442410297691822 0.0843479409813881 -0.00637708883732557
-0.029705660417676 0.0679654330015182 -0.0771609395742416 0.0517670884728432 0.0317367538809776 0.14348104596138 0.0108460234478116 0.0227104220539331 0.0354971289634705 0.0633906647562981 0.0283125787973404 0.126264378428459 0.106822073459625 0.109806165099144 0.089981235563755 0.100898243486881 0.0554812029004097 0.00284597603604198 0.0340438336133957 0.122688002884388 0.10364406555891 0.102860130369663 0.13620001077652 0.146320194005966 0.174062177538872 0.0847838819026947 0.0716143399477005 0.129285916686058 0.0447714291512966 0.0168325770646334 0.0264064576476812 0.0722888261079788 -0.0172119028866291 -0.0489642135798931 0.00353649957105517 0.0439789853990078 -0.0416685864329338 0.0295827016234398 0.00678434688597918 -0.00712159741669893 0.0942041426897049 0.0211400780826807 0.0625937655568123
-0.0528124421834946 0.177432715892792 -0.0126336785033345 -0.193797826766968 -0.0252277683466673 0.0463445521891117 0.0174084138125181 0.0255467183887959 -0.0860490873456001 0.110421635210514 -0.0460196323692799 0.0214799717068672 0.0715143159031868 0.115987412631512 0.184659197926521 0.108854487538338 0.151581987738609 -0.0355316810309887 0.0551102608442307 0.130213707685471 -0.00307442364282906 0.142742872238159 0.0571445897221565 0.00553687196224928 0.163983330130577 0.128298461437225 0.159219175577164 0.211192697286606 0.0803637728095055 0.114060260355473 0.0713613852858543 0.0242325235158205 0.0874266251921654 -0.109718449413776 -0.0187204834073782 0.0561930239200592 0.0555473156273365 0.0376520380377769 0.0779473260045052 -0.00972774066030979 0.0577242858707905 0.0946609750390053 0.0900926291942596
-0.0263574980199337 0.0532977171242237 -0.0518025606870651 0.00578348338603973 -0.126619637012482 0.0864560678601265 0.0249469857662916 0.0474191084504128 0.0818561390042305 0.00788792036473751 0.0117266699671745 -0.0568823292851448 0.00484220683574677 0.144098296761513 0.0969606786966324 0.221350491046906 0.134501844644547 0.103001587092876 0.106139734387398 0.0632660016417503 0.112221673130989 0.0732031092047691 0.153756231069565 -0.0685475394129753 0.112377412617207 0.1036641523242 0.260261565446854 0.105592578649521 0.122232489287853 0.190793409943581 0.138807058334351 -0.01009526476264 -0.0250277686864138 0.10595890134573 0.173209697008133 0.0486902445554733 0.0530975461006165 0.0951867923140526 0.0583845116198063 0.033773697912693 0.0917782709002495 -0.0222059562802315 0.0712814554572105
-0.0278245359659195 0.105858109891415 0.143871515989304 0.0474039949476719 -0.0481327325105667 0.0314625278115273 -0.0216215588152409 0.0359796136617661 0.0213646236807108 0.00169408321380615 0.0524190366268158 0.0281045325100422 -0.0284079518169165 0.122780121862888 -0.0452194847166538 0.120340652763844 0.150683835148811 0.058842658996582 0.109954029321671 0.257925719022751 0.269597977399826 0.248595356941223 0.144765049219131 0.201544672250748 0.16126661002636 0.121543854475021 0.107699066400528 0.23900032043457 0.191644445061684 0.0943694561719894 0.0575727261602879 0.0570035763084888 0.198827713727951 0.123567551374435 0.0370016992092133 -0.0522705316543579 0.0222410932183266 -0.0599114000797272 0.062400296330452 0.183357313275337 0.00453900825232267 0.0790791288018227 0.0952945649623871
0.0549757033586502 -0.00650913501158357 0.0846575722098351 0.0506203137338161 0.00103979709092528 -0.00338122202083468 0.0390371568500996 -0.128674194216728 0.0232200864702463 -0.0656471624970436 0.00579875381663442 0.0812788978219032 0.0455878041684628 0.00451291352510452 -0.145235046744347 0.0258611291646957 0.0687566250562668 0.199900418519974 0.0846509784460068 0.172381609678268 0.0980244055390358 0.158921375870705 0.0208489913493395 0.042163759469986 0.0761332139372826 0.0806164145469666 0.0963099300861359 0.065222904086113 0.131147176027298 0.0912409946322441 0.194924041628838 -0.0310444105416536 0.00496382499113679 -0.067764550447464 0.0792941004037857 -0.111664079129696 -0.000773824518546462 0.0904258862137794 0.0101377554237843 0.0957014560699463 0.0916962400078773 0.0428292565047741 0.013251188211143
